736034 39.923053 40.255827 39.805601 39.981775 2.020523e+06
736035 40.118803 40.363489 40.099227 40.226461 2.662091e+06
736036 40.089437 40.578810 39.658790 40.001350 4.604609e+06
736039 40.285188 40.940950 40.236252 40.921374 2.497173e+06
736040 40.637536 40.803922 40.187314 40.696263 1.472915e+06
736041 40.569025 41.479259 40.294973 41.224783 1.268063e+06
736042 41.156271 41.352021 40.931160 41.312870 1.062625e+06
736043 41.489044 41.626069 41.303084 41.312870 2.266286e+06
736046 41.224782 41.537981 41.107334 41.303084 1.796390e+06
736047 41.234573 41.234573 40.138374 40.216676 3.548933e+06
736048 40.294974 40.813712 39.923053 39.942628 2.717195e+06
736049 39.815389 40.099226 39.511977 39.834965 1.539959e+06
736050 39.834960 40.404033 39.815341 40.335353 1.896282e+06
736053 40.737627 41.071221 40.541395 40.933859 2.025304e+06
736054 40.502148 40.992726 40.325539 40.767060 1.627935e+06
736055 40.678756 40.737626 39.952702 40.610075 2.129404e+06
736056 40.688570 41.336133 40.551209 41.257639 2.095653e+06
736060 40.894612 41.404814 40.727813 41.139901 2.334957e+06
736061 41.149711 41.718783 41.081030 41.640289 3.014506e+06
736062 41.630480 41.787465 41.238016 41.463681 2.396770e+06
736063 41.365566 41.787464 41.277262 41.689350 1.307195e+06
736064 41.993506 42.739188 41.767841 42.729374 3.307087e+06
736067 42.768621 42.768621 42.179929 42.228986 3.638718e+06
736068 42.150491 42.385970 41.777654 42.258419 1.744202e+06
736069 42.464461 42.739187 42.366347 42.562579 1.418360e+06
736070 42.327100 42.542956 42.248609 42.317290 1.050034e+06
736071 41.934639 42.238795 41.797273 42.170115 2.288548e+06
736074 42.513522 42.621446 42.336914 42.376157 1.384020e+06
736075 42.601823 42.680318 42.062188 42.081811 1.687295e+06
736076 41.915016 42.032753 41.571609 41.905202 2.674731e+06
736077 41.620666 42.052378 41.444061 41.816898 3.897939e+06
736078 41.905202 42.003319 41.620665 41.689350 2.158741e+06
736081 41.934639 41.964072 41.179147 41.188958 2.254502e+06
736082 41.081030 41.512741 40.786684 41.385190 1.769516e+06
736083 41.247829 41.404815 40.659134 41.169335 2.120280e+06
736084 41.041787 41.149711 40.335353 40.590452 1.693771e+06
736085 40.629699 41.139901 40.462905 41.041787 1.844771e+06
736088 41.090844 41.287076 40.914235 41.149711 1.053566e+06
736089 40.933859 41.061407 40.678757 40.806308 1.231155e+06
736090 41.071221 41.071221 40.580643 40.806308 9.169891e+05
736091 40.806308 41.061407 40.531585 41.012350 9.808624e+05
736092 41.434248 41.728594 41.414624 41.699160 1.014320e+06
736095 41.591232 42.022944 41.591232 41.816898 9.571184e+05
736096 41.561798 41.699159 40.718003 41.120277 2.568472e+06
736097 41.257639 41.591232 40.924045 41.022163 1.955249e+06
736098 41.385190 41.434248 41.081031 41.257639 2.829362e+06
736099 41.345943 41.463681 41.198772 41.247829 2.106936e+06
736102 41.257638 41.895392 41.188958 41.826711 1.929052e+06
736103 40.786685 42.022944 40.718004 41.571609 5.177858e+06
736104 41.699160 42.032753 41.630479 41.807088 2.602322e+06
736105 41.767841 41.924826 41.404814 41.522552 2.086234e+06
736106 41.473494 41.865955 41.277263 41.699160 1.456821e+06
736110 41.679537 41.826711 41.198772 41.267452 1.883428e+06
736111 41.473494 42.121057 41.306695 41.807088 2.459073e+06
736112 41.650104 41.905202 40.570828 40.963293 3.284324e+06
736113 41.002539 41.041786 40.050816 40.413843 4.927958e+06
736116 40.649323 40.649323 40.080250 40.148931 2.394022e+06
736117 40.168554 40.364786 39.903641 40.335353 2.891959e+06
736118 40.531585 40.580643 40.168555 40.325539 2.670807e+06
736119 40.119497 40.305920 39.256078 39.776094 4.014795e+06
736120 39.776094 39.903641 39.442501 39.550428 1.727130e+06
736123 39.501367 39.589671 39.157964 39.197211 1.327505e+06
736124 39.177587 39.570052 39.079473 39.364006 1.411884e+06
736125 39.638733 39.825151 39.511181 39.756470 1.755584e+06
736126 39.805527 39.834960 39.530804 39.766280 1.547284e+06
736127 39.570052 39.727037 38.991169 39.089283 2.717412e+06
736130 38.883242 38.883242 38.510402 38.775314 2.317394e+06
736131 38.843994 39.059849 38.637952 39.040226 1.395794e+06
736132 39.010789 39.050036 38.579082 38.853804 1.490770e+06
736133 39.050035 39.305138 38.971545 39.148154 1.829857e+06
736134 39.050036 39.187398 38.745880 38.745880 2.608699e+06
736137 39.059850 39.256078 38.981356 39.059850 3.835636e+06
736138 39.138340 39.197212 38.677196 38.853804 2.014903e+06
736139 38.726256 39.687790 38.294545 39.432687 6.012234e+06
736140 39.050036 39.756470 38.637952 39.295325 5.166575e+06
736141 39.344509 39.511721 39.128113 39.364181 3.295594e+06
736144 38.951061 39.147785 38.105158 38.105158 2.475163e+06
736145 38.439586 38.547781 37.849417 37.947780 2.987625e+06
736146 38.252698 38.655979 38.114993 38.616634 4.412880e+06
736147 38.714997 38.990407 38.508440 38.931393 2.125390e+06
736151 38.469094 39.010080 38.439586 38.714997 2.468278e+06
736152 38.882210 39.137951 38.498601 39.137951 2.879821e+06
736153 38.833030 38.833030 38.075648 38.114993 3.335431e+06
736154 38.626471 38.685490 38.272371 38.282205 2.201227e+06
736155 38.646145 38.793685 38.518274 38.754343 2.072570e+06
736158 39.069098 39.344508 38.892048 39.305163 1.553813e+06
736159 39.393688 39.993693 39.236310 39.826481 2.755001e+06
736160 39.757624 39.855987 39.364181 39.472379 2.210866e+06
736161 39.698610 39.777297 39.462541 39.678937 1.796372e+06
736162 39.541232 39.669103 39.187131 39.295329 2.372867e+06
736165 39.403527 39.472380 39.295330 39.403527 1.136269e+06
736166 39.315001 39.354343 38.892048 38.921555 1.141876e+06
736167 38.646145 39.757624 38.646145 39.669103 2.901067e+06
736168 39.708445 39.708445 39.354343 39.590412 1.680797e+06
736169 39.452707 39.511721 38.577292 38.665817 1.814667e+06
736172 38.400241 39.000245 37.977287 38.960900 5.175081e+06
736173 39.344508 39.806807 38.852702 39.787135 2.722837e+06
736174 39.836314 40.062545 39.580577 39.737955 1.981094e+06
736175 39.600246 40.377301 39.413362 40.298614 2.400408e+06
736176 40.377300 40.465825 40.111725 40.278941 2.210866e+06
736179 40.249430 40.455992 39.915006 40.328121 2.069718e+06
736180 40.269103 40.672383 39.885494 39.954347 1.424370e+06
736181 40.269104 40.515007 40.023201 40.052711 9.339403e+05
736182 40.278942 40.288776 39.255983 39.462541 1.900340e+06
736183 39.482213 39.551066 38.980572 39.334674 1.488304e+06
736186 39.580578 39.974020 39.501887 39.806808 1.529026e+06
736187 39.531394 39.531394 38.655978 38.774011 1.549879e+06
736188 38.410076 38.469095 37.642859 38.252698 3.374775e+06
736189 38.301879 38.301879 37.829745 37.928108 2.802214e+06
736190 37.987122 38.095320 37.692039 38.016633 2.589557e+06
736193 37.731384 38.380568 37.495315 38.183845 3.247987e+06
736194 38.469095 39.688772 38.360897 38.380569 6.311745e+06
736195 38.055975 38.174010 37.672366 37.770730 2.684279e+06
736196 37.387117 37.682204 36.885477 36.895311 2.109456e+06
736197 36.521540 36.875642 35.577269 35.636288 3.764778e+06
736200 33.314962 35.419892 33.019879 34.111689 4.047566e+06
736201 35.095302 35.577270 33.737915 33.796934 3.740384e+06
736202 34.780547 35.114975 33.905131 35.036284 3.180807e+06
736203 35.577270 36.069076 35.301859 36.039569 2.366867e+06
736204 35.852685 36.059243 35.557602 35.911699 1.754372e+06
736207 35.842847 35.951044 35.360878 35.714979 2.512835e+06
736208 34.721528 34.996943 34.003492 34.180542 2.905494e+06
736209 34.751039 34.947759 34.308413 34.947759 2.083587e+06
736210 35.026450 35.528091 34.947759 35.164155 2.105325e+06
736211 34.465791 34.928086 34.328086 34.485463 2.772804e+06
736215 35.233008 35.655961 34.928086 35.616616 1.758109e+06
736216 35.901864 36.196947 34.859234 34.957597 1.854405e+06
736217 35.026450 35.449403 34.859234 35.272353 1.602010e+06
736218 35.075629 35.370712 34.859233 35.370712 1.419648e+06
736221 35.331367 35.498583 34.741201 34.967431 2.186866e+06
736222 35.164154 35.705140 34.928085 35.557601 1.723978e+06
736223 35.557602 36.265800 35.469076 35.921537 2.095193e+06
736224 36.029734 36.383835 35.695306 35.803504 1.789290e+06
736225 35.272353 35.626453 35.006776 35.154320 3.297365e+06
736228 35.370711 35.478910 34.829725 35.105136 2.596934e+06
736229 34.613331 34.751040 34.367428 34.475625 2.245883e+06
736230 34.524804 34.662514 34.239559 34.377265 1.930438e+06
736231 33.993657 34.072344 33.590377 33.983819 1.995652e+06
736232 34.230437 34.546106 33.638553 33.983820 2.693748e+06
736235 33.668151 33.806255 32.869111 32.918433 2.580008e+06
736236 32.908570 33.599098 32.790195 33.283429 2.221920e+06
736237 33.618828 33.964090 33.214372 33.865445 2.511251e+06
736238 33.855578 34.013413 33.026945 33.283429 2.970649e+06
736239 32.731005 34.210707 32.671816 34.200840 3.471775e+06
736242 34.565837 34.911098 34.368542 34.861776 1.652728e+06
736243 34.654618 34.733533 34.062735 34.427731 1.808886e+06
736244 34.723671 35.295820 34.625021 35.059070 3.043648e+06
736245 34.911098 35.581897 34.861775 35.522707 2.562745e+06
736246 35.453654 35.848242 35.394468 35.739731 3.189152e+06
736249 35.591763 35.690408 35.374739 35.502981 1.331633e+06
736250 35.276090 35.749598 35.049203 35.147852 2.350950e+06
736251 35.157715 35.285957 34.496784 34.575699 1.625107e+06
736252 34.644752 35.197175 34.319219 35.098530 1.413609e+06
736253 35.207038 35.532573 34.891368 35.295820 1.730561e+06
736256 35.207037 35.739731 35.108392 35.739731 3.635923e+06
736257 35.621357 36.025808 35.542437 35.828514 2.538478e+06
736258 36.045537 36.104723 35.315549 35.414199 2.847341e+06
736259 35.542438 36.449990 35.512845 35.601627 3.646183e+06
736260 36.006078 36.765658 35.690408 36.607824 2.695622e+06
736263 36.479582 36.607824 36.193506 36.331614 1.922034e+06
736264 36.173776 36.558502 35.976486 36.548635 2.522596e+06
736265 36.558502 37.101059 36.272425 37.012276 1.756012e+06
736266 36.962953 37.258893 36.775523 37.189841 1.334001e+06
736267 37.209570 37.584425 37.170111 37.249026 2.164902e+06
736270 37.357538 38.097389 37.288485 38.067796 1.786296e+06
736271 37.791587 37.998744 37.643616 37.752127 1.465694e+06
736272 37.811316 37.959285 37.485780 37.821179 1.548360e+06
736273 37.752127 37.979015 37.416728 37.781720 1.400587e+06
736274 37.584425 37.919825 37.466051 37.623885 1.937522e+06
736277 37.525240 37.564700 36.972817 37.406861 3.067521e+06
736278 37.377267 37.653477 37.179973 37.466050 4.279988e+06
736279 37.643615 37.702804 37.140518 37.150381 1.941270e+06
736280 36.854441 37.258892 36.736066 36.982683 3.054401e+06
736281 36.884034 37.061599 36.134320 36.272425 3.289969e+06
736284 36.252695 36.982683 36.104723 36.824848 2.456502e+06
736285 36.006078 37.979014 36.006078 37.860639 7.575580e+06
736286 37.909961 38.827377 37.840909 38.807647 6.500429e+06
736287 38.630083 39.162776 37.791586 37.979014 7.176061e+06
736288 38.255224 38.817510 37.998743 38.748458 5.374178e+06
736291 38.758325 39.527769 38.610353 39.488309 6.385801e+06
736292 39.271289 40.168974 39.192370 40.119648 5.592385e+06
736293 40.040732 40.938418 39.922357 40.780583 3.745619e+06
736295 40.760854 41.628947 40.603019 41.402059 1.909506e+06
736298 41.402058 41.480974 41.046930 41.254087 3.164688e+06
736299 41.589487 41.737458 40.484644 40.504373 7.880793e+06
736300 40.514237 40.898959 39.823709 39.873031 4.649421e+06
736301 40.090054 40.188704 39.409393 39.606688 3.269648e+06
736302 39.685604 40.652341 39.586958 40.543829 2.485011e+06
736305 40.366264 40.543828 39.991409 40.149244 1.977375e+06
736306 40.060463 40.721394 39.873031 40.612882 4.273182e+06
736307 40.691800 41.234357 40.356401 40.425454 4.077368e+06
736308 40.405724 41.096253 40.099922 40.691801 3.659007e+06
736309 40.198566 40.198566 39.517904 39.646143 2.598751e+06
736312 39.675740 39.991410 39.360071 39.705333 2.279234e+06
736313 40.198567 40.543829 40.011139 40.257756 2.165692e+06
736314 40.455047 41.007471 40.119647 40.869365 2.547652e+06
736315 40.987740 41.066660 40.218296 40.228160 2.188775e+06
736316 40.011139 40.159107 39.537636 39.557361 3.319267e+06
736319 39.961812 40.563559 39.892761 40.277486 1.711029e+06
736320 40.455047 40.770720 40.168974 40.662208 1.620964e+06
736321 41.056794 41.293548 40.829906 41.204765 1.490257e+06
736322 41.224495 41.688132 41.106116 41.569757 8.626662e+05
736326 41.451381 41.510571 40.958147 41.214628 1.438467e+06
736327 41.510571 41.905156 41.352732 41.786781 1.733224e+06
736328 41.786781 41.806510 41.441514 41.599349 8.230102e+05
736329 41.446031 41.891151 41.267980 41.357005 1.433597e+06
736333 40.615130 40.743720 39.902930 40.249137 3.251683e+06
736334 40.288706 40.506323 39.902931 40.110655 2.559169e+06
736335 39.804016 40.545890 39.616072 40.288705 2.080808e+06
736336 39.705097 39.714991 38.389509 38.577449 3.466332e+06
736337 38.795067 39.279756 38.053193 38.171892 3.696214e+06
736340 38.290590 38.478535 37.004676 37.528933 2.787864e+06
736341 38.013625 38.162001 37.242078 37.776224 1.967846e+06
736342 37.934489 38.053192 36.322153 36.460636 4.161023e+06
736343 36.539767 37.469585 36.153993 37.202510 2.861952e+06
736344 36.272691 37.153051 36.153992 36.707927 2.956516e+06
736348 37.232183 37.509148 36.391394 36.796952 2.479343e+06
736349 36.282586 37.202511 35.738546 36.856300 2.442348e+06
736350 36.945324 37.420127 36.411178 36.826626 2.273498e+06
736351 37.499258 37.766333 37.172836 37.568500 1.814624e+06
736354 36.994786 37.617957 36.994786 37.202510 1.811360e+06
736355 37.479475 37.548716 36.955219 37.103591 1.735886e+06
736356 36.984892 37.509149 36.411178 36.648576 1.463371e+06
736357 36.866193 36.866193 35.619842 35.718762 3.441702e+06
736358 36.045185 37.281642 35.916595 37.242078 2.927831e+06
736361 36.965108 37.538826 36.599118 37.281641 2.637313e+06
736362 36.777168 37.143158 36.549661 36.668360 1.723423e+06
736363 36.866193 36.955219 35.896812 36.787059 2.105043e+06
736364 36.747495 37.380560 36.569445 37.014566 2.802800e+06
736365 36.856300 36.905761 35.441797 35.649521 4.376661e+06
736368 35.224180 35.392336 34.017396 34.422954 3.846468e+06
736369 33.839346 35.382445 33.779999 34.986778 3.426963e+06
736370 35.243964 36.332045 35.145045 35.461577 3.135654e+06
736371 34.739486 35.224179 34.561437 34.947214 3.189069e+06
736372 35.451687 35.837462 35.135154 35.827571 3.881089e+06
736376 36.322153 36.767275 36.005622 36.678254 2.872141e+06
736377 34.838405 37.716876 34.373496 37.459691 5.323985e+06
736378 37.321209 37.548716 36.688143 36.787059 2.207323e+06
736379 36.579335 37.192615 36.450741 37.034350 2.314053e+06
736382 37.469585 37.776224 37.370667 37.617958 1.773079e+06
736383 37.232184 37.548717 36.549662 36.767275 1.268407e+06
736384 36.252912 37.093700 36.074861 37.073917 1.439137e+06
736385 37.212400 37.301425 36.559551 37.222294 1.437752e+06
736386 37.340992 37.509149 37.034350 37.182726 9.339699e+05
736389 37.182727 37.291536 36.925546 36.945325 2.163799e+06
736390 37.222294 38.241134 37.202511 38.171892 2.729602e+06
736391 38.072977 38.844524 37.993842 38.617017 3.573162e+06
736392 38.498314 38.804957 38.320268 38.775283 9.365418e+05
736393 38.715932 39.151168 38.607124 38.913766 1.112811e+06
736396 38.617017 39.250082 38.537882 39.002791 1.208364e+06
736397 38.547776 38.706042 37.598174 37.677309 1.781981e+06
736398 37.894926 37.983952 37.548716 37.716876 1.597106e+06
736399 37.756439 38.092756 37.212399 37.568500 1.597502e+06
736400 38.013625 38.844524 37.904817 38.804957 1.500861e+06
736403 38.557666 38.745606 37.993842 38.597233 9.195281e+05
736404 38.171892 38.290590 37.667419 37.875143 1.047922e+06
736405 37.677309 38.676364 37.608067 38.557666 1.934906e+06
736406 38.636800 39.012681 38.171891 38.864308 1.875161e+06
736407 38.903876 40.041414 38.844524 39.754555 2.477266e+06
736410 39.635855 39.705096 39.210513 39.220408 2.149061e+06
736411 39.131383 39.606182 39.022575 39.447916 1.535481e+06
736412 39.467700 39.556725 38.943439 39.042358 1.537954e+06
736413 38.735716 39.022575 38.468641 39.002791 9.827358e+05
736417 39.111600 39.319324 38.715932 39.091816 1.258911e+06
736418 38.923655 39.784232 38.686258 39.724881 1.079377e+06
736419 39.922715 40.140332 39.457805 39.685313 7.749121e+05
736420 39.576504 39.665529 39.230299 39.418238 3.109441e+06
736421 39.244639 40.058102 39.185116 39.988660 2.835018e+06
736424 39.998579 40.196984 39.482723 39.691048 2.934519e+06
736425 39.413282 39.572006 38.877586 38.947027 1.885548e+06
736426 38.976790 39.929136 38.857744 39.919218 1.554111e+06
736427 39.572006 39.780331 38.937109 39.155356 1.362848e+06
736428 39.373599 39.651369 39.085914 39.224797 1.097481e+06
736431 39.542247 39.681130 39.036309 39.095833 1.040935e+06
736432 39.155355 39.512486 39.026390 39.433122 9.845880e+05
736433 39.204956 40.673158 39.185115 40.365628 2.474714e+06
736434 40.534274 40.752521 40.206903 40.454910 1.337056e+06
736435 40.444991 40.623557 40.306108 40.583875 1.430802e+06
736438 40.395391 41.119572 40.286268 40.980688 1.523855e+06
736439 40.851723 41.407261 40.802122 41.069971 1.627522e+06
736440 41.089808 41.347738 40.970766 41.189013 1.233984e+06
736441 41.169172 41.665186 41.089808 41.595744 1.657084e+06
736442 41.645346 41.645346 41.218773 41.466780 1.385169e+06
736445 41.377497 41.526303 41.198932 41.298137 1.488439e+06
736446 41.486620 41.546143 40.931082 40.990606 1.854101e+06
736447 41.020366 41.417179 40.712840 41.248536 1.179819e+06
736448 40.921165 41.446939 40.732681 40.851723 1.537445e+06
736449 40.593794 40.712840 39.939055 40.593794 2.011734e+06
736452 40.871565 41.417179 40.802123 41.377497 1.275054e+06
736453 40.990606 41.159253 40.583875 40.911246 1.323366e+06
736454 40.484674 40.871565 40.068020 40.196985 1.590221e+06
736455 40.316027 40.702918 40.187062 40.633476 1.075359e+06
736456 40.534275 41.288214 40.395391 41.099730 1.392312e+06
736459 41.179090 41.446939 40.960847 41.000529 1.727617e+06
736460 41.169172 41.665186 41.020366 41.665186 2.077605e+06
736461 41.853670 42.855621 41.784228 42.121518 3.302462e+06
736462 42.250482 42.597691 42.081835 42.389366 2.484931e+06
736463 42.210800 42.587772 42.052076 42.280242 2.411224e+06
736466 42.270324 42.726656 42.161200 42.597691 3.947578e+06
736467 44.601589 44.978560 43.282193 44.055974 7.073558e+06
736468 44.095656 44.383345 43.639324 43.966691 3.448786e+06
736469 43.718685 44.462706 43.629403 44.204780 3.630327e+06
736470 44.502388 44.859518 44.333741 44.532147 2.546933e+06
736473 44.532146 44.601588 44.175016 44.214698 1.676230e+06
736474 44.403181 44.928959 44.343663 44.671030 3.210501e+06
736475 44.760314 45.246409 44.760314 45.057921 2.333647e+06
736476 45.216649 45.236486 44.839677 45.147203 2.549116e+06
736477 45.186884 45.484492 45.008319 45.454733 1.808170e+06
736481 45.424974 45.633299 45.216649 45.524175 2.238413e+06
736482 45.385291 45.732499 45.087684 45.583698 1.719780e+06
736483 45.544016 45.782105 45.454734 45.534098 2.191787e+06
736484 45.365451 45.484493 44.829755 45.355532 2.376007e+06
736487 45.355532 45.643217 45.355532 45.494416 2.340195e+06
736488 45.444815 45.583699 45.246409 45.385292 1.488439e+06
736489 45.385292 45.811864 45.345610 45.782105 1.539727e+06
736490 45.613459 45.811865 45.514257 45.722582 1.194303e+06
736491 45.365450 45.415051 44.829754 44.998401 1.251642e+06
736494 44.958720 45.157126 44.551989 44.561907 1.262654e+06
736495 44.343663 44.591670 44.204779 44.551988 1.611153e+06
736496 44.750395 45.018242 44.542070 44.581748 2.013024e+06
736497 44.363504 45.067843 44.234539 45.008320 1.770473e+06
736498 45.057920 45.057920 44.512305 44.998401 3.407419e+06
736501 45.206727 45.980507 45.206727 45.772182 3.136099e+06
736502 45.841623 45.960670 45.395210 45.792023 2.096056e+06
736503 45.782105 46.099553 45.583699 45.663059 2.392673e+06
736504 46.129313 46.307878 46.020189 46.307878 1.476039e+06
736505 44.204779 44.710713 43.569878 43.768285 5.221640e+06
736508 43.282194 43.361554 41.645346 41.923112 4.293597e+06
736509 42.329843 42.766338 41.823910 42.766338 4.266515e+06
736510 43.202829 43.629402 42.845699 43.411154 2.383447e+06
736511 43.445965 44.162110 43.356448 44.122323 2.169414e+06
736512 44.122324 44.559964 44.072592 44.361035 1.582973e+06
736516 44.072592 44.112374 43.396235 43.515591 1.803783e+06
736517 43.416128 44.311303 43.127681 44.231734 2.299712e+06
736518 44.231734 44.500288 43.943287 44.181999 1.850731e+06
736519 44.619644 45.305945 44.619644 45.236321 1.828252e+06
736522 45.365626 45.524768 45.107016 45.156752 1.088835e+06
736523 45.524768 46.409999 45.395464 46.280695 2.225711e+06
736524 46.390106 46.569142 46.081770 46.161339 1.842475e+06
736525 46.608930 46.728286 46.439838 46.549249 1.186111e+06
736526 46.708391 46.708391 46.300588 46.419944 1.195659e+06
736529 46.350320 46.628822 46.091715 46.549249 1.355598e+06
736530 46.419943 46.748177 46.240911 46.728284 2.570056e+06
736531 46.708391 46.927213 46.569142 46.758122 2.113217e+06
736532 46.728285 46.887427 46.221019 46.419944 1.211872e+06
736533 46.469679 46.539304 46.171283 46.330430 1.504297e+06
736536 46.240913 46.270750 45.673963 45.892785 1.710585e+06
736537 45.962409 46.698446 45.544661 46.698446 1.783095e+06
736538 46.748178 47.205712 46.479625 47.006783 1.564174e+06
736539 46.937159 47.494159 46.768070 47.255443 1.934380e+06
736540 47.235554 47.921855 47.106249 47.852231 1.871320e+06
736543 47.852231 47.852231 47.364854 47.613515 1.596003e+06
736544 47.454373 47.494160 46.718340 46.927214 1.587349e+06
736545 46.847640 46.927214 46.648716 46.837696 1.500815e+06
736546 46.907320 47.076411 46.489572 46.579090 1.691090e+06
736547 46.847640 47.285285 46.847640 47.235554 1.243999e+06
736550 47.315123 47.414586 46.887426 46.976945 1.304672e+06
736551 46.857589 47.374803 46.857589 47.195767 1.000809e+06
736552 47.255443 47.325072 46.957051 47.255443 7.500596e+05
736553 47.364855 47.931801 47.215660 47.872124 1.369622e+06
736554 47.712982 47.941750 47.444428 47.882069 1.530356e+06
736557 47.911907 48.359497 47.862176 48.180461 2.311051e+06
736558 48.011373 48.279927 47.862175 48.021318 3.158983e+06
736559 48.369445 48.369445 47.822393 48.170516 3.137996e+06
736560 46.628822 47.086356 45.843053 46.469679 4.635032e+06
736561 46.330430 47.533946 46.320482 47.364855 3.322502e+06
736564 47.374803 47.593621 47.126143 47.325072 1.618084e+06
736565 47.474266 47.832337 47.424534 47.563784 1.636286e+06
736566 47.484215 47.563784 46.380161 46.449786 2.620583e+06
736567 46.419944 47.165926 46.360269 47.006783 2.148526e+06
736568 47.155981 47.533946 46.817802 47.066463 1.572728e+06
736571 47.195768 47.633408 47.056518 47.364855 1.325858e+06
736572 47.404642 47.553839 46.827751 46.887427 2.219245e+06
736573 46.867533 46.937158 46.559196 46.728284 1.667617e+06
736574 46.778016 46.967000 46.559196 46.738233 1.251160e+06
736575 46.976946 47.136087 46.638766 46.748178 1.416868e+06
736579 46.648715 46.857589 46.469678 46.698446 1.453073e+06
736580 46.817802 46.917265 46.608928 46.857589 1.534136e+06
736581 46.817803 46.907321 46.688499 46.768071 8.799599e+05
736582 46.260802 46.280695 44.629590 44.639538 2.493568e+06
736585 44.351090 45.564555 44.231734 45.504875 1.825566e+06
736586 45.116965 45.176641 44.370984 44.659431 3.443252e+06
736587 44.768837 44.858355 44.361034 44.619644 1.596202e+06
736588 44.619645 45.435250 44.569912 45.196535 1.724709e+06
736589 45.146803 45.146803 44.500289 44.550020 2.579007e+06
736592 44.659431 45.236321 44.619644 44.709162 1.917570e+06
736593 45.087128 45.703805 44.908092 45.465089 2.320500e+06
736594 45.733642 46.002196 45.166696 45.793322 1.603960e+06
736595 46.131501 46.449786 46.041983 46.419944 1.299400e+06
736596 46.181231 46.618873 46.061875 46.360268 1.946515e+06
736599 46.211069 46.519409 45.912678 46.320481 2.624960e+06
736600 46.280695 46.459730 45.982303 46.449786 1.578596e+06
736601 46.648716 47.006783 46.270750 46.927214 1.494450e+06
736602 46.797909 47.016731 45.892785 46.161339 1.927815e+06
736603 46.365748 47.183381 46.166325 46.954045 1.749235e+06
736606 46.684825 47.093641 46.684825 47.003900 1.534357e+06
736607 46.934103 47.163438 46.535256 46.694798 1.758907e+06
736608 46.904190 47.173410 46.794506 47.013873 1.427766e+06
736609 46.874274 47.293064 46.744653 47.163438 1.767682e+06
736610 47.193354 47.352892 46.854336 47.243209 1.658298e+06
736613 47.442632 48.010986 47.412715 47.552311 1.540440e+06
736614 47.053755 47.053755 45.288865 45.558086 2.904091e+06
736615 45.647826 45.687712 45.288864 45.338723 1.731088e+06
736616 44.710541 45.189155 44.630770 45.029617 1.332143e+06
736617 45.248983 45.488288 44.949850 44.949850 9.942212e+05
736620 44.949850 45.338723 44.870079 45.019648 1.156950e+06
736621 45.568058 45.697684 45.139299 45.308807 1.943473e+06
736622 45.278896 46.016762 45.209098 45.887135 1.763893e+06
736623 45.867192 46.086558 45.518205 45.917047 1.489288e+06
736624 45.538142 45.538142 45.159242 45.438433 1.008380e+06
736627 45.747540 45.817338 45.508231 45.717624 1.661589e+06
736628 45.129327 45.458376 43.045361 43.384379 3.938097e+06
736629 43.294639 43.693486 43.115162 43.244784 2.140004e+06
736630 43.843054 44.062416 43.224841 43.254757 2.385892e+06
736631 43.254757 43.743340 42.985537 43.095219 1.466254e+06
736634 43.204902 43.573833 43.055333 43.444207 1.552305e+06
736635 43.603745 43.982649 43.015448 43.364440 2.126941e+06
736636 43.344498 43.603746 43.115163 43.135101 2.233832e+06
736637 43.204903 43.872966 43.055334 43.533948 2.502853e+06
736638 43.563860 44.790308 43.563860 44.192042 2.214488e+06
736641 44.860110 45.627883 44.820224 45.578028 1.719023e+06
736642 45.348693 45.827306 45.189155 45.488288 2.130531e+06
736643 45.278895 45.956932 44.361553 45.807364 3.491092e+06
736644 46.465457 47.243208 46.206210 46.894217 2.551313e+06
736645 46.634969 46.734679 46.076585 46.236123 2.212893e+06
736648 46.525286 46.595084 45.049559 45.199128 3.433259e+06
736649 45.199128 45.867192 44.820224 45.268926 4.696601e+06
736650 46.166326 47.661995 46.016762 46.046673 4.015174e+06
736651 46.026730 46.026730 45.418490 45.807364 2.064622e+06
736652 45.777452 46.066616 44.880049 44.909965 3.139410e+06
736655 45.089445 45.109388 44.521092 44.840167 2.532766e+06
736656 44.810251 45.029617 43.643630 44.331637 2.823026e+06
736657 44.052446 44.650713 43.843053 44.521091 1.920738e+06
736659 44.610832 44.880049 44.491176 44.760396 8.745677e+05
736662 44.391466 44.560974 43.454182 43.474120 2.235328e+06
736663 43.474119 44.501148 43.394352 44.351580 1.946265e+06
736664 44.660686 44.770370 43.813138 43.853024 2.232137e+06
736665 43.952737 43.972675 42.796082 43.085246 2.814949e+06
736666 43.145073 43.962706 43.145073 43.902878 2.146983e+06
736669 44.082359 44.560973 44.082359 44.401435 2.487797e+06
736670 44.451294 44.770370 44.072390 44.710541 1.133418e+06
736671 44.431350 44.860110 43.982650 44.860110 1.809959e+06
736672 44.860111 45.697685 44.640744 45.667769 1.843063e+06
736673 45.777452 46.186268 45.717623 46.166325 1.931906e+06
736676 46.046673 46.615027 45.976876 46.006787 1.846154e+06
736677 46.176298 46.475432 46.026730 46.256065 1.729692e+06
736678 46.295951 46.654912 45.867192 46.006787 2.038198e+06
736679 45.946964 46.634970 45.787422 46.425577 1.335034e+06
736680 46.475432 46.784534 45.677742 45.777452 2.097128e+06
736683 45.757509 46.086558 45.229041 45.298838 1.081070e+06
736684 45.617914 46.176298 45.408521 46.076585 1.547918e+06
736685 46.076584 46.226153 45.727597 45.907077 1.647530e+06
736686 45.797394 45.996818 45.667769 45.837280 9.655044e+05
736687 45.946962 46.096527 45.797394 46.066615 7.255990e+05
736691 46.236123 46.525287 46.186269 46.375718 1.531067e+06
736692 46.375718 46.565173 45.548116 45.588002 1.173901e+06
736693 45.680000 46.000000 45.570000 45.639999 8.910000e+05
736694 45.759998 45.820000 45.380001 45.560001 1.216100e+06
736698 45.930000 46.750000 45.740002 46.490002 1.739600e+06
736699 46.930000 47.380001 46.820000 47.099998 1.821300e+06
736700 47.049999 47.070000 46.360001 46.540001 1.503700e+06
736701 46.630001 48.070000 46.560001 47.990002 2.883400e+06
736704 48.009998 48.560001 47.910000 48.139999 2.575300e+06
736705 48.340000 48.540001 47.820000 48.099998 1.560500e+06
736706 48.029999 49.480000 47.950001 49.250000 5.624300e+06
736707 48.900002 48.900002 47.980000 48.520000 3.276900e+06
736708 48.599998 48.849998 48.410000 48.689999 1.568500e+06
736712 48.369999 48.720001 48.180000 48.320000 1.938800e+06
736713 48.669998 48.730000 48.000000 48.250000 1.523500e+06
736714 48.040001 48.090000 47.509998 47.639999 1.346100e+06
736715 47.830002 47.930000 47.410000 47.619999 1.701700e+06
736718 47.599998 47.830002 47.230000 47.389999 2.013900e+06
736719 47.770000 48.209999 47.049999 47.349998 2.741900e+06
736720 47.599998 48.419998 47.410000 48.410000 3.073200e+06
736721 48.419998 48.430000 47.919998 48.169998 1.895400e+06
736722 48.320000 48.830002 48.299999 48.650002 1.527800e+06
736725 48.480000 48.549999 47.389999 47.669998 2.266500e+06
736726 48.040001 49.150002 48.009998 48.970001 2.552600e+06
736727 48.930000 49.810001 48.680000 49.259998 2.244600e+06
736728 48.880001 49.000000 48.470001 48.900002 1.352200e+06
736729 49.090000 49.470001 49.060001 49.380001 1.191800e+06
736732 49.130001 49.380001 48.959999 49.270000 9.521000e+05
736733 49.419998 49.779999 49.259998 49.639999 2.170700e+06
736734 49.369999 50.029999 49.230000 49.930000 2.107100e+06
736735 49.930000 50.799999 49.930000 50.470001 2.557700e+06
736736 50.509998 50.590000 50.020000 50.360001 2.092500e+06
736739 50.630001 50.889999 50.419998 50.520000 1.568300e+06
736740 50.240002 50.680000 50.090000 50.389999 3.521100e+06
736741 51.139999 51.840000 50.619999 51.619999 5.713100e+06
736742 51.680000 51.680000 50.560001 50.840000 2.547200e+06
736743 50.650002 51.639999 50.580002 51.630001 2.195500e+06
736747 51.660000 51.799999 51.169998 51.349998 1.962800e+06
736748 51.310001 51.720001 51.189999 51.340000 1.632400e+06
736749 51.439999 51.599998 51.200001 51.470001 1.006900e+06
736750 51.380001 51.830002 51.330002 51.740002 1.608400e+06
736753 51.740002 51.939999 51.459999 51.660000 1.195100e+06
736754 51.520000 51.650002 51.230000 51.299999 1.410500e+06
736755 51.619999 52.259998 51.619999 52.040001 2.025700e+06
736756 52.040001 52.080002 51.330002 51.380001 1.706400e+06
736757 51.380001 52.040001 51.150002 51.980000 1.824400e+06
736760 51.639999 51.820000 51.180000 51.250000 1.883700e+06
736761 51.060001 51.450001 50.860001 51.209999 2.156000e+06
736762 51.259998 51.570000 50.950001 51.410000 1.517600e+06
736763 51.419998 51.580002 51.130001 51.430000 1.259400e+06
736764 51.689999 52.360001 51.480000 52.150002 1.695100e+06
