736034 56.908242 57.460554 56.789889 57.115359 5.522171e+05
736035 57.135084 57.716988 57.135084 57.598637 4.151244e+05
736036 57.391159 57.964180 57.104647 57.460317 5.555354e+05
736039 57.806105 58.062979 57.312120 58.033342 4.883534e+05
736040 57.509715 58.033342 57.341762 57.638152 4.407333e+05
736041 57.588755 59.376977 57.361522 59.120107 6.271632e+05
736042 59.139868 59.317702 58.576725 59.288060 5.926830e+05
736043 59.683250 60.483507 59.505416 60.404467 9.118960e+05
736046 60.503266 60.957731 60.078438 60.167356 6.776484e+05
736047 60.009281 60.661341 59.653611 60.167356 5.231300e+05
736048 60.108077 60.493385 59.416497 59.584454 6.450454e+05
736049 59.574572 59.940120 59.258423 59.782045 5.474340e+05
736050 59.762288 60.562541 59.436256 60.493384 9.018187e+05
736053 60.661341 61.224483 60.661341 61.165204 4.518973e+05
736054 60.760137 61.184964 60.315550 60.434105 4.230486e+05
736055 60.246392 60.592183 60.058679 60.345191 4.381646e+05
736056 60.414349 60.967609 60.206872 60.710739 2.723832e+05
736060 60.443985 61.412196 60.295789 60.908333 6.455394e+05
736061 60.661341 60.967609 60.542782 60.829294 3.940023e+05
736062 60.789774 60.987369 60.443985 60.947849 5.059393e+05
736063 60.957731 61.056526 60.404466 60.700857 4.203811e+05
736064 60.779896 60.977490 60.137714 60.503266 5.530654e+05
736067 60.434104 60.839176 59.525174 59.554812 4.335211e+05
736068 59.594332 59.950002 58.882992 59.248544 6.728074e+05
736069 59.297941 59.880844 59.297941 59.762289 4.381646e+05
736070 59.653611 59.742529 58.981792 59.436257 3.461846e+05
736071 59.001552 59.001552 58.072859 58.389008 4.564420e+05
736074 58.487807 58.962032 58.369252 58.596484 3.984482e+05
736075 58.971911 59.209024 58.616245 59.090469 3.226709e+05
736076 59.149744 59.752406 59.001550 59.633851 4.795605e+05
736077 59.347339 59.456016 58.813834 59.021311 1.000813e+06
736078 58.971910 60.345191 58.912634 60.226632 8.629915e+05
736081 60.236513 60.710739 59.772167 59.861084 7.835588e+05
736082 59.673372 60.364947 59.515297 60.078439 9.388676e+05
736083 59.920364 59.969761 59.337461 59.821564 5.538558e+05
736084 60.315548 61.787625 60.167356 60.414348 2.050827e+06
736085 59.890722 61.066408 59.456016 60.710739 1.446585e+06
736088 60.364947 61.609792 60.364947 61.501114 6.641132e+05
736089 61.175081 61.609791 60.611939 60.760136 5.701573e+05
736090 60.898451 61.105924 60.196994 60.542782 5.252047e+05
736091 60.335309 61.254121 60.088316 60.750258 1.228540e+06
736092 61.254122 61.777744 60.918212 61.629551 8.638807e+05
736095 61.619670 62.657037 61.619670 62.419926 1.350851e+06
736096 62.113654 62.321131 60.809534 61.036767 5.584005e+05
736097 61.007129 61.540633 60.858931 60.997251 6.137268e+05
736098 61.451716 61.451716 61.017006 61.125684 5.808274e+05
736099 61.086168 61.293640 60.681096 61.046648 8.799846e+05
736102 61.076287 61.372677 60.829295 61.145444 6.828847e+05
736103 61.352916 62.232213 61.046648 61.086168 5.398266e+05
736104 61.273880 61.273880 60.661341 60.799656 4.749170e+05
736105 60.967609 61.026888 60.453864 60.661341 5.729236e+05
736106 60.661342 61.036767 60.256274 60.523022 2.496599e+05
736110 60.483506 60.631699 59.930242 60.157474 3.708838e+05
736111 60.582301 61.175081 60.196993 61.076286 2.827569e+05
736112 60.868814 61.224483 60.621822 61.194842 3.716742e+05
736113 61.263998 62.212452 61.125683 61.688826 6.677687e+05
736116 61.718468 61.718468 61.145444 61.293641 3.532980e+05
736117 61.254122 61.945702 60.947850 61.639429 2.681350e+05
736118 61.619669 62.281611 61.056527 62.054378 4.527865e+05
736119 61.501113 61.906181 60.997251 61.086168 2.211076e+05
736120 60.908334 61.293641 60.374829 61.155326 3.105189e+05
736123 60.987369 61.343038 60.651458 60.661341 2.321729e+05
736124 60.602061 60.602061 59.999400 60.216754 4.103038e+05
736125 60.285911 61.194842 60.285911 60.878692 3.319578e+05
736126 61.076286 61.501113 60.789774 60.908333 3.407507e+05
736127 60.888540 61.323955 60.334380 60.463022 2.737164e+05
736130 60.215627 60.463021 59.701052 60.225526 4.268036e+05
736131 59.997923 60.344274 59.661468 59.978132 3.171587e+05
736132 60.185943 60.601566 59.582301 60.532292 3.485283e+05
736133 60.631251 61.274472 60.482813 60.769791 3.322992e+05
736134 60.730208 61.363534 60.403650 61.027079 6.402549e+05
736137 61.353640 61.808843 61.066662 61.432808 2.724300e+05
736138 61.373432 61.927595 61.126038 61.432808 4.213610e+05
736139 61.630721 62.145300 61.126039 61.403119 5.033967e+05
736140 61.403118 61.977073 60.997392 61.086455 2.273053e+05
736141 61.175517 61.393225 60.888540 60.987499 2.542218e+05
736144 60.868747 60.997392 59.176575 59.275535 5.201205e+05
736145 59.859385 60.383858 59.384385 59.513031 6.114583e+05
736146 60.096881 60.176048 59.453659 59.582301 6.059167e+05
736147 59.869279 59.958340 59.018243 59.146889 3.052838e+05
736151 58.859912 59.503137 58.473978 58.939079 3.373461e+05
736152 59.107305 59.107305 58.068251 59.028141 8.672634e+05
736153 58.671894 58.820328 57.820858 57.870337 4.722251e+05
736154 58.632309 59.028141 58.473978 58.572934 5.869168e+05
736155 59.206266 59.809904 59.028143 59.641677 7.459415e+05
736158 60.116672 60.423441 59.760424 60.354172 6.087864e+05
736159 60.383858 60.987499 60.116672 60.878645 3.579292e+05
736160 60.740106 61.205203 59.968234 60.255212 4.483764e+05
736161 60.552084 60.779685 60.334380 60.631251 3.358617e+05
736162 60.453128 61.294265 60.453128 60.749999 7.787954e+05
736165 60.769792 61.145831 60.512504 61.027079 3.060755e+05
736166 60.947915 61.086455 60.037504 60.185942 3.517939e+05
736167 60.126566 60.839062 60.047402 60.433336 3.724760e+05
736168 60.720314 61.155725 60.304691 60.443234 5.669274e+05
736169 60.670835 61.215101 60.413544 60.789583 7.208063e+05
736172 60.492712 60.918229 59.978133 60.561982 1.046574e+06
736173 60.680730 62.194777 60.571876 61.739574 9.562262e+05
736174 61.907804 63.194251 61.907804 63.085397 7.969046e+05
736175 63.233834 65.361421 60.918228 62.541131 1.377785e+06
736176 63.016126 63.273415 62.402591 62.560923 6.398591e+05
736179 62.560923 62.649984 61.729680 62.036446 5.377350e+05
736180 62.145300 62.402591 61.789053 61.977074 4.250224e+05
736181 62.649985 63.006229 61.927597 62.224468 5.453547e+05
736182 62.234361 62.273945 61.264579 61.640618 4.240328e+05
736183 61.591141 62.046344 61.205203 62.016654 3.940487e+05
736186 62.392693 62.867689 62.234361 62.719255 3.017214e+05
736187 62.224467 62.531233 62.066135 62.501547 3.167629e+05
736188 62.145299 62.422383 61.254684 62.412485 3.883092e+05
736189 62.293738 62.808316 61.927596 62.630193 3.218097e+05
736190 62.590610 62.966649 62.382800 62.936959 1.561549e+05
736193 62.897379 64.025491 62.323425 64.005702 4.405587e+05
736194 63.995804 64.183826 62.580715 63.896848 6.273905e+05
736195 63.382273 63.748410 62.996335 63.560396 4.540169e+05
736196 62.887481 62.986442 61.907804 61.947384 6.602443e+05
736197 61.502078 61.502078 59.740632 59.750530 4.643085e+05
736200 56.287019 58.800536 53.773498 57.949505 1.373332e+06
736201 59.127097 59.285429 56.287018 56.356288 9.223827e+05
736202 57.682319 58.473978 56.524515 58.404708 9.757208e+05
736203 58.869810 60.146358 58.553142 59.879172 6.730099e+05
736204 59.849488 60.166151 59.117204 59.641677 6.128437e+05
736207 59.334906 59.592198 58.721371 58.988557 3.961268e+05
736208 56.573993 58.167209 56.573993 57.949505 7.478217e+05
736209 58.602624 58.701580 57.731797 58.701580 3.424919e+05
736210 58.790642 59.819800 57.919815 59.166681 5.632660e+05
736211 58.434394 58.632310 57.662526 58.107836 4.170068e+05
736215 59.067722 59.760424 58.493770 59.730739 2.980599e+05
736216 60.195840 60.552084 59.453659 59.572407 6.071042e+05
736217 59.453659 60.136464 58.968766 59.671363 4.217568e+05
736218 59.295323 60.037504 58.958871 59.997924 2.686696e+05
736221 59.908716 60.225902 59.631179 60.186257 3.817149e+05
736222 60.394410 61.266676 60.007839 61.098168 3.941050e+05
736223 60.949490 61.534304 60.543094 61.266676 4.188852e+05
736224 61.167553 62.267797 60.929664 61.494654 5.458592e+05
736225 60.860281 61.435180 60.463795 60.582739 7.551036e+05
736228 60.909840 61.385620 60.592653 61.177467 3.934112e+05
736229 60.533179 60.721507 59.611353 59.839331 3.908340e+05
736230 60.067309 60.136694 59.532059 60.057399 4.704281e+05
736231 59.571704 59.769947 58.927421 59.651003 3.021207e+05
736232 59.997926 60.067309 58.996805 59.115749 5.652869e+05
736235 58.858036 58.858036 56.251153 56.756668 6.892873e+05
736236 56.726933 56.905351 55.131085 55.577130 6.337795e+05
736237 56.023175 57.232453 55.815022 57.153154 5.702430e+05
736238 57.440606 58.074979 56.568340 58.045244 6.986046e+05
736239 57.470341 57.589284 56.548515 57.569464 6.865119e+05
736242 57.936211 59.125663 57.896561 58.491285 5.103739e+05
736243 58.630058 59.155397 57.847001 58.134453 5.954197e+05
736244 58.352517 59.165309 58.263309 59.115749 6.118738e+05
736245 58.867946 59.353640 58.372341 59.214872 5.140414e+05
736246 59.284256 59.898805 58.867946 59.145484 4.961996e+05
736249 59.165309 59.363551 58.471466 58.620144 4.175967e+05
736250 58.382255 58.996803 57.817266 58.342606 5.267289e+05
736251 58.293046 58.778737 57.747877 58.312871 6.244621e+05
736252 58.699442 60.077224 58.213748 59.809596 7.391451e+05
736253 60.057399 60.414235 59.581619 59.789772 6.908732e+05
736256 59.502319 59.779860 58.917506 59.452760 5.089862e+05
736257 59.413111 62.347095 59.413111 61.445094 9.163734e+05
736258 61.792016 61.940700 60.553004 60.731422 3.809219e+05
736259 60.979224 63.814081 60.860281 63.437424 1.237327e+06
736260 63.814080 63.863644 63.040938 63.169797 1.067533e+06
736263 63.209445 63.556371 62.594897 63.506808 4.326631e+05
736264 63.249095 63.933029 63.179712 63.933029 1.011530e+06
736265 64.012327 64.765640 63.050852 64.626872 1.147821e+06
736266 66.906658 66.906658 62.089378 63.942943 1.785763e+06
736267 64.022233 65.082836 63.397774 64.597137 1.020054e+06
736270 64.607052 66.252456 64.329515 66.163251 9.286644e+05
736271 65.915447 65.915447 64.577316 64.755734 8.695883e+05
736272 63.893380 64.785470 63.893380 64.131268 1.171511e+06
736273 63.417599 63.933028 63.110322 63.596021 1.001617e+06
736274 63.516722 63.972678 62.713840 63.705047 8.483764e+05
736277 63.655491 63.675312 62.466039 63.120237 7.758199e+05
736278 63.060763 63.229270 62.218236 62.773315 8.321206e+05
736279 63.021118 64.498019 62.783226 64.438548 7.408302e+05
736280 63.933029 64.527753 63.685227 64.111447 1.029173e+06
736281 64.061882 64.448454 63.100412 63.130147 6.445837e+05
736284 63.427514 64.309686 63.031028 64.151096 7.711612e+05
736285 64.428634 64.567402 63.774432 64.022234 8.387617e+05
736286 64.597137 65.320724 64.101532 65.271160 1.050385e+06
736287 65.320724 66.173165 64.854854 66.093866 1.685850e+06
736288 66.232635 66.411053 65.657731 65.925362 2.356998e+06
736291 66.054217 66.242550 64.874676 65.112571 7.707647e+05
736292 64.894504 64.894504 63.972679 64.607052 9.802073e+05
736293 64.924238 66.083952 64.607051 65.816329 6.287243e+05
736295 65.905534 66.688590 65.816329 66.539907 2.721862e+05
736298 66.678677 67.392349 66.420967 66.619206 1.300170e+06
736299 66.748060 67.481561 66.658855 67.431998 8.910976e+05
736300 67.303144 67.481561 66.440788 66.718326 6.377444e+05
736301 66.807540 66.807540 64.835034 65.518963 5.731175e+05
736302 65.766765 66.886837 65.300895 66.530001 6.548923e+05
736305 66.381318 66.559736 65.776680 65.806414 5.297025e+05
736306 65.063007 65.915448 64.844940 65.271160 4.607143e+05
736307 64.567403 65.786595 64.398899 64.607052 5.724236e+05
736308 64.607052 65.340545 64.418720 64.815205 5.661790e+05
736309 64.170917 64.864768 63.863644 64.022234 5.136449e+05
736312 64.061944 64.498755 63.178400 64.439193 8.071031e+05
736313 64.737013 65.253245 64.468974 64.955418 5.777786e+05
736314 65.491501 66.176499 64.945487 65.977945 6.067668e+05
736315 65.997804 65.997804 65.124182 65.144042 5.821467e+05
736316 64.915706 65.064620 63.496078 64.181076 1.598223e+06
736319 64.528536 65.014980 63.913030 64.290279 4.560678e+05
736320 64.598028 64.727082 63.952741 64.697301 4.402832e+05
736321 65.074549 65.461720 64.766793 65.342588 3.111268e+05
736322 65.362439 65.441860 64.965346 65.134112 1.133717e+05
736326 64.975269 65.908453 64.647668 65.829032 3.015964e+05
736327 66.553741 67.050114 66.087149 66.474319 4.718525e+05
736328 66.216202 66.603372 65.968016 66.126859 3.076522e+05
736329 65.779399 66.434608 64.836286 65.441861 3.011994e+05
736333 64.409403 64.409403 62.930213 64.061944 8.388710e+05
736334 64.101655 64.925637 63.644993 63.992452 5.217877e+05
736335 63.158545 63.367024 61.937466 62.314711 5.018335e+05
736336 61.182981 61.838194 60.309363 60.517839 6.091494e+05
736337 60.855372 61.262399 59.187558 59.336471 6.707990e+05
736340 59.584657 60.011539 58.552200 59.058503 5.586186e+05
736341 59.525091 60.001609 58.899664 59.674005 5.173203e+05
736342 60.090957 60.249797 58.234522 58.383435 5.096762e+05
736343 59.366252 60.497983 58.611766 59.793134 9.226588e+05
736344 59.981754 59.981754 56.249029 58.254377 1.201720e+06
736348 59.614439 59.773279 56.864531 57.589235 9.927467e+05
736349 57.132573 57.619020 55.127224 56.993589 1.345370e+06
736350 57.023370 57.350977 55.355554 56.795038 1.144240e+06
736351 57.728223 59.693861 57.708367 59.525092 1.079016e+06
736354 59.257049 59.912261 58.403290 58.760676 1.106615e+06
736355 58.611766 59.683930 58.353650 59.505236 6.333724e+05
736356 59.247124 60.130668 58.939371 59.296761 7.066371e+05
736357 59.624368 59.733567 58.333795 58.790461 6.632541e+05
736358 59.098211 60.210090 58.740821 60.120742 6.727844e+05
736361 59.564802 60.299437 59.098210 60.011539 9.754729e+05
736362 59.515166 59.515166 57.887061 58.304014 1.208471e+06
736363 58.959226 59.058504 57.281487 58.949301 8.909902e+05
736364 58.889736 60.527769 58.790462 59.366253 5.388629e+05
736365 59.396038 59.912263 55.603742 55.861858 1.615397e+06
736368 54.978314 55.474688 52.565940 53.379991 2.145326e+06
736369 52.943184 54.551432 52.804196 53.886290 1.415359e+06
736370 54.412449 56.110045 54.015349 54.452156 1.236863e+06
736371 55.782436 58.343724 54.055059 56.328450 2.522371e+06
736372 57.668657 58.442998 56.755328 57.082936 1.855543e+06
736376 57.956554 58.383435 56.467434 58.075683 1.169059e+06
736377 58.472783 59.118066 58.006190 58.383435 1.177695e+06
736378 58.661403 58.969157 57.956554 58.165030 9.801388e+05
736379 58.075683 58.373506 57.549528 58.333795 2.467174e+06
736382 58.333794 60.984430 58.333794 60.627041 9.812308e+05
736383 60.358999 61.550296 60.090957 60.666752 7.375115e+05
736384 60.011540 62.314712 59.574729 62.175728 1.007439e+06
736385 62.265075 63.406731 60.160449 63.337239 9.054843e+05
736386 63.535790 64.032163 62.672101 63.416661 7.433687e+05
736389 63.456368 63.774047 62.483477 62.543043 1.119719e+06
736390 63.118838 64.439193 62.860721 64.359771 1.132525e+06
736391 64.121507 64.508685 63.585430 64.171147 6.691113e+05
736392 64.101655 64.508684 63.754195 64.369693 6.902568e+05
736393 64.359771 64.528535 63.376949 63.476223 8.307304e+05
736396 63.128763 63.496078 62.523187 63.029490 9.064770e+05
736397 62.622464 62.900432 61.977177 62.493406 9.652476e+05
736398 62.969923 63.218110 62.413984 62.860721 4.755257e+05
736399 63.089053 63.644993 62.175728 62.642316 5.751974e+05
736400 63.317384 63.496079 62.890502 63.287603 4.369078e+05
736403 62.889756 64.123085 62.889756 63.824696 5.664355e+05
736404 63.317443 63.804809 63.068789 63.297550 4.605086e+05
736405 62.999165 63.755073 62.690832 63.416903 4.842800e+05
736406 63.287605 64.172812 62.810189 64.023625 5.929918e+05
736407 64.331953 65.008295 64.142974 64.212597 8.610416e+05
736410 63.914216 64.391629 63.625775 64.142974 6.977252e+05
736411 63.814756 64.113137 63.605883 63.874430 5.337125e+05
736412 63.725235 63.725235 62.879810 63.019057 4.521538e+05
736413 62.889757 63.038951 62.352661 62.800240 4.456888e+05
736417 62.989220 63.188141 62.591371 63.029002 3.113157e+05
736418 63.068789 63.466637 62.621209 63.297550 5.866263e+05
736419 63.476582 63.595935 62.700780 63.496474 4.685650e+05
736420 63.456689 63.944054 63.118518 63.367173 5.182959e+05
736421 63.128466 65.147541 62.740565 65.028184 9.286757e+05
736424 65.018244 65.485708 64.322005 64.510986 4.513581e+05
736425 64.202656 64.869049 63.725236 64.351843 9.737320e+05
736426 64.510986 65.923343 64.331954 65.853720 1.137645e+06
736427 65.634903 65.634903 63.426851 63.625776 1.013417e+06
736428 64.182760 64.411525 63.566097 63.715288 4.270894e+05
736431 64.202657 64.371740 62.949435 63.068788 5.742930e+05
736432 63.098626 63.645669 62.790296 63.068788 5.711102e+05
736433 63.297549 63.983839 63.009108 63.934105 7.423836e+05
736434 63.874430 63.924157 63.168247 63.357228 4.609064e+05
736435 63.237875 63.486530 62.979272 63.426851 3.382699e+05
736438 63.168248 64.212598 63.158304 63.904268 3.142001e+05
736439 64.003728 64.242434 63.406959 63.536260 4.552371e+05
736440 63.645669 63.874430 63.237875 63.566097 3.490118e+05
736441 63.605882 64.033565 62.800239 62.899704 3.575655e+05
736442 62.989220 63.944053 62.919592 63.894319 5.543011e+05
736445 63.963943 64.391629 63.585989 64.351843 5.313254e+05
736446 64.650232 65.406145 64.530875 65.316625 7.746092e+05
736447 65.495655 66.549958 65.117703 66.470386 9.887507e+05
736448 63.605883 65.843771 63.317442 64.888938 1.747247e+06
736449 64.878997 65.187327 64.222545 65.097807 9.529444e+05
736452 65.137593 66.758827 64.988398 66.142160 9.879550e+05
736453 65.943240 66.082485 65.048082 65.336521 8.183725e+05
736454 65.018244 65.256951 64.481149 65.107756 5.360996e+05
736455 65.137593 65.426034 64.550772 65.018244 7.653593e+05
736456 65.018244 65.694585 64.451311 65.654799 3.703961e+05
736459 65.624961 66.171998 65.336521 65.813934 4.393232e+05
736460 66.221732 66.659360 65.913395 66.579795 3.257377e+05
736461 66.579795 66.878177 65.535442 65.585176 2.823723e+05
736462 65.933292 66.072538 65.197276 65.774149 3.052486e+05
736463 65.654799 66.579795 65.207216 65.654799 5.396802e+05
736466 65.724423 66.311244 65.326573 65.983018 4.735381e+05
736467 66.072536 66.748878 65.615013 66.470386 1.036492e+06
736468 66.370926 67.087046 65.863669 66.818502 7.165235e+05
736469 66.321192 67.047268 66.112323 66.848339 1.221293e+06
736470 67.325758 68.240807 66.908013 66.997533 5.799623e+05
736473 67.027370 67.037319 66.480327 66.858287 4.449925e+05
736474 67.335700 68.081664 66.709093 67.753446 5.017853e+05
736475 68.081664 68.091613 67.077104 67.584355 8.204612e+05
736476 67.584355 67.962315 67.325759 67.365545 3.302135e+05
736477 67.395382 68.121449 67.355596 67.624140 4.232104e+05
736481 67.703712 67.982203 66.987585 67.276025 5.606667e+05
736482 67.116891 67.892692 66.669308 67.823069 6.346664e+05
736483 67.663926 67.813120 67.146727 67.763386 5.723037e+05
736484 67.494843 67.743498 66.977637 67.524680 3.317054e+05
736487 67.773334 67.813119 67.106941 67.534628 4.452909e+05
736488 67.564465 67.803172 67.057208 67.385434 5.933897e+05
736489 67.325759 68.728168 67.136779 68.638656 7.115504e+05
736490 68.300482 68.728168 67.942419 68.608819 4.395221e+05
736491 68.588922 68.678442 67.226291 67.544577 5.859300e+05
736494 67.275548 67.913238 66.986604 67.245658 6.622935e+05
736495 67.195844 67.444939 66.657799 67.385151 5.550831e+05
736496 67.753813 68.172291 67.614321 67.913238 6.989603e+05
736497 67.454897 68.112512 67.195843 67.953087 7.013516e+05
736498 68.092579 68.271928 67.415049 67.444938 5.094489e+05
736501 67.923196 68.889685 67.923196 68.700371 3.499285e+05
736502 68.690413 68.999288 68.301826 68.770118 5.853730e+05
736503 68.650558 69.437698 68.570845 68.590769 4.830448e+05
736504 68.999288 69.188602 68.660523 68.999288 4.181805e+05
736505 66.617942 67.684067 65.422289 65.482069 1.089740e+06
736508 64.824456 64.973914 63.220288 63.788220 1.183699e+06
736509 64.196738 66.269210 63.967568 66.169574 8.544952e+05
736510 66.598010 68.202182 66.528264 67.763780 9.580190e+05
736511 67.823561 69.208527 67.803636 69.178637 5.762063e+05
736512 69.049110 69.318129 68.032799 68.550920 7.721942e+05
736516 68.112512 68.291860 67.275549 67.763780 4.541498e+05
736517 67.684068 68.371573 67.215768 68.012875 9.772491e+05
736518 68.242038 68.740228 67.823561 68.391496 3.318941e+05
736519 68.889685 69.696751 68.770118 69.487512 3.850011e+05
736522 69.746574 70.374290 69.587149 69.676827 4.999833e+05
736523 69.975743 70.513782 69.846209 70.274653 4.261516e+05
736524 70.752918 70.752918 69.955812 70.184982 3.303995e+05
736525 70.812700 71.161431 70.593494 70.752919 4.608256e+05
736526 70.952192 71.300924 70.623385 71.091684 3.616858e+05
736529 71.091684 71.241143 70.493858 70.683172 2.903450e+05
736530 70.583528 71.659620 70.493858 71.579908 7.994950e+05
736531 71.659620 71.938606 71.211252 71.669586 3.167491e+05
736532 71.669585 71.689510 71.121574 71.300923 2.540768e+05
736533 71.211253 72.177742 70.972124 72.078098 4.692948e+05
736536 71.430457 71.719408 71.201286 71.609806 3.883888e+05
736537 71.689510 72.396947 71.619764 72.197666 5.772027e+05
736538 72.287344 72.327193 71.201287 71.619764 7.558536e+05
736539 72.486617 73.154189 71.888791 72.516507 8.380549e+05
736540 72.556364 73.223937 71.928647 72.127920 9.580190e+05
736543 71.480271 72.367048 71.350745 72.137886 6.304094e+05
736544 70.732987 71.809079 70.493858 71.430457 6.160615e+05
736545 71.440416 71.440416 70.503824 70.792775 7.180908e+05
736546 70.972123 71.530094 70.663241 70.742953 6.561160e+05
736547 71.300923 71.390601 70.932266 71.151472 6.484439e+05
736550 71.101650 71.300923 70.414145 70.723028 6.700653e+05
736551 70.852555 71.051828 70.483892 71.051828 7.135074e+05
736552 71.241143 71.241143 70.653283 71.091684 4.834434e+05
736553 71.231177 71.809079 71.151472 71.550018 4.882260e+05
736554 71.550019 72.277379 71.420492 72.088064 5.959347e+05
736557 72.367048 72.954916 72.137886 72.556363 6.006176e+05
736558 72.317235 72.845315 71.898757 71.968503 4.005446e+05
736559 71.968502 72.038249 71.031904 71.400567 5.956357e+05
736560 71.320855 71.838969 71.131540 71.629730 2.823740e+05
736561 71.360711 71.410525 70.832623 71.021938 5.448204e+05
736564 70.962157 71.799113 70.822665 71.649662 6.226376e+05
736565 71.819045 72.347125 71.819045 71.918681 3.886877e+05
736566 71.749298 71.988427 71.400567 71.540059 4.820485e+05
736567 71.430457 71.928647 71.231177 71.829003 3.086784e+05
736568 71.988427 72.227556 70.922301 71.320855 3.073831e+05
736571 71.430457 71.908716 71.171397 71.838969 3.534159e+05
736572 71.669585 71.868858 70.812699 71.002013 4.488690e+05
736573 70.822665 71.231177 70.434077 70.962157 5.718223e+05
736574 71.061795 71.619764 70.463968 71.579908 5.324653e+05
736575 71.789155 72.287345 71.659621 72.127920 4.188780e+05
736579 72.098029 72.486616 71.420490 71.809078 3.281078e+05
736580 71.639696 71.679552 70.344399 70.633350 7.545583e+05
736581 70.424112 70.653283 69.467588 69.627005 5.139326e+05
736582 69.108890 69.387875 66.588051 66.588051 9.479556e+05
736585 66.488415 67.395117 66.468484 67.136056 1.180909e+06
736586 66.447328 66.916463 66.068031 66.457312 6.196560e+05
736587 66.527184 66.856577 65.708695 65.968210 7.479192e+05
736588 65.928290 67.006294 65.868396 66.726811 1.711640e+06
736589 66.307587 66.397418 65.978193 66.127919 9.879761e+05
736592 66.127919 67.605195 65.978193 67.245858 1.086095e+06
736593 67.615171 67.724968 66.936424 67.235874 4.933891e+05
736594 67.585227 67.904638 66.646957 67.754912 5.079622e+05
736595 68.433660 69.252148 68.433660 68.922762 7.245624e+05
736596 68.922762 68.922762 68.293918 68.543457 3.399724e+05
736599 68.293918 68.483571 67.615171 68.124233 2.037239e+05
736600 68.064346 68.832924 68.014435 68.812964 2.791846e+05
736601 68.922761 69.292075 68.363788 69.282099 3.653256e+05
736602 69.062503 69.341986 67.645115 68.134217 6.699632e+05
736603 68.313885 69.272116 67.844750 68.783021 1.012830e+06
736606 68.533482 68.972665 68.034403 68.044379 6.456081e+05
736607 68.084307 68.323862 67.076166 67.255834 6.005912e+05
736608 67.645115 67.734953 66.726811 67.425526 8.530252e+05
736609 67.475429 67.984492 67.106116 67.824783 4.879991e+05
736610 68.034403 68.034403 66.497240 66.756755 6.408170e+05
736613 66.986334 67.515356 66.856576 67.156019 5.903102e+05
736614 66.876537 67.106116 65.499083 66.107959 6.848357e+05
736615 66.157862 67.136059 66.008136 66.906480 5.091600e+05
736616 66.307587 66.626997 65.728653 66.417385 2.955544e+05
736617 66.896498 68.114251 66.806666 67.565268 8.381527e+05
736620 68.204088 69.371930 67.954549 68.214064 6.892276e+05
736621 68.862867 68.862867 67.685042 67.774880 6.314343e+05
736622 67.804823 67.874694 67.046221 67.076165 6.127687e+05
736623 67.066188 67.495396 66.347514 67.156019 5.505835e+05
736624 66.537167 67.136060 65.708695 67.056205 7.579008e+05
736627 67.565267 68.064346 67.405559 67.635138 6.178593e+05
736628 67.435503 67.435503 65.309430 65.399261 8.204853e+05
736629 65.309430 65.618857 64.970052 65.469131 1.534168e+06
736630 64.041775 64.391128 61.356729 62.724203 2.812308e+06
736631 62.534554 64.630682 62.534554 63.472820 1.196291e+06
736634 63.442877 64.171532 63.442877 63.722360 1.598050e+06
736635 63.792231 64.381144 62.804053 63.343059 2.090740e+06
736636 63.203318 63.692416 62.853964 63.233261 1.167644e+06
736637 63.283172 63.762287 62.953778 63.173374 8.336609e+05
736638 63.363024 64.570796 63.193338 63.522728 1.689780e+06
736641 64.640666 65.359340 64.411087 65.299446 7.121852e+05
736642 65.189649 65.848436 64.780409 65.588913 4.291078e+05
736643 64.201475 67.136059 64.191491 66.626997 1.050660e+06
736644 67.156019 69.821097 66.946407 68.982649 1.356196e+06
736645 68.822939 69.771194 68.822939 69.182277 1.185711e+06
736648 69.252148 69.312043 68.263975 68.463603 1.243305e+06
736649 68.473586 68.812964 67.984492 68.643272 8.858646e+05
736650 68.663239 68.663239 67.395575 67.445486 5.743397e+05
736651 67.535324 68.483571 67.505373 68.154177 5.990940e+05
736652 67.914621 68.473586 66.956391 67.195947 6.360258e+05
736655 67.555284 68.194104 66.916464 67.804823 5.947021e+05
736656 67.804823 68.074322 67.415543 67.874694 5.444948e+05
736657 67.804823 68.184121 67.086149 67.575244 6.469057e+05
736659 67.864710 67.884677 67.056204 67.784863 2.204929e+05
736662 67.445486 67.675065 67.076165 67.275801 5.467905e+05
736663 67.425526 67.714985 67.046221 67.355655 4.023572e+05
736664 67.545300 67.804822 66.387441 66.786706 7.317491e+05
736665 66.846593 67.195948 65.129762 65.339374 1.388736e+06
736666 65.309429 65.558968 64.670609 64.750464 6.201551e+05
736669 65.069873 65.119777 64.341215 64.490941 7.877457e+05
736670 64.570795 64.990020 64.211459 64.880222 8.530252e+05
736671 65.009980 65.828469 64.710538 65.658784 1.091784e+06
736672 65.509058 65.938267 65.179672 65.259519 7.209690e+05
736673 65.349357 65.668767 65.049907 65.558969 4.105421e+05
736676 65.558969 65.668767 64.451015 65.000004 6.573864e+05
736677 65.139999 65.919998 65.029999 65.650002 7.761000e+05
736678 65.669998 66.180000 65.349998 65.440002 7.701000e+05
736679 65.470001 65.849998 64.779999 64.900002 7.742000e+05
736680 65.110001 65.430000 64.110001 64.220001 1.269000e+06
736683 64.480003 65.620003 64.300003 64.910004 5.123000e+05
736684 65.059998 65.360001 64.940002 65.330002 4.678000e+05
736685 65.410004 65.709999 64.959999 65.550003 5.592000e+05
736686 65.449997 65.790001 65.099998 65.250000 5.511000e+05
736687 65.349998 65.650002 65.220001 65.389999 2.661000e+05
736691 65.449997 65.650002 65.160004 65.540001 1.736000e+05
736692 65.559998 65.910004 64.760002 64.800003 3.578000e+05
736693 64.870003 65.160004 64.430000 64.769997 3.322000e+05
736694 65.040001 65.199997 63.709999 64.000000 5.018000e+05
736698 64.639999 65.110001 63.910000 64.699997 6.898000e+05
736699 64.680000 66.220001 64.680000 65.930000 9.588000e+05
736700 65.580002 66.360001 65.330002 66.290001 8.089000e+05
736701 66.389999 66.650002 65.800003 65.889999 1.238300e+06
736704 65.639999 65.889999 65.199997 65.419998 8.506000e+05
736705 65.110001 65.269997 63.810001 64.500000 1.806100e+06
736706 64.760002 65.730003 64.389999 65.699997 8.923000e+05
736707 65.330002 66.209999 65.129997 66.120003 7.377000e+05
736708 66.209999 66.760002 65.480003 65.500000 5.090000e+05
736712 65.129997 66.099998 64.930000 65.870003 6.534000e+05
736713 65.940002 66.639999 65.820000 66.480003 6.015000e+05
736714 66.639999 67.320000 66.449997 66.580002 7.200000e+05
736715 66.540001 66.540001 64.620003 65.160004 1.005700e+06
736718 64.830002 65.779999 64.750000 65.070000 8.295000e+05
736719 65.309998 66.870003 65.309998 66.419998 7.584000e+05
736720 67.000000 68.540001 66.059998 66.599998 8.360000e+05
736721 66.599998 66.949997 65.650002 65.949997 8.084000e+05
736722 66.160004 66.610001 65.970001 66.519997 4.507000e+05
736725 66.019997 66.059998 64.820000 65.839996 7.081000e+05
736726 65.680000 65.739998 64.739998 65.669998 5.944000e+05
736727 65.940002 67.099998 65.370003 65.940002 6.854000e+05
736728 65.589996 65.750000 65.059998 65.620003 9.921000e+05
736729 66.620003 67.389999 66.199997 67.330002 9.504000e+05
736732 67.120003 67.339996 66.550003 67.339996 6.238000e+05
736733 67.389999 67.750000 66.809998 67.019997 8.724000e+05
736734 67.019997 67.800003 66.720001 67.599998 9.138000e+05
736735 67.690002 72.000000 67.019997 71.730003 2.487100e+06
736736 71.800003 72.360001 71.500000 71.919998 1.099200e+06
736739 72.199997 72.480003 71.190002 71.449997 5.621000e+05
736740 71.349998 71.540001 70.849998 71.080002 6.955000e+05
736741 70.839996 71.989998 70.839996 71.830002 1.138200e+06
736742 71.900002 73.110001 71.900002 72.930000 1.067300e+06
736743 72.839996 73.680000 72.480003 73.269997 8.650000e+05
736747 73.199997 74.669998 73.180000 74.510002 1.095900e+06
736748 74.320000 75.000000 73.910004 74.059998 6.312000e+05
736749 74.440002 74.500000 73.570000 73.949997 5.417000e+05
736750 73.550003 73.970001 73.269997 73.949997 5.039000e+05
736753 73.910004 74.209999 73.529999 73.599998 5.682000e+05
736754 73.760002 73.930000 72.550003 72.589996 7.692000e+05
736755 73.669998 74.309998 73.269997 73.690002 5.678000e+05
736756 73.849998 74.290001 73.190002 73.959999 5.572000e+05
736757 74.050003 74.370003 73.349998 73.820000 9.620000e+05
736760 73.000000 73.629997 72.800003 73.209999 1.106600e+06
736761 73.230003 73.400002 72.620003 72.860001 6.470000e+05
736762 73.040001 73.480003 72.449997 73.110001 1.073900e+06
736763 73.309998 73.970001 73.120003 73.459999 6.763000e+05
736764 73.919998 74.580002 73.870003 74.470001 6.923000e+05
