736034 146.970359 147.113409 145.349225 145.616235 2.371723e+06
736035 147.103865 147.590215 145.854638 147.094334 1.801751e+06
736036 146.169331 147.571139 145.501807 147.103865 2.610889e+06
736039 150.412892 155.629140 149.468827 155.467028 4.960297e+06
736040 154.723213 156.163159 154.236877 155.505180 2.499221e+06
736041 155.409814 159.825033 154.322700 158.814194 3.518916e+06
736042 159.891777 161.369875 159.224253 161.264978 3.582331e+06
736043 162.495129 164.364211 160.692807 162.209057 8.621206e+06
736046 161.064714 161.360346 158.013165 158.814194 3.699911e+06
736047 158.356464 160.444872 157.727078 158.308781 2.437046e+06
736048 158.299250 159.052595 153.121155 153.168824 3.824071e+06
736049 151.471399 155.142803 150.060061 153.102079 3.000534e+06
736050 153.779135 155.867543 153.531201 155.047437 2.325759e+06
736053 156.878366 158.127607 155.486103 156.687647 2.277316e+06
736054 155.743582 156.477852 152.310581 152.434555 2.966681e+06
736055 151.976812 151.995888 147.466241 149.812128 4.896787e+06
736056 149.831190 150.842014 147.838149 148.648723 2.875325e+06
736060 147.618822 149.974240 147.428103 148.076551 3.037915e+06
736061 148.400775 152.072179 148.076551 149.983771 2.806093e+06
736062 150.365209 153.521669 150.346147 152.892284 2.890582e+06
736063 153.750528 154.294092 151.690741 153.998475 2.727897e+06
736064 154.093827 156.096413 152.873208 155.800797 2.295530e+06
736067 155.266778 157.078631 154.809035 154.952085 1.685696e+06
736068 154.961616 155.886618 153.111610 155.028375 2.002009e+06
736069 155.552849 158.213429 155.304916 157.793838 3.489545e+06
736070 158.680689 159.863170 157.412401 159.128887 2.942459e+06
736071 157.345640 157.822445 154.217801 155.991516 4.052556e+06
736074 157.002340 158.346934 155.495635 158.270643 2.632822e+06
736075 159.338681 161.045651 159.319619 160.645137 3.618759e+06
736076 165.012658 165.546692 159.262392 161.255447 5.103911e+06
736077 160.149256 161.684569 158.852346 161.322192 3.497937e+06
736078 160.349506 161.398483 158.356465 160.120649 2.430084e+06
736081 160.673744 160.893070 154.055689 154.847187 4.182724e+06
736082 154.627847 157.631727 153.178370 154.952085 4.065048e+06
736083 153.798211 155.877088 152.129393 153.512125 3.129557e+06
736084 152.425010 154.208271 149.211349 150.584550 4.238129e+06
736085 152.100785 154.189193 151.290211 152.920891 3.108578e+06
736088 154.008006 156.353893 153.960323 154.589709 3.334011e+06
736089 153.826819 154.665999 151.852853 152.043572 2.942840e+06
736090 152.577591 152.949498 149.382992 151.576298 3.588148e+06
736091 151.852852 152.405947 149.907480 150.575004 4.171090e+06
736092 152.367796 155.304917 151.747956 154.809035 4.447828e+06
736095 154.780428 155.428889 153.531201 153.578884 2.597443e+06
736096 152.371405 152.620561 149.218570 151.643094 4.177947e+06
736097 153.080560 154.518026 151.077680 151.786835 2.613313e+06
736098 153.233879 155.399671 151.595175 155.227167 2.604209e+06
736099 156.463396 156.808388 154.939671 155.591330 2.285188e+06
736102 154.958842 157.067122 154.546775 156.626307 2.064105e+06
736103 157.028796 157.277951 155.687167 156.741300 1.673786e+06
736104 157.134210 158.686668 155.629655 157.143788 1.942783e+06
736105 156.702973 157.862522 156.032159 157.009625 2.066693e+06
736106 156.760470 157.709202 156.233396 156.760470 1.567796e+06
736110 153.952612 155.687166 151.413094 152.380983 3.908279e+06
736111 153.291391 154.288027 152.639732 153.751375 3.197212e+06
736112 152.946397 152.946397 149.333562 150.790198 4.029984e+06
736113 150.253531 151.384345 149.093983 149.745628 4.230271e+06
736116 151.020183 151.413094 149.017318 150.483532 2.730994e+06
736117 150.339792 151.384346 148.346503 149.918132 2.393094e+06
736118 150.886021 151.278932 149.879792 150.579369 2.070430e+06
736119 150.071466 151.863502 149.783970 151.499339 3.754374e+06
736120 151.892249 152.754723 149.525221 150.694361 3.288060e+06
736123 150.742280 151.863501 149.141903 149.946880 1.994915e+06
736124 150.023547 150.560199 147.493607 148.346503 2.650687e+06
736125 147.004859 149.381480 144.561178 149.065236 5.723798e+06
736126 151.326850 152.342656 149.918131 151.374768 3.481926e+06
736127 150.675191 151.163938 148.547740 149.611465 2.298125e+06
736130 148.298585 149.851043 147.167785 149.592310 2.477425e+06
736131 149.314391 150.272702 148.624406 149.716880 1.651457e+06
736132 150.320621 150.435613 148.423169 149.161058 2.883174e+06
736133 149.812717 154.067619 149.793547 153.444708 3.310484e+06
736134 153.454302 155.466745 153.109309 154.019701 4.965966e+06
736137 154.882175 156.453804 154.719264 155.457167 1.846281e+06
736138 156.635885 156.683803 154.326352 154.949263 2.349586e+06
736139 154.795931 155.093004 152.639731 153.224301 2.417435e+06
736140 154.115537 154.134692 151.432264 152.141405 2.310870e+06
736141 152.764317 153.128464 150.675192 151.432265 3.390408e+06
736144 150.100214 151.374769 145.116987 145.279912 4.585325e+06
736145 146.851540 147.790681 145.193653 147.119866 3.730991e+06
736146 148.480666 149.256895 147.033608 148.528584 2.203252e+06
736147 148.681902 149.084405 146.631118 146.870696 2.031427e+06
736151 145.797393 149.563562 145.557815 148.059007 2.657875e+06
736152 148.777740 149.208977 145.835720 148.911903 2.159266e+06
736153 147.685266 148.394421 145.596141 145.960304 2.293717e+06
736154 146.084888 147.484014 144.743244 145.001993 3.908854e+06
736155 147.570273 148.087755 146.132807 147.675688 3.810818e+06
736158 148.806488 150.033124 148.461495 149.266473 1.728218e+06
736159 149.822295 153.626790 149.266473 152.678071 3.473685e+06
736160 153.770546 155.773411 152.927227 153.760953 2.509432e+06
736161 154.987590 156.923381 154.355115 156.242974 2.383798e+06
736162 156.252567 156.683804 153.904708 156.463396 3.113072e+06
736165 156.741301 158.504588 156.099233 157.488781 2.580156e+06
736166 157.852943 158.427935 155.600907 156.875462 2.577856e+06
736167 154.738433 157.814603 154.738433 157.402536 2.019065e+06
736168 158.121270 158.236262 156.003396 157.258796 1.644749e+06
736169 155.351753 156.904211 150.656036 151.978494 4.226821e+06
736172 152.725976 159.022084 152.524739 158.638751 5.517187e+06
736173 159.194573 167.512718 159.194573 165.538600 8.197007e+06
736174 165.711089 166.439400 162.069505 164.321541 4.899172e+06
736175 162.999067 165.289430 161.197453 164.532370 3.875504e+06
736176 170.100154 174.230471 168.662688 169.228087 6.985510e+06
736179 169.429339 169.668916 166.765236 168.269776 2.800759e+06
736180 168.461435 168.873516 166.381903 167.512717 2.371052e+06
736181 168.212280 170.119323 168.068540 169.084346 2.057206e+06
736182 169.563501 169.582672 161.235779 162.587001 3.618006e+06
736183 162.596578 165.279851 159.462898 165.126518 3.982739e+06
736186 165.691918 167.407302 163.344060 163.487815 2.615805e+06
736187 162.596578 162.654075 159.932475 161.532853 2.802963e+06
736188 160.699127 164.053215 157.757107 163.506971 4.299365e+06
736189 164.152029 164.623790 161.773989 162.303515 1.826372e+06
736190 161.831753 163.314425 160.455001 161.475533 2.603807e+06
736193 160.830480 163.564739 159.819570 163.468456 1.914754e+06
736194 163.680267 163.901713 160.878621 161.475533 2.188758e+06
736195 160.609047 161.475533 158.327276 160.368355 2.948286e+06
736196 158.211749 159.338186 155.034610 155.150137 3.361795e+06
736197 153.051309 157.817010 149.412045 149.412045 5.977252e+06
736200 139.919148 148.670709 134.787590 142.143140 8.373679e+06
736201 146.822196 148.150821 139.485905 139.784360 6.451608e+06
736202 145.599476 148.372254 141.652133 148.247089 5.055786e+06
736203 149.113589 151.250936 145.724640 149.922311 4.727675e+06
736204 150.557742 152.117422 147.987152 150.085980 4.476200e+06
736207 149.546832 150.528860 145.666876 146.129001 4.192375e+06
736208 143.673939 145.368420 141.478827 141.969849 5.317370e+06
736209 143.519907 146.677787 141.767662 146.620008 4.177549e+06
736210 146.995486 148.381875 143.385105 143.673938 2.761605e+06
736211 141.998730 143.414002 140.323508 141.546228 3.237598e+06
736215 145.955709 148.901779 145.378042 148.805496 4.340545e+06
736216 150.374813 150.923584 145.012186 145.455066 2.876367e+06
736217 145.223997 148.574442 144.954423 147.438367 3.348413e+06
736218 146.388953 147.736823 145.310642 147.505768 2.332499e+06
736221 148.160443 148.160443 144.463416 145.378043 2.788370e+06
736222 146.360071 147.101392 144.646344 146.475598 2.464880e+06
736223 146.311929 147.188052 142.942239 145.551334 3.855118e+06
736224 146.051978 150.519223 145.378043 148.179703 3.388464e+06
736225 145.493570 147.659799 143.481388 144.983304 6.245768e+06
736228 146.311929 147.111029 140.872293 141.613614 4.527515e+06
736229 139.601431 141.315158 137.502602 140.496799 4.349788e+06
736230 140.641224 141.565473 138.667545 140.294626 2.681695e+06
736231 139.331857 140.207980 136.096955 138.166901 3.388175e+06
736232 140.621964 141.286276 131.668214 133.372318 5.048469e+06
736235 132.852430 133.044981 125.246550 127.316511 7.234916e+06
736236 127.085442 132.862053 126.536657 128.837687 6.018747e+06
736237 131.571946 134.065513 130.801729 133.170145 5.978311e+06
736238 133.391578 135.403760 131.514182 135.009022 4.501809e+06
736239 133.112368 137.233015 130.589918 137.165629 4.624658e+06
736242 138.638664 139.514787 136.924937 138.446113 4.204506e+06
736243 136.828654 138.032114 132.919817 135.962168 4.582489e+06
736244 137.338920 142.788194 135.018659 142.537879 7.704459e+06
736245 142.181645 145.368420 139.630314 144.318992 6.391339e+06
736246 143.693199 145.137351 142.499361 144.020536 2.966193e+06
736249 147.091770 149.344644 145.984592 147.332462 5.269232e+06
736250 145.897931 147.284320 141.950588 142.085376 3.989616e+06
736251 142.855594 145.310642 141.652133 142.306809 3.078356e+06
736252 141.960212 147.091770 141.498087 146.860700 3.147868e+06
736253 147.486508 148.381876 144.973682 146.928101 4.614646e+06
736256 146.928102 150.326672 146.783692 148.718851 3.149890e+06
736257 148.449276 149.229117 143.905008 144.848517 3.226430e+06
736258 146.697031 147.062888 141.815803 144.501920 3.689907e+06
736259 146.437093 147.245815 143.038522 146.639267 3.927903e+06
736260 147.890869 150.384436 146.206025 149.951193 3.521133e+06
736263 150.191885 153.956314 148.892142 152.675830 4.184770e+06
736264 152.675830 156.084024 151.953754 155.949237 3.732846e+06
736265 156.661690 156.806100 152.820239 156.613549 4.697251e+06
736266 158.847179 158.856802 153.022427 154.601367 4.688875e+06
736267 155.063492 155.968496 152.242587 152.290714 4.418819e+06
736270 153.089813 156.690572 152.473641 156.266952 3.102521e+06
736271 154.976845 157.075674 154.524343 156.411376 2.321716e+06
736272 156.786855 157.884411 154.784295 155.852969 2.945590e+06
736273 156.161047 156.430621 152.906899 155.217538 2.120401e+06
736274 154.880563 154.880563 151.000606 154.485839 3.219498e+06
736277 153.802267 154.630249 152.425515 153.686740 2.620848e+06
736278 154.283652 155.169397 152.165564 152.473642 2.764397e+06
736279 153.330506 153.628975 150.923584 151.019867 1.848901e+06
736280 150.894078 152.597122 145.939756 146.094568 4.612942e+06
736281 145.804273 148.552386 143.210999 146.646131 3.730259e+06
736284 147.100924 149.771611 146.210695 149.500672 2.364143e+06
736285 149.897409 153.980859 148.726556 152.500368 3.526377e+06
736286 152.993860 155.906456 151.290815 155.712931 2.879509e+06
736287 154.716261 156.293522 153.690563 154.329210 1.974957e+06
736288 155.538762 156.119338 154.387266 154.735618 2.639727e+06
736291 154.464680 157.851427 154.464680 157.212779 4.033518e+06
736292 155.800016 158.054623 155.790344 157.512746 3.567696e+06
736293 157.774013 159.264175 157.445019 158.644885 2.065141e+06
736295 159.428673 159.660912 157.861097 158.228806 1.018346e+06
736298 158.199777 158.693270 155.171054 155.887114 2.886089e+06
736299 157.445018 158.141707 155.325880 156.738629 2.350402e+06
736300 156.390277 157.135365 154.919472 155.325880 2.778680e+06
736301 155.083969 155.325880 148.736241 149.645812 4.324005e+06
736302 149.945794 156.709601 149.936107 156.206423 3.794027e+06
736305 157.638544 157.696600 152.442296 153.177714 3.451288e+06
736306 151.542397 155.471021 150.990834 154.193741 2.176420e+06
736307 153.226099 154.638848 151.068247 152.780977 2.898668e+06
736308 153.826033 155.645204 151.919777 154.503379 2.717332e+06
736309 152.713249 153.642178 149.781281 150.129633 2.908441e+06
736312 150.932778 153.216413 148.465288 152.993860 2.690625e+06
736313 156.419305 159.128706 156.332222 157.357919 5.191979e+06
736314 158.993237 159.883465 156.854756 159.254504 3.796640e+06
736315 159.254504 159.651240 154.638848 156.206423 3.579694e+06
736316 155.306523 156.583817 153.487352 153.661535 6.025506e+06
736319 154.706590 155.190411 152.287485 154.125999 3.695328e+06
736320 155.306524 158.083651 154.861402 157.048282 3.024365e+06
736321 157.754657 158.209450 156.419306 157.454690 2.130844e+06
736322 158.402974 159.041622 156.970868 158.257834 9.124863e+05
736326 157.638544 157.851426 155.403293 156.496719 1.464042e+06
736327 157.648215 159.622214 156.806372 159.119035 2.100847e+06
736328 159.302890 159.419002 157.638545 158.006238 1.444689e+06
736329 156.903127 158.799712 156.806371 157.077310 1.695018e+06
736333 153.855061 154.067943 151.039219 153.216413 4.918717e+06
736334 153.855061 155.025914 152.161687 153.051916 2.592216e+06
736335 149.994165 152.819677 149.887723 151.648838 3.703069e+06
736336 148.107265 151.387570 147.942767 148.029852 4.027809e+06
736337 148.165321 149.849024 145.591406 145.833316 4.044356e+06
736340 146.433249 146.684831 139.504930 142.911033 4.593783e+06
736341 143.627079 146.346164 142.165945 145.910714 4.267881e+06
736342 146.249394 147.884712 140.579013 140.753196 3.853247e+06
736343 141.295072 150.274788 139.891994 148.204035 5.466209e+06
736344 142.911033 147.371863 142.911033 146.404221 5.975963e+06
736348 148.484645 149.616784 143.433554 146.404221 4.240400e+06
736349 144.178642 151.764951 143.259385 150.003850 7.101137e+06
736350 149.742582 150.003850 145.378522 147.836327 4.522758e+06
736351 151.387571 151.881078 149.249090 151.029548 4.429187e+06
736354 151.126303 152.887418 148.049209 148.465288 4.610910e+06
736355 147.836327 150.207047 146.201009 148.803969 3.527539e+06
736356 149.878051 149.878051 144.052843 145.601076 3.630883e+06
736357 146.210695 146.800958 140.714482 143.549680 4.109091e+06
736358 144.565693 148.049209 140.549985 147.787942 6.942250e+06
736361 146.413893 148.745913 144.507636 147.807299 4.453282e+06
736362 145.610748 146.588075 143.675464 145.252725 3.755805e+06
736363 145.630105 146.288095 142.311100 145.813959 4.383998e+06
736364 145.630104 147.042868 143.985116 145.059199 3.565954e+06
736365 144.110900 144.556021 139.040465 140.346773 6.243129e+06
736368 138.856611 139.891995 135.624691 138.372790 4.477569e+06
736369 136.456863 140.917693 136.263338 138.527617 4.074837e+06
736370 140.511285 142.369156 139.301733 140.124220 4.135218e+06
736371 137.152384 139.812425 136.450835 137.834455 4.262286e+06
736372 139.461652 141.254490 137.522649 141.010897 3.135524e+06
736376 143.125279 144.265291 141.946284 143.378610 3.284895e+06
736377 144.499145 147.636619 143.622203 147.198155 3.713423e+06
736378 146.925318 148.455088 145.259154 145.473516 2.817977e+06
736379 145.161711 147.870460 144.460163 146.272492 2.725119e+06
736382 144.908378 145.931470 143.174000 144.752476 4.485320e+06
736383 144.352980 145.882748 143.096049 143.485791 3.230233e+06
736384 141.770905 143.495544 140.221659 143.339642 3.231110e+06
736385 143.583235 144.586835 141.537051 142.988868 3.358460e+06
736386 144.703755 145.668387 143.183739 143.817089 3.324065e+06
736389 143.193493 143.885287 138.574971 138.633431 5.060685e+06
736390 140.601664 144.645295 138.633431 144.586835 4.362939e+06
736391 144.206831 144.820689 142.462715 143.709907 3.595330e+06
736392 143.446823 143.515021 141.595525 142.102187 2.912296e+06
736393 143.261690 143.524774 140.835502 142.238598 3.382430e+06
736396 141.264228 144.080158 141.049865 143.534513 3.194766e+06
736397 143.125278 143.232460 140.621154 140.923207 2.985569e+06
736398 140.309349 140.387301 136.324178 137.288795 5.919690e+06
736399 138.419069 139.802673 135.456988 137.415468 4.455699e+06
736400 139.286257 141.273981 138.526249 140.864747 4.737097e+06
736403 140.172938 141.585773 139.520111 140.913454 2.936558e+06
736404 141.127816 141.576033 139.140107 139.539603 2.956435e+06
736405 139.334978 143.232460 138.292395 140.289857 5.948239e+06
736406 140.036526 142.063219 138.204705 140.436022 4.774123e+06
736407 141.254489 142.647832 138.857532 141.780643 6.628253e+06
736410 141.576033 144.158109 141.303211 143.242199 3.095380e+06
736411 143.281182 147.120204 143.066820 146.759677 4.105900e+06
736412 146.457624 148.016623 144.343241 144.947347 3.027954e+06
736413 144.947348 147.081222 143.817089 145.415056 2.948250e+06
736417 145.493007 146.506346 143.544266 144.567343 2.056896e+06
736418 144.655048 145.853519 143.037589 145.658648 2.665585e+06
736419 145.775568 147.013022 144.499145 145.648895 2.264924e+06
736420 145.502745 147.090974 145.307874 146.087359 2.727848e+06
736421 146.175063 150.481779 145.278644 150.208957 3.870394e+06
736424 150.053054 151.962827 149.760740 150.696142 2.254888e+06
736425 149.741249 151.183328 148.708418 149.029962 2.537845e+06
736426 150.286907 155.753126 149.585359 155.567994 3.962765e+06
736427 154.973628 155.879785 152.557193 153.346431 3.277685e+06
736428 154.184390 154.924906 151.436658 152.450012 2.457460e+06
736431 152.391538 153.706944 151.300248 152.381799 2.662760e+06
736432 152.138206 155.119778 152.108977 154.535164 2.692575e+06
736433 154.944398 156.766465 154.174637 155.957737 3.761655e+06
736434 155.714144 156.649546 155.285418 156.016196 2.345115e+06
736435 156.045427 156.279280 154.398753 156.025950 2.751915e+06
736438 155.402353 157.945461 155.314649 157.555704 2.024937e+06
736439 156.678776 158.335203 156.230559 157.945461 2.623980e+06
736440 158.841879 159.640855 157.653146 158.588534 2.313448e+06
736441 158.276742 160.322912 157.877248 160.137794 2.288212e+06
736442 160.303436 160.478816 158.023398 159.007521 2.686534e+06
736445 158.968537 159.553166 158.081871 159.270605 1.555388e+06
736446 159.202392 159.709070 157.867510 158.676239 2.101327e+06
736447 158.549565 158.724945 156.386462 156.873647 2.659544e+06
736448 156.113639 159.484953 155.275680 156.444922 3.268136e+06
736449 155.304910 157.770066 152.372061 154.242850 5.248544e+06
736452 154.554641 155.334140 153.180790 154.915168 2.371325e+06
736453 154.311048 154.398753 152.001794 152.342830 2.789525e+06
736454 151.300246 151.865383 149.595098 150.228433 2.970271e+06
736455 150.179726 152.206419 149.429457 150.296646 2.265801e+06
736456 149.556130 150.491518 147.480717 149.263816 2.926424e+06
736459 149.760740 152.079746 149.098175 151.426920 2.913465e+06
736460 151.953074 153.463351 150.978704 153.210020 2.518748e+06
736461 153.687451 154.194128 150.140743 150.228433 2.671529e+06
736462 150.715618 151.027424 148.075082 148.981240 2.905183e+06
736463 148.314320 151.119366 148.314320 149.422612 2.404100e+06
736466 149.422612 150.903592 148.785093 150.324932 2.368694e+06
736467 149.520681 149.971849 146.568523 147.225648 4.400292e+06
736468 147.029494 148.520276 146.342947 147.931814 3.172349e+06
736469 146.578326 147.343338 144.293095 145.813315 2.965502e+06
736470 146.058511 148.794910 145.793695 147.294295 3.016699e+06
736473 147.156985 147.853349 146.284087 146.431214 1.513744e+06
736474 147.814125 150.001271 147.500266 149.785497 2.531406e+06
736475 150.589734 152.845542 150.207228 152.580741 2.994435e+06
736476 151.943222 153.277090 151.580336 152.561121 1.773848e+06
736477 153.198626 153.865568 152.129574 153.728258 1.337791e+06
736481 154.395184 155.385772 153.845947 154.914999 3.142828e+06
736482 154.581537 155.787897 153.659596 155.013084 1.683420e+06
736483 155.189618 156.798105 154.915000 156.798105 2.340447e+06
736484 156.788303 156.915809 153.806722 156.131178 2.097507e+06
736487 156.513684 157.661201 155.836939 157.111963 1.861138e+06
736488 156.072333 156.572528 155.238660 155.836939 1.860255e+06
736489 155.434814 155.885981 154.512873 154.964041 2.428424e+06
736490 154.728647 155.925206 153.002471 153.767482 2.337407e+06
736491 152.276685 153.316329 150.687817 151.805912 2.575640e+06
736494 152.080532 153.120161 150.050313 150.138581 2.295331e+06
736495 149.805118 150.530890 148.726248 150.050314 2.074557e+06
736496 150.187622 151.119365 148.902796 148.981246 2.396744e+06
736497 148.765472 149.962031 147.804307 149.373569 2.277089e+06
736498 149.677611 149.824723 146.676411 146.745058 4.591545e+06
736501 148.873359 149.756074 147.480646 147.755265 3.188042e+06
736502 148.235855 148.559516 145.646584 146.548904 2.571815e+06
736503 146.215440 149.255865 146.136975 146.931409 4.384207e+06
736504 148.304518 149.471639 147.735660 149.344147 2.942748e+06
736505 144.371560 146.431214 143.224043 143.635971 4.824678e+06
736508 143.351549 144.244067 141.056515 141.801907 4.096445e+06
736509 143.086734 145.568119 142.802313 145.568119 4.264454e+06
736510 146.244863 147.853349 145.774090 147.215845 3.698639e+06
736511 147.931815 149.501062 146.951029 149.226443 3.413819e+06
736512 149.501062 151.972644 149.324527 151.315520 2.705103e+06
736516 151.325322 151.962841 150.432819 151.305717 2.303962e+06
736517 150.491663 153.806721 150.011073 153.051513 3.760330e+06
736518 152.865163 153.747863 152.266883 153.581131 2.390271e+06
736519 154.591338 158.014284 153.198625 158.004481 3.669607e+06
736522 158.259480 159.201040 156.925612 157.102146 2.417341e+06
736523 157.533693 159.161800 157.425807 158.847957 2.360946e+06
736524 159.514883 159.534504 157.229653 157.435624 2.640077e+06
736525 158.887182 159.858164 157.651398 159.612968 2.397823e+06
736526 160.309317 161.407806 158.455634 160.142585 3.118602e+06
736529 160.672217 160.848752 159.661995 159.799305 1.780713e+06
736530 160.064122 161.545117 158.828337 159.367772 2.206276e+06
736531 159.328532 160.505471 158.710647 160.113163 2.119869e+06
736532 160.250472 161.103751 159.583546 161.035103 1.933912e+06
736533 161.613763 163.133983 160.848752 162.486661 2.452355e+06
736536 162.516083 163.742064 160.917413 163.359559 2.652926e+06
736537 162.702435 164.820934 162.584745 164.448231 2.828192e+06
736538 164.232457 167.802514 164.222654 167.400389 4.119493e+06
736539 165.684015 168.498878 163.310517 167.988866 5.092726e+06
736540 168.273302 168.950032 167.253277 168.724455 3.061619e+06
736543 169.587551 171.617768 168.969651 170.813532 3.503266e+06
736544 171.686429 173.108565 169.842549 170.803714 6.462393e+06
736545 170.401603 171.039108 168.969651 170.097548 3.836635e+06
736546 169.970057 170.332942 168.734257 169.352157 2.081422e+06
736547 170.019098 171.166614 169.195227 170.323139 2.185483e+06
736550 169.979859 170.813533 168.528301 169.028496 2.654495e+06
736551 169.342354 169.970056 168.381174 168.773497 2.053960e+06
736552 168.587145 168.891187 167.429827 167.939824 2.429012e+06
736553 168.930426 169.460044 167.763289 169.116763 2.101626e+06
736554 167.949641 169.822929 167.400389 169.695437 1.827399e+06
736557 169.162721 172.358942 169.162721 172.220835 2.746675e+06
736558 172.181366 172.546377 169.744758 169.833539 2.587357e+06
736559 169.685557 172.141913 169.360014 171.954479 2.546023e+06
736560 172.072853 174.252995 171.224489 172.388536 3.376152e+06
736561 171.747325 172.595705 169.932179 171.273801 2.659963e+06
736564 171.392189 172.812718 170.879212 171.993947 2.568515e+06
736565 172.082726 173.611784 171.313269 172.043259 2.343596e+06
736566 171.648671 172.506909 167.978939 168.531369 3.013717e+06
736567 167.623803 169.143001 166.479476 167.929612 2.588344e+06
736568 168.491917 170.652324 167.475836 169.646104 2.885769e+06
736571 170.040692 170.168941 168.807584 169.192314 2.478252e+06
736572 168.847053 169.616510 167.821098 168.452449 1.778734e+06
736573 168.422855 169.073939 167.525163 167.761911 2.896719e+06
736574 168.245294 168.255154 166.341367 167.830972 1.850748e+06
736575 168.245296 168.738539 166.627459 167.475837 2.055641e+06
736579 167.554757 169.448809 167.100966 168.531369 1.893758e+06
736580 167.485696 169.123267 166.913532 168.324216 1.985798e+06
736581 167.771786 169.044348 167.436370 168.659618 2.575914e+06
736582 167.396916 167.465963 164.279615 164.299349 3.089084e+06
736585 163.835699 170.247862 163.687717 169.715150 4.391345e+06
736586 168.925973 169.182455 165.542317 167.012187 3.119863e+06
736587 167.357449 169.448810 167.209482 167.840832 2.761176e+06
736588 167.742177 171.046913 167.179887 170.307048 2.884388e+06
736589 170.257720 171.046912 168.738538 170.622731 3.973864e+06
736592 170.908806 171.155428 168.866772 169.064081 2.196708e+06
736593 170.602997 171.905152 170.129488 171.037054 2.572461e+06
736594 171.885433 171.895293 169.290969 171.500704 2.482395e+06
736595 172.240569 173.355289 171.402049 173.246774 2.306702e+06
736596 173.887999 174.460164 172.250429 172.437863 2.208448e+06
736599 171.865699 172.092587 170.494483 171.185021 1.774196e+06
736600 167.939486 169.655963 167.209481 169.310702 4.734051e+06
736601 169.892725 169.892725 166.765565 167.416650 3.256096e+06
736602 168.087453 168.087453 163.095834 163.214207 3.752595e+06
736603 164.131648 165.453536 163.036647 164.555830 3.945552e+06
736606 163.806105 165.315429 162.217861 165.078666 2.480619e+06
736607 165.078666 166.410429 164.881372 165.285835 2.759795e+06
736608 165.285836 166.114481 164.664344 164.980027 1.927003e+06
736609 164.082321 165.522582 163.549609 164.644610 1.878369e+06
736610 165.670564 165.877718 164.052727 165.236508 1.657100e+06
736613 165.927045 166.311774 165.404209 166.035560 1.606198e+06
736614 165.552191 165.552191 161.300422 162.099488 2.724577e+06
736615 162.099487 163.352314 161.399076 161.665431 2.220187e+06
736616 160.649351 162.859071 160.313935 162.069879 2.398050e+06
736617 162.819619 163.016913 159.652990 159.712177 2.779426e+06
736620 160.008126 161.241234 158.962452 160.422448 2.316665e+06
736621 161.527323 161.645698 160.550697 160.600024 1.974749e+06
736622 161.211641 161.399076 158.844079 158.903266 2.468880e+06
736623 158.824345 161.142594 158.824345 159.317588 2.883106e+06
736624 158.518536 159.041373 156.210161 156.367988 3.493149e+06
736627 157.206507 157.541908 156.101646 156.614609 2.880738e+06
736628 156.693529 157.117727 155.667590 155.766230 2.381675e+06
736629 156.535689 157.887186 155.894479 156.841512 2.680087e+06
736630 157.551785 159.416243 157.482723 158.400163 3.321402e+06
736631 149.640156 149.709203 140.712449 143.218119 1.806415e+07
736634 144.569616 144.697849 139.035425 139.252454 8.576219e+06
736635 139.262312 140.485562 137.427447 138.857850 5.513770e+06
736636 138.413934 138.709883 136.766503 136.825690 4.560034e+06
736637 137.812177 137.881238 133.175693 133.392721 5.712941e+06
736638 131.903131 135.750423 131.834069 133.570281 4.983237e+06
736641 135.987185 138.335013 135.306507 137.328808 5.076460e+06
736642 137.664210 138.108126 135.493943 136.579069 3.618926e+06
736643 144.766911 150.784485 140.820964 144.441368 1.163403e+07
736644 148.367581 150.172853 146.749744 149.521783 8.812680e+06
736645 148.022319 148.801637 144.816238 147.025958 5.089679e+06
736648 147.453025 148.128360 145.009869 145.417064 5.025340e+06
736649 145.863978 147.443099 144.016719 146.052680 4.484173e+06
736650 146.559196 147.482819 145.436931 146.221514 4.080060e+06
736651 146.718089 147.433158 145.506444 146.350628 3.930194e+06
736652 146.042753 147.333852 143.907471 144.235213 3.738814e+06
736655 144.990016 145.168776 144.116040 144.553028 2.840906e+06
736656 145.814333 145.943433 141.841732 143.341384 3.561636e+06
736657 141.960905 144.175626 141.861584 144.036586 3.194865e+06
736659 144.225286 144.999943 143.768431 144.433840 1.990273e+06
736662 144.255080 144.920489 143.510217 144.076320 2.395181e+06
736663 144.364328 145.784525 144.314667 144.999943 2.918968e+06
736664 144.701995 145.317758 143.083170 143.083170 4.267468e+06
736665 143.252004 143.252004 141.166382 141.414670 3.867327e+06
736666 141.315348 143.917412 140.530766 143.023568 3.493208e+06
736669 144.453708 145.367404 142.735562 144.294800 3.829091e+06
736670 144.801316 144.990016 143.291723 144.116040 2.382568e+06
736671 142.536934 142.894469 138.703374 140.222892 6.983138e+06
736672 139.865358 140.133513 137.879057 139.626996 4.357546e+06
736673 140.530767 143.589672 140.034192 142.467407 4.605536e+06
736676 141.941037 145.039661 141.811923 144.761581 3.287427e+06
736677 145.804393 148.942750 145.546178 147.353704 4.279187e+06
736678 147.145152 148.525630 146.410215 147.671520 3.174804e+06
736679 148.158154 149.439326 147.760900 149.359872 2.930290e+06
736680 149.886241 150.174263 147.790694 148.346855 6.313258e+06
736683 148.724257 149.320153 146.201662 146.728030 2.993156e+06
736684 145.814333 146.976317 145.466724 146.211587 2.597684e+06
736685 146.062621 146.618783 144.701995 145.168777 2.474732e+06
736686 145.307818 145.605766 144.125966 145.357478 1.808030e+06
736687 145.347552 146.718089 145.238304 146.539329 2.154838e+06
736691 146.757822 149.081791 146.757822 147.343778 1.927705e+06
736692 147.611933 148.128360 146.350628 146.658502 1.791643e+06
736693 146.360553 147.671519 146.360553 146.767749 1.644160e+06
736694 146.618782 147.731106 144.622540 145.208511 3.171228e+06
736698 146.847204 149.965695 146.112266 149.697540 3.615961e+06
736699 151.048225 152.667065 150.730425 151.822881 3.918872e+06
736700 151.673914 152.349249 150.472196 151.932128 3.418125e+06
736701 158.784874 159.897197 155.596854 155.706102 9.831493e+06
736704 155.934523 157.861237 155.557136 157.751989 4.197550e+06
736705 157.404394 158.040011 156.162956 157.672535 3.301629e+06
736706 158.069805 158.069805 153.441720 155.547194 4.788276e+06
736707 154.375283 155.080412 153.501307 154.295830 3.212643e+06
736708 154.216377 156.133165 153.829048 155.050619 2.619434e+06
736712 154.077336 155.050619 152.478364 153.739669 3.381577e+06
736713 154.623572 154.871860 153.451648 154.703026 2.415937e+06
736714 154.067410 154.623571 152.200282 152.746518 2.554283e+06
736715 153.650289 154.285904 152.766385 153.610554 3.046389e+06
736718 153.153714 153.491381 151.356099 151.673914 2.441362e+06
736719 151.773235 151.951995 149.349946 150.809878 3.006961e+06
736720 151.485213 153.759535 150.730424 153.044466 3.455666e+06
736721 153.938296 154.732819 151.852674 151.932128 3.343838e+06
736722 152.180415 156.421171 151.713634 156.083504 4.851738e+06
736725 156.023917 156.103356 152.716725 153.372193 3.732656e+06
736726 152.647197 155.884877 152.100961 155.606781 3.328345e+06
736727 157.503702 158.655760 155.974257 158.576306 3.897916e+06
736728 158.635893 158.844460 155.835217 158.486926 4.414950e+06
736729 164.962270 166.700283 163.730759 166.382468 7.316141e+06
736732 165.041709 165.746852 163.998913 165.438978 4.359135e+06
736733 165.856099 166.571168 164.465695 165.677339 3.559749e+06
736734 165.359524 167.196858 165.180764 166.968423 3.469471e+06
736735 164.614661 166.640681 164.366374 166.322881 4.252074e+06
736736 166.650622 167.157124 165.885893 166.740002 2.911122e+06
736739 167.720001 168.259995 166.679993 167.660004 3.602800e+06
736740 167.070007 168.070007 165.570007 168.050003 3.116100e+06
736741 167.320007 172.000000 167.000000 171.789993 3.965000e+06
736742 171.559998 172.169998 170.300003 172.110001 2.645700e+06
736743 171.350006 173.360001 168.889999 173.289993 4.060200e+06
736747 172.850006 173.500000 171.860001 173.139999 3.938500e+06
736748 172.330002 174.699997 171.889999 172.610001 2.575400e+06
736749 172.750000 174.009995 171.889999 174.009995 2.190800e+06
736750 173.289993 174.720001 172.479996 174.559998 2.666700e+06
736753 174.210007 176.270004 173.710007 176.130005 2.830800e+06
736754 175.460007 178.250000 175.419998 176.529999 3.356900e+06
736755 178.000000 179.679993 175.759995 178.240005 3.515300e+06
736756 177.720001 178.860001 176.820007 178.070007 3.491300e+06
736757 178.460007 180.529999 177.550003 180.199997 2.893800e+06
736760 179.550003 180.339996 178.160004 179.460007 3.247400e+06
736761 177.399994 178.589996 176.279999 177.380005 3.227600e+06
736762 177.250000 178.759995 177.139999 177.779999 2.320800e+06
736763 178.050003 179.119995 177.070007 178.919998 2.492700e+06
736764 179.470001 181.929993 179.110001 181.440002 4.589000e+06
