736034 4.038724 4.038724 3.991762 4.015243 9.806429e+05
736035 4.030897 4.054378 4.007416 4.046551 5.920331e+05
736036 4.054378 4.062205 4.023070 4.062205 5.623688e+05
736039 4.070032 4.077859 4.023070 4.030897 9.725811e+05
736040 4.023070 4.062205 4.023070 4.062205 7.147602e+05
736041 4.062205 4.171783 4.054378 4.163956 7.211784e+05
736042 4.148302 4.163956 4.116994 4.132648 6.745296e+05
736043 4.156129 4.195264 4.140475 4.195264 1.633022e+06
736046 4.195264 4.210918 4.171783 4.187437 7.301794e+05
736047 4.195264 4.203091 4.171783 4.195264 8.005440e+05
736048 4.187437 4.195264 4.116994 4.124821 1.099535e+06
736049 4.124821 4.148302 4.085686 4.093513 1.064940e+06
736050 4.093513 4.109629 4.069339 4.077397 1.353357e+06
736053 4.085455 4.125745 4.077397 4.117687 5.242597e+05
736054 4.117687 4.149920 4.093513 4.101571 8.361886e+05
736055 4.093513 4.141861 4.093513 4.125745 4.737354e+05
736056 4.133803 4.149919 4.125745 4.125745 3.156356e+05
736060 4.133804 4.157978 4.133804 4.157978 6.464205e+05
736061 4.157978 4.182152 4.149920 4.174094 3.371508e+05
736062 4.182152 4.206326 4.157978 4.182152 5.938011e+05
736063 4.190210 4.198268 4.166036 4.174094 3.174084e+05
736064 4.190210 4.222442 4.190210 4.206326 4.830828e+05
736067 4.214384 4.230500 4.190210 4.190210 2.080600e+05
736068 4.190210 4.214384 4.190210 4.206326 2.992777e+05
736069 4.206326 4.230500 4.206326 4.206326 4.220025e+05
736070 4.198268 4.230500 4.198268 4.222442 2.304615e+05
736071 4.214385 4.246617 4.214385 4.246617 3.597134e+05
736074 4.246617 4.262733 4.238559 4.254675 3.589882e+05
736075 4.270790 4.270790 4.230500 4.230500 2.935564e+05
736076 4.230500 4.238558 4.198268 4.206326 2.656754e+05
736077 4.198268 4.214384 4.198268 4.206326 2.868682e+05
736078 4.214384 4.238558 4.214384 4.222442 3.271587e+05
736081 4.222442 4.238558 4.206326 4.222442 4.032271e+05
736082 4.214384 4.222442 4.182152 4.190210 5.417458e+05
736083 4.198269 4.198269 4.133804 4.149920 5.266772e+05
736084 4.157978 4.174094 4.085455 4.093513 1.856666e+06
736085 4.093512 4.149919 4.093512 4.141861 6.996844e+05
736088 4.157977 4.206326 4.149919 4.206326 4.834857e+05
736089 4.198268 4.206326 4.166036 4.174094 7.082261e+05
736090 4.190210 4.190210 4.061281 4.101571 1.033773e+06
736091 4.093513 4.125745 4.077397 4.117687 7.990408e+05
736092 4.133803 4.149919 4.117687 4.141861 5.232121e+05
736095 4.133803 4.149919 4.117687 4.133803 4.022601e+05
736096 4.117687 4.174094 4.117687 4.174094 3.453700e+05
736097 4.182152 4.190210 4.141862 4.149920 4.535903e+05
736098 4.157978 4.206326 4.149920 4.190210 3.850158e+05
736099 4.182152 4.206326 4.166036 4.198268 3.700278e+05
736102 4.198268 4.214384 4.174094 4.206326 3.053212e+05
736103 4.198268 4.214384 4.182152 4.190210 3.757490e+05
736104 4.198268 4.214384 4.190210 4.206326 3.099144e+05
736105 4.198268 4.214384 4.182152 4.182152 3.389235e+05
736106 4.174094 4.198268 4.174094 4.182152 3.084639e+05
736110 4.166036 4.190210 4.157978 4.174094 2.945234e+05
736111 4.157978 4.206326 4.157978 4.198268 3.725258e+05
736112 4.190210 4.206326 4.182152 4.206326 2.122502e+05
736113 4.198268 4.222442 4.182152 4.190210 3.532669e+05
736116 4.190210 4.206326 4.190210 4.198268 2.696239e+05
736117 4.182152 4.214384 4.182152 4.190210 2.921060e+05
736118 4.190210 4.190210 4.149920 4.149920 4.618901e+05
736119 4.141862 4.182152 4.141862 4.182152 3.564902e+05
736120 4.166036 4.174094 4.093513 4.109629 5.624551e+05
736123 4.109629 4.117687 4.093513 4.101571 4.796985e+05
736124 4.093513 4.109629 4.085455 4.101571 5.444050e+05
736125 4.093513 4.141861 4.085455 4.109629 5.830033e+05
736126 4.109629 4.166036 4.109629 4.157978 4.535903e+05
736127 4.157977 4.157977 4.093513 4.117687 5.612464e+05
736130 4.109629 4.133803 4.101571 4.133803 7.173317e+05
736131 4.125746 4.166036 4.117688 4.157978 3.756685e+05
736132 4.157978 4.166036 4.125746 4.149920 3.361032e+05
736133 4.166036 4.198268 4.157978 4.174094 5.030670e+05
736134 4.190210 4.294965 4.166035 4.294965 1.825400e+06
736137 4.303023 4.303023 4.262733 4.278849 4.639852e+05
736138 4.286907 4.286907 4.246617 4.262733 4.508505e+05
736139 4.262733 4.270791 4.214384 4.214384 5.743005e+05
736140 4.222442 4.222442 4.166036 4.182152 5.874352e+05
736141 4.182152 4.198748 4.107470 4.148960 1.603905e+06
736144 4.140662 4.148960 4.082577 4.082577 1.078149e+06
736145 4.090875 4.140663 4.090875 4.090875 9.199075e+05
736146 4.090875 4.157259 4.057684 4.115769 8.535242e+05
736147 4.140662 4.173854 4.124066 4.165556 4.327365e+05
736151 4.165556 4.265131 4.157258 4.256833 6.701400e+05
736152 4.265131 4.348111 4.265131 4.314919 8.937691e+05
736153 4.298323 4.323217 4.290025 4.314919 3.563957e+05
736154 4.314918 4.314918 4.248535 4.256833 5.012774e+05
736155 4.265131 4.281727 4.231939 4.256833 3.350700e+05
736158 4.256833 4.281727 4.231939 4.265131 3.783852e+05
736159 4.273429 4.273429 4.231939 4.248535 3.043677e+05
736160 4.240237 4.265131 4.223641 4.265131 2.289396e+05
736161 4.256834 4.273430 4.215344 4.223642 4.820263e+05
736162 4.215344 4.240238 4.207046 4.231940 3.417914e+05
736165 4.231940 4.256834 4.207046 4.240238 2.429631e+05
736166 4.231940 4.256834 4.223642 4.231940 1.777415e+05
736167 4.223642 4.240238 4.207046 4.215344 2.254545e+05
736168 4.223641 4.223641 4.140662 4.165556 3.086826e+05
736169 4.157258 4.157258 4.115768 4.124066 6.289823e+05
736172 4.107471 4.148961 4.107471 4.115769 3.287636e+05
736173 4.115769 4.157259 4.082577 4.132365 2.794740e+05
736174 4.165556 4.165556 4.090874 4.140662 3.159018e+05
736175 4.132364 4.148960 4.107470 4.124066 5.879076e+05
736176 4.124066 4.182152 4.124066 4.148960 5.192009e+05
736179 4.157259 4.182153 4.132365 4.132365 3.432850e+05
736180 4.173855 4.273430 4.173855 4.240238 4.076769e+05
736181 4.265131 4.314919 4.231940 4.290025 4.494984e+05
736182 4.281727 4.314919 4.273429 4.273429 3.318338e+05
736183 4.265132 4.281728 4.215344 4.240238 2.661973e+05
736186 4.256834 4.265131 4.198748 4.207046 3.744852e+05
736187 4.190450 4.273429 4.190450 4.248535 2.316779e+05
736188 4.248535 4.314919 4.240238 4.298323 5.162137e+05
736189 4.306621 4.331515 4.290025 4.314919 3.207976e+05
736190 4.314918 4.348110 4.306620 4.348110 2.071161e+05
736193 4.348110 4.389600 4.339812 4.356408 3.955618e+05
736194 4.356408 4.364706 4.339812 4.356408 5.001986e+05
736195 4.331515 4.373005 4.331515 4.339813 2.329227e+05
736196 4.339812 4.373004 4.323216 4.348110 3.378913e+05
736197 4.298323 4.356408 4.265131 4.290025 4.694964e+05
736200 4.207046 4.207046 4.107471 4.173854 9.963313e+05
736201 4.273430 4.290026 4.132365 4.157259 1.002555e+06
736202 4.190451 4.223642 4.124067 4.157259 9.819761e+05
736203 4.165556 4.248536 4.165556 4.215344 4.840177e+05
736204 4.215344 4.248536 4.182152 4.207046 3.731575e+05
736207 4.198748 4.215344 4.165556 4.173854 4.535643e+05
736208 4.140663 4.182153 4.140663 4.157259 3.325807e+05
736209 4.182152 4.231940 4.165557 4.223642 4.436069e+05
736210 4.207046 4.248536 4.198748 4.207046 6.786870e+05
736211 4.173854 4.215344 4.148960 4.165556 2.665292e+05
736215 4.190450 4.190450 4.157258 4.190450 2.495185e+05
736216 4.198747 4.207045 4.124066 4.124066 4.572154e+05
736217 4.132365 4.173855 4.132365 4.157259 3.181423e+05
736218 4.140663 4.215344 4.140663 4.207046 2.115140e+05
736221 4.215344 4.231940 4.173854 4.190450 1.855415e+05
736222 4.198748 4.215344 4.157258 4.182152 4.385451e+05
736223 4.182152 4.198748 4.173854 4.190450 3.122508e+05
736224 4.198748 4.273430 4.157259 4.231940 5.284946e+05
736225 4.207046 4.256833 4.190450 4.190450 3.137859e+06
736228 4.207046 4.290025 4.198748 4.290025 6.060801e+05
736229 4.281727 4.306621 4.265131 4.298323 5.694863e+05
736230 4.314918 4.364706 4.298322 4.348110 5.770373e+05
736231 4.331515 4.364707 4.331515 4.339813 6.761976e+05
736232 4.356408 4.364706 4.256833 4.265131 7.366894e+05
736235 4.265131 4.316416 4.196752 4.256584 9.290123e+05
736236 4.273679 4.282226 4.230942 4.230942 7.141317e+05
736237 4.230942 4.256584 4.188206 4.222395 9.701252e+05
736238 4.230942 4.282227 4.222395 4.222395 9.155930e+05
736239 4.205300 4.248036 3.889047 4.119826 8.770186e+06
736242 4.136921 4.230942 4.119827 4.222395 2.496598e+06
736243 4.230942 4.265131 4.222394 4.239489 1.047735e+06
736244 4.248037 4.282226 4.239490 4.273679 6.786602e+05
736245 4.282225 4.299320 4.239489 4.248036 1.353816e+06
736246 4.256584 4.265131 4.230942 4.239489 6.989174e+05
736249 4.256584 4.299321 4.248037 4.256584 1.182441e+06
736250 4.265131 4.273678 4.205300 4.213847 1.002776e+06
736251 4.222395 4.239490 4.162563 4.179658 6.724206e+05
736252 4.188205 4.213847 4.154016 4.205300 7.080631e+05
736253 4.222394 4.230942 4.188205 4.213847 6.575482e+05
736256 4.205300 4.230942 4.179658 4.230942 6.592577e+05
736257 4.222395 4.230942 4.205300 4.222395 6.796005e+05
736258 4.239489 4.239489 4.196752 4.196752 4.484798e+05
736259 4.213848 4.230942 4.179658 4.222395 8.292647e+05
736260 4.230942 4.230942 4.188206 4.222395 5.554073e+05
736263 4.222395 4.222395 4.196753 4.205300 4.800196e+05
736264 4.196752 4.213847 4.128373 4.145468 7.049860e+05
736265 4.145469 4.188205 4.102732 4.179658 1.035598e+06
736266 4.188205 4.188205 4.119826 4.119826 4.041190e+05
736267 4.128373 4.128373 4.059994 4.077089 8.717449e+05
736270 4.059995 4.136921 4.051447 4.111279 8.036226e+05
736271 4.094184 4.111278 3.914689 4.051447 1.978969e+06
736272 4.034353 4.068542 3.974521 3.991616 1.489804e+06
736273 3.983069 4.008711 3.965974 3.965974 7.067810e+05
736274 3.974521 4.025805 3.931784 3.991616 1.045256e+06
736277 3.983069 4.017259 3.957427 3.957427 5.723311e+05
736278 3.948879 4.017258 3.940332 4.008711 4.176239e+05
736279 4.017258 4.068542 4.008711 4.059995 6.456674e+05
736280 4.034352 4.059994 4.008710 4.025805 6.576336e+05
736281 4.000163 4.059994 3.991616 4.025805 6.559242e+05
736284 4.017258 4.051447 3.983068 4.042900 7.093452e+05
736285 4.034353 4.059995 4.017258 4.017258 5.204486e+05
736286 4.008711 4.077089 4.008711 4.068542 6.419920e+05
736287 4.059995 4.102731 4.059995 4.094184 3.580488e+05
736288 4.102731 4.102731 4.068542 4.077089 3.895030e+05
736291 4.059994 4.094184 4.042900 4.077089 2.773617e+05
736292 4.051448 4.085637 4.034353 4.085637 4.129229e+05
736293 4.077090 4.094184 4.042900 4.085637 3.222354e+05
736295 4.077090 4.102732 4.068543 4.102732 1.585535e+05
736298 4.102732 4.119826 4.077090 4.111279 6.548131e+05
736299 4.111279 4.111279 4.017258 4.025805 1.225007e+06
736300 4.017258 4.034353 3.965974 3.965974 5.079695e+05
736301 3.957427 4.000163 3.957427 3.965974 4.195043e+05
736302 3.965974 4.000163 3.965974 3.974521 2.553096e+05
736305 3.974521 3.983068 3.914689 3.931784 3.559974e+05
736306 3.914689 3.931784 3.889047 3.906142 3.156539e+05
736307 3.889048 3.923237 3.863406 3.889048 4.925843e+05
736308 3.880501 3.914690 3.871953 3.889048 3.348855e+05
736309 3.846311 3.889048 3.829216 3.846311 7.995198e+05
736312 3.846310 3.854858 3.683911 3.718100 6.770361e+05
736313 3.709553 3.786479 3.701006 3.735195 6.424194e+05
736314 3.726648 3.880500 3.726648 3.871953 6.517360e+05
736315 3.880500 3.914689 3.854858 3.880500 3.683911e+05
736316 3.854858 3.914690 3.829216 3.846311 1.965636e+06
736319 3.863406 3.897595 3.829216 3.897595 4.222395e+05
736320 3.906143 3.974522 3.889048 3.957427 5.009607e+05
736321 3.948879 3.983068 3.931784 3.948879 3.419798e+05
736322 3.940332 3.957426 3.931784 3.948879 1.717164e+05
736326 3.931784 3.940332 3.889048 3.897595 4.016403e+05
736327 3.888757 3.924109 3.871081 3.915271 5.560038e+05
736328 3.888757 3.915271 3.871081 3.879919 5.009426e+05
736329 3.871080 3.888756 3.844566 3.844566 5.413326e+05
736333 3.826890 3.835728 3.773862 3.826890 6.806208e+05
736334 3.835728 3.950623 3.826890 3.924109 6.575534e+05
736335 3.879919 3.985976 3.879919 3.977138 5.281639e+05
736336 3.950624 3.959462 3.871081 3.871081 3.963881e+05
736337 3.871081 3.906433 3.853405 3.871081 5.517616e+05
736340 3.862242 3.888756 3.826890 3.835728 3.166685e+05
736341 3.853405 3.853405 3.729672 3.756186 5.803086e+05
736342 3.756186 3.773862 3.667805 3.676643 7.538886e+05
736343 3.667805 3.711995 3.614776 3.711995 1.002681e+06
736344 3.658967 3.685481 3.544072 3.552910 1.579631e+06
736348 3.570586 3.597100 3.473367 3.491043 6.718711e+05
736349 3.446853 3.464529 3.234739 3.438015 1.701596e+06
736350 3.455691 3.552910 3.402662 3.491043 9.247287e+05
736351 3.544072 3.650129 3.508720 3.632453 6.767322e+05
736354 3.667805 3.667805 3.552910 3.561748 8.036470e+05
736355 3.579424 3.685481 3.561748 3.667805 6.138933e+05
736356 3.667805 3.703158 3.605939 3.632453 7.058979e+05
736357 3.667805 3.747348 3.658967 3.667805 5.849928e+05
736358 3.703157 3.809214 3.694319 3.765024 1.172637e+06
736361 3.756185 3.800376 3.729671 3.738509 6.921986e+05
736362 3.720833 3.809214 3.676643 3.800376 6.155725e+05
736363 3.826890 3.879918 3.800375 3.862242 1.959226e+06
736364 3.853405 3.906433 3.853405 3.888757 8.288355e+05
736365 3.888757 3.906433 3.818052 3.818052 1.285941e+06
736368 3.818052 3.879918 3.791537 3.862242 8.601222e+05
736369 3.862243 3.879919 3.747348 3.756186 7.586612e+05
736370 3.765023 3.800376 3.720833 3.720833 5.759779e+05
736371 3.685481 3.729671 3.650129 3.694319 5.527338e+05
736372 3.694319 3.729671 3.650128 3.703157 7.058977e+05
736376 3.756185 3.932947 3.747347 3.924109 7.549491e+05
736377 3.924109 3.985975 3.915271 3.932947 1.118459e+06
736378 3.941785 4.039004 3.941785 4.012490 7.335609e+05
736379 4.012490 4.039004 3.994814 4.021328 5.871139e+05
736382 4.047842 4.136223 4.012490 4.118547 7.143823e+05
736383 4.109709 4.145062 4.065519 4.074357 8.944142e+05
736384 4.047842 4.083194 4.012490 4.065518 8.967119e+05
736385 4.083195 4.127385 4.047842 4.127385 1.213204e+06
736386 4.145061 4.215766 4.118547 4.136223 9.216353e+05
736389 4.145061 4.189251 4.118547 4.153899 1.109091e+06
736390 4.180413 4.189251 4.127385 4.145061 5.802202e+05
736391 4.153899 4.198089 4.127384 4.189251 4.837082e+05
736392 4.215766 4.286470 4.189252 4.242280 8.000233e+05
736393 4.259956 4.286471 4.206928 4.224604 4.726607e+05
736396 4.224604 4.268794 4.206928 4.224604 5.381509e+05
736397 4.224604 4.224604 4.145062 4.180414 4.820291e+05
736398 4.189252 4.259956 4.162737 4.233442 4.355408e+05
736399 4.233443 4.233443 4.153900 4.180414 4.467652e+05
736400 4.198090 4.259957 4.198090 4.259957 2.924522e+05
736403 4.251119 4.251119 4.171576 4.198090 4.062867e+05
736404 4.180413 4.206927 4.127385 4.162737 4.494165e+05
736405 4.153899 4.215766 4.127385 4.206928 4.039888e+05
736406 4.215766 4.268794 4.189252 4.242280 3.613892e+05
736407 4.268795 4.268795 4.198090 4.206928 1.201891e+06
736410 4.215766 4.251118 4.198090 4.242280 4.025747e+05
736411 4.242280 4.251118 4.206928 4.233442 4.625853e+05
736412 4.233442 4.251118 4.171575 4.171575 5.518499e+05
736413 4.162737 4.224604 4.136223 4.215766 5.909143e+05
736417 4.215765 4.233442 4.153899 4.171575 4.623201e+05
736418 4.153319 4.262857 4.135063 4.253729 4.774948e+05
736419 4.244601 4.299370 4.235473 4.253729 5.374669e+05
736420 4.244601 4.281114 4.235473 4.253729 9.095312e+05
736421 4.226344 4.244600 4.208087 4.235472 5.250525e+05
736424 4.226344 4.244601 4.171575 4.217216 4.747563e+05
736425 4.198960 4.235473 4.171575 4.208088 7.587338e+05
736426 4.226344 4.244601 4.189831 4.217216 6.815094e+05
736427 4.189832 4.244601 4.189832 4.208088 4.451810e+05
736428 4.226345 4.253729 4.198960 4.198960 3.158348e+05
736431 4.217216 4.271985 4.198960 4.253729 5.800954e+05
736432 4.262856 4.299369 4.244600 4.290241 4.574127e+05
736433 4.308497 4.317626 4.281113 4.290241 5.723364e+05
736434 4.299369 4.308497 4.262856 4.290241 3.770848e+05
736435 4.290241 4.326754 4.271985 4.290241 3.184819e+05
736438 4.299370 4.317626 4.271985 4.308498 3.595588e+05
736439 4.299370 4.345011 4.281113 4.317626 3.130963e+05
736440 4.317626 4.335883 4.308498 4.308498 2.328597e+05
736441 4.326755 4.345011 4.299370 4.299370 5.161070e+05
736442 4.308497 4.308497 4.271985 4.290241 2.949312e+05
736445 4.299370 4.299370 4.253729 4.271985 4.092160e+05
736446 4.281114 4.299370 4.262857 4.299370 4.689143e+05
736447 4.308498 4.317626 4.271985 4.308498 4.471892e+05
736448 4.308498 4.335883 4.281114 4.299370 4.527574e+05
736449 4.317626 4.335883 4.271985 4.308498 5.635734e+05
736452 4.317626 4.326754 4.262857 4.271985 4.980331e+05
736453 4.271986 4.271986 4.244601 4.244601 4.107678e+05
736454 4.253728 4.281113 4.235472 4.281113 4.699183e+05
736455 4.290242 4.335883 4.262857 4.308498 4.243688e+05
736456 4.281113 4.335883 4.253729 4.308498 9.232235e+05
736459 4.299370 4.345011 4.299370 4.345011 4.238211e+05
736460 4.345011 4.363267 4.326754 4.363267 3.840223e+05
736461 4.363267 4.372396 4.345011 4.345011 5.750750e+05
736462 4.363267 4.372395 4.335882 4.363267 4.090335e+05
736463 4.354139 4.363267 4.335883 4.345011 3.418501e+05
736466 4.345011 4.363267 4.335883 4.354139 2.495643e+05
736467 4.345010 4.363266 4.281113 4.290241 6.054717e+05
736468 4.271985 4.299370 4.162447 4.198960 5.150116e+05
736469 4.189832 4.217216 4.162447 4.198960 4.545831e+05
736470 4.198960 4.235472 4.198960 4.217216 3.165650e+05
736473 4.217216 4.253729 4.208088 4.226344 3.412111e+05
736474 4.217216 4.281114 4.217216 4.253729 4.695533e+05
736475 4.244600 4.262857 4.189831 4.226344 5.905928e+05
736476 4.217216 4.235472 4.208088 4.226344 3.590110e+05
736477 4.217216 4.244601 4.198960 4.217216 3.098102e+05
736481 4.226344 4.235472 4.198959 4.226344 4.965726e+05
736482 4.217217 4.235473 4.180704 4.189832 8.303900e+05
736483 4.189831 4.235472 4.180703 4.235472 4.628896e+05
736484 4.244601 4.299370 4.235473 4.244601 8.190711e+05
736487 4.271985 4.271985 4.235472 4.262857 7.023217e+05
736488 4.253729 4.281114 4.235473 4.244601 4.716528e+05
736489 4.244600 4.290241 4.244600 4.290241 5.240484e+05
736490 4.290241 4.335882 4.271985 4.335882 6.185250e+05
736491 4.326754 4.335882 4.290241 4.317626 5.864851e+05
736494 4.308498 4.326754 4.244601 4.253729 4.948383e+05
736495 4.244600 4.262857 4.217216 4.226344 3.298922e+05
736496 4.226344 4.253729 4.208088 4.226344 4.096724e+05
736497 4.217216 4.271985 4.208088 4.262857 4.173401e+05
736498 4.262857 4.299370 4.235473 4.244601 1.590219e+06
736501 4.262857 4.281113 4.217216 4.235472 7.063380e+05
736502 4.244601 4.253729 4.217216 4.217216 6.994919e+05
736503 4.235473 4.244601 4.208088 4.244601 7.751646e+05
736504 4.244601 4.262857 4.235473 4.244601 4.502928e+05
736505 4.208088 4.308498 4.162447 4.262857 1.544213e+06
736508 4.262857 4.271985 4.171575 4.226344 1.253207e+06
736509 4.226344 4.386719 4.216910 4.377285 9.554557e+05
736510 4.377286 4.415021 4.367852 4.405587 5.693301e+05
736511 4.405587 4.433888 4.377285 4.433888 5.426324e+05
736512 4.405586 4.433888 4.377285 4.415020 4.816900e+05
736516 4.396153 4.424454 4.348984 4.348984 5.324439e+05
736517 4.348984 4.405587 4.339550 4.386719 9.363994e+05
736518 4.396153 4.396153 4.348984 4.367852 8.114016e+05
736519 4.358418 4.396153 4.358418 4.367852 4.969729e+05
736522 4.386719 4.405587 4.358418 4.405587 6.693285e+05
736523 4.377285 4.415021 4.377285 4.396153 7.358368e+05
736524 4.424455 4.424455 4.377286 4.405587 5.617831e+05
736525 4.396153 4.433888 4.396153 4.424454 7.425347e+05
736526 4.433888 4.433888 4.396152 4.415020 3.633901e+05
736529 4.433888 4.452756 4.424455 4.452756 3.160325e+05
736530 4.433888 4.481057 4.433888 4.471623 3.854652e+05
736531 4.481057 4.509359 4.462190 4.499925 8.625328e+05
736532 4.499925 4.518793 4.490491 4.499925 4.156534e+05
736533 4.509359 4.547094 4.490491 4.537660 2.731086e+05
736536 4.537660 4.556527 4.518792 4.528226 2.249019e+05
736537 4.537660 4.565962 4.518793 4.556528 3.479187e+05
736538 4.565962 4.565962 4.528227 4.565962 2.448073e+05
736539 4.556528 4.575396 4.537660 4.556528 3.540507e+05
736540 4.584829 4.641432 4.565962 4.641432 6.467817e+05
736543 4.698035 4.698035 4.641432 4.679167 4.063140e+05
736544 4.679167 4.679167 4.594263 4.603697 3.880124e+05
736545 4.622564 4.631998 4.584829 4.631998 2.882971e+05
736546 4.660299 4.716902 4.613130 4.613130 9.721535e+05
736547 4.613130 4.726336 4.603697 4.726336 8.077223e+05
736550 4.726336 4.754637 4.716902 4.716902 4.830108e+05
736551 4.698035 4.754638 4.679167 4.745204 5.977259e+05
736552 4.754638 4.764072 4.726337 4.754638 4.015028e+05
736553 4.735770 4.754638 4.716903 4.745204 2.301848e+05
736554 4.716902 4.754637 4.707468 4.726336 4.075403e+05
736557 4.735769 4.735769 4.698034 4.707468 4.032951e+05
736558 4.716902 4.716902 4.631998 4.631998 4.686714e+05
736559 4.622564 4.641432 4.594263 4.631998 4.380115e+05
736560 4.641432 4.669734 4.622565 4.650866 3.574469e+05
736561 4.660299 4.660299 4.622564 4.631998 3.328246e+05
736564 4.622564 4.650865 4.594263 4.622564 3.310322e+05
736565 4.622565 4.679168 4.613131 4.660300 2.239585e+05
736566 4.650866 4.669734 4.622565 4.660300 2.646182e+05
736567 4.660299 4.698035 4.631998 4.679167 4.219741e+05
736568 4.698034 4.707468 4.584829 4.622564 5.593302e+05
736571 4.603697 4.641432 4.603697 4.603697 2.202794e+05
736572 4.622564 4.622564 4.594262 4.613130 2.597126e+05
736573 4.622564 4.631998 4.584829 4.613130 3.607487e+05
736574 4.613131 4.622564 4.565962 4.594263 5.331987e+05
736575 4.613131 4.660300 4.594263 4.641432 3.831068e+05
736579 4.641432 4.698035 4.631998 4.679167 2.822594e+05
736580 4.688601 4.745204 4.679167 4.745204 5.916883e+05
736581 4.745204 4.782939 4.726336 4.782939 6.847999e+05
736582 4.782939 4.782939 4.584829 4.584829 8.251749e+05
736585 4.565962 4.735770 4.565962 4.698035 9.401730e+05
736586 4.716902 4.745204 4.660299 4.679167 1.062907e+06
736587 4.698034 4.726336 4.660299 4.716902 8.359294e+05
736588 4.745204 4.773506 4.698035 4.754638 6.401780e+05
736589 4.754637 4.754637 4.679167 4.707468 1.123000e+06
736592 4.726336 4.773505 4.726336 4.745204 4.925390e+05
736593 4.773505 4.782939 4.735770 4.773505 5.054632e+05
736594 4.782939 4.811241 4.716903 4.801807 6.382913e+05
736595 4.811240 4.877277 4.792373 4.867843 7.753644e+05
736596 4.867843 4.877277 4.830108 4.830108 6.111219e+05
736599 4.830108 4.877277 4.811240 4.820674 5.506512e+05
736600 4.811240 4.848975 4.792373 4.820674 6.624417e+05
736601 4.849831 4.869269 4.781797 4.830393 6.601213e+05
736602 4.820674 4.849832 4.762360 4.801236 6.943326e+05
736603 4.810955 4.840113 4.781798 4.781798 5.059764e+05
736606 4.801236 4.801236 4.733202 4.733202 7.370966e+05
736607 4.733203 4.733203 4.636012 4.645731 1.236561e+06
736608 4.636011 4.694326 4.626292 4.626292 5.567101e+05
736609 4.626292 4.655450 4.587416 4.597135 7.206714e+05
736610 4.597135 4.616573 4.558259 4.587416 5.281360e+05
736613 4.587415 4.665168 4.587415 4.636011 3.228685e+05
736614 4.616573 4.655449 4.606854 4.626292 6.253269e+05
736615 4.636012 4.723484 4.616573 4.665169 5.685675e+05
736616 4.665169 4.704045 4.655450 4.674888 3.799197e+05
736617 4.704045 4.704045 4.655450 4.665169 3.546500e+05
736620 4.655449 4.684606 4.655449 4.655449 2.099326e+05
736621 4.655450 4.704045 4.645731 4.674888 3.109141e+05
736622 4.684607 4.723483 4.665169 4.704045 1.776652e+05
736623 4.704045 4.733202 4.674888 4.713764 2.189713e+05
736624 4.674887 4.752640 4.665168 4.752640 3.353090e+05
736627 4.781798 4.801236 4.762360 4.801236 2.943916e+05
736628 4.801236 4.898427 4.801236 4.888708 4.532989e+05
736629 4.878989 4.888708 4.820674 4.830393 4.902314e+05
736630 4.840113 4.840113 4.772079 4.772079 3.324905e+05
736631 4.801236 4.820674 4.742921 4.791517 3.653410e+05
736634 4.801236 4.810955 4.772079 4.772079 4.978124e+05
736635 4.762360 4.781798 4.645731 4.645731 6.369900e+05
736636 4.636011 4.665168 4.616573 4.626292 3.726303e+05
736637 4.674887 4.742921 4.655449 4.733202 6.758663e+05
736638 4.723483 4.810955 4.723483 4.781798 4.152972e+05
736641 4.810955 4.859550 4.791517 4.820674 5.737185e+05
736642 4.840113 4.878989 4.820674 4.869270 5.311489e+05
736643 4.752640 4.898427 4.723483 4.898427 7.572152e+05
736644 4.908146 4.917865 4.772079 4.791517 1.040235e+06
736645 4.810955 4.878989 4.781797 4.830393 8.204865e+05
736648 4.820675 4.859551 4.820675 4.859551 6.317416e+05
736649 4.859551 4.908146 4.820674 4.898427 7.268916e+05
736650 4.898427 4.976180 4.898427 4.947023 7.568265e+05
736651 4.956741 4.995618 4.937303 4.937303 4.611713e+05
736652 4.956742 5.005337 4.927584 4.976180 7.262113e+05
736655 5.015056 5.102528 4.985899 5.083090 7.651848e+05
736656 5.102528 5.131685 5.063651 5.121966 6.805314e+05
736657 5.121966 5.131685 5.034494 5.053932 6.236746e+05
736659 5.053933 5.092809 5.034494 5.083090 3.393910e+05
736662 5.092808 5.102527 5.044213 5.053932 5.572932e+05
736663 5.073371 5.112247 5.053933 5.092809 8.157242e+05
736664 5.092808 5.112247 5.024775 5.053932 7.383600e+05
736665 5.053933 5.083090 4.947022 4.995618 7.111466e+05
736666 4.995618 5.044213 4.937303 5.005337 5.808135e+05
736669 5.034494 5.063651 4.995617 5.053932 6.687713e+05
736670 5.053933 5.092809 5.024775 5.092809 4.567006e+05
736671 5.102529 5.131686 5.063652 5.131686 7.044405e+05
736672 5.121966 5.151123 5.112247 5.121966 1.343957e+06
736673 5.131686 5.209439 5.121967 5.160843 1.001553e+06
736676 5.141405 5.199720 5.131686 5.151124 8.649029e+05
736677 5.170562 5.170562 5.083090 5.131686 7.540080e+05
736678 5.102528 5.131686 5.053933 5.063652 6.952073e+05
736679 5.044214 5.073371 4.927585 4.947023 9.981518e+05
736680 4.966461 5.112247 4.966461 5.073371 1.175428e+06
736683 5.083090 5.199719 5.083090 5.190000 1.630865e+06
736684 5.199719 5.228876 5.180281 5.209438 6.189123e+05
736685 5.209438 5.228877 5.170562 5.180281 6.824753e+05
736686 5.170562 5.228877 5.160843 5.228877 4.492169e+05
736687 5.228876 5.238595 5.170562 5.209438 4.530073e+05
736691 5.238596 5.248315 5.180281 5.190000 7.284466e+05
736692 5.220000 5.280000 5.140000 5.190000 7.473000e+05
736693 5.190000 5.240000 5.180000 5.200000 4.132000e+05
736694 5.240000 5.240000 5.160000 5.170000 4.492000e+05
736698 5.170000 5.280000 5.170000 5.250000 8.380000e+05
736699 5.250000 5.340000 5.220000 5.320000 8.095000e+05
736700 5.320000 5.330000 5.260000 5.310000 4.513000e+05
736701 5.350000 5.350000 5.260000 5.290000 3.707000e+05
736704 5.310000 5.320000 5.250000 5.250000 3.314000e+05
736705 5.270000 5.320000 5.230000 5.300000 6.147000e+05
736706 5.290000 5.370000 5.250000 5.350000 5.080000e+05
736707 5.330000 5.350000 5.250000 5.260000 7.459000e+05
736708 5.270000 5.310000 5.260000 5.260000 2.953000e+05
736712 5.260000 5.300000 5.250000 5.260000 3.469000e+05
736713 5.280000 5.290000 5.230000 5.260000 3.590000e+05
736714 5.260000 5.260000 5.220000 5.240000 3.199000e+05
736715 5.220000 5.250000 5.190000 5.210000 5.202000e+05
736718 5.210000 5.270000 5.190000 5.230000 4.422000e+05
736719 5.230000 5.260000 5.200000 5.230000 3.724000e+05
736720 5.250000 5.260000 5.210000 5.230000 4.275000e+05
736721 5.230000 5.250000 5.200000 5.220000 5.852000e+05
736722 5.230000 5.250000 5.210000 5.220000 4.358000e+05
736725 5.230000 5.240000 5.160000 5.170000 5.091000e+05
736726 5.150000 5.200000 5.070000 5.130000 8.676000e+05
736727 5.130000 5.240000 5.130000 5.200000 4.232000e+05
736728 5.230000 5.250000 5.180000 5.200000 5.102000e+05
736729 5.190000 5.210000 5.170000 5.180000 4.868000e+05
736732 5.200000 5.250000 5.170000 5.200000 4.093000e+05
736733 5.190000 5.210000 5.160000 5.190000 4.821000e+05
736734 5.200000 5.210000 5.130000 5.190000 3.755000e+05
736735 5.180000 5.220000 5.160000 5.180000 4.074000e+05
736736 5.200000 5.290000 5.190000 5.280000 4.994000e+05
736739 5.270000 5.400000 5.270000 5.370000 8.390000e+05
736740 5.370000 5.400000 5.290000 5.310000 8.603000e+05
736741 5.290000 5.360000 5.230000 5.360000 5.147000e+05
736742 5.350000 5.370000 5.260000 5.350000 6.571000e+05
736743 5.350000 5.370000 5.270000 5.350000 8.280000e+05
736747 5.370000 5.380000 5.290000 5.350000 4.155000e+05
736748 5.350000 5.360000 5.310000 5.350000 2.940000e+05
736749 5.350000 5.440000 5.320000 5.400000 1.053300e+06
736750 5.420000 5.460000 5.390000 5.410000 7.272000e+05
736753 5.440000 5.470000 5.430000 5.430000 8.675000e+05
736754 5.460000 5.480000 5.420000 5.440000 1.077100e+06
736755 5.450000 5.540000 5.430000 5.480000 1.494000e+06
736756 5.490000 5.520000 5.400000 5.400000 1.135100e+06
736757 5.430000 5.450000 5.400000 5.450000 7.819000e+05
736760 5.450000 5.480000 5.390000 5.430000 6.466000e+05
736761 5.430000 5.470000 5.410000 5.460000 5.391000e+05
736762 5.450000 5.460000 5.350000 5.350000 7.441000e+05
736763 5.330000 5.400000 5.320000 5.350000 5.994000e+05
736764 5.370000 5.450000 5.360000 5.420000 6.674000e+05
