736034 44.789509 44.818323 44.635824 44.741483 3.400276e+04
736035 44.789509 45.183326 44.789509 45.183326 5.407783e+04
736036 45.116089 45.116089 44.693454 44.952797 8.058846e+04
736039 45.144903 45.375432 45.135300 45.375432 2.862379e+04
736040 45.250562 45.365825 45.116088 45.337010 2.497378e+04
736041 45.279377 46.009382 45.202536 45.894116 2.343693e+04
736042 45.702013 45.817276 45.548324 45.634772 2.161192e+04
736043 45.894116 46.316751 45.894116 46.143856 2.391719e+04
736046 46.249515 46.383988 46.191881 46.307144 6.771736e+04
736047 46.316750 46.355169 46.172670 46.211092 4.024620e+04
736048 46.383988 46.383988 45.750039 45.788457 5.484626e+04
736049 45.644380 45.644380 45.346614 45.557932 4.303174e+04
736050 45.461881 45.663591 45.442669 45.663591 1.882639e+04
736053 45.932538 46.115037 45.788457 45.922934 5.782390e+04
736054 45.807669 45.817276 45.519510 45.625169 4.456859e+04
736055 46.105433 46.105433 45.500298 45.653983 2.170797e+04
736056 45.783999 45.966979 45.783999 45.928456 2.022432e+04
736060 45.822523 46.390726 45.822523 46.236636 5.489457e+04
736061 46.332944 46.371468 46.101808 46.140331 4.189322e+04
736062 46.323311 46.458143 46.188483 46.342573 2.513593e+04
736063 46.409988 46.467772 46.236635 46.448511 3.553701e+04
736064 46.612234 46.612234 46.438882 46.583339 2.879557e+04
736067 46.660386 46.660386 46.342574 46.390726 5.219800e+04
736068 46.409988 46.602600 46.409988 46.564077 3.698161e+04
736069 46.766323 46.853000 46.621863 46.689277 5.807268e+04
736070 46.747062 46.910780 46.631491 46.814476 2.860296e+04
736071 46.650753 46.718167 46.169222 46.352206 5.027187e+04
736074 46.621863 46.621863 46.371468 46.535187 4.372304e+04
736075 46.641124 46.872257 46.583339 46.583339 3.650007e+04
736076 46.650754 46.785585 46.515925 46.670015 2.542485e+04
736077 46.708538 47.026351 46.641124 46.949304 2.426918e+04
736078 47.084131 47.093765 46.949304 46.987827 2.041693e+04
736081 47.257483 47.257483 47.064870 47.064870 4.824944e+04
736082 47.132284 47.151546 46.862628 47.064870 5.123493e+04
736083 46.852999 46.968565 46.679647 46.891519 6.828114e+04
736084 46.804843 46.804843 46.342574 46.381097 5.084971e+04
736085 46.679648 46.756691 46.487034 46.747062 3.495917e+04
736088 46.939675 46.949304 46.775953 46.795214 1.090187e+05
736089 46.843366 46.852999 46.294421 46.294421 1.945387e+04
736090 46.352206 46.573711 46.044026 46.159593 3.919665e+04
736091 46.246268 46.323311 46.072917 46.227007 1.983909e+04
736092 46.689278 47.035980 46.689278 46.910781 4.179692e+04
736095 46.920413 46.920413 46.602601 46.670015 2.850665e+04
736096 46.535188 46.631492 46.332945 46.602601 1.367549e+04
736097 46.718166 46.949303 46.602600 46.698909 1.704621e+04
736098 46.978195 47.132285 46.901152 47.103394 2.320981e+04
736099 47.190070 47.238222 47.026351 47.190070 1.550531e+04
736102 47.209332 47.286375 47.074504 47.199699 3.158846e+04
736103 47.122656 47.141918 46.968566 47.035980 2.378765e+04
736104 47.228593 47.228593 47.007089 47.074503 2.157260e+04
736105 47.093765 47.257483 47.093765 47.218960 2.686945e+04
736106 47.238221 47.238221 47.055241 47.132284 4.044863e+04
736110 47.093765 47.093765 46.564076 46.650753 3.611485e+04
736111 46.824104 46.987827 46.689277 46.987827 2.263197e+04
736112 47.816062 48.095348 46.602600 46.872257 4.439719e+04
736113 46.920412 46.920412 46.487033 46.496663 3.226260e+04
736116 46.641124 46.824105 46.361835 46.564077 8.407537e+04
736117 46.429249 46.708538 46.429249 46.583339 7.781546e+04
736118 46.592972 46.775953 46.583339 46.660386 4.131539e+04
736119 46.602601 46.602601 46.275159 46.284792 3.033647e+04
736120 46.169222 46.169222 45.870675 46.063288 5.335367e+04
736123 46.111441 46.111441 45.841780 45.947718 3.062539e+04
736124 45.928456 45.928456 45.649171 45.783999 2.850665e+04
736125 45.899566 46.400358 45.899566 46.361835 1.521639e+04
736126 46.535186 46.535186 46.323311 46.496663 3.399611e+04
736127 46.409987 46.409987 46.169222 46.265530 3.197368e+04
736130 46.968565 46.968565 45.832152 46.024765 2.966233e+04
736131 45.899565 46.178855 45.889937 46.169222 5.344998e+04
736132 46.227006 46.255897 45.812889 46.207745 2.012801e+04
736133 46.390725 46.612233 46.294421 46.496663 6.664393e+04
736134 46.400357 46.564076 46.323310 46.332944 5.316106e+04
736137 46.708539 46.910781 46.698910 46.804843 4.333782e+04
736138 46.958933 46.958933 46.766323 46.881890 3.062539e+04
736139 46.833737 46.833737 46.487034 46.583339 4.035232e+04
736140 46.756691 46.756691 46.409989 46.525558 2.292089e+04
736141 46.487034 46.564077 46.342574 46.458144 2.099477e+04
736144 46.044026 46.188483 45.475819 45.475819 3.255152e+04
736145 45.793628 45.832151 45.562494 45.678061 3.014386e+04
736146 46.111440 46.111440 45.456558 45.841780 3.592224e+04
736147 46.054568 46.054568 45.743651 45.908824 3.089737e+04
736151 45.899110 45.899110 45.267558 45.442449 3.186898e+04
736152 45.588189 45.588189 44.781750 45.539609 4.139081e+04
736153 45.180112 45.180112 44.762318 44.781750 5.071832e+04
736154 45.393868 45.597906 44.966356 45.063519 3.964190e+04
736155 45.588189 45.782513 45.559042 45.763080 2.788536e+04
736158 46.676401 46.676401 45.899110 46.083715 4.440282e+04
736159 46.151728 46.268321 46.083715 46.161442 1.933514e+04
736160 46.346052 46.346052 46.073997 46.083715 2.011244e+04
736161 46.404345 46.501509 46.375199 46.472362 4.003055e+04
736162 46.404346 46.423779 46.316900 46.423779 4.051636e+04
736165 46.482076 46.530656 46.307185 46.472362 2.030676e+04
736166 46.346052 46.501510 46.248887 46.365484 4.071068e+04
736167 46.239173 46.239173 45.976837 46.161442 1.748908e+04
736168 46.229458 46.229458 45.937971 46.015702 2.331877e+04
736169 45.937971 45.937971 45.529894 45.627054 2.681658e+04
736172 45.403584 45.442448 45.209260 45.345285 6.927617e+04
736173 45.423016 45.743651 45.325856 45.743651 2.846833e+04
736174 45.743651 46.035135 45.695067 45.986555 6.082312e+04
736175 45.908823 45.928256 45.675634 45.899109 1.543897e+05
736176 46.083714 46.180875 46.005983 46.073996 2.992575e+04
736179 45.996269 45.996269 45.675634 45.821378 3.973907e+04
736180 45.918538 46.025417 45.714500 45.831093 6.082312e+04
736181 46.103148 46.122580 45.879676 45.986555 4.586024e+04
736182 45.918539 45.928257 45.578475 45.685353 8.948577e+04
736183 45.714500 45.714500 45.520176 45.607622 4.906657e+04
736186 45.831093 46.161442 45.831093 46.161442 2.846833e+04
736187 45.899109 45.899109 45.500747 45.675634 2.584497e+04
736188 45.345285 45.568761 45.102381 45.520176 3.769867e+04
736189 45.636772 45.656205 45.423016 45.568760 1.253384e+04
736190 45.452163 45.675634 45.452163 45.675634 2.322161e+04
736193 45.617340 45.743651 45.335571 45.724218 4.265391e+04
736194 45.607622 45.607622 45.403584 45.520176 2.088973e+04
736195 45.442449 45.442449 45.034368 45.267558 5.994867e+04
736196 44.849763 44.937209 44.373670 44.373670 5.314736e+04
736197 44.198783 44.247363 43.421488 43.489500 1.683809e+05
736200 41.993215 42.955112 30.013196 42.236119 2.322161e+05
736201 43.071708 44.169630 41.925202 41.925202 5.402181e+04
736202 43.100856 43.100856 42.129241 42.945398 5.441046e+04
736203 43.596378 43.819849 43.343760 43.790702 8.375324e+04
736204 43.712975 43.810134 43.615810 43.790702 1.246582e+05
736207 43.508932 43.644957 43.431205 43.557516 3.381221e+04
736208 42.741360 42.896819 42.274981 42.469305 4.304256e+04
736209 42.984264 42.984264 42.488738 42.867667 7.112224e+04
736210 43.227167 43.382626 42.935680 43.071709 6.490390e+04
736211 42.469304 42.624762 42.304131 42.498455 3.060588e+04
736215 43.178584 43.246596 42.993978 43.246596 4.547160e+04
736216 43.722690 43.722690 42.916247 42.925965 5.402181e+04
736217 42.984263 43.324327 42.857952 43.081423 4.022487e+04
736218 43.130003 43.295179 42.916247 43.266029 2.584497e+04
736221 43.207734 43.207734 43.003692 43.120289 2.545632e+04
736222 43.139721 43.479785 43.071708 43.431205 2.370741e+04
736223 43.528365 43.849000 43.489500 43.839282 4.255675e+04
736224 43.878147 44.257076 43.712975 43.926727 5.732530e+04
736225 43.372906 43.596378 43.139722 43.159150 3.721287e+04
736228 43.285461 43.450638 43.120289 43.256314 3.400654e+04
736229 42.916246 42.916246 42.391577 42.702494 4.265391e+04
736230 42.828805 42.828805 42.420725 42.566468 3.400654e+04
736231 42.216687 42.459590 42.080660 42.362426 3.254911e+04
736232 42.828805 42.828805 42.381859 42.537317 2.331877e+04
736235 42.342997 42.342997 41.701727 41.808606 5.110697e+04
736236 41.818325 41.876619 41.575421 41.711446 3.352073e+04
736237 42.226400 42.391577 42.100093 42.391577 9.249778e+04
736238 42.479023 42.508170 42.168107 42.440157 4.158514e+04
736239 42.139993 43.075570 42.139993 43.075570 4.239338e+04
736242 43.367938 43.709032 43.367938 43.709032 8.371474e+04
736243 43.767507 43.786998 43.562850 43.689544 7.669790e+04
736244 44.050131 44.137841 43.786999 44.069622 4.414759e+04
736245 44.069622 44.361989 43.913692 44.313262 2.066068e+04
736246 44.449700 44.478935 44.245044 44.313262 2.670295e+04
736249 44.381480 44.449700 44.303514 44.342497 4.599925e+04
736250 44.157332 44.293771 43.981912 44.069622 1.861410e+04
736251 44.020890 44.196311 43.962419 43.962419 3.391470e+04
736252 44.196311 44.595881 44.147584 44.595881 3.186812e+04
736253 44.644612 44.703083 44.439951 44.586137 6.276169e+04
736256 44.488683 44.595881 44.391224 44.595881 3.810531e+04
736257 44.449699 44.625120 44.381480 44.527662 4.443995e+04
736258 44.625121 44.732324 44.361989 44.361989 2.748260e+04
736259 44.654357 44.956471 44.615373 44.790794 6.627011e+04
736260 45.161128 45.268330 45.044181 45.200111 3.966461e+04
736263 45.209855 45.209855 44.985707 45.092909 4.521960e+04
736264 44.907744 44.946724 44.742067 44.868761 5.525757e+04
736265 44.927232 45.200111 44.800542 45.161128 3.206304e+04
736266 44.985707 45.005198 44.508171 44.936980 8.351982e+04
736267 44.936981 45.053927 44.790795 44.878505 3.079611e+04
736270 45.005198 45.248838 44.966215 45.209855 7.455387e+04
736271 45.161128 45.404768 45.044181 45.297566 7.182510e+04
736272 45.443752 45.443752 45.073418 45.131893 3.732566e+04
736273 45.268331 45.268331 45.014943 45.112401 4.989749e+04
736274 44.956471 45.014943 44.742067 44.936980 7.854957e+04
736277 44.829777 44.829777 44.410716 44.595881 9.784586e+04
736278 44.488684 44.625121 44.420465 44.556902 4.492723e+04
736279 44.751811 44.781051 44.625121 44.625121 1.491077e+05
736280 44.498427 44.498427 44.176824 44.176824 1.002823e+05
736281 44.186568 44.186568 43.825982 43.864961 4.268574e+04
736284 43.952671 44.332753 43.864960 44.332753 9.492218e+04
736285 44.342497 44.547154 44.274278 44.352241 5.184661e+04
736286 44.459443 44.829777 44.352240 44.829777 1.062271e+05
736287 44.820034 44.985707 44.820034 44.917488 1.248412e+05
736288 45.083161 45.102653 44.917488 44.956471 1.412138e+05
736291 44.956471 44.995451 44.751811 44.839521 1.853614e+05
736292 44.547154 44.946723 44.547154 44.829777 1.600228e+05
736293 45.005198 45.005198 44.810286 44.907744 7.776992e+04
736295 44.956472 44.956472 44.829778 44.878505 1.042780e+04
736298 44.878505 44.897997 44.742067 44.800542 1.501798e+05
736299 45.083162 45.170872 44.966215 45.170872 2.124542e+05
736300 45.161128 45.170871 44.751810 44.829777 3.417783e+05
736301 44.956472 44.966216 44.254788 44.391225 3.149779e+05
736302 44.391224 44.956471 44.352241 44.917488 1.500823e+05
736305 44.810286 44.810286 44.498427 44.673848 1.505696e+05
736306 44.206060 44.400972 44.098857 44.225551 2.489027e+05
736307 44.313261 44.508170 43.884452 44.089113 1.238666e+05
736308 44.235295 44.293770 44.030638 44.128093 2.044628e+05
736309 43.748014 43.748014 43.367937 43.436156 2.971435e+05
736312 43.475140 43.611577 43.163280 43.465391 2.348691e+05
736313 43.962420 43.962420 43.757763 43.767507 3.841717e+05
736314 44.108602 44.439952 43.923437 44.391225 2.860335e+05
736315 44.478935 44.478935 43.913692 43.942928 2.315555e+05
736316 43.796743 43.835727 43.494631 43.504375 2.115771e+05
736319 43.874708 43.874708 43.465391 43.640813 4.583357e+05
736320 43.923436 44.020890 43.670051 43.972163 2.563094e+05
736321 44.206060 44.439952 44.050131 44.439952 1.529085e+05
736322 44.391225 44.469192 44.254787 44.361989 6.013038e+04
736326 44.300199 44.839611 44.123669 44.300199 4.265255e+05
736327 44.574810 44.692498 44.515963 44.604231 2.424399e+05
736328 44.594426 44.594426 44.349240 44.378661 1.327927e+05
736329 44.260973 44.319815 43.976556 43.976556 9.934936e+04
736333 43.545030 43.937325 43.064464 43.466569 8.339265e+05
736334 43.495990 43.545031 43.299845 43.525415 6.600406e+04
736335 43.054658 43.142925 42.829083 42.956581 6.816170e+04
736336 42.358327 42.662359 42.152372 42.191602 7.659610e+04
736337 42.515246 42.515246 41.779688 41.809113 2.069370e+05
736340 42.034683 42.132756 41.534501 41.828728 4.875278e+05
736341 42.113141 42.162181 41.701230 42.044489 5.551010e+04
736342 42.211218 42.211218 41.308931 41.367777 6.737710e+04
736343 41.485466 42.015068 41.259895 41.809113 1.167085e+05
736344 40.897021 41.112782 40.681256 40.916636 3.183495e+05
736348 41.426624 41.426624 40.759717 41.053940 5.329362e+05
736349 40.524337 40.749907 39.808394 40.543952 1.272025e+05
736350 40.573373 40.926442 40.239920 40.691065 2.073293e+05
736351 41.348162 41.465850 41.191243 41.465850 3.093266e+05
736354 41.357968 41.357968 40.965672 41.004903 1.896759e+05
736355 41.142207 41.514891 41.122591 41.495275 8.267671e+04
736356 41.465850 41.720845 41.112781 41.181437 5.737352e+04
736357 41.475659 41.554117 41.122590 41.426623 2.643105e+05
736358 41.583543 42.152372 41.544312 42.152372 3.019710e+05
736361 41.916996 42.211218 41.838534 42.103335 1.318120e+05
736362 41.701230 41.848339 41.338356 41.416814 6.580791e+04
736363 41.681615 41.720846 41.152012 41.662000 6.011960e+04
736364 41.642385 41.916996 41.514891 41.720846 4.413347e+04
736365 41.720846 41.720846 41.063746 41.201049 3.883746e+04
736368 40.818559 41.201048 40.387033 40.730292 1.332831e+05
736369 40.239920 40.661640 40.239920 40.524337 5.050831e+04
736370 40.877405 41.044130 40.524338 40.553758 3.324722e+04
736371 40.043774 40.494916 39.877046 40.122232 7.590958e+04
736372 40.455685 40.651834 40.220304 40.642025 3.873938e+04
736376 41.122590 41.269704 40.906826 41.269704 6.904437e+04
736377 41.524697 41.848340 41.436430 41.818919 7.590958e+04
736378 42.015068 42.015068 41.681615 41.701230 3.511063e+04
736379 41.554117 41.720846 41.456044 41.681615 3.324722e+04
736382 41.936606 42.162181 41.936606 42.152372 3.981820e+04
736383 41.995453 41.995453 41.632578 41.671809 6.423872e+04
736384 41.289315 41.769882 41.142207 41.711036 2.795120e+04
736385 41.858149 42.113141 41.681615 42.113141 3.452218e+04
736386 42.348521 42.348521 41.966032 42.024874 4.482000e+04
736389 42.103335 42.162182 41.858149 41.858149 7.394809e+04
736390 42.250449 42.681974 42.152372 42.681974 2.579356e+04
736391 42.632938 42.907545 42.593707 42.907545 4.236814e+04
736392 42.858509 43.152731 42.858509 43.133116 4.040665e+04
736393 43.240998 43.535220 43.211577 43.378302 6.394450e+04
736396 43.152731 43.446953 43.123309 43.388111 5.119483e+04
736397 43.211577 43.211577 42.946776 42.946776 1.951680e+04
736398 43.113500 43.201767 43.044848 43.133116 5.972730e+04
736399 43.358686 43.446953 42.760432 43.084079 3.913168e+04
736400 43.495989 43.868674 43.495989 43.868674 3.422796e+04
736403 43.701948 43.858867 43.692139 43.780406 2.579356e+04
736404 43.515605 43.554836 43.378302 43.535220 4.864490e+04
736405 43.368495 43.898094 43.368495 43.839252 3.922975e+04
736406 43.927519 44.280588 43.888288 44.241357 4.942949e+04
736407 44.319815 44.368856 44.231548 44.310009 6.610214e+04
736410 44.349239 44.349239 44.123669 44.329624 5.688314e+04
736411 44.270778 44.368856 44.113860 44.260973 3.197225e+04
736412 44.123670 44.133475 43.907904 43.907904 2.598971e+04
736413 43.594067 43.809828 43.594067 43.809828 2.716661e+04
736417 44.035403 44.035403 43.829443 43.888289 5.109676e+04
736418 43.898094 44.368855 43.770600 44.329624 6.502332e+04
736419 44.574810 44.731729 44.427697 44.565001 4.334888e+04
736420 44.633653 44.633653 44.378661 44.437507 4.011243e+04
736421 44.064823 44.408082 43.927520 44.378661 6.727903e+04
736424 44.270779 44.270779 44.015787 44.104054 9.248415e+04
736425 43.721564 43.741175 43.545030 43.545030 4.570266e+04
736426 43.662718 44.035403 43.594067 44.015787 5.933501e+04
736427 43.849059 43.907904 43.505800 43.613682 3.069728e+04
736428 44.074629 44.133475 43.888289 43.956941 6.423872e+04
736431 44.153089 44.319815 43.937325 43.966750 2.628394e+04
736432 44.123670 44.417892 43.966751 44.378661 2.804928e+04
736433 44.633652 44.898454 44.633652 44.819996 5.707929e+04
736434 44.986720 45.025951 44.800380 44.819996 2.991269e+04
736435 44.918069 44.918069 44.761150 44.829802 9.532831e+04
736438 44.692498 45.094603 44.692498 45.094603 4.197584e+04
736439 45.192680 45.486902 45.192680 45.408441 4.334888e+04
736440 45.516324 45.575169 45.300559 45.388826 2.785313e+04
736441 45.457477 45.457477 45.133833 45.192680 2.736275e+04
736442 45.192680 45.241716 45.025952 45.192680 2.824542e+04
736445 45.055373 45.124024 44.937685 45.035757 3.560100e+04
736446 45.094604 45.192680 45.045566 45.192680 2.157637e+04
736447 45.143640 45.339790 45.025952 45.280943 2.481282e+04
736448 44.996530 45.261332 44.790571 44.819996 6.884822e+04
736449 44.819997 44.819997 44.496349 44.712114 4.795838e+04
736452 44.918069 45.006336 44.770961 44.957300 3.697404e+04
736453 44.770960 44.770960 44.417892 44.515964 7.492883e+04
736454 44.319815 44.349239 44.143280 44.182511 3.736634e+04
736455 44.319815 44.319815 44.123669 44.202127 2.638201e+04
736456 44.084439 44.339430 44.055014 44.310009 2.726468e+04
736459 44.300200 44.408083 44.143281 44.260973 3.305107e+04
736460 44.515964 44.780766 44.515964 44.780766 1.814376e+04
736461 44.682693 44.682693 44.417892 44.437507 1.716302e+04
736462 44.623847 44.623847 44.260973 44.388467 4.884105e+04
736463 44.408083 44.408083 43.976556 44.104054 3.815094e+04
736466 44.055014 44.545386 44.055014 44.476734 2.363593e+04
736467 44.457122 44.486543 44.045207 44.172705 2.755890e+04
736468 44.162896 44.457122 44.025592 44.133475 2.451860e+04
736469 43.976556 43.996172 43.780406 43.956941 2.638201e+04
736470 44.094245 44.290394 44.094245 44.192321 4.021050e+04
736473 44.270778 44.270778 44.055013 44.123669 2.863772e+04
736474 44.211937 44.682693 44.211937 44.633653 3.324722e+04
736475 44.800381 44.986722 44.800381 44.927879 3.167803e+04
736476 44.976915 45.035757 44.888647 45.016146 1.686879e+04
736477 44.986721 45.074988 44.908263 44.996530 2.000718e+04
736481 45.025952 45.133834 44.849418 45.006336 3.972013e+04
736482 44.839611 45.025951 44.702308 44.996530 2.952039e+04
736483 44.878838 45.114218 44.878838 45.104413 2.206674e+04
736484 45.065183 45.280944 44.986721 45.202486 3.177610e+04
736487 45.231907 45.516324 45.231907 45.408441 3.501256e+04
736488 45.545744 45.712473 45.545744 45.584975 6.237531e+04
736489 45.712473 45.781124 45.634012 45.712473 5.521588e+04
736490 45.467287 45.565360 45.388826 45.545745 2.922617e+04
736491 45.035758 45.104414 44.770961 44.888648 2.373400e+04
736494 44.741535 44.810187 44.408082 44.408082 4.089702e+04
736495 44.368855 44.368855 44.055013 44.270778 2.324363e+04
736496 44.408081 44.565000 44.329624 44.359045 1.265160e+04
736497 44.015787 44.388467 43.800023 44.388467 1.951680e+04
736498 44.437506 44.535580 44.202127 44.408082 1.686879e+04
736501 45.202486 45.212291 44.878839 44.957300 1.167085e+04
736502 45.084797 45.261332 44.967105 45.065182 2.677431e+04
736503 45.192679 45.320173 45.016145 45.094603 4.638918e+04
736504 45.477093 45.751704 45.310368 45.751704 1.902643e+04
736505 43.564641 44.466927 43.270419 43.750985 1.166104e+05
736508 43.290034 43.545031 42.927160 43.172346 6.924052e+04
736509 43.770600 43.937325 43.554836 43.917710 3.883746e+04
736510 44.427697 44.614041 44.319815 44.427697 4.462385e+04
736511 44.623847 45.045567 44.535580 44.986721 3.030499e+04
736512 44.829803 45.241717 44.829803 45.124025 2.128214e+04
736516 45.084797 45.084797 44.525774 44.761150 2.883387e+04
736517 44.477171 44.813595 44.289167 44.793804 2.513282e+04
736518 45.051068 45.051068 44.556327 44.724541 2.493492e+04
736519 44.942224 45.328124 44.942224 45.229174 2.859600e+04
736522 45.516124 45.714021 45.516124 45.634861 2.493492e+04
736523 45.941602 46.099919 45.872339 45.981182 4.502138e+04
736524 46.060338 46.060338 45.783284 45.951495 4.066767e+04
736525 46.129602 46.258235 46.020758 46.159289 2.889284e+04
736526 46.109812 46.149392 45.951496 46.060339 1.701907e+04
736529 46.020759 46.218656 45.981182 46.060339 3.403815e+04
736530 46.090026 46.090026 45.832759 45.941602 1.889909e+04
736531 46.010865 46.248343 46.010865 46.228552 2.711178e+04
736532 46.169182 46.238446 45.941602 46.080129 2.810126e+04
736533 45.981182 46.238446 45.981182 46.218655 2.463808e+04
736536 46.218656 46.218656 46.000973 46.109812 1.375379e+04
736537 46.238445 46.268128 46.010865 46.198865 3.908450e+04
736538 46.258236 46.367080 46.070236 46.307709 4.719824e+04
736539 46.456133 46.456133 46.090026 46.327499 2.087805e+04
736540 46.327499 46.634239 46.317605 46.584766 1.662328e+04
736543 46.485815 46.762868 46.317604 46.446235 3.285077e+04
736544 46.357182 46.357182 46.040549 46.090026 3.789712e+04
736545 46.070234 46.198865 46.020757 46.198865 5.986360e+04
736546 46.287920 46.406660 46.208763 46.268129 1.523801e+04
736547 46.386869 46.584766 46.386869 46.584766 5.194775e+04
736550 46.683712 46.713395 46.525395 46.624342 2.473702e+04
736551 46.762869 46.921186 46.663922 46.792556 3.037707e+04
736552 46.891503 46.921186 46.762869 46.772766 1.454537e+04
736553 46.891502 47.089399 46.851922 47.059716 2.107594e+04
736554 47.059715 47.079506 46.822239 47.030029 2.829916e+04
736557 47.010239 47.168556 46.980557 47.138873 4.502138e+04
736558 47.010239 47.049819 46.931083 46.960766 2.285701e+04
736559 46.891503 47.000346 46.733187 46.921186 1.731592e+04
736560 46.881610 47.138873 46.881610 47.119083 2.444018e+04
736561 46.822239 47.247716 46.812346 47.000346 2.552861e+04
736564 46.881609 47.000346 46.832136 46.980556 2.186753e+04
736565 47.089399 47.257609 47.030029 47.079506 2.859600e+04
736566 47.069611 47.099293 46.851923 46.851923 1.771171e+04
736567 46.861819 46.921185 46.782659 46.822239 2.028436e+04
736568 47.000347 47.227928 46.525396 46.683713 1.959172e+04
736571 46.604553 46.940977 46.604553 46.891503 1.602959e+04
736572 46.901401 47.000347 46.673816 46.772766 2.869495e+04
736573 46.762869 46.772766 46.525395 46.703503 2.780442e+04
736574 46.762868 46.842029 46.594658 46.822239 3.166339e+04
736575 46.980557 47.198244 46.980557 47.128980 2.582545e+04
736579 47.208136 47.346663 47.178453 47.336770 2.463808e+04
736580 47.346662 47.475297 47.297189 47.356560 4.234979e+04
736581 47.366453 47.406034 47.237824 47.277400 3.344446e+04
736582 46.960765 46.960765 46.258235 46.258235 6.144677e+04
736585 46.020758 46.822240 46.010865 46.762869 3.156444e+04
736586 46.406659 46.406659 45.921811 46.040548 6.065518e+04
736587 45.991076 46.248343 45.991076 46.070235 2.582545e+04
736588 46.040548 46.515498 45.991075 46.446235 3.878765e+04
736589 46.149392 46.238446 46.020758 46.149392 1.870119e+04
736592 46.426446 46.505606 46.218656 46.297816 2.117489e+04
736593 46.466026 46.594659 46.307709 46.337396 2.552861e+04
736594 46.555079 46.990453 46.515498 46.950873 2.800231e+04
736595 47.148771 47.435717 47.148771 47.287297 4.749509e+04
736596 47.049819 47.128979 46.940976 46.980556 4.234979e+04
736599 46.851922 46.851922 46.614449 46.634239 2.968443e+04
736600 46.574869 46.911293 46.574869 46.901400 2.701283e+04
736601 47.079507 47.138873 46.762869 47.138873 2.107594e+04
736602 47.089399 47.128979 46.634239 46.733186 3.938134e+04
736603 46.832136 47.079506 46.772765 46.980556 2.810126e+04
736606 46.980557 46.990454 46.792556 46.921186 1.345694e+04
736607 46.959892 47.009510 46.622479 46.741564 2.987094e+04
736608 46.969817 47.019435 46.811030 46.940042 2.709224e+04
736609 46.791186 46.910271 46.701870 46.880501 1.726758e+04
736610 46.811030 46.811030 46.483544 46.751490 2.272573e+04
736613 46.801108 46.979738 46.801108 46.870575 1.528280e+04
736614 46.731641 46.731641 46.195750 46.364458 5.398601e+04
736615 46.324761 46.394229 46.205676 46.364458 4.495526e+04
736616 46.027045 46.314835 45.828566 46.215598 4.813091e+04
736617 46.374381 46.463696 46.146131 46.225524 1.329802e+04
736620 46.126283 46.205675 46.076664 46.126283 3.116104e+04
736621 46.572858 46.582781 46.423999 46.423999 3.771082e+04
736622 46.543088 46.642326 46.463695 46.592707 6.529926e+04
736623 46.533162 46.622478 46.394228 46.582781 2.480975e+04
736624 46.294992 46.553011 46.294992 46.553011 2.034399e+04
736627 46.701870 46.741563 46.543089 46.622478 3.890168e+04
736628 46.582782 46.632405 46.463697 46.533163 5.180275e+04
736629 46.384307 46.513315 46.245369 46.394229 2.868007e+04
736630 46.582781 46.582781 46.215598 46.235446 6.649012e+04
736631 46.245368 46.324761 46.046894 46.146131 2.629833e+04
736634 46.285064 46.285064 46.106434 46.215598 2.113791e+04
736635 46.473622 46.473622 45.798797 45.987349 1.032086e+05
736636 45.888112 45.967501 45.659858 45.689633 6.371143e+04
736637 45.778947 45.858337 45.590391 45.630088 3.820701e+04
736638 45.560621 45.719403 45.461383 45.461383 5.636775e+04
736641 45.898034 46.175902 45.898034 46.146131 6.252056e+04
736642 46.136209 46.433925 46.027045 46.225524 6.152817e+04
736643 45.947651 46.463695 45.788869 46.374380 7.155131e+04
736644 46.572858 46.572858 45.907955 46.126283 2.512731e+05
736645 45.917881 46.126283 45.828566 46.027045 1.057888e+05
736648 46.056815 46.056815 45.798796 45.878185 5.339058e+04
736649 45.927804 46.265217 45.927804 46.165979 7.681098e+04
736650 46.096512 46.126283 46.027045 46.086586 4.535222e+04
736651 46.136209 46.294991 46.096512 46.215598 1.008268e+05
736652 46.344610 46.344610 45.927804 46.007197 6.152817e+04
736655 46.364458 46.364458 46.156053 46.334684 9.239150e+04
736656 46.513314 46.513314 46.304913 46.513314 6.073426e+04
736657 46.414076 46.414076 46.175901 46.374380 9.894127e+04
736659 46.553011 46.553011 46.384306 46.503392 7.254370e+04
736662 46.562933 46.562933 46.314835 46.334684 6.410839e+04
736663 46.433925 46.612555 46.344610 46.562933 1.534235e+05
736664 46.721719 46.721719 46.394228 46.443847 2.078064e+05
736665 46.523240 46.553011 46.146131 46.265217 1.953023e+05
736666 46.215598 46.374381 46.215598 46.334684 1.433011e+05
736669 46.592708 46.632404 46.473622 46.543089 2.363873e+05
736670 46.582781 46.811030 46.582781 46.791186 1.346673e+05
736671 46.910272 47.366771 46.820957 47.317152 1.243465e+05
736672 47.317151 47.446162 47.198065 47.287381 1.054910e+05
736673 47.366771 47.495783 47.346923 47.406467 1.350643e+05
736676 47.565249 47.565249 47.287382 47.346922 1.121401e+05
736677 47.634717 47.813347 47.545402 47.694261 2.504792e+05
736678 47.565249 47.823269 47.178218 47.178218 1.962947e+05
736679 47.287382 47.356849 47.138522 47.237759 1.700956e+05
736680 47.366771 47.366771 47.088903 47.188140 2.072110e+05
736683 47.327075 47.327075 47.138522 47.198066 1.094606e+05
736684 47.436236 47.436236 47.247684 47.376696 1.294076e+05
736685 47.416390 47.416390 47.257608 47.317152 1.379422e+05
736686 47.247685 47.327074 47.108750 47.207988 1.434003e+05
736687 47.247684 47.297303 47.128599 47.287381 1.534235e+05
736691 47.356848 47.416389 47.277455 47.337000 2.050278e+05
736692 47.610001 47.610001 47.110001 47.169998 1.457000e+05
736693 47.150002 47.279999 47.150002 47.230000 1.007000e+05
736694 47.369999 47.369999 47.080002 47.220001 1.075000e+05
736698 47.360001 47.509998 47.259998 47.439999 5.273000e+05
736699 47.480000 47.820000 47.480000 47.820000 1.302000e+05
736700 47.889999 48.000000 47.830002 48.000000 1.442000e+05
736701 47.950001 48.000000 47.820000 47.939999 1.287000e+05
736704 47.889999 47.900002 47.779999 47.799999 2.356000e+05
736705 47.980000 48.000000 47.840000 47.849998 4.950000e+04
736706 47.990002 48.060001 47.799999 48.060001 5.150000e+04
736707 48.060001 48.060001 47.840000 48.009998 7.120000e+04
736708 48.040001 48.119999 48.029999 48.099998 1.274000e+05
736712 47.939999 48.070000 47.919998 47.959999 2.516000e+05
736713 48.020000 48.020000 47.860001 47.939999 7.830000e+04
736714 47.919998 47.980000 47.669998 47.810001 5.790000e+04
736715 47.880001 47.990002 47.849998 47.950001 8.760000e+04
736718 47.970001 48.049999 47.840000 48.049999 2.711000e+05
736719 48.070000 48.270000 48.060001 48.259998 2.849000e+05
736720 48.500000 48.570000 48.340000 48.549999 7.600000e+04
736721 48.599998 48.599998 48.450001 48.509998 7.600000e+04
736722 48.500000 48.500000 48.349998 48.439999 1.264000e+05
736725 48.200001 48.200001 47.970001 48.189999 1.606000e+05
736726 48.150002 48.230000 48.029999 48.180000 4.100000e+04
736727 48.439999 48.439999 48.169998 48.320000 6.710000e+04
736728 48.310001 48.389999 48.220001 48.270000 4.450000e+04
736729 48.529999 48.590000 48.369999 48.590000 9.360000e+04
736732 48.380001 48.439999 48.299999 48.400002 4.610000e+04
736733 48.459999 48.459999 48.349998 48.389999 5.040000e+04
736734 48.380001 48.500000 48.320000 48.459999 4.600000e+04
736735 48.500000 48.709999 48.500000 48.619999 5.350000e+04
736736 48.750000 48.860001 48.709999 48.849998 4.840000e+04
736739 48.980000 49.060001 48.950001 48.990002 1.328000e+05
736740 49.040001 49.060001 48.799999 49.060001 6.280000e+04
736741 49.049999 49.310001 48.959999 49.310001 1.085000e+05
736742 49.310001 49.310001 49.150002 49.189999 5.670000e+04
736743 49.169998 49.299999 49.090000 49.299999 2.172000e+05
736747 49.419998 49.509998 49.320000 49.480000 7.450000e+04
736748 49.299999 49.509998 49.299999 49.450001 1.272000e+05
736749 49.610001 49.610001 49.380001 49.509998 1.052000e+05
736750 49.250000 49.439999 49.250000 49.419998 4.350000e+04
736753 49.419998 49.470001 49.369999 49.450001 4.710000e+04
736754 49.459999 49.570000 49.279999 49.349998 7.150000e+04
736755 49.709999 49.880001 49.639999 49.799999 4.540000e+04
736756 49.779999 49.779999 49.459999 49.470001 5.520000e+04
736757 49.580002 49.630001 49.430000 49.619999 3.740000e+04
736760 49.580002 49.580002 49.360001 49.490002 3.590000e+04
736761 49.459999 49.500000 49.320000 49.330002 3.620000e+04
736762 49.349998 49.369999 49.180000 49.200001 7.600000e+04
736763 49.240002 49.270000 49.060001 49.240002 4.340000e+04
736764 49.419998 49.480000 49.299999 49.419998 4.090000e+04
