736034 13.670000 13.680000 13.460000 13.550000 6.296000e+05
736035 13.580000 14.060000 13.570000 13.950000 6.571000e+05
736036 13.930000 14.020000 13.450000 13.620000 8.855000e+05
736039 13.710000 13.750000 13.510000 13.550000 6.908000e+05
736040 13.520000 13.520000 13.220000 13.450000 6.509000e+05
736041 13.400000 13.590000 13.320000 13.480000 7.441000e+05
736042 13.460000 13.590000 13.330000 13.430000 5.030000e+05
736043 13.450000 13.610000 13.400000 13.530000 1.339800e+06
736046 13.550000 13.620000 13.260000 13.270000 7.489000e+05
736047 13.230000 13.410000 13.200000 13.290000 5.806000e+05
736048 13.290000 13.290000 12.990000 12.990000 6.948000e+05
736049 12.950000 13.190000 12.630000 13.000000 7.809000e+05
736050 12.980000 13.390000 12.910000 13.150000 5.767000e+05
736053 13.110000 13.330000 12.880000 12.890000 8.803000e+05
736054 12.840000 12.990000 12.630000 12.730000 1.047200e+06
736055 12.730000 12.890000 12.360000 12.520000 1.175100e+06
736056 12.500000 13.060000 12.500000 12.960000 7.162000e+05
736060 12.850000 13.190000 12.800000 12.930000 5.421000e+05
736061 12.910000 13.160000 12.850000 13.030000 1.096400e+06
736062 13.030000 13.060000 12.890000 12.950000 7.686000e+05
736063 12.970000 13.010000 12.720000 12.840000 6.896000e+05
736064 12.820000 12.950000 12.720000 12.880000 3.517000e+05
736067 12.880000 13.060000 12.790000 12.820000 5.855000e+05
736068 12.800000 13.060000 12.800000 13.000000 9.528000e+05
736069 14.490000 15.000000 14.150000 14.970000 5.931800e+06
736070 15.000000 15.200000 14.580000 15.010000 2.089100e+06
736071 14.940000 15.230000 14.750000 15.210000 1.352300e+06
736074 15.210000 15.300000 14.910000 15.030000 9.057000e+05
736075 15.100000 15.140000 14.640000 14.800000 7.697000e+05
736076 14.770000 14.820000 14.450000 14.680000 6.404000e+05
736077 14.700000 15.000000 14.640000 14.910000 1.032100e+06
736078 14.950000 15.010000 14.810000 15.010000 8.036000e+05
736081 14.970000 15.130000 14.850000 14.940000 1.045700e+06
736082 14.990000 15.030000 14.860000 14.960000 7.271000e+05
736083 14.820000 14.940000 14.680000 14.900000 6.626000e+05
736084 14.890000 14.980000 14.730000 14.870000 8.830000e+05
736085 14.820000 14.990000 14.650000 14.960000 9.986000e+05
736088 14.980000 15.220000 14.860000 15.190000 9.455000e+05
736089 15.200000 15.370000 14.880000 14.880000 1.296300e+06
736090 14.930000 15.060000 14.720000 14.920000 6.105000e+05
736091 14.900000 15.050000 14.860000 14.960000 4.402000e+05
736092 15.070000 15.110000 14.930000 14.950000 4.308000e+05
736095 14.890000 15.080000 14.860000 15.030000 4.071000e+05
736096 14.980000 15.080000 14.860000 15.050000 6.014000e+05
736097 15.050000 15.140000 15.000000 15.030000 4.106000e+05
736098 15.050000 15.240000 14.980000 15.130000 4.937000e+05
736099 15.160000 15.450000 15.160000 15.420000 8.275000e+05
736102 15.410000 15.580000 15.410000 15.450000 6.765000e+05
736103 15.430000 15.590000 15.320000 15.370000 4.889000e+05
736104 15.420000 15.430000 15.060000 15.140000 5.267000e+05
736105 15.120000 15.490000 15.070000 15.380000 5.065000e+05
736106 15.370000 15.460000 15.190000 15.200000 4.146000e+05
736110 15.140000 15.190000 14.880000 14.880000 5.778000e+05
736111 14.910000 14.980000 14.620000 14.930000 4.121000e+05
736112 14.870000 14.900000 14.710000 14.750000 3.239000e+05
736113 14.700000 14.910000 14.650000 14.710000 4.474000e+05
736116 14.800000 15.040000 14.670000 14.850000 8.333000e+05
736117 14.760000 15.240000 14.760000 15.120000 5.038000e+05
736118 15.200000 15.480000 15.200000 15.280000 5.313000e+05
736119 15.210000 15.280000 14.970000 15.090000 6.347000e+05
736120 15.080000 15.340000 14.980000 15.340000 3.330000e+05
736123 15.340000 15.400000 15.180000 15.200000 2.886000e+05
736124 15.240000 15.350000 15.100000 15.160000 3.524000e+05
736125 15.240000 15.510000 15.080000 15.320000 6.074000e+05
736126 15.340000 15.450000 15.210000 15.380000 4.119000e+05
736127 15.300000 15.640000 15.300000 15.590000 5.238000e+05
736130 15.570000 15.830000 15.430000 15.770000 6.199000e+05
736131 15.800000 16.000000 15.710000 15.980000 7.585000e+05
736132 16.000000 16.040001 15.750000 15.780000 7.754000e+05
736133 15.880000 16.219999 15.850000 16.100000 1.703400e+06
736134 15.830000 16.299999 15.210000 16.180000 3.416000e+06
736137 16.260000 16.950001 16.110001 16.770000 2.646500e+06
736138 16.830000 16.980000 16.320000 16.770000 1.467800e+06
736139 16.750000 17.000000 16.680000 16.730000 9.758000e+05
736140 16.750000 16.860001 16.650000 16.709999 7.320000e+05
736141 16.959999 17.040001 16.719999 16.799999 1.353300e+06
736144 16.670000 16.700001 16.469999 16.480000 6.562000e+05
736145 16.559999 16.670000 16.400000 16.590000 6.181000e+05
736146 16.700001 16.730000 16.540001 16.660000 8.167000e+05
736147 16.700001 16.730000 16.469999 16.480000 7.438000e+05
736151 16.379999 16.549999 16.209999 16.510000 7.871000e+05
736152 16.559999 16.650000 16.129999 16.580000 9.090000e+05
736153 16.480000 16.600000 16.280001 16.450001 7.425000e+05
736154 16.559999 16.650000 16.129999 16.260000 8.455000e+05
736155 16.389999 16.469999 16.200001 16.440001 4.927000e+05
736158 16.500000 16.700001 16.440001 16.530001 5.924000e+05
736159 16.520000 16.719999 16.469999 16.520000 4.611000e+05
736160 16.540001 16.730000 16.400000 16.410000 5.253000e+05
736161 16.469999 16.840000 16.469999 16.770000 6.492000e+05
736162 16.809999 16.850000 16.290001 16.350000 5.637000e+05
736165 16.430000 16.590000 16.270000 16.480000 5.775000e+05
736166 16.440001 16.600000 16.280001 16.350000 4.429000e+05
736167 16.250000 16.480000 16.230000 16.420000 3.262000e+05
736168 16.379999 16.379999 16.110001 16.270000 5.992000e+05
736169 16.170000 16.280001 15.730000 15.810000 8.370000e+05
736172 15.670000 15.870000 15.560000 15.840000 4.746000e+05
736173 15.890000 16.120001 15.560000 16.080000 6.266000e+05
736174 16.110001 16.129999 15.660000 16.000000 5.575000e+05
736175 15.920000 16.230000 15.890000 16.070000 4.603000e+05
736176 16.040001 16.450001 15.940000 16.219999 4.444000e+05
736179 16.180000 16.370001 15.520000 15.570000 9.583000e+05
736180 15.500000 15.830000 15.450000 15.790000 7.000000e+05
736181 15.850000 16.719999 15.850000 16.639999 1.013200e+06
736182 16.639999 16.809999 16.450001 16.510000 7.860000e+05
736183 16.500000 16.600000 16.320000 16.410000 5.722000e+05
736186 16.530001 16.760000 16.480000 16.600000 6.881000e+05
736187 16.610001 16.870001 16.610001 16.719999 6.631000e+05
736188 16.650000 16.990000 16.420000 16.900000 4.996000e+05
736189 16.990000 17.260000 16.799999 16.969999 6.059000e+05
736190 16.910000 17.080000 16.730000 17.070000 4.420000e+05
736193 17.090000 17.330000 17.000000 17.290001 5.729000e+05
736194 17.350000 17.350000 16.969999 16.990000 4.739000e+05
736195 16.900000 17.040001 16.540001 16.709999 5.652000e+05
736196 16.660000 16.920000 16.480000 16.480000 6.073000e+05
736197 16.209999 16.680000 15.900000 16.490000 1.163800e+06
736200 14.940000 15.510000 14.710000 15.510000 1.389900e+06
736201 16.000000 16.200001 15.320000 15.380000 9.058000e+05
736202 15.650000 16.090000 15.480000 15.950000 6.704000e+05
736203 16.100000 16.340000 15.810000 16.219999 1.032600e+06
736204 17.250000 18.150000 17.030001 18.030001 5.069000e+06
736207 18.100000 18.440001 17.969999 18.080000 1.981700e+06
736208 17.780001 18.740000 17.750000 18.379999 2.403400e+06
736209 18.750000 18.830000 18.139999 18.340000 1.741300e+06
736210 18.440001 18.540001 18.110001 18.330000 1.099900e+06
736211 18.170000 18.440001 18.139999 18.160000 7.640000e+05
736215 18.440001 18.740000 18.250000 18.600000 1.315400e+06
736216 18.790001 19.020000 18.700001 18.740000 1.428500e+06
736217 18.760000 19.219999 18.760000 18.879999 8.649000e+05
736218 18.879999 18.959999 18.590000 18.780001 6.888000e+05
736221 18.879999 19.000000 18.740000 18.969999 9.544000e+05
736222 18.969999 19.010000 18.250000 18.410000 1.195400e+06
736223 18.490000 19.000000 18.420000 18.730000 7.009000e+05
736224 18.639999 18.760000 18.370001 18.400000 8.986000e+05
736225 18.190001 18.500000 17.610001 17.660000 1.421100e+06
736228 17.709999 17.889999 17.309999 17.400000 1.170900e+06
736229 17.309999 17.469999 17.160000 17.400000 8.741000e+05
736230 17.510000 17.730000 17.400000 17.549999 5.890000e+05
736231 17.370001 17.730000 17.250000 17.639999 5.549000e+05
736232 17.870001 17.920000 17.510000 17.559999 6.505000e+05
736235 17.469999 17.540001 16.820000 16.860001 1.040000e+06
736236 16.950001 17.059999 16.450001 16.840000 7.928000e+05
736237 16.879999 17.059999 16.700001 16.870001 5.949000e+05
736238 16.840000 16.870001 16.330000 16.629999 1.014100e+06
736239 16.520000 16.740000 16.370001 16.600000 1.225500e+06
736242 16.580000 17.940001 16.580000 17.809999 1.425700e+06
736243 17.860001 18.000000 17.400000 17.520000 9.569000e+05
736244 17.559999 17.990000 17.549999 17.639999 7.966000e+05
736245 17.590000 18.200001 17.500000 18.129999 9.744000e+05
736246 18.260000 18.270000 17.940001 18.180000 6.354000e+05
736249 18.230000 18.620001 18.110001 18.430000 8.229000e+05
736250 18.590000 18.930000 18.299999 18.580000 1.236200e+06
736251 18.660000 18.840000 18.500000 18.559999 1.191200e+06
736252 18.520000 18.750000 18.049999 18.740000 1.103900e+06
736253 18.690001 18.969999 18.379999 18.629999 8.745000e+05
736256 18.530001 18.850000 18.510000 18.780001 6.408000e+05
736257 18.690001 18.820000 18.459999 18.700001 4.699000e+05
736258 18.790001 18.799999 18.309999 18.330000 7.000000e+05
736259 18.340000 18.500000 18.110001 18.180000 9.752000e+05
736260 18.250000 18.330000 17.830000 17.950001 7.625000e+05
736263 17.910000 18.040001 17.660000 17.760000 6.335000e+05
736264 17.750000 18.000000 17.580000 17.700001 3.875000e+05
736265 17.690001 18.160000 17.660000 18.129999 6.871000e+05
736266 18.139999 18.290001 17.930000 18.190001 6.177000e+05
736267 18.139999 18.230000 17.790001 17.860001 6.986000e+05
736270 17.879999 18.100000 17.469999 17.910000 7.629000e+05
736271 17.860001 18.209999 17.549999 17.950001 6.521000e+05
736272 17.940001 18.129999 17.570000 17.639999 7.847000e+05
736273 17.600000 17.740000 17.049999 17.379999 8.292000e+05
736274 17.360001 18.240000 17.250000 18.170000 7.352000e+05
736277 18.170000 18.170000 17.500000 17.650000 4.319000e+05
736278 17.610001 17.959999 17.530001 17.910000 3.921000e+05
736279 17.879999 17.990000 17.520000 17.610001 3.904000e+05
736280 17.540001 17.780001 17.290001 17.610001 4.892000e+05
736281 17.490000 17.580000 17.129999 17.139999 6.438000e+05
736284 17.780001 17.900000 17.049999 17.490000 8.766000e+05
736285 17.540001 17.639999 17.260000 17.320000 5.476000e+05
736286 17.330000 17.990000 17.280001 17.700001 8.551000e+05
736287 17.719999 17.740000 17.360001 17.680000 8.717000e+05
736288 17.750000 18.090000 17.540001 17.969999 8.510000e+05
736291 18.030001 18.400000 17.930000 18.270000 7.261000e+05
736292 18.260000 18.820000 18.010000 18.650000 8.866000e+05
736293 18.700001 18.790001 18.379999 18.549999 5.131000e+05
736295 18.580000 18.690001 18.389999 18.650000 1.790000e+05
736298 18.650000 18.680000 18.190001 18.340000 5.849000e+05
736299 18.469999 18.559999 18.219999 18.420000 5.718000e+05
736300 18.549999 18.600000 18.180000 18.330000 1.109800e+06
736301 18.580000 19.000000 18.139999 18.360001 1.538200e+06
736302 18.650000 19.059999 18.420000 18.990000 1.583800e+06
736305 19.690001 20.620001 19.100000 20.440001 6.468300e+06
736306 20.850000 21.500000 20.459999 21.389999 6.864000e+06
736307 21.250000 22.250000 20.500000 21.639999 6.203600e+06
736308 21.719999 23.330000 21.719999 23.000000 7.335500e+06
736309 23.049999 23.459999 22.400000 23.450001 5.012000e+06
736312 23.790001 23.950001 23.270000 23.780001 3.796900e+06
736313 23.790001 24.059999 21.120001 21.420000 6.222300e+06
736314 21.480000 22.370001 21.459999 21.950001 2.911100e+06
736315 22.240000 22.340000 21.520000 21.570000 1.699300e+06
736316 21.309999 21.700001 21.070000 21.340000 2.240000e+06
736319 21.650000 22.049999 21.629999 21.920000 1.253400e+06
736320 21.950001 22.330000 21.490000 22.209999 1.535100e+06
736321 22.219999 22.330000 21.770000 22.040001 1.236700e+06
736322 21.920000 22.120001 21.780001 21.990000 4.193000e+05
736326 21.959999 22.110001 21.660000 21.950001 7.583000e+05
736327 21.950001 22.570000 21.900000 22.240000 9.290000e+05
736328 22.270000 22.549999 22.090000 22.139999 6.383000e+05
736329 22.020000 22.209999 21.820000 21.980000 1.020300e+06
736333 21.840000 23.590000 21.760000 23.280001 4.198700e+06
736334 25.590000 26.540001 25.010000 25.860001 1.497320e+07
736335 25.360001 25.370001 24.070000 24.709999 6.161600e+06
736336 24.160000 25.299999 23.570000 23.620001 4.101200e+06
736337 24.110001 24.600000 22.500000 22.629999 3.279100e+06
736340 22.709999 22.879999 21.629999 22.299999 3.149000e+06
736341 22.350000 22.709999 21.709999 22.620001 2.510300e+06
736342 22.650000 22.820000 20.870001 21.059999 2.345300e+06
736343 21.059999 21.250000 20.330000 20.820000 2.969100e+06
736344 20.209999 20.670000 19.799999 20.549999 2.570600e+06
736348 20.740000 21.040001 19.840000 20.200001 2.096900e+06
736349 19.790001 20.520000 19.180000 20.290001 2.205400e+06
736350 20.290001 20.990000 20.250000 20.530001 2.322600e+06
736351 20.740000 21.070000 20.590000 20.799999 1.292700e+06
736354 21.090000 21.709999 20.639999 20.900000 1.775700e+06
736355 21.000000 21.280001 20.610001 21.219999 1.241900e+06
736356 20.900000 21.150000 19.959999 20.120001 1.472800e+06
736357 20.370001 20.530001 20.010000 20.420000 1.173200e+06
736358 20.510000 21.600000 20.510000 21.559999 2.174700e+06
736361 21.450001 22.040001 21.180000 21.680000 2.026900e+06
736362 21.450001 22.090000 21.309999 22.020000 1.559800e+06
736363 22.200001 22.240000 21.250000 21.639999 1.240100e+06
736364 21.500000 21.850000 20.920000 21.840000 1.484100e+06
736365 21.680000 21.990000 21.379999 21.400000 1.624400e+06
736368 21.290001 21.330000 20.400000 21.290001 1.652900e+06
736369 21.040001 21.760000 20.860001 21.040001 1.826500e+06
736370 21.160000 22.080000 21.150000 21.850000 1.494000e+06
736371 21.520000 22.480000 21.500000 22.080000 1.820100e+06
736372 22.280001 22.879999 21.680000 22.840000 1.805300e+06
736376 23.930000 23.950001 23.170000 23.510000 2.062900e+06
736377 23.680000 23.740000 22.910000 23.190001 1.880900e+06
736378 23.299999 24.520000 22.940001 23.799999 1.954900e+06
736379 23.629999 24.020000 23.230000 23.610001 1.293100e+06
736382 23.930000 24.010000 22.950001 23.270000 1.419400e+06
736383 23.290001 23.889999 23.090000 23.600000 1.057400e+06
736384 23.480000 24.150000 23.240000 23.940001 1.209500e+06
736385 24.170000 24.870001 24.080000 24.790001 1.915300e+06
736386 25.000000 25.299999 24.500000 24.740000 1.329700e+06
736389 25.219999 25.950001 25.000000 25.360001 2.386800e+06
736390 25.549999 25.940001 25.370001 25.750000 2.541000e+06
736391 25.770000 25.879999 24.650000 25.280001 2.727900e+06
736392 25.530001 25.620001 24.920000 25.400000 2.876200e+06
736393 26.799999 27.990000 25.780001 27.049999 1.196320e+07
736396 27.000000 27.000000 24.950001 25.940001 4.831900e+06
736397 25.670000 27.340000 25.540001 26.889999 3.551000e+06
736398 27.160000 28.490000 27.110001 28.240000 4.089500e+06
736399 28.629999 28.650000 27.410000 27.920000 2.790000e+06
736400 28.150000 28.250000 27.610001 28.110001 1.619900e+06
736403 28.260000 28.719999 28.100000 28.370001 1.780700e+06
736404 28.209999 28.559999 28.020000 28.129999 1.498200e+06
736405 28.000000 28.559999 27.799999 28.520000 1.417900e+06
736406 28.549999 29.520000 28.370001 29.370001 2.378100e+06
736407 29.610001 30.440001 29.180000 29.280001 3.102200e+06
736410 28.950001 29.860001 28.620001 29.240000 2.165600e+06
736411 29.500000 29.590000 29.129999 29.230000 1.613600e+06
736412 29.400000 29.680000 29.020000 29.049999 1.357400e+06
736413 28.850000 28.900000 26.100000 26.520000 5.354500e+06
736417 26.959999 27.889999 26.600000 26.920000 3.350400e+06
736418 26.940001 27.469999 26.370001 27.330000 2.323300e+06
736419 27.450001 27.500000 26.559999 27.000000 2.484400e+06
736420 26.889999 27.150000 26.559999 26.620001 1.415100e+06
736421 26.500000 27.770000 26.350000 27.760000 2.832200e+06
736424 25.910000 25.920000 22.450001 22.780001 1.423390e+07
736425 22.809999 23.760000 22.809999 23.350000 4.730500e+06
736426 23.549999 24.110001 23.290001 23.490000 2.927900e+06
736427 23.379999 23.879999 23.219999 23.690001 2.025400e+06
736428 23.799999 23.840000 23.020000 23.280001 1.809500e+06
736431 23.299999 23.440001 22.830000 22.860001 1.774600e+06
736432 22.809999 22.959999 22.290001 22.700001 2.430800e+06
736433 22.750000 22.980000 22.330000 22.639999 2.047700e+06
736434 22.559999 22.910000 22.250000 22.660000 2.083700e+06
736435 22.620001 22.690001 21.799999 21.969999 2.962800e+06
736438 21.620001 22.379999 21.389999 22.320000 1.937600e+06
736439 22.420000 22.500000 22.010000 22.260000 1.205700e+06
736440 22.200001 22.440001 22.200001 22.240000 1.109800e+06
736441 22.299999 22.320000 21.799999 21.850000 9.756000e+05
736442 21.900000 22.459999 21.799999 22.400000 1.145200e+06
736445 22.250000 22.389999 22.059999 22.180000 9.197000e+05
736446 22.129999 22.500000 22.010000 22.370001 1.409200e+06
736447 22.350000 22.660000 22.160000 22.480000 1.437000e+06
736448 22.280001 22.469999 21.870001 21.930000 1.055600e+06
736449 21.930000 22.000000 21.580000 21.830000 1.172500e+06
736452 21.799999 23.080000 21.750000 22.840000 2.123000e+06
736453 23.500000 23.500000 22.500000 23.170000 2.316200e+06
736454 23.020000 23.209999 22.250000 22.660000 1.496000e+06
736455 22.670000 23.020000 22.450001 22.870001 9.440000e+05
736456 22.770000 22.799999 21.889999 22.160000 1.707400e+06
736459 22.230000 23.299999 22.100000 23.120001 1.586900e+06
736460 23.160000 23.330000 22.750000 23.080000 1.010200e+06
736461 22.950001 23.000000 22.530001 22.760000 1.220400e+06
736462 22.760000 22.930000 22.600000 22.850000 7.472000e+05
736463 22.820000 23.040001 22.580000 22.719999 5.626000e+05
736466 22.670000 23.180000 22.620001 23.070000 6.998000e+05
736467 22.959999 23.139999 22.430000 22.600000 9.235000e+05
736468 22.520000 22.799999 22.160000 22.430000 6.919000e+05
736469 22.389999 22.940001 22.330000 22.879999 7.800000e+05
736470 22.930000 23.150000 22.820000 23.150000 8.710000e+05
736473 23.150000 23.360001 23.049999 23.070000 8.196000e+05
736474 23.150000 23.959999 23.150000 23.799999 1.171300e+06
736475 23.860001 24.000000 23.510000 23.740000 1.196700e+06
736476 23.820000 24.379999 23.750000 24.260000 1.065900e+06
736477 24.260000 24.330000 23.799999 24.000000 1.043300e+06
736481 24.070000 24.430000 24.010000 24.370001 8.826000e+05
736482 24.309999 24.790001 24.209999 24.600000 1.476000e+06
736483 24.500000 24.600000 24.190001 24.410000 1.275600e+06
736484 24.379999 24.790001 22.389999 22.680000 5.329700e+06
736487 22.740000 22.969999 21.360001 21.540001 3.904500e+06
736488 21.590000 21.700001 21.110001 21.520000 2.224800e+06
736489 21.500000 22.379999 21.150000 21.730000 2.355000e+06
736490 21.690001 22.540001 21.500000 22.010000 2.508000e+06
736491 21.799999 22.139999 21.299999 21.410000 1.454300e+06
736494 23.400000 23.889999 22.500000 22.879999 8.265100e+06
736495 23.340000 23.350000 21.389999 21.860001 4.767400e+06
736496 21.889999 22.090000 21.420000 21.480000 2.572200e+06
736497 21.820000 21.980000 21.309999 21.750000 4.370500e+06
736498 24.110001 24.150000 23.049999 23.650000 1.167320e+07
736501 23.950001 24.500000 23.660000 24.209999 4.060600e+06
736502 24.299999 24.840000 24.120001 24.760000 2.814400e+06
736503 24.790001 25.700001 24.760000 25.480000 3.068100e+06
736504 25.740000 25.830000 25.110001 25.330000 2.276000e+06
736505 24.070000 25.920000 23.889999 25.840000 3.960900e+06
736508 25.840000 26.379999 25.230000 25.610001 2.912900e+06
736509 25.639999 26.240000 25.620001 26.059999 1.749800e+06
736510 26.450001 26.690001 26.230000 26.660000 2.250900e+06
736511 26.750000 27.330000 26.639999 27.180000 2.061800e+06
736512 27.209999 27.940001 26.840000 27.770000 2.854800e+06
736516 28.139999 28.200001 27.459999 27.799999 2.851300e+06
736517 27.799999 28.389999 27.690001 28.330000 2.079000e+06
736518 28.299999 28.520000 28.040001 28.290001 1.833600e+06
736519 29.750000 29.750000 28.740000 29.070000 4.906400e+06
736522 29.549999 29.600000 28.799999 29.350000 3.001500e+06
736523 29.209999 29.490000 27.309999 28.580000 3.884900e+06
736524 28.010000 28.740000 28.000000 28.420000 1.560100e+06
736525 28.500000 28.889999 28.230000 28.440001 1.829800e+06
736526 28.709999 28.930000 27.360001 28.350000 2.582000e+06
736529 28.760000 29.270000 28.629999 28.780001 2.278100e+06
736530 28.700001 28.879999 28.440001 28.760000 1.294100e+06
736531 28.709999 29.120001 28.639999 28.730000 1.116100e+06
736532 28.740000 28.860001 28.370001 28.469999 1.198000e+06
736533 28.430000 28.850000 28.000000 28.650000 9.640000e+05
736536 28.750000 29.459999 28.750000 29.370001 1.947400e+06
736537 29.540001 30.400000 29.500000 29.790001 2.486700e+06
736538 29.950001 30.160000 29.730000 29.830000 1.706200e+06
736539 29.820000 29.879999 29.280001 29.480000 1.191100e+06
736540 29.440001 29.799999 28.700001 29.450001 2.065600e+06
736543 29.770000 30.590000 29.700001 30.360001 2.094300e+06
736544 30.370001 30.480000 29.629999 29.799999 1.253700e+06
736545 29.620001 29.900000 28.950001 29.730000 1.719900e+06
736546 29.670000 30.150000 29.520000 29.580000 1.181700e+06
736547 29.670000 30.000000 29.620001 29.719999 9.480000e+05
736550 29.900000 30.059999 29.320000 29.540001 1.170200e+06
736551 29.520000 30.010000 29.469999 29.719999 9.289000e+05
736552 29.809999 30.090000 29.610001 29.879999 8.935000e+05
736553 29.840000 31.190001 29.830000 29.879999 1.542300e+06
736554 29.799999 30.160000 29.580000 29.680000 1.136700e+06
736557 29.780001 30.040001 29.340000 29.430000 1.313800e+06
736558 29.299999 29.420000 28.600000 28.830000 1.396500e+06
736559 28.690001 28.860001 28.160000 28.530001 1.239800e+06
736560 28.459999 28.879999 28.410000 28.809999 7.666000e+05
736561 28.809999 28.840000 28.469999 28.530001 6.759000e+05
736564 28.500000 28.690001 28.200001 28.600000 8.200000e+05
736565 28.620001 29.090000 28.559999 28.820000 1.142000e+06
736566 28.700001 29.430000 28.510000 29.250000 1.259700e+06
736567 29.500000 29.969999 29.400000 29.830000 1.752000e+06
736568 30.000000 30.080000 28.570000 28.840000 2.739600e+06
736571 28.910000 29.820000 28.870001 29.430000 1.900300e+06
736572 29.830000 30.040001 29.299999 29.580000 1.817000e+06
736573 29.500000 29.620001 27.690001 28.150000 3.892500e+06
736574 28.700001 29.590000 28.400000 29.580000 4.362600e+06
736575 29.100000 29.250000 27.080000 27.690001 1.028660e+07
736579 27.990000 28.090000 27.290001 27.959999 3.849500e+06
736580 27.840000 28.040001 27.610001 28.030001 2.292500e+06
736581 27.910000 28.000000 27.760000 27.889999 1.805100e+06
736582 27.620001 28.150000 27.540001 27.540001 2.302400e+06
736585 27.250000 27.389999 26.549999 26.920000 3.101000e+06
736586 26.790001 26.980000 26.549999 26.709999 1.758900e+06
736587 26.620001 27.080000 26.469999 26.610001 2.384300e+06
736588 26.639999 27.320000 26.530001 27.320000 1.412100e+06
736589 27.320000 27.340000 26.900000 27.330000 1.647700e+06
736592 27.660000 28.190001 27.610001 27.969999 2.114000e+06
736593 27.969999 27.990000 27.290001 27.309999 1.560200e+06
736594 27.330000 27.820000 27.320000 27.799999 1.475400e+06
736595 27.850000 27.969999 27.340000 27.610001 1.575100e+06
736596 27.559999 27.840000 27.500000 27.559999 9.019000e+05
736599 26.500000 26.600000 25.379999 25.530001 5.491900e+06
736600 25.639999 26.139999 25.360001 25.860001 2.595300e+06
736601 25.799999 26.000000 25.690001 26.000000 1.511400e+06
736602 25.940001 26.090000 25.730000 25.820000 1.386200e+06
736603 25.940001 26.690001 25.860001 26.590000 1.729700e+06
736606 26.370001 26.740000 26.370001 26.580000 1.708700e+06
736607 27.250000 27.250000 25.870001 26.240000 1.851900e+06
736608 26.260000 26.570000 26.129999 26.160000 9.176000e+05
736609 25.350000 25.510000 24.580000 25.209999 3.814200e+06
736610 25.139999 25.530001 24.610001 25.330000 1.896000e+06
736613 25.410000 25.750000 25.270000 25.590000 1.277800e+06
736614 25.510000 25.540001 24.980000 25.030001 1.185700e+06
736615 25.000000 25.590000 24.930000 25.290001 7.897000e+05
736616 25.170000 25.580000 25.049999 25.379999 9.108000e+05
736617 25.480000 25.840000 25.299999 25.309999 9.014000e+05
736620 25.500000 26.250000 25.450001 25.969999 1.610800e+06
736621 26.170000 26.370001 25.860001 26.250000 1.491600e+06
736622 26.280001 26.580000 26.020000 26.500000 8.722000e+05
736623 26.600000 26.780001 26.410000 26.639999 1.028800e+06
736624 26.510000 26.610001 26.219999 26.590000 9.098000e+05
736627 26.760000 26.910000 26.400000 26.799999 6.885000e+05
736628 27.120001 27.120001 26.590000 26.690001 9.786000e+05
736629 26.559999 26.780001 26.190001 26.270000 8.661000e+05
736630 26.480000 26.510000 25.520000 25.730000 1.323500e+06
736631 25.700001 26.180000 25.650000 25.709999 8.663000e+05
736634 25.920000 26.450001 25.610001 26.430000 8.890000e+05
736635 26.400000 26.480000 25.780001 26.059999 1.645100e+06
736636 26.250000 26.580000 26.150000 26.320000 1.496700e+06
736637 26.400000 26.820000 26.260000 26.690001 9.645000e+05
736638 26.809999 28.049999 26.750000 27.240000 2.488500e+06
736641 28.170000 28.200001 27.700001 27.850000 2.077100e+06
736642 28.100000 28.570000 27.889999 28.450001 2.127700e+06
736643 25.250000 26.209999 23.500000 24.120001 1.131930e+07
736644 24.510000 24.799999 21.920000 21.980000 8.834900e+06
736645 22.240000 22.660000 21.020000 21.240000 5.487600e+06
736648 21.900000 23.590000 21.500000 23.580000 5.755000e+06
736649 23.740000 24.459999 23.190001 23.660000 3.072000e+06
736650 23.750000 24.370001 23.500000 23.990000 2.004800e+06
736651 24.320000 24.740000 24.219999 24.400000 1.871800e+06
736652 24.530001 25.010000 23.959999 24.129999 2.117800e+06
736655 24.160000 24.920000 23.930000 24.139999 2.913700e+06
736656 24.049999 24.230000 23.660000 24.010000 2.328900e+06
736657 23.830000 24.160000 23.280001 23.510000 2.260900e+06
736659 23.450001 23.900000 23.370001 23.820000 9.324000e+05
736662 23.590000 24.049999 22.879999 23.879999 2.130500e+06
736663 23.950001 24.600000 23.930000 24.000000 1.930500e+06
736664 24.040001 24.110001 23.059999 23.330000 2.350600e+06
736665 23.389999 24.170000 23.080000 23.980000 3.370200e+06
736666 22.219999 22.400000 21.020000 21.100000 8.927400e+06
736669 21.450001 21.600000 20.500000 20.930000 4.384600e+06
736670 21.059999 21.129999 20.719999 20.889999 3.344900e+06
736671 20.770000 20.879999 20.459999 20.549999 2.537800e+06
736672 20.590000 21.530001 20.410000 21.230000 2.910300e+06
736673 21.490000 21.650000 20.840000 21.070000 1.817100e+06
736676 20.930000 21.610001 20.920000 21.090000 1.742300e+06
736677 21.350000 21.490000 21.070000 21.260000 1.812200e+06
736678 21.299999 21.799999 21.170000 21.200001 1.853500e+06
736679 21.160000 21.500000 21.070000 21.150000 1.465300e+06
736680 21.200001 21.629999 21.170000 21.590000 2.248200e+06
736683 21.660000 21.900000 21.530001 21.809999 1.543300e+06
736684 21.930000 22.139999 21.809999 21.969999 1.417300e+06
736685 22.000000 22.209999 21.980000 22.010000 8.632000e+05
736686 21.969999 21.980000 21.299999 21.600000 1.282700e+06
736687 21.600000 22.170000 21.520000 22.110001 1.162700e+06
736691 21.410000 21.930000 21.350000 21.559999 2.313100e+06
736692 21.540001 21.700001 21.049999 21.110001 1.604900e+06
736693 21.110001 21.450001 21.049999 21.330000 1.025000e+06
736694 21.340000 21.490000 21.059999 21.080000 1.662400e+06
736698 21.190001 21.600000 21.000000 21.510000 1.046700e+06
736699 21.110001 21.400000 20.809999 20.900000 2.258900e+06
736700 20.690001 21.240000 20.620001 21.230000 1.460900e+06
736701 21.090000 21.190001 20.770000 21.000000 1.387000e+06
736704 21.000000 21.139999 20.850000 21.000000 9.437000e+05
736705 20.990000 21.000000 20.459999 20.580000 1.581200e+06
736706 20.559999 20.580000 20.020000 20.309999 1.344300e+06
736707 20.309999 20.719999 20.070000 20.620001 1.378300e+06
736708 20.680000 20.930000 20.430000 20.600000 1.097300e+06
736712 20.500000 20.830000 20.320000 20.719999 1.229100e+06
736713 20.719999 20.780001 20.260000 20.459999 1.592900e+06
736714 20.340000 20.650000 20.049999 20.260000 1.308000e+06
736715 20.219999 20.420000 20.110001 20.129999 9.664000e+05
736718 20.080000 20.219999 20.010000 20.120001 1.009400e+06
736719 20.000000 20.799999 19.889999 20.740000 1.819600e+06
736720 20.799999 20.940001 20.520000 20.889999 1.076700e+06
736721 20.940001 20.940001 20.660000 20.799999 1.085100e+06
736722 20.730000 20.750000 20.330000 20.580000 8.276000e+05
736725 20.400000 20.570000 20.000000 20.200001 9.757000e+05
736726 20.330000 21.840000 20.330000 21.299999 3.948000e+06
736727 21.020000 21.370001 21.020000 21.240000 1.408000e+06
736728 20.950001 21.180000 20.500000 20.520000 1.732900e+06
736729 20.549999 20.770000 20.030001 20.120001 1.882000e+06
736732 20.120001 20.230000 19.920000 20.000000 1.310400e+06
736733 20.020000 20.120001 19.469999 19.610001 1.650500e+06
736734 19.549999 20.360001 19.370001 20.290001 1.535400e+06
736735 19.520000 20.219999 19.270000 19.670000 1.802200e+06
736736 19.680000 20.200001 19.660000 20.070000 1.169000e+06
736739 19.790001 19.830000 18.809999 19.230000 2.521200e+06
736740 19.150000 19.469999 19.090000 19.219999 1.108500e+06
736741 19.120001 19.219999 18.760000 18.840000 1.801100e+06
736742 18.580000 19.490000 18.200001 19.400000 2.423500e+06
736743 19.389999 19.410000 19.080000 19.219999 9.738000e+05
736747 19.139999 19.530001 19.139999 19.230000 1.028700e+06
736748 19.150000 19.440001 19.110001 19.330000 7.472000e+05
736749 19.430000 19.680000 19.340000 19.400000 9.722000e+05
736750 19.299999 19.500000 19.170000 19.450001 1.160000e+06
736753 19.420000 19.799999 19.330000 19.730000 1.208600e+06
736754 19.580000 19.760000 19.379999 19.440001 1.587400e+06
736755 19.400000 19.590000 19.059999 19.450001 1.784600e+06
736756 19.340000 19.660000 19.309999 19.379999 2.026100e+06
736757 18.120001 19.200001 17.500000 18.830000 5.734100e+06
736760 18.629999 19.070000 18.340000 19.040001 3.248700e+06
736761 18.910000 19.270000 18.900000 19.139999 2.265800e+06
736762 19.059999 19.629999 18.969999 19.590000 1.891300e+06
736763 19.549999 19.590000 19.139999 19.200001 2.531400e+06
736764 19.190001 19.639999 19.150000 19.520000 1.913900e+06
