736034 9.400000 9.400000 9.020000 9.020000 8.000000e+03
736035 8.890000 9.022000 8.520000 8.960000 3.630000e+04
736036 8.659000 9.150000 8.580000 8.760000 1.070000e+04
736039 8.860000 9.290000 8.850000 9.190000 1.300000e+04
736040 9.100000 9.250000 8.830000 9.250000 3.410000e+04
736041 9.200000 9.200000 8.850000 9.000000 1.790000e+04
736042 8.940000 9.250000 8.890000 9.080000 2.010000e+04
736043 9.000000 9.140000 8.980000 9.050000 1.850000e+04
736046 9.050000 9.120000 8.810000 9.085000 8.400000e+03
736047 9.090000 9.140000 9.050000 9.100000 1.160000e+04
736048 9.080000 9.090000 8.620000 8.920000 2.480000e+04
736049 8.900000 9.080000 8.640000 8.840000 5.740000e+04
736050 8.850000 9.290000 8.780000 9.170000 1.900000e+04
736053 9.200000 9.620000 9.200000 9.520000 4.750000e+04
736054 9.000000 9.190000 8.800000 8.910000 6.740000e+04
736055 8.950000 9.440000 8.160000 8.170000 5.270000e+04
736056 8.200000 9.240000 8.000000 8.970000 8.140000e+04
736060 9.080000 9.640000 8.641000 9.400000 4.620000e+04
736061 9.400000 9.400000 8.570000 8.575000 4.330000e+04
736062 8.980000 9.010000 8.550000 8.640000 3.290000e+04
736063 8.690000 9.000000 8.690000 8.840000 2.980000e+04
736064 8.870000 9.108000 8.690000 8.820000 1.860000e+04
736067 8.660000 8.970000 8.650000 8.850000 3.530000e+04
736068 9.000000 9.000000 8.810000 8.990000 4.880000e+04
736069 8.920000 8.920000 8.660000 8.810000 1.230000e+04
736070 8.820000 8.960000 8.660000 8.710000 1.850000e+04
736071 8.570000 8.760000 8.400000 8.400000 2.850000e+04
736074 8.370000 8.720000 8.250000 8.460000 1.480000e+04
736075 8.890000 8.950000 8.590000 8.590000 6.050000e+04
736076 8.590000 8.872000 8.400000 8.480000 1.180000e+04
736077 8.550000 8.770000 8.490000 8.745000 1.720000e+04
736078 8.630000 8.800000 8.420000 8.560000 5.210000e+04
736081 8.560000 8.900000 8.410000 8.500000 2.330000e+04
736082 8.420000 8.460000 8.180000 8.430000 2.110000e+04
736083 8.161000 8.450000 8.161000 8.450000 1.710000e+04
736084 8.360000 8.360000 7.990000 7.990000 3.400000e+04
736085 8.120000 8.500000 7.406000 7.570000 2.750000e+04
736088 7.860000 8.210000 7.775000 8.040000 8.670000e+04
736089 8.000000 8.170000 7.500000 7.640000 3.200000e+04
736090 7.650000 7.870000 7.430000 7.660000 1.520000e+04
736091 7.590000 8.108000 7.500000 7.590000 1.380000e+04
736092 7.660000 7.780000 7.600000 7.750000 1.200000e+04
736095 7.650000 7.800000 7.504000 7.550000 1.630000e+04
736096 7.500000 7.570000 7.500000 7.570000 4.400000e+03
736097 7.520000 7.850000 7.520000 7.670000 1.210000e+04
736098 7.700000 7.700000 7.500000 7.590000 1.830000e+04
736099 7.400000 7.700000 7.400000 7.680000 2.490000e+04
736102 7.780000 7.930000 7.620000 7.880000 1.900000e+04
736103 7.790000 7.790000 7.495000 7.690000 1.560000e+04
736104 7.620000 7.680000 7.560000 7.680000 1.080000e+04
736105 7.670000 7.680000 7.580000 7.630000 1.680000e+04
736106 7.600000 7.920000 7.600000 7.870000 9.170000e+04
736110 7.950000 7.950000 7.730000 7.840000 5.690000e+04
736111 7.790000 7.850000 7.700000 7.740000 2.490000e+04
736112 7.700000 8.026000 7.700000 7.930000 3.420000e+04
736113 8.000000 8.030000 7.925000 8.010000 3.990000e+04
736116 8.030000 8.030000 7.790000 7.790000 3.480000e+04
736117 7.900000 7.960000 7.800000 7.849000 2.040000e+04
736118 7.910000 8.025000 7.700000 7.730000 2.580000e+04
736119 7.680000 7.930000 7.680000 7.820000 1.440000e+04
736120 7.620000 7.990000 7.620000 7.860000 2.500000e+04
736123 7.920000 7.960000 7.850000 7.950000 1.440000e+04
736124 7.890000 7.970000 7.830000 7.890000 1.280000e+04
736125 7.890000 8.000000 7.890000 8.000000 7.900000e+03
736126 7.940000 8.000000 7.880000 7.920000 8.000000e+03
736127 8.000000 8.000000 7.880000 7.940000 9.100000e+03
736130 7.910000 7.930000 7.750000 7.780000 8.200000e+03
736131 7.850000 7.850000 7.701000 7.840000 5.800000e+03
736132 7.960000 7.960000 7.730000 7.800000 1.650000e+04
736133 7.850000 7.988000 7.730000 7.840000 1.270000e+04
736134 7.700000 7.700000 7.510000 7.510000 4.250000e+04
736137 7.600000 7.640000 7.420000 7.510000 1.850000e+04
736138 7.410000 7.500000 7.300000 7.300000 1.840000e+04
736139 7.330000 7.480000 6.950000 7.090000 3.250000e+04
736140 7.100000 7.170000 6.860000 7.050000 2.610000e+04
736141 7.170000 7.170000 7.000000 7.060000 2.130000e+04
736144 7.010000 7.010000 6.610000 6.850000 3.550000e+04
736145 6.710000 6.970000 6.510000 6.850000 3.130000e+04
736146 6.910000 6.980000 6.830000 6.880000 1.420000e+04
736147 6.880000 6.960000 6.550000 6.680000 2.020000e+04
736151 6.650000 6.697000 6.500000 6.660000 2.350000e+04
736152 6.590000 6.600000 6.130000 6.290000 6.150000e+04
736153 6.280000 6.335000 5.900000 5.910000 2.970000e+04
736154 6.030000 6.030000 5.700000 5.760000 3.300000e+04
736155 5.830000 6.490000 5.800000 6.450000 2.510000e+04
736158 6.500000 6.590000 6.190000 6.270000 2.160000e+04
736159 6.230000 6.690000 6.230000 6.600000 2.850000e+04
736160 6.660000 6.937000 6.360000 6.490000 7.630000e+04
736161 6.535000 6.650000 6.490000 6.590000 1.740000e+04
736162 6.530000 6.560000 6.360000 6.440000 9.900000e+03
736165 6.470000 6.470000 6.070000 6.100000 1.410000e+04
736166 6.140000 6.150000 6.000000 6.140000 1.200000e+04
736167 6.050000 6.140000 6.000000 6.050000 1.460000e+04
736168 5.860000 6.240000 5.850000 6.195000 1.606000e+05
736169 6.200000 6.240000 6.150000 6.160000 1.540000e+04
736172 6.150000 6.150000 5.910000 6.025000 8.900000e+03
736173 6.050000 6.230000 6.020000 6.195000 1.160000e+04
736174 6.260000 6.320000 6.200000 6.240000 8.400000e+03
736175 6.240000 6.270000 6.160000 6.180000 1.780000e+04
736176 6.180000 6.180000 6.010000 6.100000 1.380000e+04
736179 6.170000 6.170000 5.980000 6.000000 5.140000e+04
736180 6.000000 6.065000 5.950000 6.060000 4.860000e+04
736181 6.010000 6.100000 6.000000 6.050000 1.700000e+04
736182 6.090000 6.090000 5.950000 6.010000 1.260000e+04
736183 6.000000 6.000000 5.160000 5.480000 4.520000e+04
736186 5.620000 5.755000 5.028000 5.140000 8.390000e+04
736187 5.100000 5.200000 5.040000 5.040000 2.490000e+04
736188 5.000000 5.120000 4.880000 4.900000 9.790000e+04
736189 4.900000 5.465000 4.650000 4.690000 3.310000e+04
736190 4.740000 4.740000 4.110000 4.210000 4.200000e+04
736193 4.210000 4.550000 4.210000 4.440000 1.800000e+04
736194 4.460000 4.622000 4.450000 4.590000 1.500000e+04
736195 4.600000 4.850000 4.560000 4.750000 2.050000e+04
736196 6.450000 6.450000 5.115000 5.320000 1.516000e+05
736197 5.100000 6.320000 5.100000 6.170000 2.158000e+05
736200 5.980000 6.250000 5.320000 6.100000 1.273000e+05
736201 6.250000 6.250000 6.070000 6.120000 5.580000e+04
736202 6.130000 6.290000 6.090000 6.140000 5.510000e+04
736203 6.250000 6.300000 6.130000 6.150000 5.040000e+04
736204 6.170000 6.200000 6.090000 6.160000 2.430000e+04
736207 6.200000 6.240000 6.110000 6.210000 8.120000e+04
736208 6.100000 6.460000 6.100000 6.240000 6.200000e+04
736209 6.250000 6.345000 6.150000 6.200000 3.720000e+04
736210 6.180000 6.330000 6.180000 6.260000 3.880000e+04
736211 6.140000 6.320000 6.140000 6.320000 1.060000e+04
736215 6.350000 6.350000 6.180000 6.250000 4.490000e+04
736216 6.260000 6.260000 6.170000 6.230000 8.200000e+03
736217 6.240000 6.250000 6.180000 6.240000 1.750000e+04
736218 6.220000 6.250000 6.200000 6.220000 1.630000e+04
736221 6.200000 6.224000 6.190000 6.215000 1.810000e+04
736222 6.190000 6.282000 6.190000 6.230000 1.210000e+04
736223 6.240000 6.430000 6.163000 6.430000 3.050000e+04
736224 6.440000 6.500000 6.270000 6.490000 3.220000e+04
736225 6.410000 6.610000 6.210000 6.210000 4.510000e+04
736228 6.170000 6.460000 6.010000 6.010000 2.360000e+04
736229 6.010000 6.110000 5.600000 5.635000 2.380000e+04
736230 5.620000 5.710000 5.550000 5.570000 1.090000e+04
736231 5.580000 5.726000 5.500000 5.640000 1.249000e+05
736232 5.650000 5.730000 5.500000 5.590000 1.220000e+04
736235 5.580000 5.615000 5.120000 5.150000 2.980000e+04
736236 5.110000 5.260000 4.900000 4.950000 2.410000e+04
736237 4.950000 5.020000 4.790000 4.820000 1.560000e+04
736238 4.820000 5.030000 4.790000 4.950000 1.120000e+04
736239 4.950000 5.180000 4.950000 5.180000 7.200000e+03
736242 5.240000 5.380000 5.090000 5.351000 6.000000e+03
736243 5.400000 5.400000 5.290000 5.400000 7.800000e+03
736244 5.420000 5.920000 5.270000 5.730000 4.200000e+04
736245 5.700000 6.100000 5.700000 5.980000 2.400000e+03
736246 5.920000 5.920000 5.704000 5.795000 1.100000e+04
736249 5.850000 6.100000 5.850000 6.030000 1.040000e+04
736250 6.010000 6.240000 6.010000 6.130000 9.600000e+03
736251 6.250000 6.250000 6.100000 6.150000 6.900000e+03
736252 6.170000 6.352000 6.150000 6.215000 1.800000e+04
736253 6.170000 6.220000 6.000000 6.210000 4.100000e+03
736256 6.210000 6.250000 6.120000 6.120000 8.300000e+03
736257 6.120000 6.200000 5.930000 6.030000 1.950000e+04
736258 6.040000 6.070000 5.930000 5.930000 4.900000e+03
736259 5.930000 5.990000 5.700000 5.890000 2.300000e+04
736260 5.920000 6.000000 5.680000 5.830000 1.080000e+04
736263 5.780000 5.800000 5.240000 5.330000 1.230000e+04
736264 5.300000 5.500000 5.300000 5.440000 3.100000e+03
736265 5.460000 5.700000 5.350000 5.370000 1.240000e+04
736266 5.690000 5.690000 5.014000 5.110000 1.680000e+04
736267 5.150000 5.200000 5.000000 5.060000 1.880000e+04
736270 5.060000 5.130000 5.000000 5.080000 6.900000e+03
736271 5.050000 5.290000 5.050000 5.250000 1.110000e+04
736272 5.240000 5.262000 5.130000 5.170000 4.600000e+03
736273 5.140000 5.200000 4.700000 4.780000 2.900000e+04
736274 4.770000 4.870000 4.655000 4.870000 5.900000e+03
736277 4.850000 5.140000 4.850000 5.140000 1.450000e+04
736278 5.140000 5.250000 4.760000 4.760000 9.000000e+03
736279 4.880000 5.320000 4.810000 4.950000 3.600000e+03
736280 4.800000 4.800000 4.000000 4.310000 4.900000e+04
736281 4.350000 4.370000 4.090000 4.270000 1.250000e+04
736284 3.410000 4.060000 3.410000 4.030000 1.340000e+04
736285 4.000000 4.170000 3.900000 4.000000 1.030000e+04
736286 4.010000 4.050000 3.970000 4.000000 3.410000e+04
736287 4.080000 4.330000 4.040000 4.150000 5.370000e+04
736288 4.550000 4.550000 4.210000 4.220000 1.830000e+04
736291 4.270000 4.380000 4.237000 4.370000 1.140000e+04
736292 4.330000 4.330000 3.850000 3.940000 4.920000e+04
736293 3.970000 4.070000 3.850000 4.040000 1.750000e+04
736295 4.050000 4.050000 3.910000 3.990000 4.600000e+03
736298 4.030000 4.199000 3.930000 4.070000 1.230000e+04
736299 4.100000 4.100000 3.530000 3.790000 5.160000e+04
736300 3.650000 4.000000 3.565000 3.700000 3.670000e+04
736301 3.880000 3.900000 3.690000 3.710000 2.260000e+04
736302 3.760000 3.890000 3.520000 3.570000 2.200000e+04
736305 3.700000 3.700000 3.050000 3.060000 7.140000e+04
736306 3.000000 3.070000 2.770000 2.770000 7.020000e+04
736307 2.700000 2.740000 2.510000 2.560000 4.180000e+04
736308 2.530000 2.660000 2.490000 2.490000 5.610000e+04
736309 2.490000 2.505000 2.260000 2.350000 4.820000e+04
736312 2.440000 2.500000 1.760000 2.000000 1.216000e+05
736313 1.990000 2.100000 1.870000 1.900000 1.427000e+05
736314 1.850000 2.000000 1.610000 1.690000 2.321000e+05
736315 1.700000 1.870000 1.650000 1.850000 9.730000e+04
736316 1.820000 2.000000 1.710000 1.850000 2.391000e+05
736319 1.920000 2.250000 1.850000 2.050000 1.864000e+05
736320 1.980000 3.170000 1.980000 2.330000 9.288000e+05
736321 2.350000 2.520000 1.930000 2.480000 2.906000e+05
736322 2.470000 2.520000 2.160000 2.460000 1.818000e+05
736326 2.310000 2.420000 2.310000 2.340000 7.180000e+04
736327 2.330000 2.540000 2.330000 2.360000 1.078000e+05
736328 2.320000 2.440000 2.314000 2.440000 5.860000e+04
736329 2.450000 2.450000 2.300000 2.310000 3.830000e+04
736333 2.280000 2.320000 2.200000 2.270000 4.900000e+04
736334 2.320000 2.575000 2.272000 2.410000 9.940000e+04
736335 2.400000 2.400000 2.200000 2.300000 4.080000e+04
736336 2.250000 2.390000 2.100000 2.260000 1.098000e+05
736337 2.360000 2.360000 2.225000 2.240000 4.650000e+04
736340 2.220000 2.300000 2.200000 2.290000 7.550000e+04
736341 2.290000 2.340000 2.170000 2.270000 7.970000e+04
736342 2.250000 2.280000 1.905000 1.970000 9.630000e+04
736343 1.900000 2.015000 1.830000 1.940000 3.970000e+04
736344 1.835000 2.090000 1.830000 1.990000 2.040000e+04
736348 2.010000 2.259000 2.010000 2.160000 3.290000e+04
736349 2.160000 2.329000 2.140000 2.299000 3.430000e+04
736350 2.290000 2.420000 2.120000 2.409000 1.034000e+05
736351 2.500000 2.810000 2.500000 2.610000 8.670000e+04
736354 2.620000 2.620000 2.300000 2.450000 5.850000e+04
736355 2.650000 4.000000 2.550000 3.330000 8.340000e+05
736356 3.160000 3.160000 2.820000 2.920000 3.843000e+05
736357 2.970000 3.000000 2.550000 2.670000 1.258000e+05
736358 2.590000 2.840000 2.590000 2.700000 1.122000e+05
736361 2.870000 3.330000 2.750000 3.230000 3.281000e+05
736362 3.170000 3.320000 3.010000 3.080000 1.930000e+05
736363 3.170000 3.170000 2.830000 2.960000 1.010000e+05
736364 2.940000 3.127000 2.750000 3.050000 7.090000e+04
736365 3.070000 3.150000 3.000000 3.140000 9.050000e+04
736368 3.200000 3.970000 3.200000 3.820000 4.745000e+05
736369 3.800000 4.700000 3.770000 4.530000 8.169000e+05
736370 4.500000 4.520000 3.900000 3.960000 3.160000e+05
736371 3.790000 4.020000 3.620000 3.960000 1.461000e+05
736372 3.900000 4.290000 3.810000 4.130000 9.480000e+04
736376 5.730000 6.000000 4.250000 4.800000 3.819000e+05
736377 4.910000 5.300000 4.850000 4.920000 3.701000e+05
736378 5.210000 5.210000 4.660000 4.700000 1.847000e+05
736379 4.750000 4.909000 4.650000 4.680000 1.297000e+05
736382 4.870000 4.920000 4.680000 4.850000 8.310000e+04
736383 4.880000 4.979000 4.360000 4.450000 1.639000e+05
736384 4.630000 4.630000 4.150000 4.330000 8.110000e+04
736385 4.280000 4.280000 3.530000 3.560000 2.442000e+05
736386 3.990000 4.100000 3.650000 4.060000 1.684000e+05
736389 4.390000 4.700000 4.220000 4.440000 1.571000e+05
736390 4.500000 4.990000 4.500000 4.910000 1.889000e+05
736391 4.960000 5.155000 4.840000 4.980000 1.627000e+05
736392 5.140000 5.500000 5.090000 5.350000 2.883000e+05
736393 5.600000 6.080000 5.350000 5.525000 5.591000e+05
736396 5.500000 5.850000 5.480000 5.540000 3.499000e+05
736397 5.550000 5.600000 4.730000 4.960000 2.352000e+05
736398 4.970000 5.470000 4.900000 5.080000 1.806000e+05
736399 5.040000 5.150000 4.900000 5.000000 1.153000e+05
736400 5.000000 5.119000 4.900000 5.030000 6.470000e+04
736403 5.380000 5.500000 5.030000 5.400000 2.024000e+05
736404 5.500000 5.673000 5.420000 5.550000 2.129000e+05
736405 5.550000 5.750000 5.320000 5.390000 1.200000e+05
736406 5.510000 5.530000 3.900000 4.900000 5.124000e+05
736407 4.950000 5.140000 4.782000 4.930000 1.664000e+05
736410 5.040000 5.240000 5.040000 5.200000 8.420000e+04
736411 5.290000 5.290000 5.000000 5.080000 7.860000e+04
736412 5.000000 5.090000 4.800000 5.010000 9.690000e+04
736413 5.090000 5.500000 4.710000 5.430000 1.695000e+05
736417 5.550000 6.300000 5.470000 6.110000 3.215000e+05
736418 6.300000 7.190000 6.194000 6.790000 5.715000e+05
736419 6.860000 8.650000 6.800000 7.890000 1.342800e+06
736420 7.750000 7.770000 6.330000 6.400000 6.590000e+05
736421 6.400000 6.998000 6.000000 6.740000 3.706000e+05
736424 6.750000 6.880000 6.450000 6.490000 1.698000e+05
736425 6.400000 6.610000 6.270000 6.550000 1.128000e+05
736426 6.540000 7.492000 6.540000 7.460000 3.457000e+05
736427 7.400000 7.750000 7.051000 7.250000 1.819000e+05
736428 7.250000 7.610000 7.190000 7.570000 1.434000e+05
736431 7.800000 8.460000 7.630000 7.750000 3.401000e+05
736432 7.960000 8.190000 7.750000 8.160000 2.364000e+05
736433 8.440000 9.580000 8.210000 9.515000 5.474000e+05
736434 9.990000 11.499000 9.050000 10.190000 8.627000e+05
736435 10.250000 11.250000 9.880000 10.970000 5.318000e+05
736438 11.000000 13.970000 11.000000 12.440000 1.113200e+06
736439 13.420000 13.460000 10.310000 10.690000 1.059900e+06
736440 9.610000 9.930000 7.120000 8.050000 2.236800e+06
736441 8.470000 8.470000 7.020000 7.140000 8.312000e+05
736442 7.010000 7.460000 6.670000 7.250000 5.476000e+05
736445 7.400000 8.140000 7.160000 7.310000 7.422000e+05
736446 7.470000 7.670000 7.070000 7.295000 2.977000e+05
736447 7.390000 7.530000 7.050000 7.140000 2.701000e+05
736448 7.390000 7.390000 7.010000 7.090000 2.342000e+05
736449 7.100000 7.231000 6.170000 6.240000 4.418000e+05
736452 6.370000 6.388000 5.680000 6.090000 4.109000e+05
736453 5.900000 6.000000 5.510000 5.690000 2.235000e+05
736454 5.520000 5.545000 4.940000 4.980000 4.766000e+05
736455 5.220000 5.220000 4.750000 5.150000 3.471000e+05
736456 5.160000 5.940000 5.110000 5.850000 8.955000e+05
736459 5.850000 7.645000 5.850000 6.910000 1.285000e+06
736460 6.950000 7.330000 5.770000 5.860000 6.292000e+05
736461 5.860000 5.990000 5.404000 5.520000 3.010000e+05
736462 5.540000 6.180000 5.500000 5.650000 4.277000e+05
736463 5.500000 5.810000 5.040000 5.450000 3.588000e+05
736466 5.430000 6.100000 5.350000 5.670000 2.006000e+05
736467 5.660000 6.050000 5.590000 5.940000 2.011000e+05
736468 5.950000 6.030000 5.760000 6.000000 1.298000e+05
736469 5.920000 6.090000 5.650000 5.750000 1.449000e+05
736470 5.770000 6.000000 5.600000 5.960000 1.070000e+05
736473 5.870000 6.040000 5.610000 5.780000 1.297000e+05
736474 5.760000 5.950000 5.570000 5.850000 1.006000e+05
736475 5.820000 6.000000 5.650000 5.810000 1.558000e+05
736476 5.770000 5.880000 5.510000 5.560000 1.847000e+05
736477 5.560000 5.960000 5.380000 5.960000 1.864000e+05
736481 6.040000 6.300000 5.910000 6.170000 3.129000e+05
736482 6.160000 6.162000 5.910000 6.040000 9.290000e+04
736483 6.020000 6.330000 6.000000 6.190000 1.207000e+05
736484 6.320000 6.432000 6.050000 6.210000 1.872000e+05
736487 6.390000 7.990000 6.300000 7.990000 6.810000e+05
736488 8.600000 9.220000 8.000000 8.120000 8.615000e+05
736489 8.120000 8.290000 6.750000 7.030000 6.011000e+05
736490 7.230000 7.710000 7.020000 7.500000 3.719000e+05
736491 7.450000 7.900000 7.090000 7.410000 3.256000e+05
736494 7.900000 7.900000 5.900000 5.950000 1.050700e+06
736495 5.990000 6.100000 5.700000 5.980000 4.521000e+05
736496 5.990000 6.120000 5.750000 5.970000 2.510000e+05
736497 5.820000 5.980000 5.650000 5.800000 1.649000e+05
736498 5.790000 5.800000 5.490000 5.610000 3.173000e+05
736501 5.570000 5.990000 5.550000 5.710000 2.816000e+05
736502 5.680000 5.830000 5.310000 5.600000 2.537000e+05
736503 5.500000 5.660000 5.260000 5.460000 2.423000e+05
736504 5.460000 5.650000 5.460000 5.600000 2.542000e+05
736505 5.450000 5.610000 5.250000 5.510000 1.179500e+06
736508 5.420000 5.510000 5.260000 5.380000 1.723000e+05
736509 5.410000 5.530000 5.400000 5.500000 1.029000e+05
736510 5.600000 5.660000 5.450000 5.620000 1.918000e+05
736511 5.610000 6.150000 5.510000 6.130000 2.610000e+05
736512 6.310000 6.500000 6.140000 6.440000 1.676000e+05
736516 6.310000 6.460000 5.750000 5.900000 1.970000e+05
736517 5.840000 5.910000 5.620000 5.760000 1.408000e+05
736518 5.910000 5.920000 5.620000 5.750000 1.308000e+05
736519 5.800000 6.250000 5.650000 6.240000 1.740000e+05
736522 6.420000 6.500000 6.200000 6.300000 1.936000e+05
736523 6.290000 6.420000 6.150000 6.340000 8.880000e+04
736524 6.360000 6.420000 5.950000 6.060000 8.560000e+04
736525 6.320000 6.400000 5.950000 5.990000 8.070000e+04
736526 6.000000 6.190000 5.900000 6.150000 1.108000e+05
736529 6.160000 6.290000 5.940000 6.210000 9.300000e+04
736530 6.210000 6.239000 5.950000 6.040000 7.110000e+04
736531 6.020000 6.440000 6.020000 6.310000 1.422000e+05
736532 6.310000 6.680000 6.028000 6.630000 1.553000e+05
736533 6.700000 7.075000 6.500000 6.820000 1.771000e+05
736536 6.620000 6.750000 6.200000 6.420000 1.397000e+05
736537 6.310000 6.460000 6.250000 6.320000 6.310000e+04
736538 6.370000 6.500000 6.300000 6.460000 7.950000e+04
736539 5.540000 5.700000 5.255000 5.370000 1.562300e+06
736540 5.370000 5.390000 5.160000 5.260000 3.699000e+05
736543 5.170000 5.339000 5.170000 5.310000 1.790000e+05
736544 5.220000 5.300000 4.950000 4.990000 3.985000e+05
736545 4.900000 5.120000 4.800000 4.990000 2.643000e+05
736546 5.000000 5.110000 4.980000 4.990000 2.219000e+05
736547 5.020000 5.040000 4.720000 4.760000 4.137000e+05
736550 4.700000 5.050000 4.700000 4.900000 2.568000e+05
736551 4.880000 4.950000 4.820000 4.860000 1.444000e+05
736552 4.770000 4.940000 4.700000 4.710000 2.496000e+05
736553 4.700000 4.800000 4.700000 4.760000 1.510000e+05
736554 4.740000 4.800000 4.690000 4.710000 1.707000e+05
736557 4.660000 4.789000 4.480000 4.540000 3.395000e+05
736558 4.510000 4.510000 3.998000 4.210000 3.719000e+05
736559 4.200000 4.210000 3.840000 3.990000 4.250000e+05
736560 3.990000 4.211000 3.750000 4.180000 3.856000e+05
736561 4.180000 4.310000 4.120000 4.250000 2.594000e+05
736564 4.270000 4.340000 4.190000 4.300000 1.886000e+05
736565 4.330000 4.490000 4.270000 4.470000 2.338000e+05
736566 4.500000 4.620000 4.450000 4.520000 1.879000e+05
736567 4.500000 4.650000 4.480000 4.640000 2.310000e+05
736568 4.650000 4.880000 4.650000 4.860000 2.357000e+05
736571 4.970000 5.310000 4.900000 5.220000 4.221000e+05
736572 5.350000 5.359000 4.620000 4.780000 4.580000e+05
736573 4.780000 4.990000 4.780000 4.950000 4.298000e+05
736574 4.990000 5.080000 4.660000 4.950000 2.037000e+05
736575 5.010000 5.310000 4.830000 5.230000 2.748000e+05
736579 5.220000 5.440000 5.130000 5.270000 1.970000e+05
736580 5.280000 5.450000 5.250000 5.420000 2.266000e+05
736581 5.370000 5.500000 5.300000 5.400000 1.514000e+05
736582 5.360000 5.489000 5.010000 5.030000 1.914000e+05
736585 4.930000 5.060000 4.870000 5.050000 1.556000e+05
736586 4.940000 5.100000 4.750000 4.860000 1.606000e+05
736587 4.820000 5.070000 4.760000 4.790000 1.444000e+05
736588 4.820000 4.900000 4.720000 4.870000 1.009000e+05
736589 4.870000 4.940000 4.750000 4.900000 2.535000e+05
736592 4.930000 4.960000 4.600000 4.770000 1.806000e+05
736593 4.780000 4.875000 4.710000 4.780000 1.877000e+05
736594 4.920000 5.220000 4.840000 5.160000 1.873000e+05
736595 5.220000 5.220000 4.820000 4.940000 2.521000e+05
736596 4.920000 4.950000 4.810000 4.840000 1.141000e+05
736599 4.800000 4.851000 4.560000 4.630000 2.476000e+05
736600 4.640000 4.640000 4.360000 4.480000 1.708000e+05
736601 4.460000 4.710000 4.460000 4.690000 1.629000e+05
736602 4.700000 4.740000 4.530000 4.620000 1.432000e+05
736603 4.700000 5.010000 4.660000 4.970000 2.647000e+05
736606 5.000000 5.023000 4.660000 4.720000 2.407000e+05
736607 4.720000 4.790000 4.650000 4.770000 6.420000e+04
736608 4.750000 5.000000 4.750000 4.930000 1.392000e+05
736609 4.880000 4.960000 4.780000 4.920000 7.140000e+04
736610 4.930000 4.930000 4.700000 4.720000 1.344000e+05
736613 4.790000 4.920000 4.750000 4.850000 8.690000e+04
736614 4.880000 4.900000 4.780000 4.890000 1.019000e+05
736615 4.850000 4.872000 4.650000 4.700000 1.009000e+05
736616 4.640000 4.700000 4.500000 4.520000 7.480000e+04
736617 4.550000 4.725000 4.500000 4.610000 1.997000e+05
736620 4.600000 4.705000 4.600000 4.620000 9.480000e+04
736621 4.700000 4.700000 4.600000 4.610000 6.260000e+04
736622 4.690000 4.690000 4.600000 4.650000 5.230000e+04
736623 4.610000 4.750000 4.610000 4.720000 5.210000e+04
736624 4.670000 4.740000 4.610000 4.670000 3.180000e+04
736627 4.650000 4.700000 4.600000 4.650000 5.680000e+04
736628 4.550000 4.640000 4.450000 4.550000 1.153000e+05
736629 4.500000 4.775000 4.300000 4.750000 9.630000e+04
736630 4.500000 4.750000 4.500000 4.650000 9.240000e+04
736631 4.600000 4.660000 4.400000 4.450000 1.017000e+05
736634 4.350000 4.440000 4.050000 4.200000 1.515000e+05
736635 4.200000 4.240000 3.450000 4.150000 1.908000e+05
736636 4.150000 4.190000 3.900000 4.050000 7.700000e+04
736637 4.100000 4.100000 3.925000 4.050000 9.780000e+04
736638 4.050000 4.100000 3.950000 4.050000 5.340000e+04
736641 4.100000 4.200000 3.900000 4.000000 8.460000e+04
736642 3.900000 4.100000 3.900000 4.050000 3.460000e+04
736643 3.900000 4.350000 3.900000 4.350000 1.043000e+05
736644 4.350000 4.600000 4.250000 4.550000 8.140000e+04
736645 4.600000 4.850000 4.500000 4.800000 2.006000e+05
736648 5.050000 5.050000 4.500000 4.850000 1.381000e+05
736649 4.750000 5.050000 4.660000 5.000000 1.278000e+05
736650 4.900000 5.050000 4.850000 4.900000 9.690000e+04
736651 4.850000 4.950000 4.700000 4.950000 8.320000e+04
736652 5.000000 5.050000 4.950000 5.050000 6.300000e+04
736655 5.050000 5.100000 4.795000 5.050000 1.417000e+05
736656 4.950000 5.000000 4.864000 5.000000 4.060000e+04
736657 4.900000 5.050000 4.850000 5.050000 9.530000e+04
736659 5.000000 5.050000 4.900000 5.000000 2.930000e+04
736662 4.950000 5.050000 4.912000 5.050000 5.880000e+04
736663 5.050000 5.050000 4.850000 4.850000 4.390000e+04
736664 4.850000 4.950000 4.550000 4.650000 7.210000e+04
736665 4.600000 4.900000 4.375000 4.450000 7.680000e+04
736666 4.550000 4.750000 4.323000 4.700000 5.030000e+04
736669 4.750000 4.900000 4.650000 4.700000 6.680000e+04
736670 4.750000 4.800000 4.600000 4.750000 5.740000e+04
736671 4.750000 5.000000 4.700000 4.850000 1.831000e+05
736672 4.900000 4.900000 4.550000 4.800000 1.310000e+05
736673 4.800000 4.950000 4.650000 4.900000 1.206000e+05
736676 5.000000 5.000000 4.800000 4.800000 2.090000e+05
736677 4.950000 5.000000 4.600000 4.600000 1.882000e+05
736678 4.600000 4.700000 4.500000 4.550000 1.835000e+05
736679 4.500000 4.679000 4.382000 4.450000 1.655000e+05
736680 4.550000 4.750000 4.450000 4.675000 2.527000e+05
736683 5.000000 5.000000 4.800000 4.850000 2.661000e+05
736684 5.050000 5.050000 4.750000 4.800000 3.174000e+05
736685 4.750000 4.883000 4.600000 4.650000 1.453000e+05
736686 4.700000 4.700000 4.350000 4.400000 2.144000e+05
736687 4.350000 4.600000 4.300000 4.600000 1.493000e+05
736691 4.700000 4.900000 4.650000 4.900000 2.933000e+05
736692 5.000000 5.050000 4.850000 4.850000 1.710000e+05
736693 4.950000 5.000000 4.850000 4.900000 1.278000e+05
736694 4.950000 4.950000 4.850000 4.900000 8.210000e+04
736698 5.000000 5.000000 4.900000 4.950000 1.267000e+05
736699 5.000000 5.000000 4.900000 5.000000 1.093000e+05
736700 5.000000 5.340000 5.000000 5.250000 2.452000e+05
736701 5.550000 5.600000 5.300000 5.450000 2.757000e+05
736704 5.650000 5.683000 5.400000 5.500000 2.416000e+05
736705 5.500000 5.550000 5.400000 5.550000 3.053000e+05
736706 5.600000 5.675000 5.300000 5.550000 2.437000e+05
736707 5.500000 5.550000 5.350000 5.350000 1.502000e+05
736708 5.450000 5.500000 5.350000 5.400000 9.540000e+04
736712 5.450000 5.500000 5.050000 5.100000 1.778000e+05
736713 5.100000 5.100000 4.800000 4.850000 2.545000e+05
736714 5.100000 5.100000 4.850000 4.850000 1.675000e+05
736715 4.900000 5.100000 4.850000 5.050000 1.916000e+05
736718 5.100000 5.145000 4.900000 4.950000 1.315000e+05
736719 4.950000 5.000000 4.850000 5.000000 1.328000e+05
736720 5.100000 5.100000 5.000000 5.050000 9.360000e+04
736721 5.150000 5.150000 4.950000 5.000000 1.415000e+05
736722 4.900000 4.950000 4.850000 4.850000 1.223000e+05
736725 4.900000 5.000000 4.650000 4.700000 1.974000e+05
736726 4.650000 4.650000 4.500000 4.550000 1.884000e+05
736727 4.500000 4.600000 4.500000 4.500000 1.065000e+05
736728 4.550000 4.550000 4.350000 4.400000 1.447000e+05
736729 4.300000 4.400000 4.200000 4.200000 2.945000e+05
736732 4.250000 4.945000 4.200000 4.400000 6.574000e+05
736733 4.500000 5.050000 4.500000 4.850000 6.088000e+05
736734 4.850000 5.100000 4.625000 5.050000 4.569000e+05
736735 5.050000 5.250000 5.000000 5.050000 3.083000e+05
736736 5.050000 5.300000 5.050000 5.200000 2.665000e+05
736739 5.300000 5.300000 4.900000 4.950000 1.944000e+05
736740 4.900000 4.990000 4.650000 4.700000 2.721000e+05
736741 4.650000 4.850000 4.650000 4.750000 1.385000e+05
736742 4.750000 4.850000 4.700000 4.700000 2.303000e+05
736743 4.700000 4.900000 4.650000 4.700000 2.732000e+05
736747 4.800000 4.800000 4.200000 4.400000 4.307000e+05
736748 1.600000 1.600000 1.250000 1.475000 7.259400e+06
736749 1.550000 1.600000 1.300000 1.350000 2.840400e+06
736750 1.300000 1.350000 1.200000 1.225000 1.485000e+06
736753 1.200000 1.225000 1.050000 1.075000 2.615100e+06
736754 1.050000 1.150000 1.050000 1.150000 9.107000e+05
736755 1.150000 1.200000 1.125000 1.200000 3.979000e+05
736756 1.200000 1.350000 1.150000 1.300000 1.758000e+06
736757 1.400000 1.500000 1.350000 1.450000 1.130900e+06
736760 1.500000 1.500000 1.250000 1.300000 6.246000e+05
736761 1.400000 1.400000 1.250000 1.400000 7.162000e+05
736762 1.400000 1.400000 1.300000 1.350000 4.053000e+05
736763 1.350000 1.400000 1.250000 1.250000 3.036000e+05
736764 1.250000 1.260000 1.100000 1.150000 6.138000e+05
