736034 24.290735 24.455790 24.070660 24.290735 1.338787e+04
736035 24.455791 25.152694 24.428283 25.024319 1.678069e+04
736036 24.987638 25.079335 24.740052 25.015147 4.529869e+04
736039 25.042656 25.042656 24.565829 24.831751 2.035690e+04
736040 24.675864 24.941790 24.529149 24.895940 2.274104e+04
736041 24.804242 24.978469 24.648355 24.905110 2.402481e+04
736042 24.813411 24.813411 24.455790 24.602506 2.429990e+04
736043 24.639186 24.969296 24.639186 24.932620 3.126893e+04
736046 24.822581 25.079336 24.712546 24.987638 1.265429e+04
736047 24.905109 25.024318 24.776733 24.895940 6.877331e+03
736048 24.868431 24.868431 24.666695 24.767563 9.903357e+03
736049 24.749224 25.024318 24.749224 24.950958 1.467164e+04
736050 24.932621 24.996808 24.685035 24.795074 1.302108e+04
736053 24.831751 25.005978 24.721714 24.914279 1.659729e+04
736054 24.923448 24.932620 24.712545 24.895940 8.436193e+03
736055 24.740052 25.005977 24.657526 24.886770 1.962332e+04
736056 24.813412 25.171035 24.730883 24.969297 1.907313e+04
736060 24.859261 24.987638 24.364092 24.538319 3.979683e+04
736061 24.657526 25.675372 24.364093 24.758394 5.850317e+04
736062 24.776733 25.152693 24.529149 24.593337 3.246101e+04
736063 24.455790 24.529149 24.098169 24.299905 2.650065e+04
736064 24.428282 24.519980 24.354923 24.446621 1.696408e+04
736067 24.538319 24.538319 24.309074 24.474131 1.054524e+04
736068 24.382433 24.455790 24.299905 24.409942 1.943992e+04
736069 24.529149 24.703376 23.181193 24.125678 6.978199e+04
736070 24.116508 24.446620 23.988131 24.244887 2.429990e+04
736071 24.088999 24.189866 23.841416 23.960623 1.971502e+04
736074 23.960624 24.556658 23.960624 24.556658 1.540522e+04
736075 24.519980 24.519980 24.134848 24.254057 1.879804e+04
736076 24.327413 24.419110 24.107340 24.364092 1.173731e+04
736077 24.208206 24.263224 24.088999 24.217376 7.427518e+03
736078 24.116510 24.281565 24.116510 24.263225 1.522183e+04
736081 24.180698 24.373263 24.089000 24.281564 1.393806e+04
736082 24.364093 24.556658 24.364093 24.428282 7.244123e+03
736083 24.345753 24.464960 24.263224 24.272394 5.501865e+03
736084 24.263224 24.263224 23.887264 23.896434 2.815121e+04
736085 23.997301 24.134848 23.786398 23.878096 1.980671e+04
736088 23.969793 24.070661 23.758888 23.804736 1.027015e+04
736089 23.703870 23.878097 23.566323 23.749718 2.521688e+04
736090 23.749717 24.070660 23.603002 24.006471 2.374972e+04
736091 24.015643 24.208207 23.905604 24.116509 1.898144e+04
736092 24.189865 24.226545 23.868926 24.070660 1.118713e+04
736095 24.134848 24.217376 24.006471 24.134848 7.244123e+03
736096 23.978962 24.153189 23.703870 24.015643 1.118713e+04
736097 24.061490 24.061490 23.841415 23.905603 1.219580e+04
736098 23.960623 24.116509 23.887264 24.098169 1.219580e+04
736099 24.006472 24.089000 23.768057 24.033980 1.898144e+04
736102 24.006471 24.263224 23.988131 24.199037 1.192071e+04
736103 24.208206 24.336585 23.887264 24.272394 9.261473e+03
736104 24.254057 24.336585 24.061491 24.299905 1.778936e+04
736105 24.098169 24.281564 24.006472 24.107341 1.045354e+04
736106 24.043149 24.134848 23.878096 23.878096 9.719962e+03
736110 23.933115 23.933115 23.713040 23.804736 1.843125e+04
736111 23.795568 24.153189 23.722210 24.089000 2.035690e+04
736112 24.043150 24.254058 23.933115 24.208207 7.335821e+03
736113 24.217376 24.272393 23.942283 24.079830 2.255765e+04
736116 24.292764 24.292764 23.876159 23.959479 1.786777e+04
736117 23.996511 24.339056 23.876160 24.200185 1.786777e+04
736118 24.153896 24.626050 24.153896 24.496437 1.897872e+04
736119 24.357569 24.468664 24.172412 24.274247 1.212787e+04
736120 24.348311 24.524213 24.116864 24.514953 2.906985e+04
736123 24.339055 24.533470 24.339055 24.422373 9.535651e+03
736124 24.153895 24.524212 24.153895 24.413117 1.740488e+04
736125 24.626049 24.940817 24.598274 24.820464 2.647763e+04
736126 24.857497 24.885271 24.514954 24.885271 1.360913e+04
736127 24.829723 24.922302 24.644566 24.848240 1.314624e+04
736130 24.829722 24.829722 24.385343 24.589016 4.730794e+04
736131 24.579758 24.866754 24.329794 24.783433 2.110804e+04
736132 24.792690 24.950075 24.561242 24.589016 1.388687e+04
736133 24.459406 24.940817 24.394601 24.764918 1.842325e+04
736134 24.700112 25.014882 24.366827 24.977850 3.443944e+04
736137 25.033397 25.033397 24.857497 24.885271 1.749746e+04
736138 24.987108 25.218555 24.913043 25.163007 1.129465e+04
736139 25.181524 25.218556 24.940818 25.033397 1.509040e+04
736140 24.996366 25.172265 24.903786 25.061170 1.536814e+04
736141 25.098203 25.338909 25.079686 25.338909 7.276720e+04
736144 25.135235 25.283361 24.866755 24.913044 1.536814e+04
736145 25.042655 25.227814 24.857497 25.024139 2.073773e+04
736146 25.181524 25.329651 25.005624 25.153750 1.666424e+04
736147 25.079686 25.200039 25.005623 25.061170 1.768261e+04
736151 24.987108 25.209297 24.857497 25.051912 1.796035e+04
736152 25.014881 25.088944 24.829722 25.005623 9.350492e+03
736153 24.968592 25.079686 24.792691 24.866755 1.546072e+04
736154 25.042655 25.088945 24.829723 24.996366 1.166497e+04
736155 25.163008 25.227814 25.005624 25.218556 1.268334e+04
736158 25.366682 25.625903 25.320393 25.607388 1.110950e+04
736159 25.505550 25.764772 25.459262 25.755514 1.666424e+04
736160 25.764772 25.894383 25.699967 25.746256 8.795018e+03
736161 25.829578 25.894383 25.662935 25.764772 1.073918e+04
736162 25.829578 25.875866 25.746256 25.801804 1.009113e+04
736165 25.542582 25.774030 25.505551 25.570357 7.498910e+03
736166 25.561098 25.746255 25.477777 25.653676 9.998546e+03
736167 25.662934 26.440598 25.644418 26.375793 4.925210e+04
736168 26.394311 26.394311 25.736998 25.829578 1.185013e+04
736169 25.746256 25.866609 25.385197 25.487035 1.212787e+04
736172 25.412971 25.746256 25.385197 25.524066 1.592361e+04
736173 25.459261 25.736998 25.329651 25.625903 1.796035e+04
736174 25.616645 25.829578 25.329650 25.468519 3.231012e+04
736175 25.394455 25.672193 25.357424 25.514808 1.518298e+04
736176 25.514809 25.644420 25.338909 25.496293 1.749746e+04
736179 25.431487 25.866609 25.329651 25.746256 2.601474e+04
736180 25.746256 26.264700 25.746256 25.820320 1.731230e+04
736181 25.903640 26.246183 25.875866 25.912899 2.768116e+04
736182 26.042510 26.209151 25.607388 25.699967 2.582958e+04
736183 25.579613 25.949930 25.551839 25.727740 2.388542e+04
736186 25.922157 26.190636 25.709225 25.783287 2.981048e+04
736187 25.727741 25.922157 25.431486 25.903640 1.573845e+04
736188 25.774029 25.866609 25.088945 25.181523 3.092143e+04
736189 25.190781 25.375940 24.894529 25.190781 1.342397e+04
736190 25.116719 25.533324 24.922302 25.514808 1.305366e+04
736193 25.727740 25.912898 25.329650 25.653676 1.203529e+04
736194 25.459261 25.755514 25.311134 25.385197 1.360913e+04
736195 25.348166 25.459261 25.014881 25.283360 1.601619e+04
736196 25.107461 25.348167 24.922302 24.922302 1.555329e+04
736197 24.746402 25.237072 24.616792 25.218556 3.425428e+04
736200 24.709369 25.190780 24.709369 24.903786 5.869517e+04
736201 25.440746 25.440746 24.663081 24.681596 2.444089e+04
736202 25.125977 25.227814 24.663082 25.153750 2.610732e+04
736203 25.209298 25.329651 24.996366 25.144492 1.721972e+04
736204 25.005623 25.450003 25.005623 25.237071 1.620135e+04
736207 25.163007 25.514808 25.163007 25.487035 9.535651e+03
736208 25.328209 25.571121 24.861071 24.954498 2.672028e+04
736209 25.122668 25.412293 25.038582 25.356237 9.903320e+03
736210 25.402950 25.505720 25.356237 25.402950 9.249327e+03
736211 25.206753 25.561778 24.973184 25.169381 9.249327e+03
736215 25.468350 25.487036 25.309522 25.477693 1.336014e+04
736216 25.645861 25.916802 25.225438 25.356237 1.999350e+04
736217 25.487035 25.608491 25.225438 25.430978 1.121131e+04
736218 25.262810 25.580465 25.262810 25.374923 2.401088e+04
736221 25.384264 25.627176 25.318866 25.608491 1.158502e+04
736222 25.720605 25.972859 25.673891 25.916803 9.716465e+03
736223 26.010230 26.010230 25.459008 25.729947 1.270615e+04
736224 25.977718 26.196899 25.548885 25.615592 2.572995e+04
736225 25.320174 25.615591 25.081934 25.158171 3.363952e+04
736228 25.291586 25.606063 25.234408 25.320174 1.124494e+04
736229 25.186760 25.491708 25.177231 25.215348 1.324616e+04
736230 25.358294 25.472648 25.262997 25.310644 7.718984e+03
736231 25.205820 25.577474 25.205820 25.472648 1.419912e+04
736232 25.606064 25.653711 25.215348 25.262997 2.410991e+04
736235 25.081934 25.472648 24.834163 25.196290 1.696271e+04
736236 25.320174 25.539354 25.196290 25.320174 1.858274e+04
736237 25.491707 25.653710 25.215347 25.444060 1.743919e+04
736238 25.453588 25.453588 24.967580 25.129583 1.372264e+04
736239 24.977108 25.081935 24.605454 25.024757 1.886863e+04
736242 25.177231 25.520298 25.072404 25.510767 1.210261e+04
736243 25.415470 25.520297 25.196290 25.243937 1.210260e+04
736244 25.367823 25.768067 25.367823 25.768067 1.381793e+04
736245 25.739478 26.149252 25.739478 26.101602 1.486619e+04
736246 26.158781 26.235018 25.806185 26.168309 1.248379e+04
736249 26.196899 26.616202 26.187370 26.501846 2.058396e+04
736250 26.444669 26.492316 25.977718 26.139721 1.038728e+04
736251 26.196899 26.387492 25.729948 25.739478 1.944041e+04
736252 25.844303 26.196898 25.634651 26.196898 1.791567e+04
736253 26.206428 26.397021 26.196899 26.282665 6.289543e+03
736256 26.206428 26.539965 26.206428 26.339842 1.562856e+04
736257 26.273135 26.768675 26.177838 26.330312 1.724859e+04
736258 26.597142 26.597142 25.796655 25.796655 8.386057e+03
736259 25.891951 26.339842 25.749007 26.282665 1.029198e+04
736260 26.282665 26.768676 26.168309 26.759146 1.448501e+04
736263 26.311255 26.597142 26.311255 26.406549 2.258518e+04
736264 26.377961 26.568552 25.901480 26.006307 1.648623e+04
736265 26.368432 26.997386 26.063484 26.997386 2.086985e+04
736266 26.797265 27.378571 26.511376 26.883030 2.582524e+04
736267 26.940209 26.968797 26.282666 26.301725 1.267438e+04
736270 26.587613 26.616201 26.273136 26.530435 1.191201e+04
736271 26.520905 26.863972 26.397021 26.654319 1.391323e+04
736272 26.520905 26.844912 26.520905 26.835382 1.038727e+04
736273 26.816323 27.330922 26.816323 27.073623 9.053130e+03
736274 27.207036 27.483396 27.207036 27.435749 1.734389e+04
736277 27.531043 27.531043 27.054562 27.111742 1.105435e+04
736278 26.825853 27.292803 26.825853 27.197509 2.058396e+04
736279 27.130800 27.492926 27.064094 27.130800 1.000609e+04
736280 26.921150 27.159390 26.473259 26.501846 2.010748e+04
736281 26.292194 26.644789 26.292194 26.473258 1.467560e+04
736284 26.539964 27.121270 26.435139 27.035505 2.544406e+04
736285 27.045033 27.197509 26.568552 26.625732 1.410382e+04
736286 26.806793 26.911619 26.654319 26.797265 1.581915e+04
736287 26.692438 26.902090 26.682909 26.749616 1.315086e+04
736288 26.863973 27.292803 26.806793 26.930679 1.467560e+04
736291 26.854441 26.959268 26.692438 26.768675 1.743919e+04
736292 26.787736 27.025976 26.587613 26.940209 1.953570e+04
736293 27.025975 27.197508 26.606672 26.768675 5.517644e+04
736295 26.854442 27.340453 26.663849 27.064093 1.696271e+04
736298 27.149860 27.207037 27.054563 27.130800 2.515817e+04
736299 27.207713 27.755715 27.207713 27.409609 3.739859e+04
736300 27.640344 27.640344 27.236555 27.505749 1.942035e+04
736301 27.524976 28.111433 27.390381 27.486521 4.826245e+04
736302 27.496135 27.938380 27.476907 27.774941 1.403649e+04
736305 27.611502 27.611502 27.044274 27.351925 2.268912e+04
736306 27.688414 27.880696 27.390380 27.438451 2.961122e+04
736307 27.121186 27.553818 26.823152 26.871223 1.499789e+04
736308 27.005818 27.111574 26.698169 26.909678 2.816912e+04
736309 26.611644 26.900065 26.380908 26.640485 2.951508e+04
736312 26.650100 27.130801 26.486661 26.736626 2.259298e+04
736313 26.986591 27.236556 26.746240 27.005819 2.047789e+04
736314 27.178872 27.275013 26.669328 27.207713 2.278526e+04
736315 27.284625 27.313468 26.775082 26.842380 1.595929e+04
736316 26.688556 26.948136 26.034802 26.044416 7.960420e+04
736319 26.188626 26.409748 25.967503 26.198240 1.961263e+04
736320 26.140557 26.602029 25.986732 26.544346 1.134456e+04
736321 26.534732 26.544347 26.207854 26.390522 1.326737e+04
736322 26.342451 26.582801 26.246309 26.477048 7.595086e+03
736326 26.477048 26.505889 25.967504 26.390522 3.739859e+04
736327 26.505889 26.813537 26.390521 26.621258 1.567087e+04
736328 26.688556 26.880836 26.621259 26.640485 1.086386e+04
736329 26.640485 26.640485 26.034802 26.121328 2.278526e+04
736333 25.823293 26.477047 25.361818 26.342450 8.960279e+04
736334 26.265538 26.477048 25.967503 26.121328 2.365052e+04
736335 25.909820 26.294380 25.842520 26.198240 3.047648e+04
736336 25.900206 26.015572 25.496416 25.640626 2.076631e+04
736337 25.755996 26.246310 25.419505 25.448345 2.124701e+04
736340 25.602169 25.938661 25.506031 25.794451 9.614033e+03
736341 25.977117 26.323221 25.457959 25.784836 2.797684e+04
736342 25.765608 25.765608 25.034943 25.256065 2.518877e+04
736343 25.294520 25.688696 25.102242 25.198380 2.047789e+04
736344 25.034944 25.256065 23.592839 24.535013 1.194063e+05
736348 24.611925 25.179154 24.535013 25.092627 2.547719e+04
736349 24.708066 25.707924 24.621540 25.573328 3.038034e+04
736350 25.457959 25.457959 25.457959 25.457959 1.845894e+04
736351 25.582943 25.794451 25.179154 25.765608 2.624631e+04
736354 25.794450 25.794450 24.775363 24.794592 2.374666e+04
736355 24.996486 25.332977 24.948417 25.207994 1.990105e+04
736356 25.179154 25.717539 24.852276 24.852276 2.365052e+04
736357 24.996487 25.573329 24.996487 25.361819 1.595930e+04
736358 25.409890 26.467435 25.092627 26.457820 4.278245e+04
736361 26.198240 26.198240 25.429119 25.823294 2.201614e+04
736362 25.544486 25.755996 25.467574 25.525257 1.490175e+04
736363 25.755996 25.755996 25.256065 25.563714 1.442105e+04
736364 25.611783 25.659855 25.265680 25.265680 7.210525e+03
736365 25.246452 25.544487 25.092627 25.092627 2.884210e+04
736368 25.015714 25.544486 25.015714 25.342592 2.624631e+04
736369 25.169539 25.573328 25.169539 25.265680 7.787367e+03
736370 25.496416 25.631012 25.236837 25.236837 7.210525e+03
736371 25.015714 25.361818 24.852275 25.102241 1.009473e+04
736372 25.371432 25.727153 25.217609 25.582943 9.133331e+03
736376 25.909820 26.236697 25.755996 26.140557 1.249824e+04
736377 26.236698 26.236698 25.457960 25.679082 3.605262e+04
736378 25.602169 25.919432 25.150310 25.284906 1.576701e+04
736379 25.352207 25.698311 25.188768 25.332978 2.413122e+04
736382 25.573328 25.852134 25.217608 25.419504 2.384280e+04
736383 25.304135 25.342592 24.852275 24.861890 2.451578e+04
736384 24.852276 25.121468 24.756136 25.083013 1.615158e+04
736385 25.159925 25.409890 24.938803 25.371433 9.421753e+03
736386 25.467573 25.486801 25.121467 25.179153 1.365193e+04
736389 25.361819 25.467574 25.159925 25.159925 2.691929e+04
736390 25.431714 25.693795 25.373472 25.606434 1.252172e+04
736391 25.606434 25.800570 25.431714 25.693795 1.737510e+04
736392 25.849103 26.169426 25.577315 26.130600 2.203435e+04
736393 26.130600 26.130600 25.499661 25.616141 2.416983e+04
736396 25.489953 26.043239 25.489953 25.664676 1.718097e+04
736397 25.810276 25.810276 25.363764 25.422007 2.086954e+04
736398 25.383179 25.684088 25.256991 25.305525 1.339533e+04
736399 25.460833 25.548194 25.237578 25.460833 1.378360e+04
736400 25.557901 25.810277 25.548194 25.800570 1.494841e+04
736403 25.722916 25.732623 25.402593 25.470540 1.339533e+04
736404 25.557902 25.625849 25.053149 25.091977 3.115870e+04
736405 25.140511 25.324939 25.091977 25.286111 1.786044e+04
736406 25.218164 25.752037 25.150217 25.722916 1.853991e+04
736407 25.790863 26.033532 25.752037 25.926757 4.465110e+04
736410 25.994706 26.111186 25.509368 25.557901 2.436397e+04
736411 25.606434 25.810277 25.383179 25.606434 4.377749e+04
736412 25.519075 25.664677 25.354060 25.528780 3.407073e+04
736413 25.451126 26.130600 25.392886 25.800570 2.514051e+04
736417 25.897637 26.052945 25.519075 25.703502 1.630736e+04
736418 25.557901 26.091772 25.489954 26.004413 3.572088e+04
736419 26.014118 26.062652 25.907345 25.994706 1.853991e+04
736420 26.062652 26.062652 25.654968 25.790863 2.271382e+04
736421 25.654969 26.004413 25.528780 25.975292 1.679270e+04
736424 26.014118 26.014118 25.703503 25.849103 1.863698e+04
736425 25.752037 25.752037 25.344353 25.363765 1.892818e+04
736426 25.344353 25.519075 25.305525 25.441419 2.251968e+04
736427 25.373472 25.422007 25.169631 25.198750 2.640239e+04
736428 25.402593 25.470541 25.150217 25.208457 1.261879e+04
736431 25.334645 25.596729 25.256991 25.344353 1.397774e+04
736432 25.295817 25.732623 25.295817 25.674383 2.009299e+04
736433 25.693795 26.208254 25.693795 26.208254 3.533261e+04
736434 26.188840 26.625645 26.140307 26.412095 2.387863e+04
736435 26.276202 26.577110 26.188841 26.227668 1.397774e+04
736438 26.237375 26.499456 26.217961 26.441216 1.514255e+04
736439 26.480044 26.635352 26.305321 26.392683 1.378360e+04
736440 26.470336 26.693592 26.276201 26.606231 6.115259e+03
736441 26.693592 27.373066 26.615938 27.246877 3.640035e+04
736442 27.159516 27.460427 27.091569 27.382771 3.251765e+04
736445 27.101276 27.392478 27.023622 27.198344 1.582202e+04
736446 27.334238 27.868109 27.256584 27.819576 1.844285e+04
736447 27.751629 28.081659 27.508960 27.945765 2.708186e+04
736448 27.819576 28.091366 27.606028 27.644854 1.261879e+04
736449 27.567200 27.780750 27.246877 27.334238 1.970472e+04
736452 27.567201 27.722508 27.052743 27.712801 1.989886e+04
736453 27.421600 27.761336 27.062448 27.198344 1.417187e+04
736454 27.178930 27.606029 27.052743 27.305117 1.669563e+04
736455 27.373066 27.373066 27.169223 27.227463 1.844285e+04
736456 27.159517 27.295412 27.004209 27.149809 8.056611e+03
736459 27.178930 27.712801 27.178930 27.596321 2.125781e+04
736460 27.567200 27.809869 27.373066 27.586614 2.145194e+04
736461 27.460427 27.693390 27.373066 27.392478 1.378360e+04
736462 27.460427 27.567201 27.081862 27.305117 1.776337e+04
736463 27.479839 27.479839 27.149809 27.237170 1.824871e+04
736466 27.411892 27.887523 27.373066 27.654561 1.562788e+04
736467 27.625440 27.722507 26.586816 26.839193 2.514051e+04
736468 26.742125 27.732215 26.742125 27.664268 1.281292e+04
736469 27.644854 27.644854 26.975089 27.246877 1.912232e+04
736470 27.402186 27.780751 27.373067 27.518667 1.504548e+04
736473 27.353652 27.751629 27.343945 27.576907 2.106367e+04
736474 27.800162 28.644651 27.800162 28.401982 2.737307e+04
736475 28.479636 28.761131 28.207845 28.304914 2.164608e+04
736476 28.217554 28.217554 27.926351 28.042831 1.485134e+04
736477 27.965177 28.246674 27.955470 28.246674 1.164811e+04
736481 28.091367 28.295208 28.091367 28.207846 1.339533e+04
736482 28.198055 28.393876 28.002236 28.325339 1.664469e+04
736483 28.354710 28.393875 28.012027 28.384084 9.986811e+03
736484 28.266594 28.266594 27.777044 28.198055 1.292411e+04
736487 28.149101 28.765933 28.149101 28.736561 1.458858e+04
736488 28.746352 29.020498 28.697395 28.814888 1.742796e+04
736489 28.961753 29.343601 28.893216 29.294647 1.733006e+04
736490 29.226110 29.363184 28.824680 29.226110 3.103744e+04
736491 28.942169 29.480676 28.942169 29.412139 3.035207e+04
736494 29.314230 29.568795 28.834471 28.873634 2.976461e+04
736495 28.863843 29.294647 28.863843 29.167365 1.449067e+04
736496 29.372975 29.372975 28.951962 29.059663 1.635096e+04
736497 28.981335 29.216319 28.707187 29.177154 1.772169e+04
736498 29.265273 29.343601 28.687604 28.893216 4.856332e+04
736501 29.128200 29.559004 28.785515 28.932379 2.183391e+04
736502 28.981335 29.089035 28.805097 28.932379 6.951604e+03
736503 29.098826 29.255482 28.609276 28.844260 2.202973e+04
736504 29.098827 29.735243 29.030291 29.715660 1.781961e+04
736505 28.765933 29.167365 28.560323 28.609277 4.797586e+04
736508 28.521157 28.893216 27.639969 27.806416 3.182072e+04
736509 27.982654 28.344922 27.894535 28.247011 2.310674e+04
736510 28.579905 29.069455 28.550531 29.020498 1.801542e+04
736511 29.000918 29.764614 28.912799 29.656914 2.437957e+04
736512 29.549213 29.784197 29.186945 29.294647 1.106382e+04
736516 29.049872 29.372975 28.863843 28.981335 1.546977e+04
736517 28.863842 29.519839 28.863842 29.324020 1.468649e+04
736518 29.578584 29.617749 29.216318 29.353392 6.951604e+03
736519 29.588375 29.921269 29.353392 29.891898 2.418375e+04
736522 29.950643 30.459776 29.950643 30.224792 1.517604e+04
736523 30.156253 30.753505 30.146464 30.410819 2.888343e+04
736524 30.038762 30.743714 30.038762 30.508730 2.271510e+04
736525 30.851415 30.959117 30.577267 30.733922 8.028613e+03
736526 30.694759 30.939534 30.498939 30.890578 1.654678e+04
736529 30.782879 30.782879 30.440193 30.733922 3.133117e+04
736530 30.616430 30.802458 30.479355 30.636013 2.633777e+04
736531 30.704550 30.743713 30.371655 30.538103 1.967989e+04
736532 30.606639 30.929742 30.410818 30.538103 1.723214e+04
736533 30.645802 31.243054 30.449984 31.096189 1.889661e+04
736536 31.057024 31.311591 31.057024 31.272428 1.341366e+04
736537 31.037444 31.321382 31.037444 31.164726 1.370739e+04
736538 31.184308 31.791351 31.184308 31.546576 2.868761e+04
736539 31.585736 31.654277 31.047232 31.438874 1.586141e+04
736540 31.262636 31.340962 30.890577 30.929742 1.654678e+04
736543 30.929743 31.135352 30.371656 30.489147 2.075690e+04
736544 30.587057 30.626222 30.449983 30.547894 1.214083e+04
736545 30.596848 30.851414 30.420610 30.782878 7.636973e+03
736546 30.851415 30.851415 30.508730 30.596849 7.343244e+03
736547 30.753504 31.086398 30.587057 31.047233 2.026735e+04
736550 30.998279 31.311591 30.822041 30.870997 1.067218e+04
736551 31.008070 31.272428 30.968905 31.262636 6.951604e+03
736552 31.203891 31.223471 30.782878 31.027653 1.341366e+04
736553 31.135352 31.321382 31.135352 31.321382 1.380530e+04
736554 31.125563 31.311591 31.047233 31.184308 9.888901e+03
736557 31.145143 31.282219 30.861205 31.066816 1.214083e+04
736558 31.027654 31.135353 30.861206 30.978697 9.595172e+03
736559 30.998279 31.115772 30.870997 30.959116 6.462054e+03
736560 30.959116 31.311591 30.939533 31.243054 1.194501e+04
736561 31.282219 31.282219 31.037444 31.066816 2.056108e+04
736564 31.135352 31.331173 30.988488 31.252845 6.951604e+03
736565 31.331173 31.664067 31.243054 31.409503 2.623986e+04
736566 31.526994 31.595530 31.145143 31.292008 1.752587e+04
736567 31.145143 31.713020 31.145143 31.683649 1.037845e+04
736568 31.820722 31.908841 31.360544 31.644484 8.322343e+03
736571 31.722815 31.791351 31.429081 31.497618 1.321784e+04
736572 31.722814 32.114451 31.575947 32.026332 2.036526e+04
736573 32.085532 32.213797 31.809275 31.986866 2.920454e+04
736574 31.819139 32.124999 31.523148 31.937535 2.200207e+04
736575 32.065799 32.263128 32.065799 32.263128 8.583768e+03
736579 32.154597 32.342057 32.095397 32.282861 9.669072e+03
736580 32.065799 32.509788 32.065799 32.420990 1.381296e+04
736581 32.509788 32.549254 32.282861 32.440723 6.413160e+03
736582 32.243395 32.450588 31.769808 31.858606 2.032478e+04
736585 31.868470 32.440723 31.848737 32.440723 1.183968e+04
736586 32.095397 32.213797 31.720477 31.799406 1.420762e+04
736587 31.789542 32.144733 31.631679 31.750075 1.322098e+04
736588 31.858605 32.351925 31.582343 32.223661 2.229806e+04
736589 32.322323 32.815643 32.194063 32.638052 3.591369e+04
736592 32.499920 32.499920 31.404750 31.789541 2.732993e+04
736593 32.016468 32.016468 31.552747 31.858606 2.506066e+04
736594 31.927670 32.263128 31.582343 32.095397 2.871122e+04
736595 32.085532 32.864979 32.085532 32.766313 1.470094e+04
736596 32.164461 33.249768 32.164461 33.003108 2.841523e+04
736599 32.697247 33.249767 32.282860 32.302594 2.565264e+04
736600 32.361791 32.726847 31.611946 32.490055 2.634329e+04
736601 33.624692 33.624692 32.332192 32.924175 1.499693e+04
736602 32.904441 32.953777 32.065799 32.105266 1.845017e+04
736603 32.144732 32.667650 31.621810 32.391392 2.999385e+04
736606 32.223661 32.786046 31.306086 31.868470 2.022612e+04
736607 31.927670 32.184195 31.562613 31.769808 1.716754e+04
736608 31.888204 32.411121 31.888204 32.144732 1.085304e+04
736609 31.977001 32.124998 31.819138 32.006599 7.005144e+03
736610 31.681011 32.036201 31.681011 31.957268 1.085304e+04
736613 32.539387 32.667651 32.016469 32.272993 1.854883e+04
736614 32.312458 32.312458 31.720476 31.809274 1.233300e+04
736615 31.829003 32.174330 31.829003 32.095397 1.174102e+04
736616 31.957268 31.957268 31.404751 31.414617 1.756219e+04
736617 31.769808 31.868470 31.493548 31.562613 1.193834e+04
736620 31.404751 31.789541 31.404751 31.631679 8.682432e+03
736621 32.174331 32.726846 30.704237 31.385017 1.233300e+04
736622 31.503415 31.898073 31.473816 31.779673 6.314496e+03
736623 31.700744 31.750075 31.207422 31.424484 8.879760e+03
736624 31.108759 31.562613 31.089025 31.227155 1.558891e+04
736627 31.473816 32.164462 31.444217 32.075664 1.657555e+04
736628 31.937535 31.957268 31.306087 31.661277 1.055705e+04
736629 31.651412 31.740206 31.118626 31.197557 1.144502e+04
736630 31.454081 31.740206 31.315953 31.444217 1.470094e+04
736631 31.493549 31.690876 31.069294 31.177824 8.386440e+03
736634 31.177824 31.523149 31.029829 31.177824 1.183968e+04
736635 31.325819 31.325819 30.881830 31.029828 1.637822e+04
736636 31.079159 31.108759 30.487175 30.487175 1.894349e+04
736637 30.536508 30.684503 30.151716 30.240515 1.568758e+04
736638 30.487176 30.980496 30.339180 30.388511 1.183968e+04
736641 30.783169 31.227156 30.783169 31.177824 1.243166e+04
736642 31.177823 31.325819 30.980495 31.227155 6.709152e+03
736643 31.375150 33.101770 31.375150 33.052439 3.285511e+04
736644 33.940417 35.815030 33.299099 35.469708 6.541423e+04
736645 35.371041 37.492319 35.025719 37.393657 6.965678e+04
736648 38.084301 38.972279 35.469708 37.640317 5.081196e+04
736649 37.294991 37.294991 34.542264 36.604342 3.522305e+04
736650 36.308350 36.851001 35.667037 36.653677 2.723126e+04
736651 36.703008 37.196328 36.456348 36.900337 3.640702e+04
736652 37.344321 37.936308 36.653677 37.886977 3.532171e+04
736655 37.837641 37.886977 37.442988 37.886977 1.519426e+04
736656 37.788310 38.281630 37.640317 38.133637 2.150875e+04
736657 38.084301 38.774950 35.844632 38.774950 2.101543e+04
736659 38.824281 38.972279 38.380297 38.922948 6.215832e+03
736662 38.577621 38.873617 38.182968 38.508557 1.716754e+04
736663 38.330961 38.972279 38.330961 38.528290 1.233300e+04
736664 39.124091 39.302830 37.386346 37.584941 3.008781e+04
736665 37.783541 38.428991 37.733892 38.180742 1.985994e+04
736666 38.081439 38.230391 37.684243 37.733892 1.022787e+04
736669 37.932493 39.173740 37.833190 39.024788 2.412983e+04
736670 39.173739 39.173739 38.230391 38.280040 4.508207e+04
736671 38.230391 39.223388 38.230391 39.124090 3.227241e+04
736672 39.173740 40.861836 39.074438 40.315684 3.783319e+04
736673 39.968136 41.110085 38.875841 40.414986 4.071288e+04
736676 40.414986 41.259032 39.719887 40.067434 3.127941e+04
736677 40.464634 40.951205 39.471637 40.117087 3.018711e+04
736678 39.670237 39.908555 38.280039 39.471637 2.909482e+04
736679 39.769537 40.712885 39.670239 40.315684 3.425840e+04
736680 40.216385 40.454706 39.124090 39.223388 8.609285e+04
736683 39.471637 40.315683 38.855980 39.968136 2.710882e+04
736684 40.216385 41.407983 40.216385 41.407983 2.859832e+04
736685 41.159734 41.259032 40.414986 40.414986 2.214384e+04
736686 40.514284 40.663235 40.166737 40.414986 1.439846e+04
736687 40.414986 41.060431 40.226313 41.060431 1.231316e+04
736691 41.060431 41.060431 40.563932 40.911484 1.340546e+04
736692 40.911484 40.911484 40.514283 40.613586 7.745378e+03
736693 40.712884 40.712884 39.928416 40.464635 8.936975e+03
736694 40.464634 40.514283 39.570935 40.216385 2.889622e+04
736698 40.663235 40.663235 39.769535 40.266034 1.400126e+04
736699 40.613587 40.613587 39.918488 40.464635 1.499426e+04
736700 40.414986 40.414986 38.875842 39.074437 2.651302e+04
736701 39.273038 39.273038 36.591945 38.577939 5.640224e+04
736704 38.180742 38.826187 37.932493 38.131093 2.720812e+04
736705 38.131093 38.726889 38.031790 38.528289 2.383193e+04
736706 38.577938 38.726889 37.882844 38.478640 1.698025e+04
736707 38.280040 38.280040 37.237394 38.031791 1.618585e+04
736708 38.280040 38.776538 38.280040 38.528289 1.539146e+04
736712 38.031791 38.031791 37.088442 37.237394 1.856905e+04
736713 37.237394 37.435994 36.343694 36.790544 3.435770e+04
736714 36.790544 36.790544 36.045797 36.244397 2.095224e+04
736715 36.095445 37.187745 36.095445 36.740895 2.641372e+04
736718 36.194748 37.336691 35.797547 36.045796 2.532143e+04
736719 36.095445 36.889847 35.499649 36.542295 1.946274e+04
736720 36.989144 37.237393 36.740895 36.939495 1.985994e+04
736721 37.138096 37.138096 36.542294 36.641597 1.151877e+04
736722 36.542295 36.740895 36.095445 36.393348 8.241876e+03
736725 35.946498 35.946498 34.556300 35.003150 4.855756e+04
736726 34.804550 35.251399 34.308051 35.052799 2.492423e+04
736727 35.400351 35.549298 34.705252 34.705252 1.499426e+04
736728 34.705253 35.598947 33.662607 33.861202 3.058431e+04
736729 34.357700 34.655603 33.811553 34.457003 3.654230e+04
736732 34.059802 35.549298 34.059802 35.052799 7.258809e+04
736733 35.152101 35.499648 34.903852 35.152101 5.501204e+04
736734 34.754901 34.943569 33.960504 33.960504 3.227241e+04
736735 34.258402 34.308051 33.910855 34.010153 2.849902e+04
736736 33.861201 34.457003 33.811553 34.010153 2.919412e+04
736739 34.407354 35.003150 34.407354 34.655603 2.442773e+04
736740 34.635743 35.350698 34.457004 35.350698 2.065434e+04
736741 35.251400 35.549298 35.152102 35.450000 7.348179e+03
736742 35.598947 35.847196 35.450000 35.499649 1.588795e+04
736743 35.499649 35.747898 35.350698 35.549298 2.164734e+04
736747 35.747898 36.125238 35.201750 35.648600 1.549076e+04
736748 35.301048 35.847196 35.301048 35.698249 8.043277e+03
736749 35.847196 35.896850 35.152102 35.450000 2.065434e+04
736750 35.152102 35.549298 35.102448 35.450000 1.807255e+04
736753 35.650002 35.849998 35.349998 35.599998 1.850000e+04
736754 35.500000 35.549999 34.849998 34.900002 2.700000e+04
736755 35.650002 35.849998 35.150002 35.400002 2.820000e+04
736756 35.700001 35.700001 34.349998 34.450001 2.160000e+04
736757 34.750000 34.750000 34.200001 34.750000 2.560000e+04
736760 34.400002 34.700001 34.250000 34.549999 9.400000e+03
736761 34.549999 34.700001 34.200001 34.450001 1.870000e+04
736762 34.750000 34.840000 33.849998 33.900002 2.140000e+04
736763 33.950001 34.450001 33.750000 33.849998 2.690000e+04
736764 34.349998 34.450001 33.700001 33.900002 2.280000e+04
