736034 19.110127 19.371781 18.689610 18.689610 3.336095e+04
736035 18.923231 19.240954 18.783059 19.054057 2.709994e+04
736036 18.960610 19.184885 18.960610 19.016678 1.308273e+04
736039 19.007334 19.156851 18.857817 18.941920 2.270788e+04
736040 18.895194 19.194230 18.895194 19.138160 1.728789e+04
736041 19.156850 19.820330 19.110127 19.745572 1.597962e+04
736042 19.698849 20.007228 19.652126 19.951159 9.625149e+03
736043 20.081986 20.147399 19.913779 20.138054 3.326751e+04
736046 20.138054 20.437090 20.138054 20.343641 1.700755e+04
736047 20.334295 20.390364 20.091330 20.091330 1.663375e+04
736048 20.409054 20.595951 19.913778 19.932469 2.709993e+04
736049 20.446432 20.446432 19.913778 19.979192 2.878200e+04
736050 20.063295 20.091330 19.661470 19.820330 1.523203e+04
736053 19.885746 20.268883 19.493264 19.577367 3.597750e+04
736054 19.558677 20.175434 19.558677 19.988537 3.653819e+04
736055 20.128710 20.502502 19.904433 20.502502 1.953064e+04
736056 20.577261 20.605294 20.147399 20.184779 2.784752e+04
736060 20.231503 20.605294 20.231503 20.577261 1.896995e+04
736061 20.577261 20.614639 20.287571 20.315606 1.607306e+04
736062 20.455777 20.614638 20.119366 20.437089 2.205374e+04
736063 20.567915 20.605293 20.119365 20.231502 1.868961e+04
736064 20.278228 20.390365 20.091331 20.184779 1.252204e+04
736067 20.203469 20.530535 20.203469 20.240847 1.308273e+04
736068 20.352986 20.371674 20.212812 20.315606 1.177445e+04
736069 20.324951 20.614639 20.278228 20.352986 8.223428e+03
736070 20.231503 20.446432 20.231503 20.352986 6.541363e+03
736071 20.231503 20.521191 20.222157 20.222157 1.943719e+04
736074 20.306261 20.614639 20.306261 20.595951 1.158756e+04
736075 20.614639 20.670709 20.530535 20.595951 9.531701e+03
736076 20.567916 20.866949 20.418399 20.455777 1.654030e+04
736077 20.362331 20.549226 20.110020 20.250192 1.840927e+04
736078 20.250192 20.708087 20.250192 20.708087 1.158756e+04
736081 20.652019 20.792191 20.315606 20.455777 1.364342e+04
736082 20.390364 20.736123 20.390364 20.595951 1.308273e+04
736083 20.362330 20.698743 20.362330 20.483812 5.793779e+03
736084 20.483813 20.483813 20.128711 20.128711 1.700755e+04
736085 20.287570 20.362331 20.091330 20.212812 1.635341e+04
736088 20.259537 20.381019 20.091331 20.184779 1.177445e+04
736089 20.100675 20.212812 20.007227 20.016572 3.233302e+04
736090 19.988537 20.025918 19.829676 19.913779 2.467029e+04
736091 19.949656 20.525581 19.949656 20.006306 1.151850e+04
736092 20.251782 20.261222 19.930775 19.996864 1.340677e+04
736095 19.996864 20.298988 19.921333 20.006306 2.237609e+04
736096 20.006307 20.006307 19.638091 19.760830 1.529505e+04
736097 20.025187 20.025187 19.543678 19.619209 1.491740e+04
736098 19.836360 20.129043 19.732505 20.129043 1.774981e+04
736099 20.138484 20.289547 19.902450 20.204574 1.916602e+04
736102 20.270664 20.525582 20.204575 20.270664 1.557829e+04
736103 20.346194 20.535023 20.204574 20.289547 1.406767e+04
736104 20.393403 20.497257 20.223457 20.355636 1.369002e+04
736105 20.166810 20.572790 20.166810 20.374520 7.553112e+03
736106 20.478376 20.563348 20.308430 20.308430 1.633360e+04
736110 20.308430 20.468934 20.157368 20.214016 2.473644e+04
736111 20.232898 20.440609 20.166809 20.280105 1.161291e+04
736112 20.298989 20.393402 20.157368 20.261222 1.274588e+04
736113 20.166810 20.412286 20.110159 20.129043 1.652243e+04
736116 20.365078 20.478376 20.204575 20.336755 1.926044e+04
736117 20.232900 20.478377 20.166811 20.195133 1.463416e+04
736118 20.138485 20.383961 20.091279 20.232899 1.387884e+04
736119 20.138485 20.374520 20.110160 20.298989 1.123525e+04
736120 20.166809 20.336754 20.166809 20.204574 1.312353e+04
736123 20.185691 20.374519 20.025187 20.072395 1.350119e+04
736124 20.015748 20.251783 19.902451 19.911892 2.011016e+04
736125 19.940217 20.280106 19.940217 20.157368 1.255705e+04
736126 20.176252 20.270664 20.091279 20.232899 5.287178e+03
736127 20.138485 20.298989 20.072395 20.091279 1.510622e+04
736130 20.138485 20.138485 19.666415 19.902450 2.294258e+04
736131 19.930775 20.100720 19.760829 19.798594 2.445320e+04
736132 19.694740 20.053512 19.647531 19.741946 1.444533e+04
736133 19.798594 20.147926 19.638090 20.138485 1.803306e+04
736134 20.091278 20.431166 20.091278 20.204574 3.200631e+04
736137 20.280105 20.383960 20.157367 20.204574 1.397326e+04
736138 20.119601 20.336755 20.119601 20.261222 1.114084e+04
736139 20.204575 20.336755 20.025188 20.034629 1.529505e+04
736140 19.949656 20.280106 19.836361 19.845802 1.019670e+04
736141 19.855245 20.147927 19.704182 19.864686 7.383167e+04
736144 19.760829 20.138485 19.685298 19.779713 1.246263e+04
736145 19.789153 20.195133 19.789153 19.911892 1.265146e+04
736146 20.025187 20.289547 19.874125 20.129043 1.708892e+04
736147 20.232899 20.280106 19.968540 20.157368 3.219514e+04
736151 20.006307 20.280106 19.779713 20.232899 2.332023e+04
736152 20.204575 20.506699 20.195133 20.298989 2.350906e+04
736153 20.214016 20.535024 20.204575 20.346195 1.350119e+04
736154 20.440609 20.440609 20.119601 20.327313 1.623919e+04
736155 20.440609 20.440609 20.289547 20.431167 1.416208e+04
736158 20.440610 20.478376 20.280106 20.468934 9.158149e+03
736159 20.459492 20.487817 20.355636 20.431167 7.458698e+03
736160 20.506698 20.535023 20.346194 20.431167 1.331236e+04
736161 20.487818 20.619997 20.431168 20.582230 1.699450e+04
736162 20.582230 20.695527 20.487818 20.591671 1.359560e+04
736165 20.648322 20.742734 20.572791 20.629438 1.123525e+04
736166 20.629437 20.704968 20.582229 20.686085 2.218727e+04
736167 20.629437 20.771058 20.582229 20.638879 2.322582e+04
736168 20.676643 20.733291 20.298988 20.327313 2.700237e+04
736169 20.298989 20.619996 20.185691 20.223458 1.595595e+04
736172 20.223457 20.450051 20.138485 20.383961 5.003937e+03
736173 20.365078 20.450050 20.157367 20.251782 1.321795e+04
736174 20.214016 20.450051 20.214016 20.308430 5.759248e+03
736175 20.232899 20.478376 20.157368 20.298989 1.302912e+04
736176 20.346194 20.771058 20.214016 20.365078 1.331236e+04
736179 20.431167 20.733292 20.298989 20.591671 1.482298e+04
736180 20.582229 20.761616 20.346194 20.412286 7.364284e+03
736181 20.478375 20.714410 20.440609 20.638879 1.973250e+04
736182 20.980284 20.980284 20.780019 20.894456 9.059668e+03
736183 20.856310 21.037502 20.837237 20.846774 1.239744e+04
736186 20.961211 21.142404 20.751408 20.865845 1.544912e+04
736187 20.808628 21.027966 20.722799 20.780019 2.469952e+04
736188 20.741872 21.027966 20.741872 21.018431 1.029941e+04
736189 21.047041 21.266379 20.894457 21.075650 9.345763e+03
736190 21.132868 21.428498 21.056576 21.342670 1.773788e+04
736193 21.294988 21.457108 21.275914 21.438035 1.478156e+04
736194 21.457108 21.476181 21.275914 21.333135 1.478156e+04
736195 21.275914 21.447572 21.275914 21.294988 4.386787e+03
736196 21.180550 21.647840 21.104258 21.504791 3.423601e+04
736197 21.256843 21.838568 21.256843 21.438035 4.787319e+04
736200 20.980285 21.542938 20.980285 21.237770 3.824134e+04
736201 21.781349 21.790886 20.818164 21.018431 3.261481e+04
736202 21.333135 21.333135 20.884919 21.190086 2.183857e+04
736203 21.304525 21.304525 20.827701 21.104258 2.298295e+04
736204 21.037502 21.247307 20.999357 21.209160 1.087160e+04
736207 21.104258 21.171015 20.932603 20.970748 1.344646e+04
736208 20.846774 20.970747 20.636969 20.732335 2.050346e+04
736209 20.903993 20.980284 20.770483 20.970748 8.964303e+03
736210 21.075650 21.075650 20.741872 20.789554 1.821470e+04
736211 20.684654 20.903992 20.512996 20.703725 8.392114e+03
736215 20.770482 20.837236 20.589288 20.694190 1.668886e+04
736216 20.770482 20.770482 20.503459 20.617898 1.687959e+04
736217 20.646507 20.665580 20.503459 20.551141 1.459083e+04
736218 20.474849 20.598824 20.331803 20.589288 1.440010e+04
736221 20.627433 20.694190 20.522532 20.694190 1.659350e+04
736222 20.694191 20.980284 20.608362 20.970748 1.764251e+04
736223 20.980284 20.980284 20.894456 20.961211 1.954981e+04
736224 20.961211 21.342670 20.932603 21.228233 3.671550e+04
736225 21.037502 21.457108 21.037502 21.447572 5.111560e+04
736228 21.438036 22.410758 21.438036 22.258174 3.938571e+04
736229 22.286785 22.363077 21.609693 22.067444 3.175652e+04
736230 22.220027 22.220027 22.010225 22.162809 1.687959e+04
736231 22.086517 22.372611 21.991151 22.239101 2.679754e+04
736232 22.363077 22.706389 22.248638 22.496587 2.565317e+04
736235 22.420294 23.078313 22.239100 22.868509 4.844538e+04
736236 22.887583 23.335797 22.849436 22.916193 4.396323e+04
736237 23.145068 23.145068 22.897120 23.021093 3.805061e+04
736238 23.097385 23.173677 22.792218 23.021093 3.213798e+04
736239 23.097385 23.364407 23.040167 23.335797 3.023068e+04
736242 23.259506 24.699517 23.259506 24.642298 7.562439e+04
736243 24.604151 24.604151 23.841233 24.003353 6.570644e+04
736244 24.108256 24.527859 24.022427 24.289447 4.157911e+04
736245 24.413422 24.880710 24.394349 24.651834 4.682418e+04
736246 24.689979 24.947465 24.508788 24.670908 2.603463e+04
736249 24.632761 24.670907 24.489713 24.585079 3.070751e+04
736250 24.585080 24.794881 24.585080 24.594616 1.621204e+04
736251 24.585079 24.737663 24.279910 24.499251 2.412733e+04
736252 24.556469 25.424290 24.480177 25.376608 4.081619e+04
736253 25.271706 25.367071 24.947465 25.290779 4.587053e+04
736256 25.271706 25.538728 25.100049 25.300316 5.121097e+04
736257 25.233558 25.605482 25.080974 25.538728 1.831007e+04
736258 25.176341 25.300317 22.887583 23.640967 1.051875e+05
736259 23.459772 24.270375 23.373944 23.879379 7.514756e+04
736260 23.869842 23.955671 23.497917 23.841232 2.241076e+04
736263 23.831695 23.831695 23.049703 23.116458 4.053009e+04
736264 23.030630 23.393018 22.982948 23.021093 2.908630e+04
736265 23.021092 23.574209 23.021092 23.440699 2.088492e+04
736266 23.526528 23.526528 23.059240 23.335797 2.155247e+04
736267 23.269042 23.402554 23.059239 23.230897 1.430474e+04
736270 23.316725 23.383480 22.982947 23.230897 1.974054e+04
736271 23.249968 23.393018 22.897119 23.106922 2.317368e+04
736272 23.249969 23.393018 23.087848 23.354871 1.449547e+04
736273 23.520400 23.770617 23.356796 23.424162 1.722648e+04
736274 23.424162 23.424162 23.029589 23.395290 2.646526e+04
736277 23.404915 23.866853 22.904480 23.289431 3.031475e+04
736278 23.501153 23.655132 23.164322 23.597390 2.001736e+04
736279 23.607014 24.165190 23.568518 23.809111 5.196815e+04
736280 23.934221 24.107446 23.732121 23.886101 1.549421e+04
736281 23.886101 24.184436 23.703249 23.741745 1.992112e+04
736284 23.741745 24.059328 23.318300 24.049704 2.502170e+04
736285 24.049704 24.049704 23.491528 23.741745 2.636902e+04
736286 23.751370 24.049705 23.327926 24.030457 2.223082e+04
736287 24.049704 24.203684 23.770617 24.126694 3.570404e+04
736288 24.232555 24.540515 24.165190 24.530891 3.329811e+04
736291 24.540515 24.809981 24.030457 24.271050 3.993849e+04
736292 24.271049 24.502019 23.934221 24.502019 2.174963e+04
736293 24.511643 24.636752 24.040081 24.617505 2.146092e+04
736295 24.636752 24.838849 24.261426 24.781108 1.077858e+04
736298 24.877346 25.329661 24.694495 25.223799 2.704269e+04
736299 25.810848 25.810848 24.963961 25.271919 1.905499e+04
736300 25.647245 25.647245 24.848475 24.915840 1.530173e+04
736301 24.886970 25.166058 24.598256 24.684871 2.492546e+04
736302 24.694494 25.021701 24.607881 24.771484 2.665774e+04
736305 24.723367 25.175682 24.684871 24.983206 2.078726e+04
736306 25.012078 25.194929 24.656001 25.012078 2.502170e+04
736307 24.867722 25.069819 24.752236 24.829226 1.010492e+04
736308 25.069820 25.069820 24.280675 24.338418 1.655282e+04
736309 24.107446 24.732990 23.655131 23.770617 2.155716e+04
736312 23.770618 24.915840 23.664756 23.837983 1.539797e+04
736313 24.011211 24.338417 23.760994 24.107446 1.125977e+04
736314 24.040082 24.704119 24.040082 24.636753 2.790882e+04
736315 25.166057 25.368157 24.627128 25.175681 2.290448e+04
736316 25.089068 26.446014 24.983206 26.349776 1.072084e+05
736319 26.436389 26.994565 26.253540 26.465261 4.147828e+04
736320 26.551875 27.033062 26.080312 27.023438 3.349059e+04
736321 27.042685 27.427634 26.638488 27.148545 4.099710e+04
736322 27.167793 27.418010 26.907951 27.379516 2.723516e+04
736326 27.215914 27.899198 27.148546 27.639356 3.002604e+04
736327 27.639356 28.062801 27.475752 28.014683 2.646526e+04
736328 27.928068 27.928068 27.398762 27.456506 2.425180e+04
736329 27.523872 27.523872 26.542251 26.657737 1.809262e+04
736333 26.311282 26.446015 25.252672 25.397027 6.130317e+04
736334 25.502888 25.907084 24.790731 25.810847 3.195079e+04
736335 25.522136 26.243915 25.214177 26.224668 3.252821e+04
736336 26.080312 26.224668 25.897461 26.118806 2.531041e+04
736337 26.147677 26.686606 25.704985 26.407519 3.445296e+04
736340 26.465261 27.004189 26.330529 26.811716 2.685021e+04
736341 26.907952 26.907952 25.724234 26.138054 3.608899e+04
736342 26.022570 26.628864 25.551006 25.964827 4.734876e+04
736343 25.897461 26.734727 25.897461 26.147678 2.819753e+04
736344 25.579877 26.128430 25.079442 25.733857 3.320187e+04
736348 25.724234 26.061064 25.570254 25.820471 2.877496e+04
736349 25.397026 26.571123 25.310412 26.070688 4.292184e+04
736350 26.022571 26.580747 25.724234 26.263164 2.819753e+04
736351 26.599992 27.312148 26.118806 27.254407 2.656150e+04
736354 27.254408 27.552742 26.782845 26.917576 2.454052e+04
736355 27.110052 27.571991 26.782845 26.984944 2.136468e+04
736356 26.936824 27.273655 26.503757 26.551875 3.512662e+04
736357 26.744351 27.908822 26.744351 27.677852 2.280824e+04
736358 27.899197 29.198401 27.783714 29.169529 8.670982e+04
736361 29.313885 30.131902 29.285015 29.929805 5.803110e+04
736362 29.804695 30.324378 29.669964 30.131902 4.176699e+04
736363 30.276258 30.738199 29.872063 29.881685 3.233574e+04
736364 29.862439 29.862439 28.332266 28.476621 3.002604e+04
736365 28.361135 29.400498 27.754841 28.120542 3.021852e+04
736368 27.947930 28.481288 27.152742 28.432800 4.257162e+04
736369 28.432800 29.169803 28.132180 28.762512 3.200145e+04
736370 28.781908 29.528609 28.781908 29.383146 2.831643e+04
736371 29.189198 29.451029 28.568563 28.617051 2.007363e+04
736372 28.791605 29.383145 28.267944 28.432800 3.578344e+04
736376 28.675236 28.917671 28.112786 28.461893 2.269194e+04
736377 28.413404 28.772209 28.132181 28.238853 2.909222e+04
736378 28.258246 28.704328 27.850955 28.229156 2.501931e+04
736379 28.161275 28.781908 27.880049 28.219458 2.298286e+04
736382 28.374616 28.568564 27.899443 28.054602 2.084943e+04
736383 27.850955 28.364919 27.850955 27.938232 2.288588e+04
736384 27.938232 28.297037 27.938232 28.277642 1.260663e+04
736385 28.267945 28.762513 27.870351 28.248549 1.270360e+04
736386 28.122484 28.122484 26.920005 27.016980 2.356470e+04
736389 26.861822 27.831562 26.803635 27.395178 2.783156e+04
736390 27.317599 27.627916 27.046071 27.123650 3.151658e+04
736391 26.793937 26.978189 26.299371 26.939400 3.015894e+04
736392 26.852125 27.104257 26.425438 26.551503 2.695880e+04
736393 26.347858 26.958794 25.969660 26.842426 2.511629e+04
736396 26.706662 26.910307 26.163606 26.367253 4.402623e+04
736397 26.279975 26.503016 26.173304 26.250883 2.860735e+04
736398 26.435134 26.648477 26.163607 26.570898 3.219539e+04
736399 26.881215 26.881215 25.882384 25.998751 2.792854e+04
736400 26.212094 26.309066 25.281142 25.921171 6.671817e+04
736403 25.921172 25.921172 25.358723 25.387815 2.531024e+04
736404 25.416906 25.698132 25.242354 25.281143 2.802551e+04
736405 25.261747 25.572066 24.970826 25.281143 3.268027e+04
736406 25.261748 25.261748 24.408377 24.747786 5.469338e+04
736407 24.864153 26.192699 24.418073 26.144211 1.592314e+05
736410 25.989053 26.027844 25.378118 25.717527 3.762594e+04
736411 25.950265 25.950265 25.387815 25.669039 2.094640e+04
736412 25.698131 25.892080 24.718693 24.844760 6.303315e+04
736413 24.776877 25.407211 24.515049 25.271445 3.015894e+04
736417 25.445999 25.445999 24.941732 25.358722 2.550418e+04
736418 25.455696 26.406042 25.116287 26.376951 2.957709e+04
736419 26.376951 26.890912 25.940566 26.648477 3.917753e+04
736420 26.813333 27.152743 26.347858 27.113952 3.985635e+04
736421 27.026678 27.133349 26.619387 26.764847 2.928617e+04
736424 26.667872 27.026677 26.338160 26.890912 2.918920e+04
736425 26.735753 26.958793 25.979357 26.250883 2.395260e+04
736426 26.357555 26.726055 26.260581 26.532109 2.715274e+04
736427 26.473923 26.929703 26.464228 26.677570 3.035289e+04
736428 26.687267 26.764846 26.347858 26.541807 2.531024e+04
736431 26.522411 26.745451 26.318764 26.406042 2.618300e+04
736432 26.473924 26.939401 26.338161 26.716359 4.538387e+04
736433 26.832728 26.832728 26.376950 26.745451 2.627998e+04
736434 26.832728 27.026678 26.357555 26.987887 2.240101e+04
736435 27.016980 28.035207 26.861821 27.899443 1.794020e+04
736438 28.006114 28.675236 27.889746 28.490984 3.180750e+04
736439 28.636447 28.636447 27.986721 28.558868 2.337075e+04
736440 28.558868 28.558868 27.831562 27.831562 2.472839e+04
736441 27.812166 28.093390 25.717526 25.736922 6.933647e+04
736442 25.736922 26.599990 25.736922 26.221792 1.037623e+04
736445 26.289675 26.832729 25.872685 26.464228 2.162522e+04
736446 26.638779 26.852124 26.250884 26.726056 2.705577e+04
736447 26.755150 26.832729 26.202397 26.551503 2.298286e+04
736448 26.367254 26.764847 25.940567 25.989053 3.374698e+04
736449 26.056936 26.260581 25.746617 26.173304 3.335908e+04
736452 26.124819 26.338161 25.901777 26.241186 3.035289e+04
736453 26.183002 26.619387 26.183002 26.483621 1.444914e+04
736454 26.435134 27.152742 25.998750 26.861821 2.996499e+04
736455 26.832728 27.947930 26.832728 27.773376 2.637695e+04
736456 27.724889 28.132180 27.269112 27.986720 3.384395e+04
736459 27.647310 27.686099 26.454530 27.569731 3.248632e+04
736460 27.734587 27.850955 27.424271 27.618218 3.025591e+04
736461 27.608521 27.608521 26.987888 27.046071 1.027925e+04
736462 27.226931 27.950375 26.757671 26.806551 2.610266e+04
736463 26.796775 27.236708 26.757671 26.806551 2.150781e+04
736466 26.777221 27.930823 26.777221 26.953195 2.649371e+04
736467 26.972748 26.972748 25.437872 25.672503 4.409101e+04
736468 25.672503 26.337291 25.476977 25.799594 2.121452e+04
736469 25.760489 26.337291 25.545410 26.239527 2.307201e+04
736470 26.239528 26.894538 26.014674 26.884762 3.206619e+04
736473 26.826105 27.109616 26.347068 26.571921 2.297425e+04
736474 26.806551 28.488070 26.806551 28.224112 5.865766e+04
736475 28.253440 28.654267 27.432232 27.647312 3.333710e+04
736476 27.862389 28.097020 27.383351 27.617982 3.128409e+04
736477 27.940600 28.243664 27.559326 28.038363 3.402144e+04
736481 28.116573 28.116573 27.393128 27.569102 2.141005e+04
736482 27.402905 27.940599 27.197602 27.891719 1.544652e+04
736483 27.735299 28.165453 27.735299 27.950376 2.180110e+04
736484 28.106796 28.370756 28.018810 28.272993 2.121452e+04
736487 28.282770 28.732478 28.282770 28.605387 1.661967e+04
736488 28.712927 29.211515 28.478294 28.898674 1.593533e+04
736489 29.094201 29.641672 28.898674 29.631895 2.620042e+04
736490 29.465698 29.631895 28.967108 29.006214 2.884002e+04
736491 28.830241 29.387488 28.800911 29.045318 2.864449e+04
736494 29.152858 30.042499 29.045318 29.866525 2.893778e+04
736495 29.749211 30.609523 28.869347 30.345565 3.245724e+04
736496 30.326011 30.609522 29.641672 29.895855 2.170333e+04
736497 29.993617 30.638852 28.928003 30.511759 3.695433e+04
736498 30.589972 30.648629 29.191965 29.876302 1.459598e+05
736501 29.915407 30.150037 29.524357 29.964288 2.600490e+04
736502 29.964289 30.629076 29.915408 30.345565 1.583757e+04
736503 30.296682 30.707286 30.208696 30.316235 3.079527e+04
736504 30.560642 30.658406 29.925185 30.238025 1.877045e+04
736505 29.426593 30.981022 28.752030 30.981022 9.013727e+04
736508 30.736616 32.476793 30.648628 32.339926 6.159054e+04
736509 32.467015 32.467015 31.987979 32.339926 3.910511e+04
736510 32.525673 32.789633 32.408360 32.633213 2.502727e+04
736511 32.828740 33.180684 32.457241 33.161130 2.737358e+04
736512 33.385988 33.806368 33.043815 33.327328 3.871406e+04
736516 33.855248 34.148536 33.552183 34.089877 4.184247e+04
736517 34.040996 34.216969 33.278447 33.649943 2.620042e+04
736518 33.659721 33.669497 32.730975 32.730975 3.548789e+04
736519 32.642988 33.444642 32.525673 33.395762 3.490131e+04
736522 33.200235 33.415314 32.652766 33.307775 2.629818e+04
736523 33.161129 33.434868 32.633213 33.180683 2.756910e+04
736524 33.307775 33.493522 32.975382 33.024262 2.698252e+04
736525 33.004709 33.141581 32.388807 32.427909 2.444069e+04
736526 32.447462 33.542407 31.812006 31.939095 4.976125e+04
736529 31.997754 32.652767 31.870661 32.476793 4.301562e+04
736530 32.457240 32.946053 32.369253 32.574554 2.668924e+04
736531 32.623435 33.073147 32.222608 32.662541 2.434293e+04
736532 32.545226 32.975382 32.388806 32.496346 2.747134e+04
736533 32.408360 32.994935 32.330148 32.994935 5.474715e+04
736536 32.760301 33.082920 32.261713 32.652766 4.106036e+04
736537 32.838513 32.946053 32.506120 32.652766 1.877045e+04
736538 32.682094 32.985160 32.506121 32.946054 1.847716e+04
736539 32.965608 33.151356 32.642988 33.053594 1.182930e+04
736540 33.063369 33.493523 32.936276 33.327328 2.620042e+04
736543 33.473974 33.503301 32.584333 32.642988 1.808611e+04
736544 32.457240 32.535449 32.339926 32.369254 1.769506e+04
736545 32.359475 32.388807 31.772900 31.978201 3.900735e+04
736546 31.772900 32.271488 31.772900 31.772900 3.128409e+04
736547 31.782674 32.056413 31.596927 31.645807 4.682837e+04
736550 32.133122 32.133122 31.503062 31.522751 2.047699e+04
736551 31.512904 32.064210 31.138806 31.276633 4.942043e+04
736552 31.188031 31.306166 30.459523 30.705641 4.882974e+04
736553 30.705641 31.060049 30.548126 30.981291 2.392264e+04
736554 30.922223 31.168341 30.873000 30.951758 1.663755e+04
736557 31.050206 31.050206 30.380766 30.489056 3.140461e+04
736558 30.518590 30.518590 28.657941 28.943437 4.873130e+04
736559 28.776077 29.642412 28.726853 29.514430 3.022325e+04
736560 29.622722 30.075578 29.612878 29.967288 2.914033e+04
736561 29.790082 30.144493 29.169865 29.297847 3.199530e+04
736564 29.514430 29.829459 29.317537 29.642412 1.929562e+04
736565 29.760548 29.918063 29.337225 29.465207 2.894344e+04
736566 29.573501 29.573501 29.110798 29.258468 1.299501e+04
736567 29.189554 29.465206 29.169864 29.268312 2.313506e+04
736568 29.425827 29.858996 29.160022 29.307692 1.457017e+04
736571 29.327382 29.445518 28.657942 28.726854 2.805741e+04
736572 28.697320 28.726854 27.456886 27.515956 3.859125e+04
736573 27.427355 27.427355 26.994186 27.043409 3.672076e+04
736574 27.210768 27.210768 26.639775 26.679155 3.780367e+04
736575 26.679155 27.378129 26.580708 26.757913 4.735304e+04
736579 26.767759 26.905584 26.649621 26.757913 3.455492e+04
736580 26.728379 26.935119 26.649621 26.757913 5.040490e+04
736581 26.698845 27.653781 26.698845 27.545489 2.313506e+04
736582 27.417508 27.417508 25.999871 26.019560 3.002636e+04
736585 26.147540 26.905583 26.068783 26.551173 3.819746e+04
736586 26.324746 26.541328 25.871890 25.911268 2.815586e+04
736587 26.137696 26.295211 25.950648 26.226298 2.530090e+04
736588 26.157386 26.797291 26.157386 26.718533 2.254438e+04
736589 26.807136 27.525799 26.698845 27.486421 5.385055e+04
736592 27.525800 27.998348 27.309217 27.781762 2.136301e+04
736593 27.762073 28.303531 27.456886 28.047569 2.973101e+04
736594 28.224774 28.510270 27.653781 28.470892 2.795897e+04
736595 28.549649 29.573500 28.244464 29.534120 3.553939e+04
736596 29.396295 29.396295 28.598872 28.992662 2.352885e+04
736599 29.032040 29.130487 28.549649 28.598872 2.431643e+04
736600 28.677629 28.923746 28.254308 28.333066 1.850805e+04
736601 28.303532 28.559494 28.155861 28.303532 2.037854e+04
736602 28.205085 28.205085 27.673472 27.870364 1.122297e+04
736603 27.998347 28.293687 27.821141 28.096794 1.998475e+04
736606 27.909744 28.234619 27.594714 27.742384 2.786052e+04
736607 27.742383 27.742383 26.580708 26.718533 3.022325e+04
736608 26.984340 26.984340 26.305055 26.561018 2.697450e+04
736609 26.433038 26.777603 26.334591 26.757913 1.742513e+04
736610 26.807136 26.876048 26.364125 26.364125 2.067388e+04
736613 26.413349 27.525800 26.413349 27.378129 1.968941e+04
736614 27.358441 27.515956 26.472415 26.541328 2.599003e+04
736615 26.669311 27.614402 26.501951 27.043409 2.628537e+04
736616 26.777603 27.663626 26.777603 27.447041 1.614532e+04
736617 27.456885 27.663625 27.191080 27.259993 1.693290e+04
736620 27.466732 27.673472 27.171391 27.535644 1.004160e+04
736621 27.624246 27.683316 27.269839 27.565179 1.417638e+04
736622 27.663626 27.811296 27.171390 27.683316 1.427482e+04
736623 27.643935 27.899898 27.604558 27.791606 9.844706e+03
736624 27.781761 27.919589 27.693158 27.840831 5.906824e+03
736627 27.880210 27.998347 27.811297 27.830986 1.063228e+04
736628 27.899899 28.234619 27.771916 27.988501 1.555464e+04
736629 27.919589 28.283842 27.496266 27.624246 1.210899e+04
736630 27.466732 27.565179 27.299372 27.319061 1.299501e+04
736631 27.210768 27.575023 27.112323 27.299371 1.092762e+04
736634 27.397819 27.850677 27.171391 27.781762 1.722824e+04
736635 27.683317 27.909744 26.895739 26.964651 2.372574e+04
736636 26.895739 27.122166 26.679155 26.846515 1.683445e+04
736637 27.151701 28.057414 27.151701 27.830986 2.303661e+04
736638 28.136171 28.293686 27.496265 27.594713 2.815586e+04
736641 27.414071 28.128702 27.414071 28.059224 1.865983e+04
736642 28.059224 28.376838 27.989746 28.317286 1.806430e+04
736643 27.771386 28.128702 27.106381 27.791237 4.317567e+04
736644 27.771385 28.237882 26.927722 28.148553 3.116589e+04
736645 28.088999 30.739092 27.721759 30.729167 5.131453e+04
736648 30.550511 31.007081 29.567893 30.699392 2.401957e+04
736649 30.649763 31.245291 30.004611 30.818496 2.272926e+04
736650 30.490956 31.165887 29.488486 31.165887 2.560764e+04
736651 31.066632 31.672084 30.282523 31.414023 2.282852e+04
736652 31.414023 31.711787 30.749018 31.503352 2.302702e+04
736655 31.691935 32.059175 31.394171 32.049252 2.044641e+04
736656 32.049253 32.753958 31.969847 32.753958 3.235694e+04
736657 32.237834 32.753957 30.987227 31.294918 2.074417e+04
736659 31.374323 32.505822 31.225439 32.188208 5.756756e+03
736662 32.227910 32.744034 32.188207 32.456195 1.786579e+04
736663 32.217982 32.694404 32.217982 32.545524 1.746878e+04
736664 32.277537 32.495899 31.205590 31.284993 1.925536e+04
736665 31.235364 31.959923 31.056708 31.255216 1.330009e+04
736666 31.632384 31.860666 31.582756 31.652233 1.071948e+04
736669 31.771337 32.366867 31.155961 32.277537 2.163746e+04
736670 32.307312 32.446268 31.622458 32.128654 2.114119e+04
736671 32.188207 32.327163 31.453726 31.711787 1.766729e+04
736672 31.771338 32.446269 31.126187 32.108803 3.563234e+04
736673 32.198131 32.595150 31.711787 32.485970 2.114119e+04
736676 32.416493 32.654705 32.158433 32.376790 2.332479e+04
736677 32.466119 32.505821 31.969847 32.247762 1.280382e+04
736678 32.436344 32.436344 31.215516 31.225439 2.630242e+04
736679 31.235365 31.860667 31.195664 31.691936 2.064492e+04
736680 31.761413 32.158433 31.622458 32.079027 6.769151e+04
736683 31.791189 32.505821 31.791189 32.386717 1.637698e+04
736684 32.118731 32.575300 31.959923 32.128654 1.925536e+04
736685 31.969847 32.555448 31.969847 32.188208 1.488816e+04
736686 32.158434 32.347015 31.562904 31.602607 1.995014e+04
736687 31.562904 31.959924 31.394172 31.533129 1.230755e+04
736691 31.701863 32.515746 31.691936 32.317240 1.548369e+04
736692 32.138581 32.704331 31.602606 31.711787 1.250606e+04
736693 31.701862 32.585227 31.572829 31.682010 1.399487e+04
736694 31.513277 31.721710 31.265141 31.701861 1.498742e+04
736698 31.791189 31.791189 30.610063 30.659689 2.689795e+04
736699 30.749019 31.533129 30.739092 30.907825 3.116589e+04
736700 30.778795 31.552981 30.540584 30.619988 1.369711e+04
736701 30.699391 30.848273 30.004610 30.471107 2.263001e+04
736704 30.342075 30.391704 29.875580 29.905355 1.627772e+04
736705 29.835877 30.252746 29.696922 30.153491 1.260531e+04
736706 30.044312 30.332149 29.885506 30.084013 1.449114e+04
736707 29.994684 30.143567 29.210575 29.240350 1.925536e+04
736708 29.210575 29.726699 29.151024 29.607593 1.478891e+04
736712 29.964909 30.689465 29.796176 30.500882 2.729496e+04
736713 30.490956 31.691936 30.490956 31.404097 3.106663e+04
736714 31.443799 31.662159 31.017005 31.265141 1.647623e+04
736715 31.175812 31.652232 31.175812 31.334619 1.389562e+04
736718 31.453726 31.622458 31.265141 31.414023 1.459040e+04
736719 31.612532 31.761413 31.275067 31.751488 1.796505e+04
736720 31.761413 32.525672 31.761413 32.495898 1.667474e+04
736721 32.287461 32.495898 31.910297 32.178280 1.240680e+04
736722 32.476047 32.476047 31.642308 32.009550 9.627679e+03
736725 31.949996 32.088955 30.768869 30.808572 1.627772e+04
736726 30.570359 30.818495 30.282522 30.798646 3.513606e+04
736727 30.739092 31.026931 30.431404 30.600137 1.379636e+04
736728 30.887976 30.907825 30.272597 30.600137 1.210904e+04
736729 31.215516 31.711788 30.570360 30.818496 1.022321e+04
736732 30.957454 31.334620 30.163416 30.332149 1.240680e+04
736733 30.183268 30.838348 29.984759 30.352001 1.568220e+04
736734 30.100000 30.670000 29.830000 30.070000 1.330000e+04
736735 30.200001 30.340000 29.950001 30.010000 3.430000e+04
736736 29.950001 30.219999 29.860001 29.990000 2.030000e+04
736739 30.209999 31.410000 30.090000 31.389999 2.270000e+04
736740 31.389999 31.660000 31.209999 31.500000 2.330000e+04
736741 31.309999 31.870001 31.150000 31.790001 1.340000e+04
736742 31.840000 32.000000 31.190001 31.600000 8.800000e+03
736743 31.700001 32.439999 31.510000 32.389999 2.280000e+04
736747 32.400002 32.400002 31.990000 32.130001 2.380000e+04
736748 32.290001 32.660000 32.009998 32.349998 2.380000e+04
736749 32.660000 33.000000 32.009998 32.980000 1.930000e+04
736750 32.840000 32.970001 32.490002 32.709999 1.120000e+04
736753 32.619999 33.000000 32.570000 32.990002 1.930000e+04
736754 32.919998 33.000000 32.720001 32.950001 2.620000e+04
736755 32.980000 33.950001 32.880001 33.750000 4.850000e+04
736756 33.520000 34.490002 32.869999 34.209999 3.600000e+04
736757 34.220001 34.500000 32.110001 32.389999 3.660000e+04
736760 32.360001 32.660000 32.259998 32.270000 1.110000e+04
736761 32.650002 32.740002 32.160000 32.270000 1.480000e+04
736762 32.320000 32.419998 32.070000 32.139999 1.850000e+04
736763 32.000000 32.259998 31.370001 31.370001 2.110000e+04
736764 31.670000 31.959999 31.469999 31.600000 2.220000e+04
