736034 8.830000 8.990000 8.830000 8.940000 1.826000e+05
736035 9.050000 9.100000 8.940000 9.010000 2.499000e+05
736036 9.040000 9.040000 8.890000 8.970000 1.978000e+05
736039 9.050000 9.090000 8.900000 8.910000 2.062000e+05
736040 8.890000 9.000000 8.850000 8.950000 2.590000e+05
736041 8.960000 9.020000 8.840000 8.980000 1.885000e+05
736042 8.950000 9.050000 8.900000 8.950000 1.181000e+05
736043 9.020000 9.190000 8.980000 9.100000 3.355000e+05
736046 9.050000 9.280000 9.010000 9.220000 2.412000e+05
736047 9.240000 9.390000 9.220000 9.300000 1.617000e+05
736048 9.290000 9.300000 9.040000 9.120000 1.998000e+05
736049 9.110000 9.170000 9.030000 9.120000 1.136000e+05
736050 9.100000 9.260000 9.100000 9.230000 1.556000e+05
736053 9.310000 9.370000 9.150000 9.220000 1.696000e+05
736054 9.150000 9.250000 9.060000 9.220000 2.118000e+05
736055 9.150000 9.490000 9.110000 9.410000 2.970000e+05
736056 9.360000 9.430000 9.200000 9.210000 1.529000e+05
736060 9.160000 9.270000 9.100000 9.190000 1.708000e+05
736061 9.210000 9.580000 9.190000 9.290000 3.700000e+05
736062 9.290000 9.360000 9.180000 9.230000 2.191000e+05
736063 9.210000 9.350000 9.040000 9.220000 2.200000e+05
736064 9.300000 9.300000 9.140000 9.240000 3.156000e+05
736067 9.250000 9.470000 9.190000 9.310000 1.574000e+05
736068 9.340000 9.430000 9.290000 9.380000 1.021000e+05
736069 9.460000 9.520000 9.310000 9.420000 1.778000e+05
736070 9.410000 9.490000 9.360000 9.360000 8.240000e+04
736071 9.290000 9.380000 9.160000 9.350000 1.628000e+05
736074 9.390000 9.570000 9.190000 9.440000 2.703000e+05
736075 9.520000 9.530000 9.400000 9.480000 2.276000e+05
736076 9.460000 9.610000 9.350000 9.460000 1.661000e+05
736077 9.400000 9.490000 9.270000 9.330000 1.620000e+05
736078 9.360000 9.380000 9.180000 9.240000 1.573000e+05
736081 9.240000 9.310000 9.180000 9.190000 2.050000e+05
736082 9.180000 9.460000 9.180000 9.440000 1.339000e+05
736083 9.420000 9.450000 9.290000 9.300000 1.725000e+05
736084 9.250000 9.430000 9.210000 9.320000 2.693000e+05
736085 9.320000 9.480000 9.290000 9.450000 1.576000e+05
736088 9.510000 9.510000 9.300000 9.330000 1.499000e+05
736089 9.300000 9.390000 9.250000 9.300000 1.674000e+05
736090 9.300000 9.720000 9.300000 9.670000 6.404000e+05
736091 9.780000 10.400000 9.710000 10.120000 1.424000e+06
736092 10.150000 10.450000 10.130000 10.290000 6.688000e+05
736095 10.390000 10.580000 10.250000 10.260000 5.979000e+05
736096 10.250000 10.520000 10.210000 10.450000 8.044000e+05
736097 10.500000 10.570000 10.360000 10.380000 6.183000e+05
736098 10.480000 10.560000 10.430000 10.480000 5.167000e+05
736099 10.480000 10.750000 10.480000 10.690000 5.241000e+05
736102 10.750000 10.960000 10.650000 10.820000 6.845000e+05
736103 10.870000 10.870000 10.690000 10.770000 3.858000e+05
736104 10.800000 10.940000 10.710000 10.930000 3.127000e+05
736105 10.740000 10.900000 10.660000 10.780000 3.182000e+05
736106 10.800000 10.850000 10.550000 10.750000 2.300000e+05
736110 10.670000 10.730000 10.500000 10.700000 2.679000e+05
736111 10.660000 10.800000 10.590000 10.710000 2.458000e+05
736112 10.750000 10.850000 10.680000 10.760000 2.931000e+05
736113 10.710000 10.750000 10.500000 10.520000 2.683000e+05
736116 10.490000 10.520000 10.140000 10.300000 3.436000e+05
736117 10.270000 10.450000 10.250000 10.320000 9.890000e+04
736118 10.300000 10.560000 10.280000 10.540000 1.514000e+05
736119 10.450000 10.530000 10.330000 10.330000 9.430000e+04
736120 10.330000 10.460000 10.230000 10.440000 1.705000e+05
736123 10.350000 10.410000 10.250000 10.310000 1.670000e+05
736124 10.340000 10.470000 10.230000 10.380000 1.683000e+05
736125 10.510000 10.660000 10.260000 10.520000 2.891000e+05
736126 10.520000 10.550000 10.440000 10.510000 8.540000e+04
736127 10.510000 10.550000 10.360000 10.490000 1.307000e+05
736130 10.390000 10.530000 10.270000 10.350000 2.293000e+05
736131 10.370000 10.430000 10.260000 10.270000 1.568000e+05
736132 10.330000 10.330000 10.110000 10.220000 1.454000e+05
736133 10.290000 10.540000 10.110000 10.500000 2.362000e+05
736134 10.540000 10.620000 10.410000 10.410000 2.804000e+05
736137 10.490000 10.630000 10.350000 10.490000 3.116000e+05
736138 10.450000 10.540000 10.400000 10.510000 3.221000e+05
736139 10.470000 10.590000 10.410000 10.470000 1.933000e+05
736140 10.550000 10.550000 10.150000 10.500000 1.692000e+05
736141 10.560000 10.600000 10.380000 10.590000 6.769000e+05
736144 10.470000 10.550000 10.240000 10.260000 2.451000e+05
736145 10.370000 10.510000 10.240000 10.490000 3.318000e+05
736146 10.530000 10.750000 10.480000 10.530000 3.076000e+05
736147 10.570000 10.570000 10.450000 10.500000 1.996000e+05
736151 10.420000 10.650000 10.350000 10.620000 2.386000e+05
736152 10.610000 10.720000 10.400000 10.510000 2.229000e+05
736153 10.460000 10.460000 10.210000 10.240000 1.715000e+05
736154 10.390000 10.420000 10.250000 10.380000 1.746000e+05
736155 10.450000 10.690000 10.450000 10.530000 3.117000e+05
736158 10.600000 10.760000 10.510000 10.610000 4.542000e+05
736159 10.640000 10.740000 10.580000 10.600000 2.327000e+05
736160 10.610000 10.710000 10.510000 10.690000 3.088000e+05
736161 10.780000 10.950000 10.740000 10.760000 2.329000e+05
736162 10.800000 10.960000 10.620000 10.650000 1.646000e+05
736165 10.630000 10.670000 10.280000 10.280000 6.346000e+05
736166 10.350000 10.530000 10.260000 10.500000 2.912000e+05
736167 10.480000 10.810000 10.340000 10.620000 2.547000e+05
736168 10.650000 10.650000 10.200000 10.230000 2.074000e+05
736169 10.190000 10.250000 10.010000 10.080000 1.577000e+05
736172 10.030000 10.120000 9.760000 9.960000 2.943000e+05
736173 10.020000 10.220000 9.860000 10.180000 2.164000e+05
736174 10.170000 10.570000 10.170000 10.510000 2.598000e+05
736175 10.510000 10.610000 10.270000 10.340000 1.494000e+05
736176 10.350000 10.470000 10.300000 10.350000 1.045000e+05
736179 10.390000 10.450000 10.120000 10.120000 1.102000e+05
736180 10.100000 10.380000 9.980000 10.000000 1.651000e+05
736181 10.220000 10.230000 10.020000 10.130000 1.207000e+05
736182 10.200000 10.580000 10.150000 10.260000 3.028000e+05
736183 10.170000 10.190000 9.620000 9.760000 4.439000e+05
736186 9.780000 10.060000 9.760000 9.800000 3.789000e+05
736187 9.750000 9.920000 9.700000 9.790000 1.834000e+05
736188 9.750000 9.800000 9.470000 9.730000 1.482000e+05
736189 9.690000 9.970000 9.610000 9.640000 1.220000e+05
736190 9.610000 9.810000 9.600000 9.760000 1.136000e+05
736193 9.710000 9.860000 9.640000 9.790000 1.815000e+05
736194 9.790000 9.790000 9.600000 9.630000 1.299000e+05
736195 9.570000 9.580000 9.420000 9.460000 1.409000e+05
736196 9.410000 9.450000 9.260000 9.270000 1.828000e+05
736197 9.150000 9.300000 8.980000 9.100000 2.781000e+05
736200 8.720000 8.950000 7.600000 8.690000 2.857000e+05
736201 8.930000 8.930000 8.510000 8.530000 2.319000e+05
736202 8.650000 8.810000 8.530000 8.730000 2.936000e+05
736203 8.780000 8.980000 8.710000 8.940000 1.962000e+05
736204 8.940000 9.030000 8.830000 8.950000 1.595000e+05
736207 8.890000 9.110000 8.860000 9.090000 2.180000e+05
736208 8.940000 8.990000 8.580000 8.650000 2.897000e+05
736209 8.720000 8.830000 8.570000 8.790000 1.778000e+05
736210 8.880000 8.930000 8.820000 8.860000 1.447000e+05
736211 8.850000 8.930000 8.790000 8.800000 1.153000e+05
736215 8.910000 8.940000 8.800000 8.880000 1.960000e+05
736216 9.010000 9.010000 8.720000 8.730000 4.861000e+05
736217 8.730000 8.870000 8.700000 8.780000 3.227000e+05
736218 8.700000 8.820000 8.700000 8.770000 1.486000e+05
736221 8.840000 8.840000 8.710000 8.750000 1.641000e+05
736222 8.790000 8.840000 8.730000 8.780000 1.813000e+05
736223 8.870000 9.040000 8.830000 9.000000 3.051000e+05
736224 8.940000 9.120000 8.940000 9.060000 2.318000e+05
736225 8.900000 9.100000 8.610000 8.650000 7.355000e+05
736228 8.750000 8.910000 8.680000 8.900000 2.618000e+05
736229 8.770000 8.770000 8.650000 8.680000 4.095000e+05
736230 8.670000 8.720000 8.560000 8.670000 1.833000e+05
736231 8.760000 8.760000 8.560000 8.660000 2.069000e+05
736232 8.720000 8.740000 8.640000 8.700000 2.986000e+05
736235 8.650000 8.760000 8.540000 8.690000 2.483000e+05
736236 8.640000 8.700000 8.370000 8.450000 3.039000e+05
736237 8.490000 8.600000 8.440000 8.550000 2.339000e+05
736238 8.570000 8.640000 8.420000 8.560000 1.690000e+05
736239 8.430000 8.710000 8.430000 8.710000 1.570000e+05
736242 8.750000 9.200000 8.750000 9.190000 2.185000e+05
736243 9.170000 9.350000 8.970000 9.080000 1.826000e+05
736244 9.140000 9.290000 9.050000 9.280000 1.434000e+05
736245 9.240000 9.390000 9.100000 9.370000 1.287000e+05
736246 9.420000 9.490000 9.330000 9.420000 1.552000e+05
736249 9.460000 9.460000 9.310000 9.440000 9.450000e+04
736250 9.360000 9.440000 9.210000 9.220000 8.660000e+04
736251 9.200000 9.430000 9.160000 9.220000 8.680000e+04
736252 9.280000 9.450000 9.210000 9.420000 1.630000e+05
736253 9.460000 9.600000 9.350000 9.490000 1.897000e+05
736256 9.420000 9.570000 9.420000 9.550000 1.758000e+05
736257 9.580000 9.740000 9.440000 9.680000 1.668000e+05
736258 9.680000 9.780000 9.510000 9.520000 8.040000e+04
736259 9.590000 9.710000 9.440000 9.670000 1.259000e+05
736260 9.790000 9.800000 9.620000 9.780000 1.111000e+05
736263 9.740000 9.840000 9.290000 9.700000 1.136000e+05
736264 9.620000 9.620000 9.220000 9.420000 1.726000e+05
736265 9.450000 9.770000 9.380000 9.770000 1.711000e+05
736266 9.700000 9.920000 9.340000 9.840000 2.261000e+05
736267 9.840000 9.900000 9.650000 9.790000 2.535000e+05
736270 9.770000 10.130000 9.770000 10.010000 2.182000e+05
736271 9.920000 10.080000 9.820000 9.990000 1.732000e+05
736272 10.000000 10.000000 9.810000 9.910000 1.076000e+05
736273 9.900000 10.030000 9.800000 10.000000 1.388000e+05
736274 9.550000 9.950000 8.990000 9.820000 2.736000e+05
736277 9.790000 9.810000 9.530000 9.680000 2.191000e+05
736278 9.680000 9.690000 9.290000 9.310000 2.161000e+05
736279 9.330000 9.350000 9.100000 9.100000 1.600000e+05
736280 8.860000 9.050000 8.440000 8.810000 3.060000e+05
736281 8.740000 9.020000 8.690000 8.950000 3.390000e+05
736284 8.910000 9.000000 8.830000 8.940000 2.086000e+05
736285 8.980000 9.030000 8.830000 8.860000 1.228000e+05
736286 8.860000 8.950000 8.730000 8.900000 2.243000e+05
736287 8.900000 8.940000 8.670000 8.750000 1.144000e+05
736288 8.800000 8.880000 8.700000 8.840000 2.383000e+05
736291 8.790000 8.980000 8.780000 8.960000 1.112000e+05
736292 8.900000 9.240000 8.890000 9.190000 1.611000e+05
736293 9.160000 9.310000 9.120000 9.290000 1.540000e+05
736295 9.400000 9.620000 9.290000 9.620000 1.010000e+05
736298 9.740000 9.740000 9.370000 9.510000 2.638000e+05
736299 9.530000 9.630000 9.300000 9.550000 1.018000e+05
736300 9.510000 9.510000 9.350000 9.370000 1.195000e+05
736301 9.410000 9.490000 9.240000 9.400000 1.766000e+05
736302 9.410000 9.540000 9.360000 9.480000 1.674000e+05
736305 9.500000 9.500000 9.340000 9.420000 1.860000e+05
736306 9.320000 9.420000 9.240000 9.320000 1.840000e+05
736307 9.310000 9.480000 9.240000 9.270000 1.482000e+05
736308 9.250000 9.400000 9.200000 9.250000 8.920000e+04
736309 9.080000 9.260000 8.990000 9.080000 2.014000e+05
736312 9.060000 9.150000 8.860000 8.950000 1.681000e+05
736313 8.980000 9.170000 8.870000 9.080000 1.612000e+05
736314 9.120000 9.220000 8.950000 9.100000 2.362000e+05
736315 9.100000 9.310000 8.910000 8.960000 1.675000e+05
736316 8.980000 9.150000 8.730000 9.110000 6.009000e+05
736319 9.240000 9.730000 9.220000 9.730000 3.152000e+05
736320 9.800000 10.110000 9.730000 10.010000 3.405000e+05
736321 10.080000 10.240000 9.990000 10.210000 1.567000e+05
736322 10.250000 10.360000 10.220000 10.300000 8.780000e+04
736326 10.250000 10.330000 10.100000 10.280000 2.054000e+05
736327 10.320000 10.390000 10.110000 10.280000 8.080000e+04
736328 10.230000 10.260000 10.140000 10.210000 8.310000e+04
736329 10.140000 10.220000 10.060000 10.080000 1.616000e+05
736333 9.950000 9.970000 9.720000 9.870000 2.505000e+05
736334 9.860000 9.990000 9.860000 9.930000 2.386000e+05
736335 9.820000 9.970000 9.740000 9.860000 2.100000e+05
736336 9.700000 9.780000 9.490000 9.620000 3.052000e+05
736337 9.630000 9.710000 9.480000 9.500000 2.059000e+05
736340 9.580000 9.690000 9.340000 9.540000 3.280000e+05
736341 9.600000 9.670000 9.400000 9.570000 2.160000e+05
736342 9.590000 9.660000 9.430000 9.540000 3.258000e+05
736343 9.560000 9.690000 9.350000 9.460000 3.106000e+05
736344 9.200000 9.620000 9.200000 9.420000 3.780000e+05
736348 9.520000 9.580000 9.110000 9.220000 2.501000e+05
736349 9.060000 9.600000 9.050000 9.490000 3.007000e+05
736350 9.510000 9.690000 9.460000 9.560000 4.106000e+05
736351 9.700000 9.790000 9.430000 9.530000 2.420000e+05
736354 9.470000 9.550000 9.250000 9.260000 2.973000e+05
736355 9.340000 9.630000 9.330000 9.470000 1.719000e+05
736356 9.440000 9.550000 9.250000 9.290000 2.210000e+05
736357 9.380000 9.460000 9.270000 9.380000 1.329000e+05
736358 9.390000 9.730000 9.390000 9.730000 2.549000e+05
736361 9.630000 9.820000 9.610000 9.700000 1.953000e+05
736362 9.620000 9.860000 9.500000 9.640000 1.179000e+05
736363 9.690000 9.870000 9.470000 9.530000 1.465000e+05
736364 9.550000 9.700000 9.500000 9.560000 1.228000e+05
736365 9.520000 9.640000 9.390000 9.470000 1.938000e+05
736368 9.390000 9.870000 9.330000 9.810000 2.301000e+05
736369 9.680000 9.890000 9.680000 9.730000 1.122000e+05
736370 9.880000 10.810000 9.870000 10.810000 6.829000e+05
736371 10.740000 11.010000 10.360000 11.000000 4.973000e+05
736372 11.110000 11.200000 10.590000 10.730000 3.643000e+05
736376 10.870000 11.570000 10.850000 11.430000 6.878000e+05
736377 11.410000 11.850000 11.380000 11.410000 3.815000e+05
736378 11.480000 11.660000 11.320000 11.540000 1.880000e+05
736379 11.520000 11.680000 11.400000 11.510000 1.743000e+05
736382 11.640000 11.740000 11.220000 11.320000 2.784000e+05
736383 11.310000 11.420000 11.240000 11.320000 2.770000e+05
736384 11.240000 11.550000 11.060000 11.530000 2.021000e+05
736385 11.580000 11.690000 11.390000 11.470000 2.344000e+05
736386 11.510000 11.660000 11.460000 11.620000 1.865000e+05
736389 11.680000 11.750000 11.530000 11.550000 2.855000e+05
736390 11.670000 11.840000 11.610000 11.700000 2.444000e+05
736391 11.640000 11.720000 11.420000 11.700000 2.625000e+05
736392 11.660000 11.800000 11.630000 11.740000 1.837000e+05
736393 11.730000 12.100000 11.650000 11.870000 2.913000e+05
736396 11.870000 12.020000 11.700000 11.900000 2.575000e+05
736397 11.870000 12.070000 11.750000 11.770000 3.681000e+05
736398 14.650000 14.900000 13.340000 13.730000 4.303200e+06
736399 14.460000 14.570000 13.900000 14.390000 1.449400e+06
736400 14.650000 14.750000 14.100000 14.320000 7.821000e+05
736403 14.490000 14.500000 14.100000 14.200000 6.260000e+05
736404 14.080000 14.290000 13.800000 14.110000 6.495000e+05
736405 14.080000 14.300000 13.950000 14.020000 4.642000e+05
736406 13.780000 14.210000 13.780000 14.130000 7.135000e+05
736407 14.250000 14.600000 14.220000 14.560000 8.665000e+05
736410 14.560000 14.920000 14.190000 14.300000 6.399000e+05
736411 14.320000 14.540000 14.160000 14.400000 4.836000e+05
736412 14.420000 14.590000 14.300000 14.310000 3.503000e+05
736413 14.310000 14.440000 14.240000 14.420000 1.786000e+05
736417 14.560000 15.230000 14.410000 15.200000 7.563000e+05
736418 15.210000 15.530000 15.100000 15.350000 7.893000e+05
736419 15.460000 15.460000 15.110000 15.300000 3.575000e+05
736420 15.270000 15.400000 15.120000 15.380000 3.917000e+05
736421 15.240000 15.410000 15.050000 15.230000 3.189000e+05
736424 15.300000 15.430000 14.850000 15.020000 5.363000e+05
736425 14.960000 15.130000 14.870000 14.890000 2.188000e+05
736426 14.900000 15.090000 14.750000 14.900000 2.561000e+05
736427 14.800000 15.340000 14.440000 14.470000 3.431000e+05
736428 14.530000 14.810000 14.490000 14.540000 2.676000e+05
736431 14.590000 14.730000 14.300000 14.350000 6.189000e+05
736432 14.340000 14.550000 14.340000 14.390000 3.532000e+05
736433 14.500000 14.780000 14.410000 14.760000 4.205000e+05
736434 14.820000 14.850000 14.480000 14.520000 2.397000e+05
736435 14.470000 14.780000 14.470000 14.560000 2.350000e+05
736438 14.590000 14.810000 14.390000 14.530000 3.655000e+05
736439 14.610000 14.820000 14.600000 14.750000 2.258000e+05
736440 14.760000 14.880000 14.620000 14.640000 2.184000e+05
736441 14.610000 14.620000 14.070000 14.290000 2.723000e+05
736442 14.230000 14.540000 14.190000 14.310000 2.897000e+05
736445 14.340000 14.720000 14.070000 14.110000 2.920000e+05
736446 14.120000 14.350000 14.070000 14.280000 2.233000e+05
736447 14.230000 14.460000 14.080000 14.290000 1.690000e+05
736448 14.290000 14.420000 14.160000 14.210000 2.155000e+05
736449 14.180000 14.440000 14.060000 14.090000 2.488000e+05
736452 14.120000 14.310000 14.070000 14.300000 2.984000e+05
736453 14.200000 14.200000 13.860000 13.930000 2.198000e+05
736454 13.940000 14.140000 13.790000 13.840000 2.097000e+05
736455 13.920000 13.920000 13.720000 13.760000 1.825000e+05
736456 13.680000 13.980000 13.570000 13.900000 1.873000e+05
736459 13.880000 13.980000 13.680000 13.910000 1.634000e+05
736460 13.910000 14.160000 13.860000 14.050000 2.563000e+05
736461 13.520000 13.640000 12.660000 13.210000 5.328000e+05
736462 13.270000 13.390000 13.060000 13.180000 3.333000e+05
736463 13.270000 13.590000 13.000000 13.070000 2.198000e+05
736466 13.040000 13.330000 13.030000 13.070000 2.723000e+05
736467 13.020000 13.180000 12.530000 12.620000 2.845000e+05
736468 12.650000 12.790000 12.500000 12.560000 2.586000e+05
736469 12.520000 12.680000 12.510000 12.530000 1.742000e+05
736470 12.540000 12.770000 12.500000 12.720000 1.609000e+05
736473 12.750000 12.830000 12.410000 12.460000 2.705000e+05
736474 12.470000 12.820000 12.450000 12.770000 2.648000e+05
736475 12.880000 12.990000 12.770000 12.810000 1.693000e+05
736476 12.800000 12.890000 12.700000 12.780000 2.040000e+05
736477 12.750000 12.960000 12.720000 12.900000 2.012000e+05
736481 12.900000 12.980000 12.650000 12.650000 2.427000e+05
736482 12.630000 12.730000 12.550000 12.730000 3.193000e+05
736483 12.660000 12.710000 12.620000 12.650000 2.574000e+05
736484 12.580000 12.630000 12.470000 12.590000 2.077000e+05
736487 12.690000 13.200000 12.630000 13.180000 6.732000e+05
736488 13.250000 13.730000 13.120000 13.690000 5.304000e+05
736489 13.700000 13.880000 13.490000 13.650000 4.271000e+05
736490 13.580000 13.740000 13.430000 13.700000 2.767000e+05
736491 13.640000 13.680000 13.490000 13.600000 1.976000e+05
736494 13.550000 13.800000 13.520000 13.600000 3.302000e+05
736495 13.500000 13.630000 13.330000 13.490000 3.963000e+05
736496 13.480000 13.750000 13.330000 13.540000 2.040000e+05
736497 13.490000 13.490000 13.040000 13.130000 2.440000e+05
736498 13.180000 13.320000 12.800000 12.910000 6.167000e+05
736501 13.050000 13.350000 13.010000 13.280000 2.351000e+05
736502 13.310000 13.500000 13.070000 13.170000 2.070000e+05
736503 13.360000 13.640000 13.250000 13.520000 3.847000e+05
736504 13.650000 13.860000 13.510000 13.860000 3.662000e+05
736505 13.330000 13.680000 13.100000 13.260000 7.966000e+05
736508 13.090000 13.150000 12.400000 12.490000 5.932000e+05
736509 12.540000 12.750000 12.390000 12.460000 3.575000e+05
736510 12.570000 12.850000 12.360000 12.830000 2.855000e+05
736511 12.800000 12.980000 12.690000 12.960000 4.259000e+05
736512 13.010000 13.300000 12.950000 13.120000 2.177000e+05
736516 13.030000 13.060000 12.890000 12.970000 3.084000e+05
736517 12.870000 12.960000 12.730000 12.810000 2.243000e+05
736518 12.850000 12.990000 12.720000 12.850000 1.600000e+05
736519 12.970000 13.240000 12.950000 13.190000 5.803000e+05
736522 13.280000 13.660000 13.200000 13.620000 3.965000e+05
736523 13.670000 14.270000 13.650000 14.110000 4.266000e+05
736524 14.110000 14.190000 14.020000 14.110000 2.737000e+05
736525 14.180000 14.440000 14.180000 14.330000 2.760000e+05
736526 14.430000 14.470000 14.190000 14.430000 3.228000e+05
736529 14.440000 14.570000 14.230000 14.330000 2.396000e+05
736530 14.330000 14.450000 14.130000 14.130000 1.572000e+05
736531 14.140000 14.240000 13.910000 13.910000 1.292000e+05
736532 13.910000 14.040000 13.810000 14.010000 2.108000e+05
736533 14.000000 14.310000 13.940000 14.240000 1.647000e+05
736536 14.250000 14.250000 14.010000 14.010000 1.062000e+05
736537 14.100000 14.150000 14.050000 14.060000 1.763000e+05
736538 14.070000 14.150000 13.960000 14.120000 1.666000e+05
736539 14.060000 14.260000 13.990000 14.220000 1.803000e+05
736540 14.130000 14.530000 14.030000 14.480000 2.975000e+05
736543 14.510000 14.660000 14.360000 14.630000 2.294000e+05
736544 14.580000 14.660000 14.100000 14.100000 2.674000e+05
736545 14.060000 14.250000 13.910000 13.990000 2.614000e+05
736546 13.950000 14.440000 13.750000 13.930000 2.797000e+05
736547 14.060000 14.430000 13.980000 14.040000 3.004000e+05
736550 14.080000 14.230000 14.050000 14.110000 2.066000e+05
736551 14.520000 14.750000 13.620000 13.680000 3.393000e+05
736552 13.730000 14.150000 13.680000 14.130000 2.568000e+05
736553 14.220000 14.600000 14.120000 14.550000 2.382000e+05
736554 14.510000 14.510000 14.210000 14.250000 1.316000e+05
736557 14.320000 14.630000 14.160000 14.590000 2.765000e+05
736558 14.520000 14.650000 14.430000 14.460000 1.457000e+05
736559 14.410000 14.460000 14.280000 14.300000 1.122000e+05
736560 14.270000 14.450000 14.270000 14.340000 8.560000e+04
736561 14.280000 14.440000 14.250000 14.270000 1.398000e+05
736564 14.200000 14.330000 14.150000 14.260000 9.420000e+04
736565 14.400000 14.580000 14.360000 14.520000 2.167000e+05
736566 14.570000 14.910000 14.550000 14.830000 2.855000e+05
736567 14.830000 14.870000 14.690000 14.820000 2.742000e+05
736568 14.720000 14.900000 14.560000 14.610000 2.349000e+05
736571 14.590000 14.780000 14.330000 14.530000 1.947000e+05
736572 14.510000 14.720000 14.490000 14.500000 2.212000e+05
736573 14.440000 14.710000 14.380000 14.480000 4.865000e+05
736574 14.530000 14.670000 14.410000 14.550000 2.690000e+05
736575 14.580000 14.680000 14.470000 14.500000 2.691000e+05
736579 14.510000 14.520000 14.370000 14.490000 1.511000e+05
736580 14.420000 14.900000 14.420000 14.710000 2.329000e+05
736581 14.660000 14.710000 14.540000 14.630000 2.002000e+05
736582 14.540000 14.630000 13.970000 13.990000 3.218000e+05
736585 13.840000 13.960000 13.740000 13.810000 2.929000e+05
736586 13.720000 13.840000 13.370000 13.400000 2.121000e+05
736587 13.450000 13.500000 13.340000 13.410000 1.467000e+05
736588 13.380000 13.700000 13.380000 13.640000 1.406000e+05
736589 13.640000 13.740000 13.200000 13.390000 3.738000e+05
736592 13.340000 13.380000 13.120000 13.220000 4.063000e+05
736593 13.190000 13.220000 13.080000 13.110000 3.595000e+05
736594 13.190000 13.540000 13.150000 13.510000 4.031000e+05
736595 13.640000 13.890000 13.600000 13.870000 1.514000e+05
736596 13.880000 13.960000 13.620000 13.630000 1.676000e+05
736599 13.530000 13.800000 13.500000 13.720000 2.911000e+05
736600 13.680000 14.000000 13.660000 13.980000 1.961000e+05
736601 14.010000 14.240000 13.980000 14.190000 3.025000e+05
736602 14.140000 14.250000 14.080000 14.140000 1.185000e+05
736603 14.230000 14.420000 14.140000 14.350000 2.225000e+05
736606 14.260000 14.290000 14.110000 14.170000 1.241000e+05
736607 14.200000 14.390000 14.070000 14.190000 1.145000e+05
736608 14.200000 14.490000 14.200000 14.340000 1.341000e+05
736609 14.340000 14.610000 14.230000 14.600000 1.844000e+05
736610 14.520000 14.560000 14.160000 14.460000 2.979000e+05
736613 14.540000 14.680000 14.500000 14.590000 1.465000e+05
736614 14.590000 14.650000 14.410000 14.570000 1.484000e+05
736615 14.600000 14.760000 14.430000 14.660000 1.422000e+05
736616 14.490000 14.520000 14.280000 14.350000 1.822000e+05
736617 14.450000 14.450000 13.900000 13.930000 1.708000e+05
736620 13.900000 14.200000 13.900000 14.130000 2.350000e+05
736621 14.300000 14.650000 14.150000 14.560000 3.775000e+05
736622 14.620000 14.660000 14.390000 14.590000 2.526000e+05
736623 14.600000 14.730000 14.520000 14.630000 1.329000e+05
736624 14.460000 14.580000 14.340000 14.390000 9.840000e+04
736627 14.530000 14.660000 14.470000 14.530000 7.390000e+04
736628 14.500000 14.550000 14.040000 14.080000 1.729000e+05
736629 14.000000 14.080000 13.860000 13.870000 1.766000e+05
736630 13.900000 14.000000 13.430000 13.480000 1.738000e+05
736631 13.370000 13.550000 13.220000 13.260000 2.788000e+05
736634 13.210000 13.330000 13.040000 13.230000 2.528000e+05
736635 13.160000 13.320000 13.110000 13.210000 1.844000e+05
736636 13.230000 13.380000 13.140000 13.150000 3.057000e+05
736637 13.220000 13.610000 12.940000 12.970000 1.499000e+05
736638 12.990000 14.810000 12.970000 14.570000 6.104000e+05
736641 14.920000 15.730000 14.750000 15.590000 5.164000e+05
736642 15.560000 15.600000 15.280000 15.500000 3.638000e+05
736643 14.250000 15.590000 14.210000 15.540000 5.448000e+05
736644 15.750000 16.049999 15.260000 15.910000 5.735000e+05
736645 15.930000 16.500000 15.920000 16.389999 7.191000e+05
736648 16.350000 16.480000 16.230000 16.420000 4.722000e+05
736649 16.420000 16.450001 16.020000 16.110001 2.560000e+05
736650 16.100000 16.290001 15.870000 15.970000 4.492000e+05
736651 16.090000 16.490000 16.040001 16.360001 4.221000e+05
736652 16.340000 16.559999 15.630000 16.450001 2.913000e+05
736655 16.580000 16.950001 16.459999 16.680000 2.322000e+05
736656 16.650000 16.650000 16.320000 16.440001 4.293000e+05
736657 16.440001 16.500000 16.180000 16.209999 3.142000e+05
736659 16.330000 16.629999 16.280001 16.510000 1.639000e+05
736662 16.400000 16.400000 15.780000 15.970000 3.041000e+05
736663 16.330000 16.549999 16.219999 16.389999 4.907000e+05
736664 16.420000 16.540001 16.180000 16.200001 2.383000e+05
736665 16.360001 16.469999 16.139999 16.280001 1.881000e+05
736666 16.299999 16.299999 16.080000 16.110001 9.980000e+04
736669 16.250000 16.480000 16.200001 16.299999 1.477000e+05
736670 16.299999 16.400000 16.020000 16.320000 1.318000e+05
736671 16.340000 16.549999 16.270000 16.469999 2.896000e+05
736672 16.500000 16.750000 16.360001 16.639999 2.905000e+05
736673 16.660000 16.719999 16.500000 16.570000 3.387000e+05
736676 16.559999 16.600000 16.280001 16.459999 3.086000e+05
736677 16.510000 16.660000 16.420000 16.590000 4.183000e+05
736678 16.559999 16.660000 16.309999 16.330000 1.834000e+05
736679 16.410000 17.000000 16.320000 16.820000 4.984000e+05
736680 16.879999 16.950001 16.129999 16.150000 3.738000e+05
736683 16.110001 16.389999 15.920000 16.209999 1.959000e+05
736684 16.350000 17.000000 16.280001 16.900000 5.418000e+05
736685 16.830000 17.240000 16.629999 16.969999 3.484000e+05
736686 17.000000 17.290001 16.940001 17.049999 2.991000e+05
736687 17.090000 17.110001 16.680000 16.760000 1.028000e+05
736691 16.790001 16.900000 16.570000 16.629999 1.179000e+05
736692 16.670000 16.670000 16.309999 16.360001 1.282000e+05
736693 16.360001 16.620001 16.139999 16.240000 1.242000e+05
736694 16.170000 16.180000 15.780000 15.960000 2.000000e+05
736698 16.250000 16.530001 15.920000 16.459999 2.936000e+05
736699 16.580000 16.660000 16.170000 16.330000 2.276000e+05
736700 16.410000 16.410000 15.750000 15.850000 2.860000e+05
736701 15.900000 15.930000 15.640000 15.650000 1.497000e+05
736704 15.570000 15.820000 15.240000 15.670000 3.499000e+05
736705 15.800000 16.040001 15.670000 15.970000 2.397000e+05
736706 16.030001 16.070000 15.830000 15.970000 1.447000e+05
736707 15.920000 15.920000 15.490000 15.750000 1.581000e+05
736708 15.810000 15.980000 15.750000 15.870000 1.246000e+05
736712 15.750000 15.760000 15.440000 15.540000 1.863000e+05
736713 15.610000 15.620000 15.380000 15.530000 1.268000e+05
736714 15.570000 15.660000 15.330000 15.420000 1.518000e+05
736715 15.420000 15.490000 15.180000 15.290000 1.135000e+05
736718 15.190000 15.370000 14.970000 14.990000 1.510000e+05
736719 15.010000 15.400000 14.970000 15.350000 1.469000e+05
736720 15.450000 15.650000 15.400000 15.640000 1.302000e+05
736721 15.620000 15.640000 15.350000 15.420000 1.003000e+05
736722 15.140000 17.040001 15.010000 16.920000 6.389000e+05
736725 16.799999 16.799999 16.080000 16.350000 3.533000e+05
736726 16.240000 16.240000 15.770000 16.129999 2.739000e+05
736727 16.200001 16.530001 16.200001 16.510000 3.331000e+05
736728 16.459999 16.719999 16.400000 16.580000 2.905000e+05
736729 16.590000 16.740000 16.430000 16.590000 1.695000e+05
736732 16.610001 16.620001 16.290001 16.350000 1.726000e+05
736733 16.340000 16.580000 16.240000 16.420000 1.782000e+05
736734 16.360001 16.360001 16.010000 16.070000 1.763000e+05
736735 16.180000 16.389999 16.080000 16.309999 1.335000e+05
736736 16.400000 16.459999 16.309999 16.410000 1.061000e+05
736739 16.510000 16.680000 16.389999 16.600000 1.737000e+05
736740 16.500000 16.650000 16.400000 16.610001 3.026000e+05
736741 16.600000 17.290001 16.540001 17.129999 4.698000e+05
736742 17.049999 17.170000 16.660000 17.100000 1.333600e+06
736743 17.110001 17.280001 16.900000 17.129999 6.358000e+05
736747 17.180000 17.299999 16.709999 16.850000 2.454000e+05
736748 16.799999 16.980000 16.459999 16.950001 2.499000e+05
736749 17.000000 17.400000 16.770000 17.350000 4.096000e+05
736750 17.129999 17.670000 16.940001 17.030001 4.475000e+05
736753 16.959999 17.360001 16.660000 17.330000 2.402000e+05
736754 17.290001 17.290001 16.940001 17.020000 2.954000e+05
736755 17.299999 17.610001 17.250000 17.330000 3.487000e+05
736756 17.340000 17.340000 17.040001 17.110001 1.161000e+05
736757 17.100000 17.219999 16.870001 17.070000 1.136000e+05
736760 16.910000 17.469999 16.730000 16.990000 3.672000e+05
736761 17.110001 17.410000 16.500000 17.129999 5.967000e+05
736762 17.020000 17.070000 16.590000 16.719999 3.448000e+05
736763 16.700001 16.850000 16.379999 16.440001 3.476000e+05
736764 16.980000 17.809999 16.830000 17.000000 8.614000e+05
