736034 134.000000 134.830002 133.050003 134.279999 2.935000e+05
736035 134.770004 136.589996 134.639999 135.729996 1.717000e+05
736036 135.399994 136.059998 134.860001 134.899994 3.452000e+05
736039 135.250000 136.490005 134.899994 136.070007 1.398000e+05
736040 135.309998 136.699997 134.979996 136.500000 1.566000e+05
736041 136.009995 136.699997 135.250000 136.460007 2.262000e+05
736042 136.029999 137.229996 135.800003 136.330002 1.779000e+05
736043 136.009995 136.600006 134.220001 134.979996 3.305000e+05
736046 134.899994 135.259995 134.070007 134.979996 2.227000e+05
736047 134.699997 135.610001 134.029999 135.169998 2.312000e+05
736048 135.009995 135.929993 134.350006 135.110001 2.590000e+05
736049 134.619995 135.979996 134.509995 134.889999 2.050000e+05
736050 134.889999 135.580002 134.240005 134.949997 1.170000e+05
736053 135.770004 135.770004 134.460007 135.130005 1.634000e+05
736054 134.929993 135.839996 134.860001 135.179993 1.574000e+05
736055 135.550003 136.410004 134.529999 136.389999 2.538000e+05
736056 135.750000 138.000000 135.699997 137.029999 1.687000e+05
736060 136.360001 138.240005 136.360001 138.070007 2.413000e+05
736061 137.699997 139.050003 136.300003 138.089996 1.709000e+05
736062 137.919998 138.860001 137.389999 138.179993 1.846000e+05
736063 137.669998 138.570007 136.970001 138.440002 1.221000e+05
736064 138.600006 139.190002 137.979996 138.759995 1.080000e+05
736067 138.440002 139.039993 137.809998 137.940002 1.429000e+05
736068 138.139999 138.559998 137.449997 138.199997 1.743000e+05
736069 138.330002 138.389999 137.470001 137.809998 1.023000e+05
736070 137.410004 138.529999 137.289993 137.779999 1.611000e+05
736071 137.100006 137.869995 136.100006 136.470001 9.780000e+04
736074 136.460007 137.139999 136.149994 136.429993 8.620000e+04
736075 136.830002 137.710007 136.240005 136.619995 1.262000e+05
736076 136.320007 137.520004 135.850006 136.639999 1.065000e+05
736077 136.220001 137.919998 135.839996 137.399994 1.058000e+05
736078 137.410004 138.250000 136.809998 137.410004 8.130000e+04
736081 137.619995 137.619995 134.460007 134.940002 1.765000e+05
736082 135.110001 136.720001 134.369995 136.309998 1.136000e+05
736083 136.139999 137.419998 134.970001 135.639999 1.138000e+05
736084 134.770004 135.850006 134.009995 134.449997 1.329000e+05
736085 134.559998 135.380005 133.380005 134.960007 1.103000e+05
736088 135.770004 137.970001 135.770004 137.080002 1.520000e+05
736089 137.149994 137.419998 134.690002 134.690002 1.188000e+05
736090 140.000000 147.130005 138.110001 142.990005 4.286000e+05
736091 142.750000 143.970001 141.679993 141.869995 1.925000e+05
736092 143.240005 145.270004 142.949997 145.020004 1.148000e+05
736095 145.020004 145.839996 144.529999 144.690002 9.320000e+04
736096 144.000000 144.190002 142.660004 143.470001 8.490000e+04
736097 143.919998 144.899994 142.630005 144.500000 1.448000e+05
736098 145.419998 145.949997 143.729996 144.130005 1.399000e+05
736099 144.029999 146.160004 143.820007 146.160004 1.211000e+05
736102 146.000000 147.479996 145.009995 147.300003 1.188000e+05
736103 147.470001 147.619995 145.020004 145.520004 3.056000e+05
736104 146.000000 146.789993 145.100006 146.119995 1.474000e+05
736105 145.500000 146.990005 145.029999 145.800003 2.211000e+05
736106 145.429993 145.899994 144.119995 145.130005 9.820000e+04
736110 144.149994 145.279999 143.250000 144.139999 1.408000e+05
736111 144.000000 144.779999 143.710007 143.990005 4.406000e+05
736112 141.270004 144.000000 141.270004 142.360001 2.196000e+05
736113 142.710007 144.619995 141.839996 144.369995 1.710000e+05
736116 143.990005 145.740005 143.759995 143.929993 1.283000e+05
736117 143.429993 145.970001 143.429993 145.800003 1.111000e+05
736118 146.000000 148.220001 145.869995 147.699997 1.454000e+05
736119 147.529999 148.979996 146.919998 147.429993 1.239000e+05
736120 147.399994 148.229996 146.210007 148.080002 1.418000e+05
736123 148.080002 148.080002 146.500000 146.889999 7.690000e+04
736124 146.830002 147.679993 145.509995 146.259995 5.710000e+04
736125 147.229996 150.490005 146.960007 150.289993 1.675000e+05
736126 150.279999 151.490005 150.100006 151.229996 7.840000e+04
736127 150.449997 150.529999 148.610001 148.869995 3.750000e+04
736130 148.490005 148.490005 146.559998 147.369995 5.060000e+04
736131 147.369995 149.729996 146.750000 148.460007 8.100000e+04
736132 148.789993 149.580002 147.020004 148.740005 6.630000e+04
736133 148.639999 150.679993 148.100006 149.529999 8.740000e+04
736134 148.509995 149.419998 147.740005 149.059998 1.197000e+05
736137 149.839996 150.630005 148.949997 150.270004 1.534000e+05
736138 150.050003 150.460007 148.000000 149.800003 1.206000e+05
736139 149.309998 150.110001 148.119995 148.919998 4.314000e+05
736140 148.940002 150.339996 148.059998 150.160004 1.689000e+05
736141 150.660004 151.270004 149.600006 150.210007 1.569000e+05
736144 150.250000 151.970001 149.479996 150.250000 2.243000e+05
736145 151.009995 151.009995 149.729996 150.610001 1.808000e+05
736146 151.759995 152.000000 149.699997 149.949997 2.062000e+05
736147 149.419998 149.550003 145.520004 146.369995 1.418000e+05
736151 145.610001 148.919998 145.600006 148.559998 3.197000e+05
736152 148.580002 149.009995 145.839996 148.860001 1.463000e+05
736153 148.399994 148.990005 146.309998 147.190002 1.733000e+05
736154 147.940002 148.240005 146.479996 146.699997 1.158000e+05
736155 147.520004 148.240005 146.899994 147.970001 1.423000e+05
736158 148.160004 151.210007 148.149994 150.779999 1.288000e+05
736159 151.089996 151.979996 150.300003 151.929993 1.204000e+05
736160 151.990005 152.380005 150.500000 150.580002 1.039000e+05
736161 151.050003 151.830002 150.320007 151.240005 1.115000e+05
736162 151.630005 151.869995 150.570007 151.559998 6.300000e+04
736165 151.490005 151.899994 149.130005 149.570007 1.356000e+05
736166 149.830002 150.800003 148.630005 150.050003 1.697000e+05
736167 149.809998 151.949997 148.809998 151.259995 1.087000e+05
736168 151.740005 151.839996 149.880005 150.889999 7.000000e+04
736169 150.410004 151.559998 148.380005 148.410004 7.620000e+04
736172 148.199997 148.479996 146.279999 146.449997 9.900000e+04
736173 147.149994 150.630005 145.990005 149.449997 1.399000e+05
736174 149.570007 151.119995 148.820007 150.460007 8.350000e+04
736175 149.960007 151.669998 148.830002 150.809998 7.130000e+04
736176 151.139999 152.320007 150.240005 150.740005 1.197000e+05
736179 151.059998 151.330002 149.360001 149.639999 9.390000e+04
736180 149.850006 150.919998 148.580002 148.970001 8.000000e+04
736181 149.309998 150.059998 148.929993 149.149994 1.245000e+05
736182 148.979996 149.190002 144.190002 144.710007 1.125000e+05
736183 146.160004 149.199997 143.929993 148.809998 2.312000e+05
736186 149.490005 151.750000 148.789993 151.389999 1.239000e+05
736187 150.449997 151.279999 148.220001 148.720001 1.161000e+05
736188 147.589996 148.619995 145.720001 146.919998 8.660000e+04
736189 146.750000 148.570007 145.910004 146.929993 1.185000e+05
736190 147.050003 147.949997 146.139999 146.250000 8.990000e+04
736193 146.259995 149.880005 145.339996 149.869995 9.470000e+04
736194 149.309998 150.080002 147.990005 148.210007 1.009000e+05
736195 147.470001 147.639999 146.080002 146.509995 8.590000e+04
736196 145.960007 146.550003 142.399994 142.679993 7.920000e+04
736197 141.330002 142.660004 139.979996 139.979996 1.373000e+05
736200 135.000000 136.080002 131.250000 134.800003 4.718000e+05
736201 136.740005 137.869995 134.000000 134.460007 1.694000e+05
736202 136.800003 138.000000 134.089996 137.720001 1.345000e+05
736203 139.369995 141.729996 137.669998 141.259995 1.741000e+05
736204 140.860001 141.410004 138.089996 139.520004 1.375000e+05
736207 139.520004 141.690002 138.679993 139.330002 1.934000e+05
736208 138.369995 138.369995 134.089996 134.479996 1.693000e+05
736209 135.580002 137.130005 134.240005 137.020004 1.398000e+05
736210 137.500000 138.809998 135.850006 137.610001 1.525000e+05
736211 135.880005 137.919998 135.880005 136.429993 1.083000e+05
736215 138.179993 138.639999 136.729996 138.399994 6.940000e+04
736216 139.009995 139.589996 137.789993 138.809998 1.477000e+05
736217 139.250000 139.660004 137.309998 138.729996 1.663000e+05
736218 137.500000 140.729996 137.130005 139.559998 9.970000e+04
736221 139.110001 139.990005 137.559998 137.889999 1.046000e+05
736222 138.309998 140.270004 137.300003 140.020004 1.027000e+05
736223 139.910004 140.500000 138.619995 139.570007 1.088000e+05
736224 139.679993 141.380005 139.169998 139.850006 5.850000e+04
736225 138.179993 140.610001 138.179993 138.929993 1.710000e+05
736228 139.279999 141.300003 138.059998 138.860001 2.496000e+05
736229 137.600006 138.889999 136.300003 137.830002 7.040000e+04
736230 138.039993 139.630005 137.720001 138.059998 9.730000e+04
736231 137.289993 138.220001 136.169998 136.779999 8.660000e+04
736232 137.619995 137.619995 133.509995 135.000000 1.950000e+05
736235 134.149994 134.820007 131.360001 134.250000 1.887000e+05
736236 133.699997 136.580002 132.380005 133.190002 1.496000e+05
736237 134.070007 135.710007 133.460007 134.309998 1.675000e+05
736238 134.429993 135.169998 133.270004 135.100006 1.294000e+05
736239 133.720001 137.509995 133.720001 137.210007 1.046000e+05
736242 137.919998 139.479996 136.300003 137.309998 2.464000e+05
736243 136.630005 136.630005 132.490005 134.339996 1.124000e+05
736244 135.089996 137.949997 134.800003 136.910004 1.131000e+05
736245 137.050003 138.630005 135.389999 138.630005 1.428000e+05
736246 138.449997 139.809998 138.139999 139.190002 8.840000e+04
736249 139.210007 139.990005 138.639999 139.179993 1.018000e+05
736250 138.330002 139.809998 136.589996 137.419998 6.230000e+04
736251 137.729996 138.770004 135.669998 136.229996 9.010000e+04
736252 136.490005 139.000000 135.740005 138.490005 1.202000e+05
736253 138.660004 139.850006 137.539993 138.639999 7.250000e+04
736256 138.070007 140.369995 137.649994 140.119995 6.020000e+04
736257 139.830002 140.179993 138.270004 139.000000 8.140000e+04
736258 139.509995 139.750000 137.399994 138.789993 9.490000e+04
736259 139.339996 140.529999 136.710007 137.130005 8.350000e+04
736260 138.500000 141.080002 138.089996 140.800003 6.980000e+04
736263 140.300003 141.419998 139.820007 140.869995 8.290000e+04
736264 140.770004 141.500000 139.720001 140.639999 6.740000e+04
736265 140.580002 142.220001 139.559998 141.699997 1.059000e+05
736266 140.750000 141.320007 139.220001 140.520004 5.430000e+04
736267 140.750000 141.440002 138.990005 139.479996 9.060000e+04
736270 139.330002 142.100006 138.149994 141.639999 1.229000e+05
736271 141.610001 142.479996 140.449997 141.320007 1.441000e+05
736272 139.500000 141.369995 136.649994 140.860001 1.291000e+05
736273 140.470001 141.789993 139.820007 140.970001 9.460000e+04
736274 140.289993 140.369995 138.470001 140.309998 8.520000e+04
736277 139.610001 141.690002 139.169998 140.699997 1.101000e+05
736278 140.000000 140.619995 139.399994 140.089996 1.231000e+05
736279 140.500000 140.949997 138.649994 139.270004 6.370000e+04
736280 138.850006 138.910004 135.779999 136.419998 7.260000e+04
736281 136.250000 137.729996 134.809998 136.039993 1.086000e+05
736284 136.490005 137.259995 135.229996 136.830002 9.220000e+04
736285 136.639999 139.789993 136.539993 138.679993 8.620000e+04
736286 138.860001 141.020004 138.289993 140.809998 9.490000e+04
736287 140.470001 141.199997 137.809998 138.419998 7.630000e+04
736288 138.399994 140.589996 138.149994 139.220001 8.600000e+04
736291 139.509995 140.259995 138.250000 139.059998 1.136000e+05
736292 138.080002 139.990005 137.330002 139.279999 3.484000e+05
736293 139.289993 140.460007 138.350006 140.050003 8.530000e+04
736295 140.039993 141.830002 139.520004 141.639999 4.430000e+04
736298 141.500000 141.500000 139.449997 139.720001 8.880000e+04
736299 140.089996 141.169998 139.160004 140.039993 7.800000e+04
736300 139.619995 141.070007 139.070007 139.470001 6.930000e+04
736301 140.100006 140.100006 135.630005 136.509995 9.470000e+04
736302 136.600006 139.270004 136.600006 138.979996 4.230000e+04
736305 138.419998 138.850006 136.759995 137.800003 9.310000e+04
736306 136.649994 138.800003 136.649994 138.130005 6.420000e+04
736307 137.600006 138.929993 134.929993 135.470001 1.257000e+05
736308 135.970001 137.789993 135.410004 137.009995 8.490000e+04
736309 135.880005 135.880005 134.559998 135.360001 6.380000e+04
736312 135.350006 136.279999 133.899994 134.360001 9.800000e+04
736313 135.059998 137.190002 134.970001 136.679993 1.057000e+05
736314 137.919998 138.169998 135.509995 137.130005 1.064000e+05
736315 137.279999 138.750000 136.770004 137.740005 1.726000e+05
736316 137.669998 137.669998 134.779999 135.009995 1.709000e+05
736319 135.750000 137.369995 135.050003 136.970001 2.267000e+05
736320 137.729996 138.820007 136.130005 138.449997 6.390000e+04
736321 139.050003 139.309998 137.910004 138.440002 7.220000e+04
736322 137.889999 139.580002 137.529999 139.110001 2.210000e+04
736326 138.940002 140.149994 138.160004 140.070007 6.430000e+04
736327 140.449997 141.759995 140.449997 140.990005 6.400000e+04
736328 140.649994 140.940002 138.919998 139.570007 9.130000e+04
736329 139.009995 140.740005 138.020004 138.660004 9.350000e+04
736333 136.589996 137.919998 134.520004 136.190002 1.358000e+05
736334 136.190002 136.949997 135.130005 136.179993 1.397000e+05
736335 134.679993 136.720001 134.119995 134.809998 1.065000e+05
736336 132.380005 132.839996 131.279999 131.990005 1.904000e+05
736337 132.830002 134.009995 130.100006 130.509995 9.910000e+04
736340 131.500000 134.389999 128.100006 130.490005 1.785000e+05
736341 131.169998 132.809998 127.589996 130.449997 1.159000e+05
736342 130.789993 130.990005 125.550003 126.000000 8.140000e+04
736343 126.320000 128.369995 125.209999 127.169998 1.488000e+05
736344 126.089996 126.349998 123.019997 124.629997 1.909000e+05
736348 125.489998 126.389999 123.220001 125.339996 2.116000e+05
736349 124.059998 128.020004 122.029999 126.260002 9.200000e+04
736350 126.400002 127.570000 124.809998 124.830002 1.218000e+05
736351 127.120003 127.730003 125.519997 127.070000 7.760000e+04
736354 126.660004 127.980003 125.260002 126.010002 5.050000e+04
736355 125.940002 128.770004 125.070000 127.849998 7.130000e+04
736356 127.410004 128.259995 124.949997 125.639999 5.280000e+04
736357 126.680000 126.680000 122.709999 123.930000 7.740000e+04
736358 124.339996 127.709999 123.870003 127.610001 1.108000e+05
736361 126.949997 128.419998 124.870003 126.830002 9.750000e+04
736362 126.830002 128.869995 125.389999 127.860001 1.093000e+05
736363 128.380005 128.759995 125.019997 127.389999 1.016000e+05
736364 126.739998 127.930000 125.570000 127.449997 1.067000e+05
736365 127.059998 128.550003 124.889999 125.540001 1.269000e+05
736368 124.180000 125.470001 122.980003 124.430000 1.159000e+05
736369 123.010002 126.050003 122.959999 124.660004 1.221000e+05
736370 125.800003 127.800003 124.610001 124.769997 8.280000e+04
736371 123.139999 126.459999 123.070000 125.150002 1.283000e+05
736372 126.220001 127.860001 124.750000 126.400002 9.610000e+04
736376 127.360001 128.020004 123.680000 127.360001 1.576000e+05
736377 128.500000 131.889999 127.510002 130.330002 1.923000e+05
736378 130.250000 131.789993 128.929993 129.500000 1.057000e+05
736379 128.550003 131.360001 128.119995 131.169998 1.423000e+05
736382 131.869995 132.979996 131.000000 132.330002 9.420000e+04
736383 132.440002 132.910004 130.160004 131.470001 5.850000e+04
736384 130.029999 131.679993 129.070007 130.789993 1.116000e+05
736385 131.259995 132.539993 130.119995 132.050003 1.304000e+05
736386 134.820007 137.479996 131.490005 137.059998 1.683000e+05
736389 136.669998 137.179993 134.529999 134.639999 1.554000e+05
736390 135.699997 138.309998 132.990005 138.119995 1.243000e+05
736391 137.360001 138.979996 137.360001 138.970001 1.117000e+05
736392 139.350006 139.350006 136.020004 138.820007 1.365000e+05
736393 138.800003 139.630005 138.449997 138.860001 1.031000e+05
736396 138.059998 139.000000 136.850006 138.490005 1.691000e+05
736397 137.949997 137.949997 134.509995 134.970001 1.459000e+05
736398 135.779999 136.449997 134.839996 135.330002 1.137000e+05
736399 135.820007 136.710007 133.830002 134.990005 9.320000e+04
736400 135.919998 137.570007 135.449997 137.360001 1.706000e+05
736403 137.039993 139.000000 136.199997 137.639999 1.269000e+05
736404 136.630005 136.630005 134.220001 134.750000 1.264000e+05
736405 134.509995 135.169998 132.580002 133.729996 1.149000e+05
736406 133.589996 134.460007 131.690002 131.990005 3.101000e+05
736407 130.820007 133.880005 130.169998 132.020004 1.891000e+05
736410 132.309998 135.009995 131.339996 134.490005 1.315000e+05
736411 133.990005 136.410004 133.990005 135.330002 9.940000e+04
736412 134.710007 135.300003 133.539993 133.660004 9.920000e+04
736413 133.240005 133.949997 131.779999 133.919998 7.040000e+04
736417 134.080002 134.460007 132.289993 134.089996 9.130000e+04
736418 133.729996 137.119995 132.759995 137.119995 2.850000e+05
736419 137.600006 138.639999 135.679993 136.470001 9.990000e+04
736420 137.600006 138.270004 135.449997 136.720001 1.333000e+05
736421 136.059998 139.419998 135.809998 139.419998 9.240000e+04
736424 138.740005 139.729996 137.389999 137.860001 1.153000e+05
736425 136.820007 137.240005 135.020004 135.029999 2.812000e+05
736426 135.279999 139.389999 135.279999 139.190002 1.291000e+05
736427 138.600006 139.250000 135.699997 136.029999 1.190000e+05
736428 137.419998 137.619995 135.220001 136.550003 5.830000e+04
736431 136.699997 137.789993 135.440002 136.550003 1.033000e+05
736432 136.470001 137.309998 135.910004 136.929993 9.140000e+04
736433 137.929993 139.729996 137.410004 139.550003 8.680000e+04
736434 139.199997 140.699997 138.300003 139.550003 8.730000e+04
736435 139.690002 140.600006 138.889999 140.179993 9.830000e+04
736438 140.440002 141.100006 139.059998 140.669998 1.882000e+05
736439 141.000000 141.199997 139.449997 140.050003 1.092000e+05
736440 139.899994 140.589996 137.919998 140.039993 8.110000e+04
736441 139.690002 141.619995 139.479996 140.559998 6.070000e+04
736442 140.949997 142.210007 140.289993 142.050003 7.840000e+04
736445 141.279999 142.080002 140.669998 141.589996 8.530000e+04
736446 142.220001 142.729996 141.179993 142.320007 9.910000e+04
736447 142.110001 143.130005 141.410004 142.979996 9.150000e+04
736448 142.080002 144.520004 142.080002 142.960007 1.399000e+05
736449 142.449997 142.699997 140.539993 141.850006 1.376000e+05
736452 141.679993 144.320007 140.800003 144.070007 1.239000e+05
736453 142.759995 144.139999 142.119995 143.220001 9.190000e+04
736454 143.050003 144.289993 141.710007 142.330002 1.030000e+05
736455 142.720001 144.000000 141.270004 143.389999 1.048000e+05
736456 142.070007 143.699997 138.809998 141.630005 3.214000e+05
736459 141.100006 142.800003 140.850006 141.860001 1.304000e+05
736460 142.720001 142.970001 142.059998 142.720001 7.360000e+04
736461 142.850006 143.279999 141.679993 141.869995 1.743000e+05
736462 142.550003 143.559998 141.940002 143.190002 1.305000e+05
736463 142.339996 144.589996 142.119995 143.070007 1.326000e+05
736466 142.910004 144.779999 142.910004 144.309998 6.310000e+04
736467 143.919998 144.399994 141.830002 142.380005 9.250000e+04
736468 141.110001 143.500000 141.110001 143.149994 1.490000e+05
736469 142.059998 143.529999 141.399994 142.550003 1.324000e+05
736470 143.039993 144.500000 143.039993 144.360001 1.145000e+05
736473 144.479996 145.059998 143.300003 144.149994 9.090000e+04
736474 145.240005 148.429993 144.750000 148.050003 7.770000e+04
736475 147.600006 148.580002 147.110001 147.990005 1.538000e+05
736476 147.889999 148.850006 147.539993 147.809998 1.164000e+05
736477 148.380005 148.910004 147.729996 148.720001 6.180000e+04
736481 149.050003 149.869995 148.259995 148.850006 8.340000e+04
736482 148.360001 149.419998 147.610001 149.139999 9.410000e+04
736483 148.990005 149.880005 148.639999 149.490005 9.080000e+04
736484 149.360001 149.360001 147.139999 148.300003 5.640000e+04
736487 148.860001 149.380005 148.149994 148.559998 7.280000e+04
736488 148.389999 149.509995 147.630005 149.449997 9.690000e+04
736489 149.009995 150.000000 148.600006 149.990005 8.970000e+04
736490 149.119995 149.610001 148.289993 148.639999 5.660000e+04
736491 148.029999 149.960007 146.350006 146.580002 5.440000e+04
736494 146.039993 147.600006 144.770004 144.839996 6.500000e+04
736495 144.860001 144.990005 143.000000 144.169998 5.530000e+04
736496 144.130005 144.330002 141.059998 141.160004 1.864000e+05
736497 140.779999 141.889999 138.789993 140.000000 1.962000e+05
736498 140.169998 141.500000 140.100006 140.919998 2.718000e+05
736501 142.000000 143.509995 141.429993 142.919998 8.060000e+04
736502 142.690002 143.619995 141.029999 141.830002 1.112000e+05
736503 141.550003 143.529999 140.960007 141.899994 1.706000e+05
736504 142.210007 143.949997 141.309998 142.389999 1.331000e+05
736505 137.589996 139.139999 137.589996 138.690002 3.319000e+05
736508 137.240005 138.500000 135.940002 137.169998 2.042000e+05
736509 138.009995 139.139999 137.240005 138.740005 9.450000e+04
736510 140.119995 140.119995 138.660004 139.179993 8.770000e+04
736511 139.149994 143.039993 139.149994 143.020004 1.353000e+05
736512 142.869995 144.889999 142.009995 143.020004 7.990000e+04
736516 142.929993 142.929993 140.580002 141.339996 8.140000e+04
736517 140.529999 142.789993 140.529999 142.500000 1.470000e+05
736518 142.690002 143.289993 141.979996 142.669998 6.770000e+04
736519 143.220001 144.050003 142.679993 143.809998 7.520000e+04
736522 143.850006 144.720001 142.910004 143.919998 6.130000e+04
736523 144.830002 145.220001 144.330002 144.899994 5.250000e+04
736524 145.470001 145.619995 143.919998 144.210007 5.600000e+04
736525 145.350006 145.639999 144.279999 145.110001 5.680000e+04
736526 145.149994 145.250000 142.360001 144.070007 5.910000e+04
736529 144.470001 145.679993 143.960007 144.809998 9.760000e+04
736530 144.470001 145.820007 143.589996 144.419998 6.530000e+04
736531 144.369995 145.710007 144.130005 144.809998 8.480000e+04
736532 144.399994 144.779999 142.889999 143.509995 7.090000e+04
736533 143.759995 144.110001 142.410004 142.990005 1.035000e+05
736536 143.360001 143.580002 142.059998 143.259995 1.361000e+05
736537 143.259995 145.240005 143.259995 145.039993 6.190000e+04
736538 144.970001 146.089996 144.720001 144.990005 1.208000e+05
736539 144.899994 145.389999 144.139999 144.580002 1.425000e+05
736540 144.399994 146.509995 144.399994 145.089996 2.109000e+05
736543 144.880005 149.949997 144.630005 148.649994 1.614000e+05
736544 148.669998 148.690002 144.949997 146.050003 8.780000e+04
736545 145.740005 146.460007 143.389999 145.770004 1.609000e+05
736546 145.000000 158.500000 144.990005 155.020004 3.920000e+05
736547 156.059998 156.360001 155.100006 155.899994 3.075000e+05
736550 155.610001 155.660004 153.460007 153.630005 8.880000e+04
736551 153.990005 154.990005 153.490005 153.770004 6.160000e+04
736552 153.449997 154.179993 153.020004 154.130005 6.590000e+04
736553 154.199997 154.559998 153.229996 154.440002 1.053000e+05
736554 153.550003 154.910004 153.270004 153.979996 1.010000e+05
736557 153.990005 154.580002 153.339996 154.119995 6.840000e+04
736558 154.270004 154.779999 152.720001 153.429993 5.280000e+04
736559 153.100006 153.880005 151.850006 153.169998 6.350000e+04
736560 153.000000 154.800003 152.690002 153.850006 9.720000e+04
736561 153.270004 154.139999 152.570007 153.669998 7.380000e+04
736564 153.389999 153.960007 151.979996 153.279999 9.060000e+04
736565 153.300003 155.490005 152.550003 153.110001 7.460000e+04
736566 153.470001 153.470001 150.500000 150.639999 8.060000e+04
736567 150.770004 152.259995 149.009995 151.179993 7.320000e+04
736568 151.240005 152.199997 150.059998 151.289993 8.120000e+04
736571 151.210007 152.070007 150.130005 151.250000 8.250000e+04
736572 151.419998 152.179993 149.389999 150.149994 8.640000e+04
736573 150.199997 150.740005 148.500000 148.809998 7.550000e+04
736574 148.630005 149.679993 147.679993 149.490005 7.490000e+04
736575 150.389999 152.149994 148.529999 151.139999 1.288000e+05
736579 151.020004 152.320007 148.809998 151.660004 1.505000e+05
736580 152.110001 159.729996 151.619995 159.320007 2.688000e+05
736581 159.059998 161.699997 157.940002 160.369995 1.425000e+05
736582 158.960007 160.500000 157.539993 157.710007 1.472000e+05
736585 155.210007 159.839996 154.699997 159.320007 1.386000e+05
736586 158.089996 158.479996 155.479996 156.910004 1.456000e+05
736587 156.970001 157.830002 155.479996 157.059998 1.170000e+05
736588 156.720001 159.729996 156.429993 158.830002 1.275000e+05
736589 159.080002 160.130005 158.100006 159.919998 2.000000e+05
736592 159.520004 160.479996 159.240005 159.720001 1.701000e+05
736593 160.940002 161.389999 159.479996 159.619995 1.026000e+05
736594 159.979996 160.860001 158.990005 160.589996 8.250000e+04
736595 161.190002 162.199997 160.639999 161.869995 9.420000e+04
736596 161.309998 161.830002 160.289993 161.339996 8.050000e+04
736599 160.929993 161.309998 159.820007 160.020004 6.210000e+04
736600 160.479996 162.509995 160.309998 162.339996 7.980000e+04
736601 161.919998 162.509995 161.029999 162.259995 8.670000e+04
736602 162.059998 162.970001 161.000000 161.960007 1.427000e+05
736603 162.610001 164.449997 161.509995 163.809998 1.816000e+05
736606 163.380005 164.869995 161.429993 163.729996 1.527000e+05
736607 163.550003 164.089996 161.570007 162.179993 1.164000e+05
736608 162.399994 163.740005 162.110001 162.580002 1.947000e+05
736609 162.539993 162.979996 160.350006 161.199997 1.411000e+05
736610 161.470001 163.660004 160.740005 163.270004 2.642000e+05
736613 163.270004 164.889999 163.020004 164.440002 9.200000e+04
736614 163.509995 163.839996 160.479996 161.770004 2.072000e+05
736615 162.100006 162.669998 160.839996 161.059998 1.298000e+05
736616 160.399994 161.649994 159.820007 161.009995 1.131000e+05
736617 161.880005 162.300003 160.539993 161.330002 1.323000e+05
736620 161.139999 162.210007 160.479996 161.389999 8.060000e+04
736621 162.479996 162.869995 161.460007 162.330002 7.330000e+04
736622 162.059998 163.800003 160.000000 163.100006 1.559000e+05
736623 163.369995 165.630005 163.240005 164.529999 1.510000e+05
736624 163.479996 163.639999 162.429993 163.070007 7.040000e+04
736627 166.479996 166.479996 162.809998 162.889999 1.196000e+05
736628 162.800003 162.960007 160.070007 160.369995 2.224000e+05
736629 160.070007 161.199997 156.089996 156.490005 1.636000e+05
736630 156.940002 159.699997 156.820007 157.550003 1.493000e+05
736631 157.529999 159.509995 156.139999 157.649994 9.030000e+04
736634 157.570007 158.660004 155.399994 158.080002 1.295000e+05
736635 158.740005 158.789993 154.889999 155.520004 1.388000e+05
736636 156.880005 168.710007 156.880005 165.639999 4.385000e+05
736637 165.410004 166.830002 163.270004 164.529999 2.118000e+05
736638 164.820007 167.050003 164.619995 164.740005 1.699000e+05
736641 165.460007 168.789993 164.440002 168.580002 1.424000e+05
736642 168.020004 172.729996 166.449997 172.039993 2.202000e+05
736643 173.369995 174.020004 170.220001 170.850006 1.915000e+05
736644 171.449997 173.649994 168.470001 169.350006 1.940000e+05
736645 169.380005 170.229996 166.179993 166.699997 1.536000e+05
736648 166.350006 169.429993 165.539993 169.300003 2.114000e+05
736649 170.000000 173.869995 169.830002 172.960007 1.375000e+05
736650 172.750000 173.990005 171.330002 172.080002 1.046000e+05
736651 171.410004 174.000000 171.410004 173.759995 1.630000e+05
736652 173.149994 173.570007 169.490005 170.929993 1.571000e+05
736655 170.539993 172.970001 170.009995 172.830002 1.258000e+05
736656 173.539993 173.669998 170.839996 171.589996 1.386000e+05
736657 169.910004 172.779999 169.190002 172.119995 1.157000e+05
736659 172.160004 173.740005 172.160004 172.759995 4.530000e+04
736662 172.389999 173.809998 170.809998 171.179993 1.241000e+05
736663 172.240005 174.580002 172.240005 174.279999 1.830000e+05
736664 174.279999 174.770004 172.300003 173.500000 2.447000e+05
736665 173.559998 174.850006 172.630005 174.570007 3.325000e+05
736666 174.380005 178.369995 173.500000 177.389999 2.684000e+05
736669 178.410004 178.410004 176.889999 177.800003 2.628000e+05
736670 178.619995 178.759995 176.729996 178.710007 1.860000e+05
736671 177.979996 178.089996 176.509995 176.759995 2.080000e+05
736672 177.149994 178.910004 175.550003 178.869995 1.620000e+05
736673 178.559998 180.399994 178.490005 179.360001 1.569000e+05
736676 179.000000 180.229996 178.570007 179.429993 1.929000e+05
736677 180.429993 182.199997 179.759995 180.889999 1.258000e+05
736678 179.750000 182.059998 178.919998 179.210007 2.166000e+05
736679 179.339996 181.720001 179.190002 181.080002 2.098000e+05
736680 182.500000 184.509995 180.059998 180.710007 3.196000e+05
736683 180.300003 180.500000 179.130005 179.899994 1.636000e+05
736684 180.809998 181.940002 177.679993 180.270004 1.968000e+05
736685 180.710007 182.960007 179.880005 181.820007 1.488000e+05
736686 181.600006 183.080002 180.270004 182.570007 1.488000e+05
736687 183.139999 184.000000 181.570007 183.429993 7.630000e+04
736691 183.360001 184.889999 182.589996 183.360001 7.380000e+04
736692 184.190002 184.190002 182.600006 183.460007 8.860000e+04
736693 183.630005 183.869995 182.710007 183.229996 6.970000e+04
736694 183.000000 183.839996 181.910004 182.279999 9.270000e+04
736698 182.960007 184.809998 181.869995 182.910004 1.357000e+05
736699 183.550003 185.550003 182.300003 185.320007 1.545000e+05
736700 185.380005 187.160004 184.139999 185.929993 1.834000e+05
736701 185.929993 188.000000 185.929993 187.509995 1.257000e+05
736704 188.000000 189.270004 187.339996 188.380005 1.428000e+05
736705 192.100006 194.199997 187.500000 188.479996 2.240000e+05
736706 188.490005 188.759995 183.449997 187.169998 2.610000e+05
736707 187.190002 187.759995 185.860001 186.410004 1.382000e+05
736708 185.880005 189.240005 185.880005 188.460007 1.232000e+05
736712 187.169998 189.289993 186.500000 187.960007 1.887000e+05
736713 187.570007 188.559998 186.100006 187.869995 3.391000e+05
736714 187.699997 188.399994 185.899994 187.429993 3.338000e+05
736715 188.119995 188.580002 186.479996 186.910004 1.543000e+05
736718 186.089996 188.330002 185.300003 185.729996 1.556000e+05
736719 185.720001 187.539993 183.429993 185.100006 2.480000e+05
736720 185.520004 187.979996 185.429993 187.199997 1.527000e+05
736721 186.369995 188.720001 186.339996 188.009995 3.915000e+05
736722 188.000000 188.979996 186.259995 186.500000 9.890000e+04
736725 186.350006 188.070007 184.539993 186.610001 1.160000e+05
736726 186.509995 190.360001 184.970001 190.080002 1.782000e+05
736727 190.500000 192.600006 188.809998 189.630005 1.204000e+05
736728 189.539993 189.839996 188.429993 189.309998 8.600000e+04
736729 189.679993 191.490005 189.419998 191.100006 8.890000e+04
736732 190.960007 191.500000 189.759995 191.440002 9.160000e+04
736733 192.059998 192.059998 188.259995 189.710007 1.341000e+05
736734 189.940002 190.000000 187.570007 189.289993 1.470000e+05
736735 189.289993 190.880005 189.289993 190.880005 1.665000e+05
736736 191.250000 191.850006 189.630005 190.309998 1.036000e+05
736739 191.369995 191.490005 188.240005 189.169998 1.800000e+05
736740 189.119995 191.830002 188.110001 191.750000 1.758000e+05
736741 191.639999 192.639999 190.899994 192.210007 8.430000e+04
736742 192.889999 193.279999 190.529999 191.850006 9.510000e+04
736743 191.860001 193.600006 190.089996 193.270004 1.135000e+05
736747 193.270004 194.250000 191.300003 192.059998 1.484000e+05
736748 192.270004 193.119995 191.240005 191.669998 9.400000e+04
736749 192.500000 193.309998 190.490005 192.000000 1.452000e+05
736750 189.100006 192.729996 186.979996 191.919998 3.627000e+05
736753 192.160004 197.630005 191.610001 196.830002 2.399000e+05
736754 196.139999 197.350006 194.639999 194.639999 2.705000e+05
736755 195.440002 197.710007 193.110001 196.020004 2.279000e+05
736756 195.720001 197.809998 195.039993 195.410004 1.421000e+05
736757 196.339996 198.210007 195.729996 198.020004 1.913000e+05
736760 196.729996 197.779999 194.970001 195.080002 1.779000e+05
736761 195.020004 197.160004 193.649994 195.500000 1.273000e+05
736762 195.000000 196.979996 194.990005 196.130005 1.334000e+05
736763 195.520004 196.880005 195.240005 195.710007 1.386000e+05
736764 196.509995 197.710007 195.779999 197.250000 3.121000e+05
