736034 9.150000 9.680000 8.960000 9.430000 3.218000e+05
736035 9.460000 9.620000 9.320000 9.440000 7.720000e+04
736036 9.440000 9.600000 9.280000 9.550000 8.330000e+04
736039 9.570000 9.590000 9.300000 9.320000 8.600000e+04
736040 9.240000 9.440000 9.150000 9.250000 8.290000e+04
736041 9.250000 10.000000 9.160000 9.860000 2.597000e+05
736042 9.790000 9.890000 9.600000 9.690000 8.970000e+04
736043 9.710000 9.980000 9.700000 9.930000 1.222000e+05
736046 9.900000 10.100000 9.820000 10.100000 9.950000e+04
736047 10.100000 10.160000 9.890000 10.110000 6.610000e+04
736048 9.990000 10.080000 9.760000 9.850000 1.623000e+05
736049 9.780000 9.780000 9.330000 9.480000 9.610000e+04
736050 9.460000 9.540000 9.350000 9.430000 7.850000e+04
736053 9.450000 9.570000 9.410000 9.440000 4.570000e+04
736054 9.400000 9.690000 9.370000 9.650000 7.030000e+04
736055 9.670000 9.970000 9.600000 9.720000 1.214000e+05
736056 9.660000 9.840000 9.530000 9.580000 9.030000e+04
736060 9.500000 9.720000 9.480000 9.650000 8.700000e+04
736061 9.650000 9.790000 9.560000 9.740000 6.460000e+04
736062 9.750000 9.880000 9.680000 9.860000 8.290000e+04
736063 9.870000 9.870000 9.630000 9.740000 6.120000e+04
736064 9.800000 9.800000 9.580000 9.600000 3.140000e+04
736067 9.560000 9.730000 9.420000 9.570000 7.660000e+04
736068 9.610000 9.690000 9.540000 9.680000 4.520000e+04
736069 9.620000 9.830000 9.620000 9.780000 5.050000e+04
736070 9.710000 9.790000 9.660000 9.660000 2.890000e+04
736071 9.560000 9.560000 9.470000 9.470000 5.300000e+04
736074 9.480000 9.660000 9.470000 9.530000 3.630000e+04
736075 9.530000 9.530000 9.280000 9.280000 4.880000e+04
736076 9.250000 9.350000 9.150000 9.240000 3.500000e+04
736077 9.180000 9.370000 9.180000 9.340000 6.370000e+04
736078 9.270000 9.270000 9.080000 9.180000 5.260000e+04
736081 9.150000 9.370000 9.100000 9.200000 6.320000e+04
736082 9.210000 9.310000 9.190000 9.210000 6.570000e+04
736083 9.130000 9.270000 8.960000 9.020000 1.998000e+05
736084 8.900000 8.930000 8.200000 8.770000 2.003000e+05
736085 8.740000 8.820000 8.610000 8.780000 8.500000e+04
736088 8.780000 8.980000 8.730000 8.860000 1.144000e+05
736089 9.280000 9.300000 8.870000 9.120000 9.630000e+04
736090 9.100000 9.210000 9.100000 9.160000 9.230000e+04
736091 9.110000 9.250000 9.100000 9.180000 8.580000e+04
736092 9.150000 9.250000 9.100000 9.120000 4.560000e+04
736095 9.190000 9.350000 9.190000 9.240000 5.270000e+04
736096 9.230000 9.240000 9.040000 9.190000 1.869000e+05
736097 9.180000 9.280000 9.040000 9.120000 3.280000e+04
736098 9.120000 9.190000 8.980000 9.130000 4.600000e+04
736099 9.090000 9.140000 9.040000 9.100000 4.890000e+04
736102 9.040000 9.040000 8.900000 9.030000 8.430000e+04
736103 8.970000 9.370000 8.900000 9.300000 3.108000e+05
736104 9.240000 9.330000 9.110000 9.160000 4.280000e+04
736105 9.160000 9.300000 9.100000 9.150000 3.270000e+04
736106 9.100000 9.240000 9.070000 9.110000 5.290000e+04
736110 9.030000 9.170000 9.000000 9.010000 6.440000e+04
736111 9.000000 9.130000 9.000000 9.080000 4.340000e+04
736112 9.030000 9.070000 8.950000 8.990000 4.440000e+04
736113 8.970000 9.320000 8.970000 9.300000 8.940000e+04
736116 9.310000 9.670000 9.210000 9.650000 1.251000e+05
736117 9.640000 9.730000 9.570000 9.650000 7.340000e+04
736118 9.680000 9.720000 9.640000 9.700000 4.600000e+04
736119 9.630000 9.720000 9.580000 9.660000 1.031000e+05
736120 9.670000 9.790000 9.550000 9.770000 4.870000e+04
736123 9.690000 9.700000 9.550000 9.670000 5.290000e+04
736124 9.630000 9.660000 9.490000 9.530000 2.960000e+04
736125 9.610000 9.750000 9.520000 9.650000 5.131000e+05
736126 9.690000 10.050000 9.690000 10.040000 1.784000e+05
736127 10.080000 10.310000 10.070000 10.230000 2.693000e+05
736130 10.210000 10.380000 10.050000 10.070000 1.345000e+05
736131 10.040000 10.150000 9.980000 10.060000 5.620000e+04
736132 10.120000 10.300000 10.000000 10.020000 3.930000e+04
736133 10.010000 10.140000 9.950000 10.070000 4.910000e+04
736134 10.100000 10.110000 9.890000 9.940000 1.179000e+05
736137 9.990000 10.060000 9.770000 9.780000 4.370000e+04
736138 9.800000 10.020000 9.720000 9.950000 6.180000e+04
736139 9.950000 10.010000 9.830000 9.970000 6.640000e+04
736140 10.030000 10.030000 9.880000 9.960000 3.940000e+04
736141 9.990000 10.130000 9.800000 10.000000 1.998000e+05
736144 9.940000 9.940000 9.570000 9.640000 8.160000e+04
736145 9.650000 9.650000 9.350000 9.560000 7.150000e+04
736146 9.590000 9.690000 9.340000 9.470000 5.670000e+04
736147 9.520000 9.590000 9.330000 9.390000 2.840000e+04
736151 9.390000 9.630000 9.370000 9.550000 6.970000e+04
736152 9.570000 9.640000 9.270000 9.400000 3.710000e+04
736153 9.340000 9.380000 9.180000 9.280000 2.970000e+04
736154 9.410000 9.460000 9.230000 9.350000 5.490000e+04
736155 9.410000 9.660000 9.330000 9.350000 7.090000e+04
736158 9.420000 9.510000 9.330000 9.350000 8.790000e+04
736159 9.310000 9.560000 9.310000 9.500000 5.050000e+04
736160 9.570000 9.570000 9.340000 9.410000 5.640000e+04
736161 9.410000 9.620000 9.320000 9.400000 7.590000e+04
736162 9.370000 9.500000 9.210000 9.260000 6.200000e+04
736165 9.310000 9.370000 9.110000 9.250000 8.810000e+04
736166 9.330000 9.470000 9.100000 9.250000 8.430000e+04
736167 9.190000 9.390000 9.100000 9.360000 9.230000e+04
736168 9.440000 9.620000 9.360000 9.480000 8.720000e+04
736169 9.480000 9.590000 9.400000 9.420000 1.111000e+05
736172 9.400000 9.490000 9.350000 9.380000 4.140000e+04
736173 9.390000 9.630000 9.330000 9.520000 8.170000e+04
736174 9.540000 9.810000 9.470000 9.590000 6.740000e+04
736175 9.540000 9.650000 9.300000 9.380000 1.195000e+05
736176 9.410000 9.530000 9.340000 9.420000 6.630000e+04
736179 9.390000 9.460000 9.100000 9.290000 1.306000e+05
736180 9.090000 9.530000 8.100000 8.490000 2.828000e+05
736181 8.530000 8.710000 8.460000 8.590000 1.733000e+05
736182 8.650000 8.650000 8.490000 8.550000 1.307000e+05
736183 8.520000 8.790000 8.500000 8.510000 1.432000e+05
736186 8.660000 8.740000 8.450000 8.510000 1.654000e+05
736187 8.400000 8.400000 8.130000 8.190000 2.278000e+05
736188 8.140000 8.470000 8.060000 8.380000 1.048000e+05
736189 8.350000 8.530000 8.300000 8.390000 1.002000e+05
736190 8.050000 8.370000 7.930000 8.140000 2.495000e+05
736193 8.080000 8.220000 8.050000 8.130000 2.146000e+05
736194 8.060000 8.140000 7.950000 8.030000 1.668000e+05
736195 7.940000 8.120000 7.900000 7.990000 1.653000e+05
736196 7.920000 7.980000 7.840000 7.880000 3.730000e+05
736197 7.700000 8.060000 7.700000 8.010000 1.331000e+05
736200 8.000000 8.240000 8.000000 8.110000 2.436000e+05
736201 8.290000 8.290000 7.900000 7.960000 1.062000e+05
736202 8.100000 8.170000 7.950000 8.090000 1.092000e+05
736203 8.110000 8.210000 7.950000 8.050000 1.183000e+05
736204 7.910000 8.240000 7.910000 8.180000 8.310000e+04
736207 8.140000 8.220000 8.040000 8.080000 6.040000e+04
736208 7.950000 8.000000 7.830000 7.860000 9.660000e+04
736209 7.930000 8.030000 7.780000 7.870000 4.400000e+04
736210 7.910000 8.020000 7.680000 7.800000 1.471000e+05
736211 7.710000 7.830000 7.670000 7.760000 3.970000e+04
736215 7.810000 8.130000 7.810000 8.070000 9.240000e+04
736216 8.090000 8.200000 8.050000 8.110000 8.010000e+04
736217 8.090000 8.180000 7.950000 7.990000 4.420000e+04
736218 7.930000 8.090000 7.870000 8.070000 4.230000e+04
736221 8.040000 8.140000 7.930000 8.060000 3.550000e+04
736222 8.030000 8.280000 8.030000 8.080000 4.580000e+04
736223 8.040000 8.180000 8.040000 8.150000 5.300000e+04
736224 8.110000 8.270000 8.080000 8.200000 6.300000e+04
736225 8.100000 8.230000 8.040000 8.090000 1.524000e+05
736228 8.140000 8.360000 8.050000 8.260000 2.270000e+04
736229 8.190000 8.190000 7.950000 8.000000 6.480000e+04
736230 7.950000 8.020000 7.810000 7.850000 6.130000e+04
736231 7.810000 8.030000 7.760000 8.000000 7.150000e+04
736232 8.040000 8.060000 7.710000 7.760000 6.090000e+04
736235 7.770000 7.850000 7.570000 7.570000 5.940000e+04
736236 7.510000 7.630000 7.400000 7.530000 6.310000e+04
736237 7.560000 7.650000 7.440000 7.620000 6.020000e+04
736238 7.600000 7.670000 7.450000 7.640000 5.080000e+04
736239 7.610000 7.770000 7.440000 7.700000 5.460000e+04
736242 7.730000 8.330000 7.720000 8.320000 4.850000e+04
736243 8.330000 8.470000 8.220000 8.320000 5.170000e+04
736244 8.310000 8.680000 8.310000 8.590000 7.210000e+04
736245 8.620000 8.910000 8.600000 8.900000 6.380000e+04
736246 8.870000 8.920000 8.630000 8.830000 4.080000e+04
736249 8.810000 8.850000 8.620000 8.740000 3.770000e+04
736250 8.720000 8.800000 8.620000 8.720000 4.900000e+04
736251 8.730000 8.820000 8.460000 8.490000 2.470000e+04
736252 8.540000 8.770000 8.380000 8.760000 4.330000e+04
736253 8.780000 8.790000 8.580000 8.750000 4.140000e+04
736256 8.710000 8.710000 8.600000 8.700000 4.770000e+04
736257 8.720000 8.950000 8.610000 8.910000 6.710000e+04
736258 8.950000 8.950000 8.640000 8.690000 4.930000e+04
736259 8.630000 8.680000 8.300000 8.440000 5.380000e+04
736260 8.510000 8.680000 8.510000 8.590000 5.750000e+04
736263 8.580000 8.640000 8.050000 8.080000 2.105000e+05
736264 8.070000 8.070000 7.660000 7.950000 1.553000e+05
736265 7.990000 8.240000 7.870000 8.060000 7.170000e+04
736266 8.100000 8.100000 7.290000 7.690000 3.426000e+05
736267 7.670000 7.810000 7.440000 7.750000 2.540000e+05
736270 7.630000 7.960000 7.630000 7.930000 1.121000e+05
736271 7.890000 8.110000 7.870000 7.930000 8.010000e+04
736272 7.900000 8.020000 7.890000 7.920000 8.170000e+04
736273 7.920000 8.060000 7.880000 7.920000 6.370000e+04
736274 7.810000 8.090000 7.380000 8.090000 1.418000e+05
736277 8.090000 8.160000 7.870000 7.940000 8.420000e+04
736278 7.940000 8.050000 7.910000 8.030000 7.670000e+04
736279 8.050000 8.140000 7.940000 7.940000 7.160000e+04
736280 7.930000 8.000000 7.740000 7.760000 7.020000e+04
736281 7.660000 7.850000 7.590000 7.640000 7.680000e+04
736284 7.580000 7.690000 7.500000 7.690000 7.780000e+04
736285 7.660000 7.680000 7.500000 7.530000 9.700000e+04
736286 7.500000 7.700000 7.490000 7.700000 7.290000e+04
736287 7.640000 7.790000 7.530000 7.750000 8.310000e+04
736288 7.810000 8.180000 7.810000 7.980000 5.760000e+04
736291 7.920000 8.040000 7.810000 7.820000 6.890000e+04
736292 7.830000 7.880000 7.640000 7.740000 9.390000e+04
736293 7.700000 7.800000 7.150000 7.710000 1.817000e+05
736295 7.750000 7.850000 7.620000 7.740000 3.470000e+04
736298 7.790000 7.990000 7.730000 7.910000 7.820000e+04
736299 7.950000 7.990000 7.810000 7.840000 6.410000e+04
736300 7.860000 7.900000 7.750000 7.780000 5.950000e+04
736301 7.770000 7.850000 7.600000 7.670000 8.570000e+04
736302 7.670000 7.700000 7.490000 7.650000 5.630000e+04
736305 7.670000 7.710000 7.530000 7.570000 8.320000e+04
736306 7.500000 7.500000 7.370000 7.430000 5.770000e+04
736307 7.380000 7.680000 7.380000 7.620000 3.578000e+05
736308 7.600000 7.760000 7.550000 7.730000 3.710000e+04
736309 7.570000 7.700000 7.470000 7.500000 5.170000e+04
736312 7.530000 7.550000 7.420000 7.500000 1.299000e+05
736313 7.550000 7.670000 7.500000 7.650000 4.920000e+04
736314 7.720000 7.810000 7.680000 7.790000 8.250000e+04
736315 7.700000 7.850000 7.600000 7.610000 1.025000e+05
736316 7.600000 7.690000 7.300000 7.520000 1.939000e+05
736319 7.580000 7.630000 7.450000 7.520000 1.015000e+05
736320 7.450000 7.680000 7.450000 7.670000 1.522000e+05
736321 7.720000 8.000000 7.650000 7.970000 9.440000e+04
736322 7.920000 8.000000 7.920000 7.960000 3.370000e+04
736326 7.940000 7.990000 7.810000 7.900000 5.310000e+04
736327 7.900000 8.000000 7.750000 7.960000 7.920000e+04
736328 7.950000 7.980000 7.820000 7.840000 4.670000e+04
736329 7.830000 7.880000 7.570000 7.610000 5.850000e+04
736333 7.500000 7.550000 7.290000 7.470000 1.817000e+05
736334 7.480000 7.500000 7.290000 7.350000 8.070000e+04
736335 7.280000 7.340000 7.190000 7.200000 8.090000e+04
736336 7.070000 7.130000 6.820000 6.910000 6.200000e+04
736337 6.940000 7.010000 6.690000 6.800000 5.790000e+04
736340 6.860000 6.940000 6.750000 6.790000 7.260000e+04
736341 6.880000 6.980000 6.790000 6.970000 7.020000e+04
736342 6.970000 7.050000 6.730000 6.790000 1.100000e+05
736343 6.800000 6.980000 6.700000 6.900000 3.970000e+04
736344 6.730000 6.890000 6.630000 6.860000 6.320000e+04
736348 6.920000 6.930000 6.740000 6.800000 5.340000e+04
736349 6.740000 7.000000 6.610000 6.940000 6.230000e+04
736350 6.940000 7.110000 6.900000 7.000000 6.810000e+04
736351 7.120000 7.230000 7.060000 7.180000 3.350000e+04
736354 7.110000 7.180000 6.860000 6.880000 3.150000e+04
736355 6.890000 7.090000 6.880000 6.990000 4.820000e+04
736356 6.990000 7.040000 6.530000 6.610000 8.060000e+04
736357 6.660000 6.800000 6.430000 6.510000 3.980000e+04
736358 6.520000 6.800000 6.520000 6.700000 1.520000e+05
736361 6.560000 6.830000 6.530000 6.780000 9.150000e+04
736362 6.710000 6.710000 6.520000 6.580000 6.040000e+04
736363 6.630000 6.680000 6.450000 6.590000 7.340000e+04
736364 6.560000 6.650000 6.360000 6.480000 5.950000e+04
736365 6.420000 6.500000 6.360000 6.380000 8.750000e+04
736368 6.350000 6.550000 6.180000 6.510000 1.971000e+05
736369 6.420000 6.510000 6.340000 6.420000 5.290000e+04
736370 6.470000 6.530000 6.330000 6.360000 5.030000e+04
736371 6.280000 6.380000 6.150000 6.350000 2.037000e+05
736372 6.380000 6.420000 6.330000 6.350000 3.600000e+04
736376 6.350000 6.620000 6.350000 6.540000 5.170000e+04
736377 6.570000 6.780000 6.550000 6.590000 4.680000e+04
736378 6.600000 6.710000 6.510000 6.660000 7.440000e+04
736379 6.650000 6.710000 6.410000 6.440000 6.270000e+04
736382 6.450000 6.560000 6.270000 6.380000 5.790000e+04
736383 6.360000 6.520000 6.350000 6.400000 3.110000e+04
736384 6.340000 6.460000 6.220000 6.250000 8.050000e+04
736385 6.270000 6.380000 6.270000 6.330000 3.160000e+04
736386 6.350000 6.380000 6.260000 6.300000 3.670000e+04
736389 6.350000 6.460000 6.320000 6.330000 8.610000e+04
736390 6.360000 6.600000 6.360000 6.400000 1.028000e+05
736391 6.310000 6.550000 6.310000 6.450000 6.440000e+04
736392 6.450000 6.640000 6.450000 6.600000 7.420000e+04
736393 6.610000 6.910000 6.550000 6.770000 1.298000e+05
736396 6.640000 6.900000 6.570000 6.890000 1.590000e+05
736397 6.900000 6.990000 6.490000 6.770000 3.329000e+05
736398 7.230000 9.480000 7.230000 9.100000 8.608000e+05
736399 9.190000 9.660000 8.960000 9.560000 2.990000e+05
736400 9.560000 10.170000 9.560000 9.990000 2.214000e+05
736403 10.000000 10.450000 9.850000 10.290000 2.255000e+05
736404 10.320000 10.930000 10.100000 10.140000 2.024000e+05
736405 10.150000 10.410000 10.080000 10.320000 1.282000e+05
736406 10.410000 10.840000 10.300000 10.630000 9.460000e+04
736407 10.750000 10.750000 10.430000 10.610000 1.503000e+05
736410 10.640000 10.650000 10.320000 10.440000 2.669000e+05
736411 10.500000 10.500000 10.010000 10.330000 2.273000e+05
736412 10.330000 10.330000 9.920000 10.060000 1.625000e+05
736413 10.030000 10.330000 9.790000 10.240000 1.103000e+05
736417 10.300000 10.310000 10.000000 10.220000 8.520000e+04
736418 10.160000 10.650000 10.040000 10.590000 1.395000e+05
736419 10.620000 10.710000 10.000000 10.160000 1.277000e+05
736420 10.160000 10.210000 9.940000 10.080000 2.226000e+05
736421 10.040000 10.460000 9.950000 10.360000 1.302000e+05
736424 10.360000 10.490000 10.150000 10.160000 1.438000e+05
736425 10.120000 10.120000 9.660000 9.800000 1.555000e+05
736426 9.830000 9.900000 9.670000 9.830000 7.830000e+04
736427 9.700000 9.760000 9.400000 9.520000 1.574000e+05
736428 9.640000 9.750000 9.400000 9.530000 1.322000e+05
736431 9.420000 9.660000 9.320000 9.400000 1.771000e+05
736432 9.430000 9.700000 9.310000 9.560000 8.320000e+04
736433 9.470000 9.940000 9.470000 9.900000 1.009000e+05
736434 9.910000 9.910000 9.590000 9.670000 8.600000e+04
736435 9.620000 10.240000 9.620000 9.990000 1.176000e+05
736438 9.840000 9.860000 9.510000 9.560000 7.260000e+04
736439 9.630000 9.800000 9.610000 9.700000 1.156000e+05
736440 9.650000 9.830000 9.630000 9.700000 7.730000e+04
736441 9.600000 9.640000 9.270000 9.390000 1.031000e+05
736442 9.420000 9.680000 9.330000 9.580000 9.420000e+04
736445 9.560000 9.650000 9.290000 9.400000 5.480000e+04
736446 9.520000 9.760000 9.390000 9.700000 5.640000e+04
736447 9.700000 9.920000 9.610000 9.870000 6.280000e+04
736448 9.780000 10.000000 9.730000 9.800000 6.160000e+04
736449 9.730000 9.740000 9.440000 9.540000 6.120000e+04
736452 9.690000 9.780000 9.450000 9.490000 1.154000e+05
736453 9.430000 9.510000 9.290000 9.420000 1.373000e+05
736454 9.800000 10.050000 8.920000 9.040000 2.280000e+05
736455 9.080000 9.080000 8.190000 8.560000 2.908000e+05
736456 8.560000 8.870000 8.480000 8.730000 2.568000e+05
736459 8.700000 8.800000 8.480000 8.630000 1.195000e+05
736460 8.570000 8.860000 8.520000 8.670000 1.139000e+05
736461 8.600000 8.680000 8.420000 8.470000 8.260000e+04
736462 8.470000 8.590000 8.260000 8.520000 1.195000e+05
736463 8.440000 8.520000 8.310000 8.350000 9.750000e+04
736466 8.350000 8.500000 8.310000 8.380000 9.100000e+04
736467 8.380000 8.450000 8.100000 8.170000 1.625000e+05
736468 8.130000 8.370000 8.110000 8.250000 6.430000e+04
736469 8.200000 8.280000 8.050000 8.150000 9.280000e+04
736470 8.160000 8.420000 8.160000 8.230000 4.140000e+04
736473 8.150000 8.410000 8.070000 8.260000 5.260000e+04
736474 8.350000 8.440000 8.210000 8.290000 8.070000e+04
736475 8.210000 8.300000 7.630000 7.710000 1.221000e+05
736476 7.750000 7.920000 7.700000 7.850000 6.210000e+04
736477 7.830000 7.880000 7.720000 7.760000 5.210000e+04
736481 7.810000 7.830000 7.720000 7.770000 6.570000e+04
736482 7.720000 7.860000 7.570000 7.780000 1.104000e+05
736483 7.700000 7.890000 7.500000 7.840000 9.430000e+04
736484 7.830000 7.880000 7.690000 7.820000 8.750000e+04
736487 7.810000 8.150000 7.810000 8.020000 4.550000e+04
736488 7.980000 8.060000 7.800000 7.850000 6.070000e+04
736489 7.900000 7.980000 7.790000 7.950000 8.410000e+04
736490 7.880000 7.930000 7.790000 7.860000 7.110000e+04
736491 7.740000 7.880000 7.730000 7.830000 4.810000e+04
736494 7.760000 7.910000 7.750000 7.770000 6.460000e+04
736495 7.740000 7.860000 7.670000 7.740000 3.960000e+04
736496 7.790000 7.950000 7.730000 7.780000 4.550000e+04
736497 7.760000 7.760000 7.550000 7.680000 3.990000e+04
736498 7.690000 7.830000 7.650000 7.750000 1.205000e+05
736501 7.850000 7.960000 7.730000 7.740000 9.690000e+04
736502 7.740000 7.780000 7.510000 7.550000 4.730000e+04
736503 7.610000 7.660000 7.390000 7.420000 3.550000e+04
736504 7.540000 7.650000 7.470000 7.490000 4.580000e+04
736505 7.240000 7.340000 7.120000 7.220000 2.548000e+05
736508 7.160000 7.170000 6.890000 6.920000 1.103000e+05
736509 6.940000 7.110000 6.840000 6.930000 7.090000e+04
736510 7.040000 7.200000 6.950000 7.140000 5.050000e+04
736511 7.160000 7.300000 7.040000 7.240000 8.720000e+04
736512 7.210000 7.350000 7.190000 7.320000 6.100000e+04
736516 7.270000 7.330000 7.190000 7.250000 6.120000e+04
736517 7.200000 7.300000 7.110000 7.160000 6.740000e+04
736518 7.190000 7.370000 7.180000 7.240000 5.620000e+04
736519 7.300000 7.550000 7.280000 7.510000 6.930000e+04
736522 7.520000 7.650000 7.470000 7.560000 9.450000e+04
736523 7.510000 7.610000 7.270000 7.420000 7.370000e+04
736524 7.440000 7.530000 7.390000 7.430000 4.390000e+04
736525 7.470000 7.590000 7.340000 7.370000 4.650000e+04
736526 7.420000 7.420000 7.300000 7.370000 3.120000e+04
736529 7.320000 7.400000 7.270000 7.270000 2.600000e+04
736530 7.280000 7.290000 7.170000 7.200000 1.990000e+04
736531 7.200000 7.390000 7.110000 7.380000 4.550000e+04
736532 7.340000 7.460000 7.320000 7.420000 3.190000e+04
736533 7.370000 7.400000 7.170000 7.250000 2.730000e+04
736536 7.240000 7.300000 6.890000 6.930000 3.920000e+04
736537 6.930000 7.350000 6.930000 7.280000 4.910000e+04
736538 7.270000 7.340000 6.980000 7.030000 5.520000e+04
736539 7.050000 7.090000 6.940000 7.070000 7.660000e+04
736540 7.050000 7.190000 6.980000 7.130000 9.750000e+04
736543 7.100000 7.760000 7.070000 7.740000 9.990000e+04
736544 7.730000 7.860000 7.460000 7.800000 1.469000e+05
736545 7.800000 7.840000 6.650000 7.490000 3.014000e+05
736546 7.500000 7.500000 7.260000 7.420000 7.020000e+04
736547 7.390000 7.640000 7.390000 7.580000 3.340000e+04
736550 7.600000 7.720000 7.540000 7.630000 3.230000e+04
736551 7.600000 7.630000 7.490000 7.620000 2.900000e+04
736552 7.600000 7.630000 7.510000 7.510000 4.490000e+04
736553 7.510000 7.660000 7.490000 7.610000 3.850000e+04
736554 7.580000 7.640000 7.410000 7.530000 3.000000e+04
736557 7.530000 7.850000 7.510000 7.840000 7.670000e+04
736558 7.820000 7.820000 7.540000 7.540000 7.560000e+04
736559 7.520000 7.750000 7.460000 7.730000 6.300000e+04
736560 7.650000 7.820000 7.650000 7.810000 3.980000e+04
736561 7.770000 8.330000 7.770000 8.110000 1.201000e+05
736564 8.100000 8.140000 7.890000 7.960000 5.450000e+04
736565 7.950000 8.050000 7.740000 7.810000 4.410000e+04
736566 7.820000 7.820000 7.630000 7.720000 5.550000e+04
736567 7.710000 7.810000 7.600000 7.650000 9.160000e+04
736568 7.550000 7.660000 7.360000 7.420000 5.760000e+04
736571 7.400000 7.400000 7.230000 7.350000 4.100000e+04
736572 7.440000 7.440000 7.330000 7.420000 2.830000e+04
736573 7.300000 7.400000 7.060000 7.250000 1.102000e+05
736574 7.230000 7.350000 7.150000 7.340000 6.930000e+04
736575 7.360000 7.400000 7.230000 7.290000 3.380000e+04
736579 7.290000 7.400000 7.290000 7.360000 4.480000e+04
736580 7.370000 7.410000 7.310000 7.360000 4.160000e+04
736581 7.320000 7.370000 7.290000 7.320000 5.800000e+04
736582 7.180000 7.260000 7.130000 7.140000 6.800000e+04
736585 7.120000 7.330000 5.380000 7.070000 1.778600e+06
736586 6.980000 7.150000 6.910000 7.130000 1.529000e+05
736587 7.090000 7.200000 6.920000 7.040000 6.650000e+04
736588 7.010000 7.100000 7.000000 7.070000 4.730000e+04
736589 7.070000 7.070000 6.800000 6.970000 1.193000e+05
736592 6.970000 7.060000 6.810000 7.030000 1.564000e+05
736593 7.040000 7.050000 6.870000 6.880000 8.090000e+04
736594 6.900000 6.930000 6.770000 6.820000 3.950000e+04
736595 6.810000 7.040000 6.810000 7.000000 6.170000e+04
736596 6.990000 6.990000 6.790000 6.820000 2.430000e+04
736599 6.900000 6.900000 6.510000 6.530000 1.136000e+05
736600 6.500000 6.770000 6.500000 6.760000 8.250000e+04
736601 6.730000 6.880000 6.730000 6.850000 5.340000e+04
736602 6.820000 6.870000 6.690000 6.690000 3.380000e+04
736603 6.700000 6.900000 6.700000 6.870000 7.460000e+04
736606 6.740000 6.860000 6.740000 6.770000 3.560000e+04
736607 6.750000 6.890000 6.690000 6.730000 2.090000e+04
736608 6.720000 6.930000 6.720000 6.930000 4.360000e+04
736609 6.900000 6.920000 6.780000 6.810000 2.410000e+04
736610 6.860000 6.860000 6.740000 6.760000 2.770000e+04
736613 6.750000 6.840000 6.750000 6.780000 2.650000e+04
736614 6.780000 6.810000 6.730000 6.750000 2.130000e+04
736615 6.740000 6.850000 6.720000 6.740000 2.510000e+04
736616 6.720000 6.790000 6.630000 6.670000 6.590000e+04
736617 6.680000 6.770000 6.540000 6.650000 3.160000e+04
736620 6.630000 6.670000 6.560000 6.600000 3.830000e+04
736621 6.670000 6.890000 6.660000 6.760000 4.410000e+04
736622 6.770000 6.900000 6.680000 6.790000 2.700000e+04
736623 6.710000 7.080000 6.710000 7.040000 7.060000e+04
736624 6.950000 7.000000 6.840000 6.850000 3.390000e+04
736627 6.820000 6.950000 6.800000 6.810000 4.030000e+04
736628 6.810000 6.870000 6.800000 6.850000 3.200000e+04
736629 6.760000 7.000000 6.760000 6.930000 3.170000e+04
736630 6.930000 6.950000 6.760000 6.790000 3.490000e+04
736631 6.820000 6.900000 6.760000 6.760000 4.110000e+04
736634 6.770000 6.820000 6.760000 6.760000 4.460000e+04
736635 6.790000 6.860000 6.760000 6.780000 4.020000e+04
736636 6.750000 6.780000 6.580000 6.600000 4.050000e+04
736637 6.630000 6.680000 6.390000 6.450000 3.380000e+04
736638 6.450000 6.560000 6.340000 6.350000 3.510000e+04
736641 6.480000 7.130000 6.450000 7.020000 1.745000e+05
736642 7.000000 7.330000 6.910000 7.240000 1.075000e+05
736643 7.520000 8.490000 7.500000 8.460000 2.636000e+05
736644 8.460000 9.080000 8.400000 8.820000 5.266000e+05
736645 8.830000 9.020000 8.690000 9.020000 1.418000e+05
736648 9.070000 9.200000 8.970000 9.150000 1.210000e+05
736649 9.270000 9.500000 9.250000 9.340000 1.159000e+05
736650 9.250000 9.500000 9.250000 9.480000 8.820000e+04
736651 9.430000 9.710000 9.300000 9.520000 1.387000e+05
736652 9.480000 9.950000 9.450000 9.800000 1.207000e+05
736655 9.870000 9.900000 9.770000 9.890000 1.149000e+05
736656 9.840000 10.290000 9.530000 10.260000 1.899000e+05
736657 10.270000 10.630000 10.110000 10.620000 1.546000e+05
736659 10.550000 10.800000 10.550000 10.790000 4.750000e+04
736662 10.790000 10.790000 10.400000 10.500000 4.169000e+05
736663 10.560000 10.650000 10.320000 10.350000 2.468000e+05
736664 10.450000 10.450000 10.140000 10.160000 1.195000e+05
736665 10.140000 10.370000 10.140000 10.360000 9.010000e+04
736666 10.300000 10.390000 10.260000 10.300000 6.240000e+04
736669 10.350000 10.510000 10.350000 10.450000 3.139000e+05
736670 10.440000 10.860000 10.400000 10.560000 1.461000e+05
736671 10.520000 10.580000 10.470000 10.500000 2.722000e+05
736672 10.400000 10.520000 10.400000 10.480000 3.278000e+05
736673 10.530000 10.600000 10.430000 10.470000 1.509000e+05
736676 10.480000 10.530000 10.390000 10.500000 1.028000e+05
736677 10.500000 10.510000 10.290000 10.340000 2.353000e+05
736678 10.340000 10.390000 10.250000 10.270000 5.510000e+04
736679 10.310000 10.500000 10.130000 10.370000 8.070000e+04
736680 10.430000 10.500000 10.350000 10.350000 1.971000e+05
736683 10.430000 10.550000 10.380000 10.480000 1.033000e+05
736684 10.500000 10.500000 10.430000 10.450000 1.202400e+06
736685 10.480000 10.480000 10.350000 10.360000 2.167000e+05
736686 10.370000 10.380000 10.210000 10.300000 1.230000e+05
736687 10.320000 10.350000 10.160000 10.200000 6.820000e+04
736691 10.200000 10.500000 10.190000 10.500000 2.246000e+05
736692 10.500000 10.500000 10.340000 10.390000 7.300000e+04
736693 10.410000 10.500000 10.280000 10.380000 6.200000e+04
736694 10.360000 10.360000 10.080000 10.130000 5.470000e+04
736698 10.150000 10.340000 10.070000 10.280000 1.419000e+05
736699 10.340000 10.500000 10.330000 10.420000 2.298000e+05
736700 10.430000 10.430000 10.180000 10.260000 5.590000e+04
736701 10.260000 10.420000 10.140000 10.360000 1.038000e+05
736704 10.370000 10.460000 10.230000 10.410000 1.026000e+05
736705 10.410000 10.530000 10.310000 10.380000 7.870000e+04
736706 10.340000 10.390000 10.230000 10.390000 3.910000e+04
736707 10.380000 10.380000 10.150000 10.200000 6.370000e+04
736708 10.230000 10.290000 10.180000 10.220000 5.110000e+04
736712 10.240000 10.320000 10.150000 10.250000 7.270000e+04
736713 10.220000 11.580000 10.220000 11.460000 1.243200e+06
736714 11.480000 11.560000 11.240000 11.400000 1.955000e+05
736715 11.350000 11.560000 11.160000 11.490000 1.896000e+05
736718 11.510000 11.520000 11.250000 11.270000 7.970000e+04
736719 11.240000 11.360000 11.110000 11.160000 7.500000e+04
736720 11.160000 11.350000 11.000000 11.110000 7.440000e+04
736721 11.230000 11.310000 11.010000 11.040000 5.920000e+04
736722 11.030000 11.030000 10.620000 10.710000 1.075000e+05
736725 10.610000 10.610000 10.360000 10.490000 9.200000e+04
736726 10.480000 10.660000 10.240000 10.640000 9.360000e+04
736727 10.530000 10.670000 10.430000 10.530000 4.790000e+04
736728 10.520000 10.580000 10.360000 10.510000 5.720000e+04
736729 10.610000 10.640000 10.400000 10.600000 5.020000e+04
736732 10.480000 10.590000 10.270000 10.320000 1.159000e+05
736733 10.370000 10.470000 10.320000 10.360000 3.700000e+04
736734 10.280000 10.280000 10.070000 10.100000 4.810000e+04
736735 10.090000 10.290000 10.020000 10.270000 4.450000e+04
736736 10.320000 10.450000 10.180000 10.310000 3.150000e+04
736739 10.390000 10.410000 10.190000 10.230000 4.250000e+04
736740 10.150000 10.150000 9.930000 10.010000 5.510000e+04
736741 9.980000 10.140000 9.930000 10.050000 4.020000e+04
736742 10.030000 10.030000 9.750000 9.910000 7.170000e+04
736743 9.930000 9.950000 9.790000 9.930000 4.790000e+04
736747 10.000000 10.000000 9.730000 9.820000 6.160000e+04
736748 9.640000 9.880000 9.640000 9.840000 3.050000e+04
736749 9.820000 9.870000 9.700000 9.760000 7.570000e+04
736750 9.670000 9.710000 9.260000 9.400000 1.655000e+05
736753 9.340000 9.550000 9.340000 9.460000 6.690000e+04
736754 9.560000 9.560000 9.130000 9.330000 6.260000e+04
736755 9.430000 9.490000 9.320000 9.360000 5.230000e+04
736756 9.390000 9.420000 9.250000 9.280000 5.190000e+04
736757 9.340000 9.470000 9.240000 9.400000 8.560000e+04
736760 9.330000 9.500000 9.210000 9.400000 7.630000e+04
736761 9.360000 9.470000 9.290000 9.310000 8.470000e+04
736762 8.850000 9.170000 8.260000 9.000000 1.814000e+05
736763 9.000000 9.460000 8.980000 9.390000 8.970000e+04
736764 9.560000 9.840000 9.470000 9.650000 7.730000e+04
