736034 13.108886 13.108886 12.936401 12.954557 3.268143e+03
736035 12.945478 12.963635 12.809306 12.927322 9.259739e+03
736036 12.936400 12.936400 12.845619 12.863775 4.357524e+03
736039 12.854696 12.936400 12.854696 12.936400 3.086580e+03
736040 12.881932 12.881932 12.772993 12.800228 2.723453e+03
736041 12.872853 13.081651 12.863775 13.081651 1.933651e+04
736042 13.081651 13.081651 12.981791 12.981791 1.724853e+03
736043 13.027182 13.154276 12.936400 13.145198 6.445505e+03
736046 13.190589 13.235980 13.163355 13.172433 3.540489e+03
736047 13.254136 13.254136 13.154276 13.154276 5.265342e+03
736048 13.199667 13.217823 13.099807 13.154276 2.723453e+03
736049 13.181510 13.181510 13.163354 13.163354 9.985993e+02
736050 13.172432 13.181510 13.054416 13.054416 2.632671e+03
736053 13.099807 13.127042 12.981791 12.981791 1.906417e+03
736054 13.027181 13.217823 12.936400 13.163354 4.085179e+03
736055 13.145198 13.217823 12.963635 13.090729 4.357524e+03
736056 13.054416 13.108885 12.936400 13.045338 1.997199e+03
736060 13.145198 13.145198 13.036260 13.081651 4.539088e+03
736061 13.190589 13.190589 12.981791 13.136120 8.987394e+03
736062 13.145198 13.181511 13.099807 13.181511 2.269544e+03
736063 13.190589 13.190589 13.127041 13.154276 1.561446e+04
736064 13.117963 13.190589 13.117963 13.145198 9.078175e+02
736067 13.197184 13.197184 13.105980 13.105980 1.824075e+03
736068 13.133342 13.288388 13.087740 13.115101 9.667599e+03
736069 13.087740 13.197185 13.005657 13.005657 9.576395e+03
736070 13.033018 13.188065 13.033018 13.124222 7.296301e+02
736071 13.233665 13.233665 13.023897 13.105980 2.736113e+03
736074 13.069500 13.224546 13.069500 13.124222 1.550464e+03
736075 13.087740 13.224546 13.087740 13.160703 1.368056e+03
736076 13.115100 13.224545 13.115100 13.133341 2.827316e+03
736077 13.178944 13.178944 13.087740 13.087740 1.550464e+03
736078 13.151582 13.178943 13.105980 13.105980 3.465743e+03
736081 13.096860 13.160702 13.023897 13.033017 5.289818e+03
736082 13.060378 13.124221 13.042137 13.060378 8.481949e+03
736083 13.033018 13.069500 12.932694 13.005657 1.851436e+04
736084 13.014777 13.169823 12.950934 12.969175 4.286577e+03
736085 13.005656 13.005656 12.877971 12.905332 3.374539e+03
736088 12.932693 13.060378 12.887091 12.914452 6.840282e+03
736089 12.896212 12.969175 12.768527 12.768527 7.296301e+03
736090 12.814129 12.814129 12.649962 12.695564 1.878798e+04
736091 12.686443 12.960054 12.586119 12.640841 1.240371e+04
736092 12.695563 12.732045 12.695563 12.732045 2.371298e+03
736095 12.732045 12.750286 12.622600 12.732045 8.573154e+03
736096 12.713803 12.777646 12.631720 12.750285 1.249491e+04
736097 12.765865 12.866672 12.646729 12.683386 1.365480e+04
736098 12.747536 12.830015 12.710879 12.830015 4.490505e+03
736099 12.793358 12.903330 12.793358 12.885001 2.107788e+03
736102 12.949150 12.949150 12.811686 12.811686 8.247867e+02
736103 12.765864 12.830015 12.582579 12.628400 1.337987e+04
736104 12.710880 12.710880 12.655894 12.692551 1.374645e+03
736105 12.729208 12.747537 12.610072 12.692551 3.299147e+03
736106 12.720043 12.784193 12.692550 12.784193 4.032290e+03
736110 12.830015 12.848343 12.830015 12.839179 1.466287e+03
736111 12.921658 12.921658 12.912494 12.912494 1.099716e+03
736112 12.958315 12.958315 12.848344 12.949151 4.948720e+03
736113 12.939987 12.985808 12.903330 12.976644 4.307219e+03
736116 12.994972 13.022465 12.939986 13.022465 3.207504e+03
736117 13.013301 13.013301 12.912494 12.985808 2.932575e+03
736118 12.985808 12.985808 12.802522 12.811686 3.299147e+03
736119 12.912494 12.967480 12.793358 12.793358 5.132006e+03
736120 12.775029 12.839179 12.775029 12.811686 3.757361e+03
736123 12.811687 12.875837 12.701715 12.756701 5.132006e+03
736124 12.765866 12.775030 12.481772 12.500101 2.098624e+04
736125 12.646729 12.646729 12.509265 12.573415 4.673791e+03
736126 12.635117 12.791675 12.533815 12.561443 2.283899e+04
736127 12.644326 12.791674 12.616698 12.616698 9.301361e+03
736130 12.607489 12.782465 12.607489 12.671954 1.565576e+03
736131 12.699582 12.800884 12.699582 12.745628 2.210225e+03
736132 12.791674 12.856139 12.773256 12.856139 1.565576e+03
736133 12.911395 12.911395 12.745628 12.810093 2.394410e+03
736134 12.837720 12.966650 12.800883 12.966650 2.210224e+03
736137 12.892976 12.892976 12.708791 12.708791 2.486503e+03
736138 12.718000 12.782465 12.644326 12.764046 2.670688e+03
736139 12.736419 12.764047 12.598280 12.736419 2.486503e+03
736140 12.708791 12.791675 12.708791 12.773256 4.880913e+03
736141 12.727209 12.791674 12.718000 12.782465 2.762781e+03
736144 12.782465 12.782465 12.635117 12.708791 3.499522e+03
736145 12.727209 12.745628 12.653535 12.745628 3.315337e+03
736146 12.773256 12.800884 12.681164 12.791675 6.078118e+03
736147 12.800883 12.800883 12.708791 12.754837 2.210224e+03
736151 12.791674 12.948232 12.791674 12.948232 1.114322e+04
736152 13.003487 13.123208 12.920604 13.095580 1.694505e+04
736153 13.113999 13.113999 12.902185 12.920604 3.039059e+03
736154 12.911395 13.067952 12.856139 12.920604 3.591615e+03
736155 12.920604 13.058743 12.902185 12.994278 4.052078e+03
736158 13.005377 13.116376 12.820379 12.894378 5.827445e+03
736159 12.811130 12.986878 12.792630 12.801880 4.347459e+03
736160 12.829629 12.857379 12.727880 12.746380 3.607466e+03
736161 12.783380 12.866629 12.663131 12.866629 4.717456e+03
736162 12.931379 12.931379 12.727881 12.737131 2.219979e+03
736165 12.755630 12.801880 12.672381 12.672381 4.809955e+03
736166 12.690881 12.820379 12.626131 12.755630 1.165489e+04
736167 12.801880 12.922129 12.801880 12.922129 1.849983e+03
736168 12.931378 12.940628 12.774130 12.875879 1.415237e+04
736169 12.931378 12.940628 12.848129 12.931378 2.959972e+03
736172 12.903629 12.940629 12.903629 12.903629 1.109990e+03
736173 12.848130 12.940629 12.764881 12.848130 2.589976e+03
736174 12.912879 13.033128 12.894379 13.033128 1.544736e+04
736175 13.097877 13.116377 12.894379 12.986878 1.156239e+04
736176 12.857379 13.014628 12.848129 12.866629 1.572485e+04
736179 12.903629 13.042378 12.774131 13.042378 9.897407e+03
736180 13.033128 13.079377 12.885129 12.885129 2.219979e+03
736181 12.940629 13.070127 12.894379 12.903629 1.109990e+03
736182 12.949878 12.949878 12.922128 12.949878 9.249913e+02
736183 12.949878 12.949878 12.829629 12.829629 7.399930e+02
736186 12.894379 12.949878 12.829629 12.866629 2.312478e+03
736187 12.931379 12.931379 12.912879 12.912879 2.312478e+03
736188 12.989067 12.998358 12.924028 12.961193 3.902295e+03
736189 13.007649 13.007649 12.942611 12.942611 1.022030e+03
736190 13.007649 13.007649 12.924029 12.933320 1.765324e+03
736193 12.924029 13.026232 12.914738 12.933320 3.251912e+03
736194 13.007648 13.026231 12.979775 12.989066 7.432942e+02
736195 13.119144 13.119144 12.989067 13.016941 2.229883e+03
736196 12.914738 12.961193 12.886864 12.886864 5.574707e+02
736197 12.858990 12.858990 12.803243 12.858990 3.716471e+03
736200 12.858990 12.886864 12.589546 12.589546 6.875472e+03
736201 12.598837 12.728914 12.598837 12.682458 2.044059e+03
736202 12.728914 12.951903 12.682458 12.710332 2.508618e+03
736203 12.663876 12.793952 12.598838 12.617420 5.203060e+03
736204 12.728914 12.747496 12.728914 12.738205 1.579500e+03
736207 12.719623 12.803243 12.673167 12.691749 3.530648e+03
736208 12.756787 12.951902 12.728914 12.858990 3.159000e+03
736209 12.877573 12.970485 12.840408 12.933320 1.951147e+03
736210 12.877573 12.942611 12.747496 12.784661 2.694442e+03
736211 12.858990 12.858990 12.803243 12.849699 1.486588e+03
736215 12.766079 12.905446 12.710332 12.840408 2.880265e+03
736216 12.877573 12.877573 12.831117 12.831117 1.486589e+03
736217 12.877573 12.877573 12.663876 12.663876 5.203060e+03
736218 12.684409 12.759078 12.684409 12.759078 1.120036e+03
736221 12.815081 12.899083 12.740412 12.805747 8.493608e+03
736222 12.889749 12.908416 12.759078 12.759078 5.413508e+03
736223 12.712410 12.852415 12.712410 12.852415 1.493382e+03
736224 12.777746 12.777746 12.647075 12.768412 7.093562e+03
736225 12.740410 12.759078 12.703076 12.749744 3.546781e+03
736228 12.796413 12.796413 12.712410 12.740411 4.386808e+03
736229 12.740411 13.001753 12.712410 13.001753 7.933589e+03
736230 13.011087 13.020420 12.945751 12.955085 6.533544e+03
736231 12.889749 12.945751 12.889749 12.908416 1.400045e+03
736232 12.880415 12.889749 12.880415 12.889749 5.600181e+02
736235 12.917749 13.029753 12.880415 12.899082 4.480144e+03
736236 12.843081 12.936417 12.843081 12.871082 4.760154e+03
736237 12.852414 12.983085 12.852414 12.983085 9.333634e+02
736238 12.945750 13.029753 12.852414 12.899082 1.680054e+03
736239 12.983085 13.020420 12.983085 13.020420 4.666817e+02
736242 12.945751 13.039087 12.880415 13.039087 1.120036e+03
736243 13.039087 13.067088 12.945751 12.945751 2.613418e+03
736244 12.908416 13.057755 12.908416 12.917750 6.533544e+02
736245 13.048421 13.048421 12.815080 12.927084 1.530716e+04
736246 12.927084 12.927084 12.927084 12.927084 1.866727e+02
736249 12.936418 12.936418 12.927084 12.927084 3.360108e+03
736250 12.947710 13.116471 12.947710 13.116471 9.750629e+03
736251 13.050842 13.050842 13.050842 13.050842 2.812681e+02
736252 12.994589 13.050842 12.966462 12.966462 1.218829e+03
736253 13.003964 13.116472 13.003964 13.060218 2.437657e+03
736256 13.069593 13.069593 13.069593 13.069593 1.875121e+02
736257 13.041466 13.060218 12.994588 13.003964 3.750242e+03
736258 13.060218 13.088344 13.003964 13.003964 1.406341e+03
736259 13.003963 13.107095 13.003963 13.107095 2.343901e+03
736260 13.107096 13.125847 13.041467 13.088345 8.813069e+03
736263 13.088345 13.097721 13.078969 13.088345 1.500097e+03
736264 13.125847 13.125847 13.107095 13.116471 2.718925e+03
736265 13.144598 13.163349 13.088344 13.116471 1.781365e+03
736266 13.078969 13.144598 13.078969 13.116471 1.875121e+03
736267 13.078968 13.182100 13.078968 13.107095 4.031510e+03
736270 13.135222 13.210227 13.135222 13.163349 1.303209e+04
736271 13.294607 13.294607 13.163349 13.163349 3.000194e+03
736272 13.163350 13.191477 13.135223 13.144599 4.031510e+03
736273 13.210227 13.294608 13.144598 13.238354 7.031704e+03
736274 13.172725 13.238354 13.125847 13.219603 6.937948e+03
736277 13.210227 13.210227 13.125847 13.125847 3.656486e+03
736278 13.182101 13.182101 13.125847 13.153974 7.500484e+02
736279 13.125847 13.172725 13.125847 13.172725 8.438044e+02
736280 13.212277 13.240528 13.212277 13.240528 5.650296e+02
736281 13.193442 13.249945 13.127522 13.249945 2.260119e+03
736284 13.259362 13.259362 13.174608 13.174608 2.825148e+03
736285 13.127522 13.240528 13.118105 13.118105 4.991095e+03
736286 13.165191 13.344117 13.155774 13.344117 7.157042e+03
736287 13.381785 13.381785 13.381785 13.381785 4.708580e+02
736288 13.334700 13.391202 13.334700 13.362951 4.143551e+03
736291 13.381785 13.400619 13.381785 13.400619 8.475444e+02
736292 13.400620 13.419455 13.315866 13.315866 5.179439e+03
736293 13.372368 13.419454 13.287614 13.410037 4.426066e+03
736295 13.325283 13.410037 13.325283 13.391203 1.412574e+03
736298 13.315865 13.400619 13.315865 13.400619 4.708580e+02
736299 13.419454 13.532460 13.410037 13.419454 5.556125e+03
736300 13.485374 13.485374 13.353534 13.353534 2.071775e+03
736301 13.353534 13.532460 13.353534 13.428871 7.816243e+03
736302 13.457123 13.532461 13.438289 13.438289 8.475445e+02
736305 13.504209 13.504209 13.504209 13.504209 2.825148e+02
736306 13.428871 13.532459 13.428871 13.447705 8.475444e+02
736307 13.372368 13.466540 13.353534 13.466540 1.035888e+03
736308 13.591388 13.610304 13.506264 13.506264 8.134025e+03
736309 13.496806 13.581929 13.496806 13.515722 6.620718e+02
736312 13.506264 13.506264 13.430598 13.468431 8.512351e+02
736313 13.430599 13.430599 13.222519 13.430599 1.324144e+03
736314 13.354934 13.421141 13.288726 13.326559 4.067012e+03
736315 13.354933 13.676511 13.354933 13.676511 5.201992e+03
736316 13.525181 13.685970 13.525181 13.685970 3.877849e+03
736319 13.553556 13.685970 13.506265 13.685970 5.201993e+03
736320 13.685970 13.685970 13.619763 13.685970 3.310359e+03
736321 13.685970 13.685970 13.685970 13.685970 7.566535e+02
736322 13.685969 13.742718 13.685969 13.742718 3.783267e+02
736326 13.827842 13.875133 13.808926 13.827842 8.039443e+03
736327 13.856217 13.922424 13.714344 13.922424 5.201993e+03
736328 13.950798 14.054838 13.950798 14.045380 7.471953e+03
736329 13.969715 14.064296 13.969715 14.045380 1.513307e+03
736333 14.102129 14.102129 13.998089 13.998089 1.418725e+03
736334 14.111587 14.196710 14.111587 14.187252 5.674901e+02
736335 14.206169 14.612870 14.121045 14.319667 5.580319e+03
736336 14.357500 14.395333 14.300751 14.357500 3.877849e+03
736337 14.310208 14.404790 14.168335 14.366957 3.594104e+03
736340 14.310208 14.310208 14.054837 14.139961 3.026614e+03
736341 14.215627 14.262918 14.102129 14.244002 2.459124e+03
736342 14.255399 14.255399 14.008470 14.017967 3.134098e+03
736343 14.046459 14.312382 13.875508 13.989475 5.603388e+03
736344 13.998972 13.998972 13.904000 13.913497 3.608962e+03
736348 13.989475 14.017967 13.922995 14.008470 6.268197e+03
736349 14.008470 14.008470 13.742546 13.761541 5.508415e+03
736350 13.752044 13.866011 13.657071 13.733049 8.927432e+03
736351 13.714055 13.894503 13.714055 13.866011 3.134098e+03
736354 13.818524 13.818524 13.714054 13.714054 5.223497e+03
736355 13.752044 13.818525 13.752044 13.818525 3.608962e+03
736356 13.875508 13.913497 13.790033 13.913497 2.089399e+03
736357 13.960983 13.960983 13.885005 13.951486 1.614535e+03
736358 13.970481 13.979978 13.922994 13.951486 2.944153e+03
736361 13.989476 14.150929 13.979979 14.103443 1.234645e+04
736362 14.122437 14.359869 14.122437 14.359869 2.754208e+03
736363 14.407356 14.407356 14.065454 14.065454 1.994426e+04
736364 14.093946 14.198416 13.979979 14.103443 2.469290e+03
736365 14.141432 14.169923 14.122437 14.122437 2.374317e+03
736368 14.169924 14.350372 14.169924 14.179421 1.234645e+03
736369 14.207911 14.283890 14.160425 14.226906 2.849180e+03
736370 14.321880 14.321880 14.093945 14.122437 1.149169e+04
736371 14.219714 14.219714 14.114807 14.162492 2.861109e+03
736372 14.124344 14.124344 14.067122 14.067122 1.621295e+03
736376 14.162492 14.191103 13.990826 14.067122 4.005553e+03
736377 14.162492 14.162492 13.876381 13.885918 8.201847e+03
736378 13.885918 13.971751 13.866844 13.952677 8.297217e+03
736379 13.876382 13.962215 13.866845 13.962215 2.861110e+03
736382 13.962214 13.962214 13.924066 13.943140 2.098147e+03
736383 13.876381 14.009899 13.857307 13.943140 1.735740e+04
736384 13.943140 14.067121 13.943140 14.009899 7.724995e+03
736385 13.914529 14.095733 13.914529 14.076659 1.430555e+03
736386 14.105270 14.105270 14.057585 14.076659 1.239814e+03
736389 14.086196 14.095733 14.000363 14.095733 3.719442e+03
736390 14.048048 14.152955 14.048048 14.105270 3.528702e+03
736391 14.076659 14.143418 14.076659 14.143418 2.479628e+03
736392 14.076659 14.315085 14.076659 14.086196 3.147221e+03
736393 14.067122 14.296010 14.067122 14.191103 2.956480e+03
736396 14.257862 14.305547 14.143418 14.191103 6.675922e+03
736397 14.095733 14.334159 14.095733 14.172029 5.245367e+03
736398 14.162492 14.276936 14.095733 14.191103 7.248144e+03
736399 14.257863 14.257863 14.095733 14.095733 2.002777e+03
736400 14.097649 14.270038 14.097649 14.202998 6.895589e+03
736403 14.308347 14.308347 14.308347 14.308347 1.915441e+02
736404 14.250885 14.337080 14.183844 14.260462 3.064706e+03
736405 14.222153 14.270039 14.222153 14.222153 8.619487e+02
736406 14.289193 14.356233 14.289193 14.356233 7.661765e+02
736407 14.317924 14.317924 14.202998 14.202998 6.704045e+02
736410 14.116803 14.413696 14.116803 14.365810 1.283346e+04
736411 14.490314 14.490314 14.375388 14.490314 1.110956e+04
736412 14.461583 14.519046 14.346656 14.519046 1.043916e+04
736413 14.566931 14.566931 14.509468 14.509468 6.704045e+03
736417 14.404120 14.423274 14.365811 14.423274 2.777390e+03
736418 14.509468 14.509468 14.337078 14.365810 2.106985e+03
736419 14.509468 14.653126 14.365810 14.365810 1.053493e+04
736420 14.317925 14.547778 14.317925 14.337079 1.915441e+03
736421 14.384965 14.490314 14.384965 14.490314 6.512501e+03
736424 14.480737 14.519046 14.452005 14.480737 2.968934e+03
736425 14.586087 14.739322 14.566932 14.739322 1.790938e+04
736426 14.806361 14.835093 14.729744 14.835093 1.513199e+04
736427 14.882980 15.017060 14.882980 14.950020 5.171692e+03
736428 14.988329 14.988329 14.815939 14.988329 3.447795e+03
736431 15.007483 15.007483 14.988329 14.988329 5.746324e+02
736432 15.036215 15.036215 15.036215 15.036215 2.681618e+03
736433 15.066983 15.124674 15.047753 15.124674 8.172901e+03
736434 15.124674 15.182365 14.874679 15.182365 9.615177e+02
736435 15.172750 15.211211 14.951601 15.153520 3.076857e+03
736438 15.211211 15.316978 14.951602 15.191981 6.153714e+03
736439 15.249672 15.249672 15.028523 15.163135 1.028824e+04
736440 15.115059 15.143904 14.990062 15.066983 8.076749e+03
736441 15.105444 15.105444 14.961216 15.066983 1.173052e+04
736442 15.095829 15.095829 14.874680 14.999677 5.865258e+03
736445 14.999677 14.999677 14.999677 14.999677 0.000000e+00
736446 14.941985 14.941985 14.720836 14.768912 5.672954e+03
736447 14.874680 15.028522 14.788143 14.788143 2.980705e+03
736448 14.855449 14.865064 14.788143 14.788143 2.307643e+03
736449 14.788143 14.893910 14.788143 14.893910 1.634580e+03
736452 14.941985 14.941985 14.788143 14.865064 4.903740e+03
736453 14.845834 14.990061 14.845834 14.970831 9.903633e+03
736454 15.018907 15.018907 14.951601 15.018907 1.730732e+03
736455 15.028522 15.057368 14.884295 15.057368 2.057648e+04
736456 15.182366 15.182366 15.076599 15.076599 4.807589e+02
736459 15.105444 15.307363 15.095829 15.220826 3.557616e+03
736460 15.143905 15.240056 15.143905 15.220826 4.615285e+03
736461 15.172750 15.278517 15.105444 15.105444 3.076857e+03
736462 15.010842 15.242520 15.010842 15.155641 2.702917e+03
736463 15.059108 15.290787 15.059108 15.290787 2.027188e+03
736466 15.348706 15.387319 15.203907 15.281133 5.019703e+03
736467 15.203908 15.213561 15.203908 15.213561 2.895982e+02
736468 15.136334 15.145988 15.126681 15.126681 3.185581e+03
736469 15.049455 15.068761 14.914309 15.059108 6.950358e+03
736470 15.010842 15.145988 15.010842 15.126681 3.957843e+03
736473 15.145987 15.145987 14.837082 15.107374 1.641057e+03
736474 15.107374 15.261826 15.107374 15.107374 5.598899e+03
736475 15.059108 15.078414 14.827429 15.001188 6.467694e+03
736476 14.962575 15.281133 14.962575 15.059108 5.502366e+03
736477 15.184600 15.252173 15.039801 15.039801 4.537039e+03
736481 15.039801 15.261827 14.885349 14.885349 7.433021e+03
736482 14.837082 15.068761 14.837082 14.904655 1.254926e+04
736483 14.808124 15.136335 14.808124 15.136335 8.205284e+03
736484 15.261828 15.802412 15.097722 15.097722 5.502367e+03
736487 15.117028 15.532119 15.117028 15.261827 1.235619e+04
736488 15.377666 15.377666 15.136334 15.145987 2.895982e+03
736489 15.097721 15.541772 15.097721 15.155641 1.641057e+03
736490 15.136334 15.203907 15.136334 15.203907 4.247441e+03
736491 15.155641 15.261827 15.117028 15.126681 7.046890e+03
736494 15.183851 15.183851 15.135402 15.135402 6.782831e+02
736495 15.232299 15.232299 15.125712 15.125712 1.937952e+03
736496 15.251679 15.271059 15.096643 15.096643 1.841054e+03
736497 15.183851 15.329197 15.183851 15.290438 9.108372e+03
736498 15.367957 15.552061 15.280749 15.280749 8.817680e+03
736501 15.338888 15.387336 15.280749 15.280749 4.166596e+03
736502 15.251679 15.251679 15.212920 15.212920 1.744156e+03
736503 15.280748 15.280748 15.164471 15.164471 5.620060e+03
736504 15.212920 15.222610 15.116022 15.203230 4.166596e+03
736505 15.271058 15.532683 15.174161 15.445474 7.364216e+03
736508 15.503613 15.503613 15.329198 15.397026 7.751807e+02
736509 15.435784 15.522992 15.406715 15.513302 2.228644e+03
736510 15.542372 15.542372 15.513302 15.532682 1.356566e+03
736511 15.590820 15.600510 15.484233 15.522992 1.550361e+03
736512 15.581130 15.600510 15.581130 15.600510 5.813855e+02
736516 15.639268 15.678028 15.571440 15.668338 6.395240e+03
736517 15.668339 15.823375 15.668339 15.794305 1.414705e+04
736518 15.833064 15.833064 15.765236 15.765236 3.875903e+02
736519 15.823374 15.842754 15.823374 15.842754 2.713132e+03
736522 15.842754 15.842754 15.842754 15.842754 0.000000e+00
736523 15.881512 15.881512 15.600510 15.600510 5.910752e+03
736524 15.677342 15.677342 15.473108 15.599539 1.653318e+03
736525 15.550911 15.560637 15.366129 15.395305 2.236842e+03
736526 15.434205 15.725967 15.268874 15.667616 5.154461e+03
736529 15.716242 15.716242 15.453657 15.463382 1.030892e+04
736530 15.512009 15.512009 15.482833 15.482833 8.752858e+02
736531 15.434206 15.473108 15.336952 15.356403 6.905032e+03
736532 15.336953 15.473108 15.336953 15.443932 2.917619e+03
736533 15.405030 15.424481 15.346678 15.395305 1.750572e+03
736536 15.336953 15.443932 15.317502 15.366129 5.640731e+03
736537 15.327227 15.414756 15.327227 15.414756 7.780318e+02
736538 15.434207 15.502284 15.414756 15.492559 2.042334e+03
736539 15.550911 15.550911 15.463382 15.512009 4.376429e+03
736540 15.453657 15.512009 15.453657 15.463382 6.807778e+02
736543 15.492559 15.492559 15.414756 15.414756 6.807779e+02
736544 15.385579 15.453657 15.249424 15.307776 1.604691e+04
736545 15.424481 15.473108 15.259149 15.443932 6.613271e+03
736546 15.502285 15.502285 15.366129 15.366129 2.431350e+03
736547 15.375854 15.521735 15.327227 15.327227 1.264302e+03
736550 15.346677 15.463382 15.346677 15.463382 3.792905e+03
736551 15.385579 15.434206 15.336952 15.375854 1.594965e+04
736552 15.366129 15.375854 15.366129 15.375854 2.917619e+02
736553 15.384640 15.452973 15.384640 15.384640 8.785645e+02
736554 15.355355 15.413925 15.355355 15.384640 2.245220e+03
736557 15.384639 15.394401 15.345592 15.345592 9.761827e+02
736558 15.335831 15.433449 15.335831 15.374878 7.321370e+03
736559 15.404163 15.462734 15.374878 15.462734 1.073801e+03
736560 15.462734 15.501781 15.374877 15.501781 1.269037e+03
736561 15.472496 15.472496 15.413925 15.413925 1.073801e+03
736564 15.443210 15.452972 15.443210 15.452972 2.830930e+03
736565 15.472496 15.472496 15.384640 15.413925 2.830930e+03
736566 15.482258 15.482258 15.394402 15.394402 3.123785e+03
736567 15.413924 15.413924 15.326068 15.326068 3.514258e+03
736568 15.335830 15.355353 15.208926 15.208926 3.807112e+03
736571 15.296783 15.326068 15.199165 15.287021 2.518551e+04
736572 15.277259 15.306545 15.169879 15.169879 6.540424e+03
736573 15.169879 15.365115 15.169879 15.326068 1.727843e+04
736574 15.374877 15.374877 15.228450 15.277259 3.416639e+03
736575 15.247974 15.365116 15.189403 15.238212 2.245220e+03
736579 15.267497 15.404163 15.238212 15.277259 6.247569e+03
736580 15.404162 15.404162 15.257735 15.365115 5.954714e+03
736581 15.433449 15.433449 15.316307 15.423687 6.345188e+03
736582 15.423687 15.423687 15.326069 15.374878 7.809462e+03
736585 15.482258 15.482258 15.169879 15.247974 1.044516e+04
736586 15.198000 15.207799 15.080414 15.188201 3.919536e+03
736587 15.070615 15.286190 15.070615 15.207799 4.017524e+03
736588 15.188201 15.364580 15.188201 15.364580 3.821547e+03
736589 15.237195 15.393977 15.237195 15.315586 2.155745e+03
736592 15.276391 15.276391 15.198000 15.198000 1.273849e+03
736593 15.256793 15.305787 15.188201 15.305787 4.213501e+03
736594 15.256792 15.393976 15.207798 15.335183 1.224855e+04
736595 15.393976 15.491965 15.276390 15.403775 2.743675e+03
736596 15.511562 15.668343 15.511562 15.629148 1.763791e+04
736599 15.668344 15.668344 15.433172 15.433172 4.899420e+02
736600 15.540958 15.668343 15.540958 15.668343 4.899419e+03
736601 15.658545 15.658545 15.335183 15.335183 2.998445e+04
736602 15.531160 15.531160 15.335183 15.335183 3.037640e+03
736603 15.393977 15.393977 15.364580 15.364580 5.879304e+02
736606 15.344982 15.344982 15.217597 15.246994 1.763791e+03
736607 15.423372 15.491964 15.217597 15.384177 2.547698e+03
736608 15.462568 15.501764 15.266592 15.305787 3.527582e+03
736609 15.433171 15.433171 15.237194 15.384177 2.057756e+03
736610 15.433172 15.433172 15.344982 15.344982 1.861779e+03
736613 15.295988 15.433172 15.286189 15.286189 6.859187e+02
736614 15.198000 15.207799 14.894236 14.943230 1.322843e+04
736615 14.893062 15.030778 14.834040 14.961920 6.295614e+03
736616 15.011105 15.011105 14.706161 14.725835 4.033128e+03
736617 14.597955 14.745508 14.558607 14.745508 2.951069e+03
736620 14.607791 14.814366 14.450401 14.617628 6.885827e+03
736621 14.686487 14.902899 14.470075 14.775019 6.197245e+03
736622 14.883224 14.991430 14.834040 14.834040 3.049438e+03
736623 14.873387 15.011104 14.873387 14.981593 9.246682e+03
736624 14.893062 15.089800 14.893062 15.050452 2.459224e+03
736627 15.060289 15.060289 15.050452 15.050452 4.918448e+02
736628 15.070126 15.070126 14.863551 14.952083 2.164117e+03
736629 15.060288 15.060288 14.902898 14.981593 2.459224e+03
736630 14.991430 15.089799 14.794692 14.932409 4.918448e+03
736631 14.932409 15.020941 14.932409 14.961920 4.229866e+03
736634 15.020941 15.020941 14.834040 14.912735 2.360855e+03
736635 14.981594 14.981594 14.932409 14.952083 7.869517e+02
736636 14.922572 14.922572 14.922572 14.922572 2.951069e+02
736637 14.961920 14.961920 14.853714 14.961920 5.508662e+03
736638 14.863551 14.863551 14.853714 14.853714 1.180428e+03
736641 15.040615 15.040615 14.902898 15.040615 3.049438e+03
736642 15.040615 15.040615 14.814366 15.030778 8.853207e+02
736643 14.981594 15.040615 14.814367 14.893062 1.150917e+04
736644 14.615563 14.615563 14.447682 14.447682 3.456383e+03
736645 14.566185 14.566185 14.220547 14.556310 3.851398e+03
736648 14.457557 14.477308 13.746529 14.072417 4.641429e+03
736649 13.993414 14.269924 13.973663 14.102043 3.851398e+03
736650 14.042791 14.131670 14.023041 14.032916 3.752645e+03
736651 14.023040 14.042791 13.835408 13.835408 5.727721e+03
736652 13.855159 14.032916 13.855159 14.003290 1.540559e+04
736655 14.161296 14.161296 14.161296 14.161296 1.876322e+03
736656 14.161295 14.279800 13.756405 13.973663 4.641429e+03
736657 14.052666 14.052666 13.637900 13.944037 9.875380e+03
736659 14.151421 14.171171 13.953913 13.953913 7.900305e+02
736662 13.865035 14.003290 13.825533 13.825533 7.406536e+03
736663 13.746529 13.746529 13.736654 13.736654 2.271337e+03
736664 13.707028 13.835408 13.647776 13.835408 4.443921e+03
736665 13.825533 13.825533 13.539147 13.539147 5.530213e+03
736666 13.618150 13.667527 13.430518 13.637901 5.233952e+03
736669 13.697152 13.697152 13.499644 13.568772 1.175170e+04
736670 13.746529 13.746529 13.499645 13.529271 6.320243e+03
736671 13.608274 13.874909 13.608274 13.786031 1.984951e+04
736672 13.755288 13.814792 13.675950 13.785040 1.170241e+04
736673 13.785040 13.973469 13.675950 13.854461 8.132182e+03
736676 13.844544 13.894130 13.775123 13.785040 6.942106e+03
736677 13.804874 13.804874 13.685867 13.725536 1.348752e+04
736678 13.775122 13.933799 13.705701 13.705701 1.477677e+04
736679 13.705702 13.755288 13.576777 13.586694 2.161970e+04
736680 13.606529 13.775123 13.606529 13.646198 1.735527e+04
736683 13.745370 13.785040 13.646197 13.666032 2.677670e+03
736684 13.685867 13.725536 13.685867 13.685867 4.264437e+03
736685 13.656115 13.824709 13.616446 13.675950 1.219827e+04
736686 13.775122 13.864378 13.695784 13.864378 6.644587e+03
736687 13.844543 13.864378 13.715618 13.834626 1.438008e+04
736691 14.251153 14.251153 13.695784 13.785040 1.953707e+04
736692 13.685867 13.794957 13.685867 13.725536 1.447925e+04
736693 13.735454 13.834627 13.735454 13.765206 8.925566e+03
736694 13.775123 13.904048 13.735454 13.904048 1.884286e+03
736698 13.854461 13.983386 13.735453 13.794957 8.330528e+03
736699 13.814791 13.854461 13.814791 13.834626 2.876015e+03
736700 13.874296 13.983386 13.874296 13.983386 7.537144e+03
736701 13.864378 13.904048 13.864378 13.884213 1.586767e+03
736704 13.933800 13.983386 13.933800 13.973469 2.380151e+03
736705 13.913965 13.983386 13.913965 13.953634 3.371880e+03
736706 13.982514 14.012392 13.882924 13.922760 1.374350e+04
736707 13.992474 14.012392 13.982515 13.982515 1.394268e+03
736708 13.962598 14.002434 13.962598 14.002434 2.688945e+03
736712 14.062188 14.102024 14.062188 14.072147 1.463981e+04
736713 14.141859 14.141859 14.052228 14.062187 2.788536e+03
736714 14.111983 14.111983 14.042270 14.072147 5.676662e+03
736715 14.121942 14.121942 13.892883 13.982515 1.085537e+04
736718 13.932720 14.032311 13.932720 13.942679 1.294677e+03
736719 13.992475 14.171738 13.992475 14.042270 7.768064e+03
736720 14.151819 14.161778 13.992474 13.992474 3.087307e+03
736721 13.982515 13.982515 13.982515 13.982515 3.983623e+02
736722 14.092064 14.092064 13.992473 14.092064 1.693039e+03
736725 14.191656 14.201615 14.181697 14.201615 1.195087e+03
736726 14.092065 14.131901 14.092065 14.121942 5.477481e+03
736727 14.241451 14.351000 14.241451 14.281287 5.377891e+03
736728 14.271328 14.271328 14.191656 14.241451 3.286489e+03
736729 14.241451 14.490427 14.241451 14.291246 1.722917e+04
736732 14.291246 14.470509 14.291246 14.400796 1.294677e+03
736733 14.400795 14.540222 14.370918 14.420713 1.991811e+03
736734 14.370919 14.560141 14.370919 14.440632 6.971340e+02
736735 14.470508 14.470508 14.410754 14.430672 2.190992e+03
736736 14.390836 14.400795 14.351000 14.351000 1.493858e+03
736739 14.300000 14.380000 14.290000 14.290000 1.100000e+03
736740 14.290000 14.370000 14.260000 14.280000 6.500000e+03
736741 14.280000 14.310000 14.280000 14.280000 5.400000e+03
736742 14.250000 14.270000 14.150000 14.160000 5.400000e+03
736743 14.210000 14.210000 14.000000 14.020000 6.300000e+03
736747 14.010000 14.140000 14.010000 14.040000 1.900000e+03
736748 14.050000 14.180000 14.050000 14.060000 1.100000e+03
736749 14.130000 14.290000 14.130000 14.140000 3.400000e+03
736750 14.020000 14.330000 14.020000 14.130000 1.600000e+03
736753 14.200000 14.220000 14.090000 14.100000 2.200000e+03
736754 14.080000 14.200000 14.080000 14.200000 1.900000e+03
736755 14.190000 14.270000 14.180000 14.270000 4.000000e+03
736756 14.370000 14.370000 14.200000 14.310000 1.900000e+03
736757 14.430000 14.440000 14.290000 14.390000 2.200000e+03
736760 14.430000 14.430000 14.230000 14.300000 1.800000e+03
736761 14.210000 14.390000 14.190000 14.190000 3.900000e+03
736762 14.170000 14.350000 14.170000 14.220000 4.800000e+03
736763 14.190000 14.190000 13.960000 13.960000 4.300000e+03
736764 13.890000 13.910000 13.630000 13.650000 2.620000e+04
