736034 143.479996 144.240005 143.240005 143.440002 2.893800e+06
736035 144.339996 145.729996 144.009995 145.669998 3.539600e+06
736036 145.279999 145.500000 143.270004 143.970001 3.320700e+06
736039 144.919998 146.070007 144.779999 145.979996 3.858600e+06
736040 145.089996 145.470001 143.940002 144.750000 2.580000e+06
736041 144.559998 146.550003 143.940002 146.000000 3.490600e+06
736042 145.639999 146.000000 144.449997 144.880005 2.633800e+06
736043 145.229996 145.820007 144.889999 145.529999 5.858700e+06
736046 145.479996 146.289993 145.020004 145.559998 3.046900e+06
736047 145.259995 145.460007 144.240005 144.289993 2.764500e+06
736048 144.679993 144.929993 143.559998 143.559998 3.993400e+06
736049 142.699997 143.710007 142.500000 143.029999 3.549800e+06
736050 143.479996 143.910004 142.899994 143.889999 3.480700e+06
736053 144.470001 146.119995 144.149994 145.979996 3.348900e+06
736054 145.759995 145.770004 144.259995 144.320007 3.600200e+06
736055 144.339996 144.630005 143.389999 143.449997 3.693600e+06
736056 143.589996 143.899994 143.149994 143.559998 2.336100e+06
736060 143.000000 144.449997 142.570007 143.759995 2.446900e+06
736061 143.559998 144.020004 143.000000 143.059998 2.760900e+06
736062 143.100006 143.779999 142.820007 143.279999 4.775700e+06
736063 143.020004 143.699997 142.779999 143.649994 2.821000e+06
736064 143.419998 143.750000 143.020004 143.500000 2.353800e+06
736067 143.279999 143.949997 143.000000 143.460007 2.149500e+06
736068 143.649994 143.770004 142.119995 142.750000 2.929700e+06
736069 142.729996 143.479996 142.580002 142.710007 2.620700e+06
736070 142.500000 142.800003 141.699997 142.100006 2.693100e+06
736071 141.199997 141.539993 140.330002 140.699997 4.613700e+06
736074 141.690002 142.410004 141.509995 142.089996 2.669600e+06
736075 142.399994 142.470001 141.119995 141.139999 3.008200e+06
736076 141.410004 142.220001 141.089996 141.990005 2.629400e+06
736077 141.949997 143.020004 141.630005 142.429993 2.630700e+06
736078 142.000000 142.550003 141.750000 142.089996 2.255500e+06
736081 142.279999 142.360001 140.869995 141.089996 3.210600e+06
736082 140.809998 142.630005 140.589996 142.520004 2.564700e+06
736083 141.630005 142.759995 141.570007 142.410004 3.127000e+06
736084 141.779999 142.570007 140.929993 141.210007 3.554600e+06
736085 142.000000 143.360001 141.789993 143.360001 2.797900e+06
736088 144.949997 146.330002 144.000000 146.149994 4.229400e+06
736089 145.910004 146.419998 144.509995 144.559998 2.993500e+06
736090 145.000000 145.440002 142.940002 143.779999 3.320500e+06
736091 143.410004 145.520004 143.360001 145.309998 3.314300e+06
736092 146.559998 148.419998 146.399994 148.309998 5.277900e+06
736095 148.500000 148.570007 146.000000 146.169998 3.814700e+06
736096 145.350006 145.389999 144.029999 144.789993 2.823200e+06
736097 144.160004 144.729996 144.020004 144.259995 2.621700e+06
736098 145.220001 145.830002 144.520004 145.779999 2.326400e+06
736099 145.929993 146.089996 144.649994 145.259995 2.423500e+06
736102 145.389999 145.899994 145.039993 145.830002 2.266200e+06
736103 145.830002 147.000000 145.259995 146.539993 2.635700e+06
736104 146.410004 146.440002 145.639999 145.940002 2.239100e+06
736105 145.600006 145.929993 145.160004 145.270004 2.293900e+06
736106 145.100006 145.270004 144.529999 144.600006 2.188300e+06
736110 144.440002 144.910004 143.559998 143.630005 3.299400e+06
736111 143.710007 145.149994 143.580002 144.750000 2.275400e+06
736112 144.929993 145.100006 144.009995 144.740005 2.300000e+06
736113 144.869995 144.990005 143.000000 143.000000 3.641100e+06
736116 143.259995 144.070007 143.059998 143.350006 2.579400e+06
736117 143.199997 143.350006 142.279999 143.029999 2.737900e+06
736118 143.429993 143.729996 142.559998 143.190002 2.260800e+06
736119 142.570007 142.899994 141.229996 141.369995 3.369100e+06
736120 141.509995 141.809998 140.520004 140.759995 3.343900e+06
736123 140.429993 140.699997 139.520004 139.520004 2.998600e+06
736124 139.210007 140.389999 139.139999 139.630005 2.612800e+06
736125 140.000000 141.500000 139.679993 140.860001 3.156700e+06
736126 141.429993 141.610001 140.600006 141.360001 2.436000e+06
736127 141.119995 141.149994 139.779999 140.289993 2.768400e+06
736130 139.720001 139.960007 138.779999 139.399994 2.859500e+06
736131 139.470001 139.729996 138.919998 139.710007 2.369900e+06
736132 139.850006 140.559998 139.160004 139.970001 2.280200e+06
736133 140.250000 142.809998 140.199997 142.669998 4.583700e+06
736134 142.179993 142.960007 140.960007 140.960007 6.044000e+06
736137 142.000000 142.539993 141.110001 141.529999 2.339300e+06
736138 141.619995 142.149994 140.949997 141.330002 1.974500e+06
736139 140.750000 141.410004 140.089996 140.089996 2.709400e+06
736140 140.059998 140.649994 139.449997 139.449997 2.616700e+06
736141 139.919998 140.160004 139.119995 139.779999 4.480200e+06
736144 139.000000 139.240005 136.419998 136.509995 6.703700e+06
736145 137.520004 137.800003 136.080002 136.110001 5.160300e+06
736146 137.699997 138.300003 136.740005 137.520004 3.244900e+06
736147 137.899994 138.160004 137.059998 137.389999 2.823700e+06
736151 136.130005 137.419998 136.039993 136.889999 2.962100e+06
736152 137.300003 138.649994 136.039993 138.440002 4.642300e+06
736153 137.550003 137.960007 136.750000 136.899994 3.642300e+06
736154 138.009995 138.839996 137.940002 138.250000 3.570300e+06
736155 139.509995 140.300003 138.960007 139.729996 3.774900e+06
736158 140.800003 141.490005 140.449997 141.389999 3.139800e+06
736159 141.139999 141.639999 140.919998 141.119995 2.415200e+06
736160 141.369995 142.639999 141.199997 142.610001 2.995300e+06
736161 143.149994 143.919998 143.000000 143.919998 3.179600e+06
736162 143.720001 144.000000 143.440002 143.880005 2.982900e+06
736165 143.960007 144.690002 143.710007 144.509995 2.467500e+06
736166 144.229996 144.600006 143.080002 143.600006 3.116500e+06
736167 143.550003 144.000000 143.059998 143.520004 2.578000e+06
736168 143.270004 143.410004 142.059998 142.179993 2.322700e+06
736169 142.000000 142.360001 141.190002 141.250000 2.363300e+06
736172 141.139999 141.369995 140.419998 140.720001 2.903600e+06
736173 141.589996 143.589996 141.130005 143.220001 3.252700e+06
736174 143.250000 143.690002 142.610001 142.919998 2.555800e+06
736175 142.809998 143.059998 142.110001 142.850006 2.018300e+06
736176 143.309998 143.750000 142.600006 142.740005 3.074100e+06
736179 143.110001 143.320007 140.919998 142.330002 2.540700e+06
736180 142.220001 143.059998 142.009995 142.679993 2.618000e+06
736181 143.320007 143.990005 143.220001 143.500000 2.615800e+06
736182 143.500000 143.839996 143.000000 143.350006 2.418200e+06
736183 142.860001 143.699997 142.300003 143.550003 2.419000e+06
736186 141.369995 143.580002 141.309998 143.419998 4.278300e+06
736187 141.830002 143.070007 141.610001 142.800003 3.924400e+06
736188 141.910004 142.149994 140.460007 141.600006 4.901200e+06
736189 141.309998 142.610001 140.990005 141.949997 3.045200e+06
736190 142.050003 142.750000 141.990005 142.570007 2.911200e+06
736193 142.000000 142.460007 141.309998 142.320007 2.788100e+06
736194 142.289993 142.300003 141.020004 141.360001 3.334100e+06
736195 141.000000 141.710007 139.750000 140.470001 3.470200e+06
736196 139.199997 140.000000 138.350006 138.389999 4.050800e+06
736197 137.229996 138.000000 134.160004 134.220001 9.122400e+06
736200 127.550003 133.970001 125.500000 129.570007 1.382080e+07
736201 134.479996 134.550003 127.459999 127.739998 8.233100e+06
736202 130.889999 132.880005 128.690002 132.610001 7.709300e+06
736203 134.399994 136.309998 133.220001 136.229996 5.923000e+06
736204 135.529999 136.000000 134.729996 135.740005 3.897800e+06
736207 135.089996 135.500000 133.419998 134.039993 5.575500e+06
736208 131.789993 132.270004 129.830002 130.410004 5.957900e+06
736209 131.410004 132.220001 130.759995 132.220001 4.080300e+06
736210 132.710007 133.619995 131.690002 132.149994 3.984400e+06
736211 130.820007 131.080002 128.910004 129.639999 5.828600e+06
736215 132.020004 133.070007 131.169998 132.899994 5.729300e+06
736216 134.500000 134.660004 130.300003 130.589996 4.482600e+06
736217 130.229996 131.789993 130.199997 130.660004 4.482400e+06
736218 130.880005 131.550003 130.250000 131.369995 4.181800e+06
736221 131.149994 131.690002 130.539993 130.899994 4.270000e+06
736222 131.000000 132.649994 130.759995 132.259995 3.189600e+06
736223 132.259995 132.850006 132.020004 132.580002 3.041500e+06
736224 132.289993 133.600006 131.270004 131.470001 4.414500e+06
736225 130.070007 130.960007 128.940002 129.100006 1.462280e+07
736228 130.000000 131.309998 129.720001 130.979996 4.804900e+06
736229 129.559998 129.690002 128.360001 129.300003 4.230800e+06
736230 129.309998 129.490005 128.309998 129.160004 2.947800e+06
736231 128.250000 129.220001 127.750000 128.830002 3.705600e+06
736232 130.029999 130.580002 129.000000 129.639999 3.487200e+06
736235 128.589996 129.259995 128.399994 128.619995 4.412400e+06
736236 128.440002 128.960007 127.669998 128.809998 4.071500e+06
736237 129.860001 130.399994 128.669998 130.399994 4.726900e+06
736238 130.550003 131.399994 129.279999 129.880005 3.962200e+06
736239 128.500000 129.940002 127.459999 129.830002 5.183800e+06
736242 130.500000 132.440002 130.380005 132.380005 3.885400e+06
736243 132.289993 132.410004 130.940002 131.190002 4.804800e+06
736244 132.050003 133.320007 131.759995 132.679993 3.423400e+06
736245 132.279999 134.000000 132.240005 133.750000 2.734300e+06
736246 133.720001 134.380005 132.179993 133.029999 3.202100e+06
736249 133.399994 134.050003 132.860001 133.399994 1.973600e+06
736250 133.000000 133.270004 131.910004 132.190002 2.802400e+06
736251 132.000000 132.449997 131.050003 131.179993 3.125100e+06
736252 131.979996 133.830002 131.550003 133.800003 3.273300e+06
736253 134.729996 135.000000 132.960007 133.809998 3.061800e+06
736256 133.500000 133.889999 133.110001 133.619995 2.158800e+06
736257 133.270004 134.399994 133.100006 134.160004 2.112700e+06
736258 134.710007 135.410004 133.110001 133.220001 2.396800e+06
736259 133.600006 137.699997 133.600006 137.289993 4.898300e+06
736260 138.000000 138.000000 136.759995 137.779999 3.172900e+06
736263 137.860001 137.940002 136.639999 137.000000 2.173300e+06
736264 136.399994 136.669998 135.070007 135.630005 2.278300e+06
736265 135.800003 138.410004 135.479996 138.160004 3.244800e+06
736266 138.100006 138.500000 137.229996 137.889999 2.089100e+06
736267 137.559998 137.869995 136.020004 136.020004 4.228200e+06
736270 136.770004 138.619995 136.330002 138.399994 3.259300e+06
736271 138.300003 138.479996 137.710007 137.940002 2.617800e+06
736272 138.000000 138.080002 137.059998 137.429993 2.606300e+06
736273 137.479996 138.029999 136.320007 136.570007 2.461500e+06
736274 136.440002 137.190002 135.139999 136.330002 3.732200e+06
736277 136.000000 136.190002 133.399994 134.000000 4.884600e+06
736278 134.000000 134.729996 133.639999 134.729996 2.932500e+06
736279 134.940002 135.199997 134.119995 134.960007 2.056700e+06
736280 134.460007 134.630005 132.770004 132.779999 3.789800e+06
736281 132.610001 133.570007 131.740005 131.960007 3.589400e+06
736284 131.820007 133.309998 131.470001 133.300003 2.965600e+06
736285 133.850006 133.929993 132.679993 133.089996 2.882800e+06
736286 133.470001 136.380005 133.270004 136.220001 3.773000e+06
736287 136.190002 136.869995 135.830002 136.630005 2.755700e+06
736288 137.339996 137.419998 135.960007 136.630005 2.921300e+06
736291 136.289993 136.779999 135.839996 135.990005 2.469500e+06
736292 135.089996 135.880005 134.119995 135.539993 2.759500e+06
736293 135.479996 136.000000 134.839996 135.130005 2.137400e+06
736295 135.300003 135.580002 134.449997 134.630005 1.243000e+06
736298 134.820007 135.089996 133.820007 134.089996 5.087800e+06
736299 134.860001 136.570007 134.360001 136.429993 3.796900e+06
736300 136.500000 136.740005 135.100006 135.270004 3.710800e+06
736301 135.330002 135.539993 132.289993 132.660004 4.378300e+06
736302 133.089996 136.520004 133.000000 136.479996 5.520200e+06
736305 136.199997 136.449997 134.679993 135.600006 2.794900e+06
736306 134.899994 134.990005 133.169998 133.360001 4.055600e+06
736307 133.179993 134.149994 131.199997 131.710007 4.062900e+06
736308 131.720001 132.619995 131.190002 131.710007 3.461200e+06
736309 130.309998 130.910004 129.559998 130.309998 5.483100e+06
736312 130.500000 132.229996 130.110001 132.020004 4.418700e+06
736313 133.250000 135.639999 132.759995 134.880005 4.703300e+06
736314 135.490005 136.119995 133.100006 135.880005 4.930300e+06
736315 135.710007 136.160004 133.899994 133.970001 3.595900e+06
736316 133.039993 133.169998 129.529999 129.529999 8.791500e+06
736319 131.160004 131.690002 129.649994 131.190002 4.308400e+06
736320 131.550003 133.330002 131.039993 133.139999 3.714500e+06
736321 133.350006 134.429993 133.199997 134.149994 3.483200e+06
736322 134.119995 134.550003 133.479996 133.889999 1.367500e+06
736326 133.479996 133.539993 132.520004 133.119995 2.382900e+06
736327 134.000000 134.550003 133.000000 134.139999 3.135400e+06
736328 133.919998 134.119995 133.059998 133.259995 2.684300e+06
736329 133.000000 133.369995 131.949997 132.039993 3.333900e+06
736333 130.160004 131.029999 128.759995 130.750000 6.869100e+06
736334 130.750000 131.529999 129.809998 131.250000 4.084600e+06
736335 129.990005 131.759995 129.729996 131.330002 5.219400e+06
736336 129.250000 130.539993 129.000000 129.479996 7.382000e+06
736337 130.110001 130.399994 128.210007 128.330002 6.101600e+06
736340 128.919998 129.229996 127.040001 128.360001 4.353500e+06
736341 129.110001 129.419998 127.519997 128.800003 4.723400e+06
736342 128.970001 129.380005 125.709999 126.250000 6.042400e+06
736343 126.410004 128.990005 126.010002 128.070007 6.125300e+06
736344 125.339996 126.809998 124.510002 126.139999 8.109500e+06
736348 126.860001 128.270004 126.769997 127.760002 5.831700e+06
736349 125.599998 126.120003 124.040001 124.830002 8.024200e+06
736350 125.519997 126.750000 124.370003 125.620003 3.806100e+06
736351 127.500000 127.930000 125.919998 127.040001 3.765700e+06
736354 126.550003 126.900002 123.900002 124.129997 5.251500e+06
736355 124.570000 126.519997 124.570000 125.889999 3.694900e+06
736356 125.260002 127.220001 124.610001 125.190002 3.942600e+06
736357 126.000000 126.720001 124.370003 126.010002 3.513300e+06
736358 126.660004 129.770004 126.110001 129.770004 6.523800e+06
736361 128.940002 129.639999 127.540001 128.660004 4.443300e+06
736362 127.519997 127.830002 125.510002 125.699997 4.336700e+06
736363 126.339996 126.629997 123.550003 126.239998 6.607500e+06
736364 126.089996 127.699997 125.750000 127.440002 4.596300e+06
736365 127.279999 127.389999 125.750000 126.559998 4.732600e+06
736368 125.699997 127.839996 124.930000 126.779999 6.197700e+06
736369 125.150002 128.080002 125.150002 127.720001 5.246300e+06
736370 128.440002 129.179993 126.290001 126.580002 4.731100e+06
736371 124.110001 125.839996 124.040001 125.089996 6.061300e+06
736372 126.760002 128.210007 126.050003 128.070007 5.167600e+06
736376 129.440002 129.600006 128.070007 128.559998 5.912500e+06
736377 129.169998 130.440002 128.910004 130.259995 4.512100e+06
736378 130.600006 132.350006 130.589996 130.860001 3.866300e+06
736379 130.350006 131.600006 130.009995 131.050003 4.094200e+06
736382 132.190002 132.869995 131.330002 131.990005 3.720400e+06
736383 131.119995 131.910004 130.649994 130.740005 3.091500e+06
736384 129.899994 131.500000 128.880005 131.029999 3.635800e+06
736385 131.619995 132.369995 130.419998 132.309998 3.504200e+06
736386 132.820007 133.289993 131.770004 131.919998 3.851400e+06
736389 133.360001 135.110001 132.940002 134.169998 7.730100e+06
736390 135.110001 136.940002 134.320007 136.940002 6.068600e+06
736391 136.949997 137.149994 135.809998 136.729996 3.777800e+06
736392 136.800003 137.240005 136.130005 136.839996 3.936500e+06
736393 136.990005 138.059998 136.520004 137.970001 4.228600e+06
736396 137.699997 138.789993 137.429993 138.720001 4.571900e+06
736397 138.250000 138.699997 137.490005 137.800003 4.124500e+06
736398 138.550003 139.149994 138.070007 139.130005 3.165600e+06
736399 139.750000 139.750000 137.809998 138.619995 4.524300e+06
736400 139.339996 140.759995 139.110001 140.649994 4.306900e+06
736403 140.800003 141.220001 139.479996 139.720001 4.244200e+06
736404 139.119995 140.410004 139.009995 140.399994 2.838200e+06
736405 139.839996 140.440002 139.509995 139.830002 3.124200e+06
736406 140.000000 142.580002 139.679993 142.399994 4.461000e+06
736407 142.830002 142.960007 141.440002 142.160004 7.612100e+06
736410 142.160004 142.610001 141.710007 142.130005 2.441000e+06
736411 141.979996 142.990005 141.660004 142.179993 3.288100e+06
736412 142.169998 142.169998 140.899994 140.960007 2.647100e+06
736413 140.220001 140.600006 139.559998 140.110001 3.777900e+06
736417 140.949997 141.619995 140.330002 141.289993 2.668100e+06
736418 141.289993 142.039993 140.500000 141.899994 3.346200e+06
736419 142.910004 143.399994 142.289993 142.460007 3.161300e+06
736420 142.559998 143.050003 141.479996 141.880005 3.520200e+06
736421 141.210007 144.050003 141.110001 143.789993 3.985700e+06
736424 143.990005 143.990005 142.770004 143.220001 3.163900e+06
736425 142.419998 142.479996 140.929993 141.199997 3.166500e+06
736426 141.309998 141.820007 140.419998 141.699997 2.820200e+06
736427 140.929993 141.199997 140.270004 140.809998 2.920500e+06
736428 141.529999 141.990005 140.679993 141.059998 2.118400e+06
736431 141.789993 142.089996 140.960007 140.990005 2.381100e+06
736432 141.250000 142.490005 140.979996 142.399994 2.649300e+06
736433 142.949997 144.139999 142.889999 144.039993 3.562800e+06
736434 144.100006 144.350006 143.470001 143.720001 2.487300e+06
736435 144.139999 144.160004 142.940002 143.449997 3.124100e+06
736438 143.000000 144.479996 142.949997 144.380005 2.762000e+06
736439 144.779999 146.380005 144.509995 145.949997 3.657500e+06
736440 145.979996 146.440002 145.380005 146.089996 2.289000e+06
736441 146.089996 146.419998 144.669998 144.860001 2.879800e+06
736442 145.320007 146.389999 144.970001 146.110001 2.692400e+06
736445 145.649994 146.369995 145.500000 146.179993 2.198700e+06
736446 146.589996 147.160004 146.300003 147.020004 2.942600e+06
736447 146.899994 148.029999 146.500000 147.600006 2.991400e+06
736448 146.639999 147.460007 145.759995 146.070007 2.498100e+06
736449 145.399994 146.220001 144.520004 145.479996 3.895600e+06
736452 145.770004 147.139999 145.690002 146.889999 2.774600e+06
736453 145.910004 146.089996 144.080002 144.830002 3.551500e+06
736454 144.160004 144.399994 143.330002 144.240005 2.483200e+06
736455 144.220001 144.820007 143.479996 143.880005 2.438200e+06
736456 143.820007 144.839996 143.330002 144.619995 2.288100e+06
736459 144.539993 144.539993 141.919998 142.910004 3.644600e+06
736460 143.309998 144.899994 143.250000 144.779999 3.131000e+06
736461 144.880005 144.979996 142.750000 142.869995 2.939900e+06
736462 143.460007 143.720001 142.309998 143.309998 2.431200e+06
736463 143.210007 143.699997 141.130005 141.399994 3.232100e+06
736466 141.399994 142.149994 141.210007 141.850006 2.873300e+06
736467 141.970001 141.990005 139.899994 140.339996 3.963900e+06
736468 140.179993 141.850006 139.949997 141.470001 2.917800e+06
736469 141.070007 141.649994 139.679993 140.789993 2.803700e+06
736470 141.479996 142.490005 141.160004 141.830002 3.171000e+06
736473 141.850006 142.000000 141.050003 141.479996 2.049000e+06
736474 141.949997 144.050003 141.729996 143.710007 3.268800e+06
736475 143.720001 144.940002 143.720001 144.080002 2.933900e+06
736476 144.000000 144.190002 142.880005 143.050003 2.742000e+06
736477 143.490005 143.619995 142.770004 143.350006 2.284100e+06
736481 143.889999 144.139999 140.539993 140.539993 6.564700e+06
736482 140.970001 142.089996 140.369995 141.990005 3.278000e+06
736483 141.649994 142.110001 140.960007 142.110001 2.757300e+06
736484 141.160004 141.520004 140.110001 141.139999 3.153300e+06
736487 141.619995 142.500000 141.389999 141.820007 2.686300e+06
736488 142.160004 142.490005 141.389999 141.410004 2.729800e+06
736489 141.570007 142.690002 141.529999 142.529999 2.390600e+06
736490 142.050003 142.509995 141.160004 142.229996 2.187000e+06
736491 141.309998 142.360001 141.240005 141.759995 2.579800e+06
736494 141.229996 142.649994 140.940002 140.940002 2.973600e+06
736495 140.789993 141.550003 140.509995 141.300003 3.476000e+06
736496 141.740005 142.169998 140.320007 140.449997 3.219700e+06
736497 140.089996 142.050003 138.960007 141.990005 3.639800e+06
736498 141.979996 142.000000 140.449997 140.729996 5.394100e+06
736501 141.960007 142.940002 141.630005 141.669998 4.038700e+06
736502 142.059998 143.630005 141.850006 143.529999 3.677400e+06
736503 143.630005 144.660004 143.570007 143.940002 3.659700e+06
736504 144.970001 146.000000 144.600006 145.979996 4.493600e+06
736505 140.740005 142.000000 139.470001 139.710007 1.247630e+07
736508 138.789993 139.000000 136.649994 138.500000 6.328200e+06
736509 139.789993 140.360001 138.289993 140.279999 5.312300e+06
736510 141.300003 142.119995 139.910004 142.119995 4.257100e+06
736511 142.210007 144.820007 142.100006 144.789993 5.196400e+06
736512 144.589996 144.830002 143.750000 143.960007 2.874400e+06
736516 143.190002 143.559998 141.759995 142.229996 3.426300e+06
736517 141.899994 142.639999 140.949997 142.509995 2.804700e+06
736518 142.380005 143.039993 141.190002 141.910004 2.863600e+06
736519 143.350006 143.740005 142.720001 143.649994 3.718100e+06
736522 143.750000 144.229996 143.429993 143.929993 3.194200e+06
736523 144.529999 145.029999 143.979996 144.669998 3.158100e+06
736524 144.880005 145.990005 144.410004 145.929993 3.274500e+06
736525 146.250000 146.660004 145.460007 145.729996 3.322200e+06
736526 146.250000 146.440002 145.119995 145.970001 3.860800e+06
736529 146.000000 146.710007 146.000000 146.570007 3.128000e+06
736530 146.059998 146.990005 145.850006 146.919998 3.543300e+06
736531 146.809998 146.940002 145.699997 146.169998 2.855300e+06
736532 146.009995 146.220001 144.190002 144.350006 3.212200e+06
736533 144.720001 144.850006 143.889999 144.600006 3.142000e+06
736536 144.869995 145.000000 143.600006 144.139999 2.483900e+06
736537 144.339996 144.850006 143.830002 144.339996 2.466400e+06
736538 144.270004 144.750000 143.699997 144.190002 2.611700e+06
736539 143.919998 144.690002 143.479996 144.419998 1.944600e+06
736540 144.089996 144.600006 143.779999 144.270004 2.589300e+06
736543 144.619995 144.770004 143.580002 143.929993 2.051300e+06
736544 143.949997 143.990005 142.960007 143.309998 2.457000e+06
736545 143.350006 143.880005 142.979996 143.630005 2.217100e+06
736546 143.800003 143.910004 142.919998 143.119995 1.848600e+06
736547 144.000000 145.649994 143.919998 145.649994 3.926000e+06
736550 145.289993 145.649994 144.229996 145.559998 3.516300e+06
736551 145.960007 147.449997 145.449997 147.220001 3.680500e+06
736552 147.000000 147.270004 146.130005 146.690002 2.465200e+06
736553 146.460007 147.979996 146.440002 147.740005 3.272200e+06
736554 147.119995 147.750000 146.690002 147.720001 2.586700e+06
736557 147.720001 147.919998 147.119995 147.779999 2.195800e+06
736558 147.619995 147.949997 147.220001 147.240005 2.121300e+06
736559 147.419998 149.330002 147.000000 149.080002 3.044200e+06
736560 149.190002 149.360001 148.529999 148.809998 2.185400e+06
736561 148.399994 148.839996 147.789993 148.750000 2.641200e+06
736564 148.509995 148.800003 147.850006 148.449997 1.765000e+06
736565 148.580002 149.240005 148.580002 148.770004 2.019100e+06
736566 148.500000 148.839996 148.130005 148.410004 2.269400e+06
736567 148.240005 148.710007 148.110001 148.639999 2.449700e+06
736568 148.649994 149.229996 147.220001 147.910004 2.872800e+06
736571 148.229996 149.679993 148.000000 149.300003 2.726600e+06
736572 149.250000 150.240005 149.229996 150.229996 2.832200e+06
736573 150.000000 150.899994 148.660004 150.490005 5.338700e+06
736574 150.699997 151.000000 148.820007 150.350006 3.020800e+06
736575 150.690002 151.050003 149.970001 150.720001 2.258200e+06
736579 150.539993 150.979996 149.309998 150.429993 4.460800e+06
736580 150.000000 150.490005 149.339996 149.580002 2.437100e+06
736581 149.600006 150.100006 149.300003 149.779999 2.963400e+06
736582 149.100006 149.589996 146.559998 146.619995 4.342700e+06
736585 146.369995 149.389999 145.940002 148.970001 4.323800e+06
736586 147.949997 148.130005 145.550003 146.229996 5.505900e+06
736587 146.020004 146.910004 145.330002 145.779999 3.097300e+06
736588 146.000000 147.080002 145.470001 146.660004 3.255500e+06
736589 146.110001 146.229996 144.679993 145.009995 1.113370e+07
736592 145.339996 146.190002 144.929993 145.240005 3.031800e+06
736593 145.979996 145.979996 144.759995 144.919998 2.367000e+06
736594 145.649994 146.490005 144.979996 146.460007 3.768900e+06
736595 146.750000 147.089996 146.130005 146.529999 2.770900e+06
736596 146.300003 146.490005 145.000000 145.000000 3.697800e+06
736599 144.520004 144.960007 144.000000 144.179993 2.863700e+06
736600 144.279999 145.380005 144.009995 145.339996 2.934600e+06
736601 145.279999 145.419998 144.029999 145.279999 3.246500e+06
736602 145.179993 145.520004 143.360001 143.589996 3.313800e+06
736603 144.270004 145.380005 144.270004 144.470001 4.416500e+06
736606 144.270004 144.309998 143.210007 143.759995 3.493800e+06
736607 143.740005 144.199997 142.800003 143.169998 3.058900e+06
736608 143.649994 144.289993 143.210007 144.149994 2.998800e+06
736609 144.000000 144.100006 143.300003 143.869995 2.279500e+06
736610 143.929993 144.940002 143.779999 144.520004 3.093800e+06
736613 145.050003 145.679993 144.979996 145.199997 1.884100e+06
736614 145.130005 145.139999 143.529999 143.949997 2.723000e+06
736615 143.860001 145.289993 143.860001 144.910004 2.558100e+06
736616 143.789993 144.050003 141.919998 143.220001 4.657600e+06
736617 143.910004 144.889999 143.580002 144.179993 2.932800e+06
736620 144.500000 144.759995 143.369995 143.800003 2.552800e+06
736621 144.649994 145.089996 144.130005 144.300003 2.378500e+06
736622 144.869995 145.710007 144.479996 144.860001 2.309300e+06
736623 144.619995 145.429993 144.190002 144.490005 2.505000e+06
736624 143.539993 143.949997 142.800003 143.600006 3.075400e+06
736627 144.089996 144.889999 143.679993 143.830002 2.223800e+06
736628 143.699997 144.160004 143.210007 143.419998 2.349500e+06
736629 143.380005 144.460007 143.119995 143.940002 2.737200e+06
736630 144.190002 144.779999 143.869995 144.449997 2.891100e+06
736631 144.839996 145.289993 142.899994 144.000000 2.771900e+06
736634 144.300003 144.690002 144.000000 144.300003 3.204900e+06
736635 144.679993 144.860001 143.110001 143.630005 3.302800e+06
736636 143.179993 143.860001 142.910004 143.190002 3.129100e+06
736637 143.250000 144.449997 143.199997 143.639999 2.654500e+06
736638 143.449997 143.800003 142.350006 142.949997 3.454200e+06
736641 144.710007 147.169998 144.300003 146.910004 5.131100e+06
736642 146.889999 148.139999 146.399994 147.789993 3.614500e+06
736643 146.100006 151.639999 145.100006 151.279999 8.595800e+06
736644 152.000000 156.610001 151.679993 156.059998 8.142500e+06
736645 155.300003 157.279999 155.149994 156.919998 4.497800e+06
736648 157.479996 158.160004 156.529999 157.929993 5.483500e+06
736649 157.610001 157.820007 156.089996 157.460007 4.774400e+06
736650 157.020004 157.589996 156.020004 157.080002 4.426300e+06
736651 156.809998 158.639999 156.300003 158.389999 4.135300e+06
736652 158.350006 158.479996 157.169998 157.750000 3.312600e+06
736655 158.100006 158.710007 157.419998 158.710007 2.810800e+06
736656 159.009995 159.089996 157.830002 158.660004 3.121600e+06
736657 158.660004 159.000000 157.279999 158.110001 3.050700e+06
736659 158.630005 158.630005 157.600006 158.179993 1.777200e+06
736662 157.899994 158.490005 156.889999 156.970001 4.129500e+06
736663 157.509995 157.979996 156.820007 157.679993 2.961900e+06
736664 158.419998 158.889999 157.419998 157.440002 4.907400e+06
736665 157.580002 160.240005 157.509995 160.119995 4.551100e+06
736666 160.050003 160.119995 158.699997 159.389999 3.826800e+06
736669 160.250000 160.679993 159.270004 160.210007 4.554200e+06
736670 160.570007 161.550003 159.929993 161.339996 3.455700e+06
736671 161.940002 164.690002 161.399994 164.690002 5.968800e+06
736672 164.979996 165.949997 163.520004 164.110001 4.893200e+06
736673 164.279999 165.160004 163.070007 164.860001 3.789700e+06
736676 164.649994 166.639999 164.350006 166.119995 6.718900e+06
736677 166.490005 166.990005 165.399994 166.619995 4.220400e+06
736678 166.589996 167.250000 164.539993 165.059998 4.332900e+06
736679 165.500000 167.020004 164.800003 165.729996 3.943300e+06
736680 166.139999 166.149994 164.330002 164.759995 6.839100e+06
736683 165.190002 165.649994 164.479996 165.350006 2.953300e+06
736684 166.149994 166.419998 165.399994 166.360001 2.947300e+06
736685 166.399994 166.669998 165.550003 165.949997 2.480500e+06
736686 165.770004 166.119995 164.889999 166.029999 2.487900e+06
736687 166.259995 166.440002 164.770004 165.320007 2.039400e+06
736691 165.509995 165.820007 164.779999 164.949997 2.130100e+06
736692 165.449997 165.639999 163.559998 163.750000 2.552000e+06
736693 163.929993 164.470001 163.009995 163.050003 2.531700e+06
736694 163.160004 164.029999 162.619995 162.979996 4.019300e+06
736698 164.339996 164.710007 162.440002 163.830002 4.088100e+06
736699 164.449997 164.570007 163.000000 164.080002 3.552400e+06
736700 164.059998 164.139999 162.179993 163.300003 2.937800e+06
736701 163.440002 163.800003 162.639999 163.410004 2.567200e+06
736704 163.039993 163.250000 162.020004 162.020004 3.551100e+06
736705 162.000000 162.740005 161.410004 161.470001 2.670400e+06
736706 161.470001 162.449997 161.029999 162.229996 3.270700e+06
736707 162.000000 162.149994 160.330002 161.410004 3.226500e+06
736708 161.809998 163.130005 161.509995 161.899994 3.016200e+06
736712 161.960007 162.000000 159.300003 159.639999 4.659700e+06
736713 160.039993 160.860001 159.429993 160.490005 3.039600e+06
736714 160.820007 161.119995 159.110001 159.410004 3.169700e+06
736715 160.210007 160.779999 159.580002 160.210007 4.022500e+06
736718 160.190002 160.279999 158.610001 158.809998 3.418700e+06
736719 159.259995 161.089996 158.770004 160.720001 3.979800e+06
736720 162.000000 164.630005 161.389999 164.250000 4.457400e+06
736721 164.880005 165.029999 164.080002 164.919998 3.123900e+06
736722 164.929993 165.300003 163.460007 164.399994 2.519100e+06
736725 164.199997 164.910004 163.220001 164.800003 3.169100e+06
736726 164.639999 165.059998 163.080002 164.139999 3.051800e+06
736727 164.750000 165.199997 163.300003 163.610001 2.898000e+06
736728 163.309998 163.309998 162.270004 163.000000 3.041200e+06
736729 164.000000 164.190002 162.520004 163.940002 3.344000e+06
736732 163.880005 163.929993 163.039993 163.419998 2.741400e+06
736733 163.619995 163.850006 162.580002 162.929993 2.435500e+06
736734 162.899994 163.130005 162.149994 162.869995 2.245100e+06
736735 162.869995 164.419998 162.820007 164.039993 2.761200e+06
736736 164.589996 164.679993 163.600006 164.009995 2.483900e+06
736739 164.710007 166.240005 164.440002 165.850006 2.958400e+06
736740 165.850006 167.000000 165.169998 166.949997 3.038700e+06
736741 167.210007 167.339996 166.119995 167.279999 4.338300e+06
736742 167.279999 167.800003 166.100006 167.740005 3.151300e+06
736743 167.559998 168.699997 166.710007 168.570007 3.683700e+06
736747 168.919998 169.649994 168.470001 168.919998 4.166600e+06
736748 168.919998 169.699997 168.330002 169.610001 3.186700e+06
736749 169.960007 170.160004 169.110001 170.149994 3.362300e+06
736750 169.399994 170.279999 169.220001 170.220001 3.979600e+06
736753 170.899994 171.199997 170.320007 170.630005 3.668300e+06
736754 170.899994 172.199997 170.509995 171.419998 5.993700e+06
736755 173.699997 177.410004 173.699997 177.279999 7.107100e+06
736756 177.860001 177.860001 175.479996 175.889999 4.148800e+06
736757 175.970001 176.460007 175.039993 175.679993 3.552000e+06
736760 175.440002 175.880005 174.509995 175.399994 3.366400e+06
736761 175.580002 175.759995 174.899994 175.300003 2.637700e+06
736762 175.889999 176.000000 174.800003 174.970001 3.322500e+06
736763 175.699997 175.850006 174.820007 175.369995 2.952900e+06
736764 176.000000 176.139999 174.449997 174.979996 3.784500e+06
