736034 4.820000 4.900000 4.790000 4.850000 8.240000e+04
736035 4.860000 4.870000 4.790000 4.840000 2.090000e+04
736036 4.800000 4.840000 4.730000 4.830000 2.130000e+04
736039 4.840000 4.850000 4.530000 4.750000 2.710000e+04
736040 4.710000 4.780000 4.600000 4.740000 2.270000e+04
736041 4.700000 4.730000 4.510000 4.640000 1.850000e+04
736042 4.600000 4.730000 4.600000 4.600000 2.880000e+04
736043 4.650000 4.660000 4.560000 4.560000 1.132000e+05
736046 4.600000 4.670000 4.500000 4.500000 3.210000e+04
736047 4.570000 4.780000 4.570000 4.740000 2.370000e+04
736048 4.700000 4.790000 4.650000 4.650000 1.070000e+04
736049 4.670000 4.690000 4.610000 4.610000 1.700000e+04
736050 4.610000 4.780000 4.470000 4.680000 4.070000e+04
736053 4.680000 4.750000 4.600000 4.700000 2.530000e+04
736054 4.700000 4.700000 4.680000 4.690000 1.410000e+04
736055 4.700000 4.700000 4.660000 4.690000 9.200000e+03
736056 4.700000 4.700000 4.590000 4.660000 1.860000e+04
736060 4.610000 4.680000 4.590000 4.650000 1.780000e+04
736061 4.670000 4.670000 4.550000 4.560000 2.080000e+04
736062 4.600000 4.600000 4.550000 4.570000 1.800000e+04
736063 4.600000 4.600000 4.560000 4.580000 6.300000e+03
736064 4.550000 4.620000 4.550000 4.610000 3.100000e+03
736067 4.610000 4.610000 4.450000 4.450000 2.840000e+04
736068 4.480000 4.560000 4.400000 4.420000 3.930000e+04
736069 4.410000 4.500000 4.410000 4.460000 1.080000e+04
736070 4.420000 4.550000 4.410000 4.430000 2.110000e+04
736071 4.420000 4.520000 4.400000 4.410000 4.600000e+03
736074 4.400000 4.530000 4.400000 4.410000 2.000000e+04
736075 4.400000 4.420000 4.380000 4.390000 9.100000e+03
736076 4.390000 4.480000 4.380000 4.470000 6.100000e+03
736077 4.470000 4.510000 4.470000 4.490000 5.300000e+03
736078 4.530000 4.530000 4.400000 4.500000 3.340000e+04
736081 4.500000 4.500000 4.260000 4.260000 6.180000e+04
736082 4.280000 4.340000 4.270000 4.270000 3.010000e+04
736083 4.270000 4.300000 4.270000 4.280000 1.770000e+04
736084 4.280000 4.300000 4.200000 4.230000 3.550000e+04
736085 4.330000 4.330000 4.190000 4.210000 2.380000e+04
736088 4.260000 4.380000 4.200000 4.360000 1.740000e+04
736089 4.260000 4.310000 4.210000 4.230000 3.000000e+03
736090 4.220000 4.240000 4.120000 4.180000 2.570000e+04
736091 4.200000 4.250000 4.120000 4.180000 1.250000e+04
736092 4.160000 4.240000 4.130000 4.160000 1.320000e+04
736095 4.080000 4.220000 4.080000 4.220000 5.160000e+04
736096 4.200000 4.200000 4.080000 4.160000 9.600000e+03
736097 4.200000 4.200000 4.140000 4.150000 3.800000e+03
736098 4.160000 4.200000 4.080000 4.090000 7.760000e+04
736099 5.470000 6.300000 5.260000 5.500000 4.420600e+06
736102 5.510000 5.710000 5.410000 5.520000 6.134000e+05
736103 5.510000 5.920000 5.510000 5.900000 3.620000e+05
736104 5.930000 6.220000 5.890000 6.190000 5.604000e+05
736105 6.180000 6.380000 6.150000 6.360000 4.694000e+05
736106 6.350000 6.350000 6.120000 6.270000 2.545000e+05
736110 6.370000 6.880000 6.310000 6.790000 5.502000e+05
736111 6.950000 6.950000 6.630000 6.840000 2.379000e+05
736112 6.950000 7.060000 6.850000 7.040000 3.506000e+05
736113 7.080000 7.200000 6.710000 6.890000 3.258000e+05
736116 6.920000 7.000000 6.460000 6.910000 1.947000e+05
736117 6.920000 7.070000 6.760000 6.880000 2.105000e+05
736118 6.930000 6.970000 6.850000 6.950000 1.434000e+05
736119 6.950000 6.970000 6.680000 6.870000 9.100000e+04
736120 6.830000 6.960000 6.760000 6.900000 2.706000e+05
736123 6.970000 7.220000 6.930000 7.130000 3.115000e+05
736124 7.130000 7.510000 7.090000 7.510000 4.036000e+05
736125 7.550000 7.790000 7.420000 7.660000 3.913000e+05
736126 7.760000 8.000000 7.670000 7.960000 4.961000e+05
736127 7.960000 8.000000 7.750000 7.900000 2.697000e+05
736130 7.810000 7.940000 7.600000 7.730000 2.767000e+05
736131 7.600000 7.860000 7.500000 7.530000 3.247000e+05
736132 7.560000 7.710000 7.560000 7.590000 1.173000e+05
736133 7.630000 7.930000 7.500000 7.860000 2.232000e+05
736134 7.900000 7.900000 7.600000 7.840000 1.608000e+05
736137 7.720000 7.840000 7.240000 7.310000 3.770000e+05
736138 7.280000 7.660000 7.250000 7.600000 1.527000e+05
736139 7.660000 7.660000 7.350000 7.470000 1.256000e+05
736140 7.460000 7.730000 7.380000 7.470000 1.237000e+05
736141 7.450000 7.540000 7.290000 7.340000 1.531000e+05
736144 7.160000 7.300000 6.690000 6.800000 3.103000e+05
736145 6.770000 6.910000 6.420000 6.780000 2.943000e+05
736146 6.800000 7.020000 6.740000 6.940000 2.039000e+05
736147 6.970000 7.170000 6.870000 6.940000 1.241000e+05
736151 6.870000 6.900000 6.710000 6.880000 1.299000e+05
736152 6.850000 6.880000 6.720000 6.870000 1.160000e+05
736153 6.770000 6.960000 6.750000 6.940000 7.970000e+04
736154 6.940000 6.990000 6.770000 6.940000 1.368000e+05
736155 6.980000 6.990000 6.850000 6.850000 4.360000e+04
736158 6.850000 6.980000 6.810000 6.940000 6.150000e+04
736159 6.940000 7.030000 6.930000 6.980000 1.053000e+05
736160 6.990000 7.140000 6.780000 6.970000 6.080000e+04
736161 7.020000 7.040000 6.910000 7.020000 2.740000e+04
736162 7.020000 7.070000 6.950000 6.980000 1.103000e+05
736165 7.000000 7.090000 6.430000 6.550000 1.592000e+05
736166 6.400000 6.400000 6.000000 6.310000 2.191000e+05
736167 6.080000 6.550000 6.080000 6.380000 7.250000e+04
736168 6.350000 6.650000 6.330000 6.330000 1.236000e+05
736169 6.350000 6.600000 6.200000 6.310000 9.390000e+04
736172 6.260000 6.270000 5.900000 6.040000 1.610000e+05
736173 6.050000 6.230000 6.050000 6.130000 4.900000e+04
736174 6.130000 6.340000 6.110000 6.250000 6.470000e+04
736175 6.260000 6.540000 6.260000 6.410000 9.360000e+04
736176 6.450000 6.680000 6.330000 6.440000 1.012000e+05
736179 6.410000 6.590000 6.160000 6.200000 5.910000e+04
736180 6.180000 6.300000 6.160000 6.200000 5.600000e+04
736181 6.240000 6.560000 6.240000 6.460000 5.840000e+04
736182 6.430000 6.480000 6.100000 6.160000 1.394000e+05
736183 6.180000 6.200000 6.030000 6.120000 2.720000e+04
736186 6.120000 6.330000 6.120000 6.260000 4.420000e+04
736187 6.020000 6.290000 6.020000 6.180000 4.370000e+04
736188 6.180000 6.270000 6.090000 6.180000 5.940000e+04
736189 6.150000 6.330000 6.090000 6.160000 2.464000e+05
736190 6.800000 7.590000 6.680000 7.220000 1.076100e+06
736193 7.200000 7.590000 7.180000 7.240000 3.674000e+05
736194 7.260000 7.450000 6.740000 6.860000 1.803000e+05
736195 6.870000 7.020000 6.720000 6.920000 6.350000e+04
736196 6.860000 6.860000 6.360000 6.370000 1.982000e+05
736197 6.250000 6.420000 5.920000 6.030000 1.490000e+05
736200 5.550000 6.040000 5.460000 5.770000 1.061000e+05
736201 6.050000 6.120000 5.780000 5.790000 1.020000e+05
736202 6.000000 6.000000 5.740000 5.930000 5.530000e+04
736203 6.000000 6.250000 5.980000 6.120000 7.490000e+04
736204 6.080000 6.320000 6.060000 6.150000 9.410000e+04
736207 6.080000 6.280000 6.010000 6.070000 8.350000e+04
736208 5.920000 6.100000 5.920000 6.030000 6.260000e+04
736209 6.100000 6.150000 5.900000 6.080000 5.580000e+04
736210 6.150000 6.220000 6.130000 6.160000 5.590000e+04
736211 6.060000 6.250000 6.050000 6.070000 2.760000e+04
736215 6.180000 6.400000 5.930000 6.390000 1.715000e+05
736216 6.390000 6.510000 6.310000 6.350000 1.380000e+05
736217 6.500000 6.700000 6.450000 6.650000 3.224000e+05
736218 6.620000 7.060000 6.590000 6.950000 1.361000e+05
736221 6.940000 6.940000 6.590000 6.830000 2.151000e+05
736222 6.830000 7.210000 6.820000 7.030000 2.140000e+05
736223 7.060000 7.230000 6.820000 6.970000 1.908000e+05
736224 6.920000 7.110000 6.870000 6.920000 1.338000e+05
736225 6.810000 7.090000 6.810000 6.910000 1.376000e+05
736228 7.000000 7.130000 6.770000 7.060000 1.118000e+05
736229 7.010000 7.180000 6.930000 7.120000 9.090000e+04
736230 7.160000 7.320000 7.010000 7.150000 1.166000e+05
736231 7.130000 7.570000 7.090000 7.560000 1.119000e+05
736232 7.760000 7.850000 6.930000 7.000000 1.808000e+05
736235 7.000000 7.100000 6.330000 6.360000 2.181000e+05
736236 6.320000 6.760000 6.290000 6.490000 1.056000e+05
736237 6.620000 6.800000 6.580000 6.610000 1.987000e+05
736238 6.590000 6.800000 6.490000 6.710000 9.180000e+04
736239 6.570000 6.740000 6.460000 6.710000 9.570000e+04
736242 6.840000 6.890000 6.620000 6.670000 6.230000e+04
736243 6.680000 6.920000 6.550000 6.810000 1.053000e+05
736244 6.820000 6.950000 6.680000 6.810000 1.205000e+05
736245 6.890000 7.390000 6.880000 7.330000 1.549000e+05
736246 7.450000 7.710000 7.170000 7.610000 9.430000e+04
736249 7.730000 7.750000 7.350000 7.490000 1.520000e+05
736250 7.480000 7.600000 7.240000 7.300000 6.720000e+04
736251 7.300000 7.680000 7.140000 7.590000 9.930000e+04
736252 7.660000 8.590000 7.490000 8.200000 3.940000e+05
736253 8.340000 8.750000 8.210000 8.470000 3.148000e+05
736256 8.420000 9.350000 8.400000 8.990000 5.698000e+05
736257 9.220000 9.700000 8.990000 9.500000 3.975000e+05
736258 9.600000 9.600000 8.860000 9.320000 2.140000e+05
736259 9.370000 9.580000 8.860000 9.030000 3.392000e+05
736260 9.050000 10.450000 9.040000 10.240000 5.423000e+05
736263 10.430000 11.050000 10.240000 10.450000 5.719000e+05
736264 10.430000 10.450000 10.050000 10.310000 2.071000e+05
736265 10.210000 11.250000 10.200000 10.990000 3.286000e+05
736266 11.100000 11.490000 11.010000 11.230000 2.662000e+05
736267 11.270000 11.490000 10.650000 10.880000 2.352000e+05
736270 10.780000 11.890000 10.770000 11.550000 3.460000e+05
736271 11.720000 12.350000 11.620000 12.150000 5.257000e+05
736272 12.420000 12.650000 10.470000 11.360000 8.958000e+05
736273 11.470000 11.700000 10.850000 11.350000 1.821000e+05
736274 11.320000 11.500000 11.160000 11.250000 1.411000e+05
736277 11.190000 11.400000 10.690000 10.910000 2.166000e+05
736278 10.660000 11.130000 10.660000 11.020000 1.774000e+05
736279 11.050000 11.310000 10.730000 10.850000 2.613000e+05
736280 10.690000 10.740000 9.820000 10.280000 2.781000e+05
736281 8.590000 9.500000 6.900000 7.210000 1.311600e+06
736284 7.200000 7.670000 7.070000 7.220000 4.027000e+05
736285 7.260000 7.390000 6.980000 7.120000 2.482000e+05
736286 7.180000 7.360000 7.100000 7.330000 1.678000e+05
736287 7.210000 7.650000 7.200000 7.500000 1.782000e+05
736288 7.490000 7.490000 7.110000 7.200000 2.825000e+05
736291 7.190000 7.530000 7.190000 7.490000 1.957000e+05
736292 7.410000 7.720000 7.290000 7.620000 1.559000e+05
736293 7.670000 7.850000 7.620000 7.670000 1.460000e+05
736295 7.670000 7.740000 7.360000 7.370000 1.129000e+05
736298 7.360000 7.650000 7.260000 7.420000 1.302000e+05
736299 7.470000 7.660000 7.370000 7.520000 1.809000e+05
736300 7.520000 7.650000 7.220000 7.330000 2.154000e+05
736301 7.330000 7.500000 7.010000 7.070000 1.174000e+05
736302 7.110000 7.190000 6.550000 6.610000 4.727000e+05
736305 6.560000 6.780000 5.820000 5.870000 4.819000e+05
736306 5.750000 6.200000 5.750000 6.110000 1.235000e+05
736307 6.110000 6.310000 6.040000 6.060000 6.680000e+04
736308 6.040000 6.090000 5.670000 5.730000 1.692000e+05
736309 5.690000 5.730000 5.550000 5.600000 1.332000e+05
736312 5.670000 5.940000 5.500000 5.620000 1.538000e+05
736313 5.680000 6.080000 5.680000 5.860000 1.903000e+05
736314 5.970000 5.970000 5.760000 5.860000 8.070000e+04
736315 5.860000 5.920000 5.750000 5.810000 7.200000e+04
736316 5.770000 6.000000 5.660000 5.890000 1.637000e+05
736319 5.920000 6.180000 5.780000 6.040000 1.617000e+05
736320 6.040000 6.110000 5.800000 5.910000 8.170000e+04
736321 6.160000 6.400000 6.040000 6.340000 9.860000e+04
736322 6.360000 6.480000 6.330000 6.390000 2.780000e+04
736326 6.390000 6.450000 6.110000 6.230000 1.238000e+05
736327 6.300000 6.450000 6.160000 6.370000 1.006000e+05
736328 6.310000 6.490000 6.200000 6.200000 8.370000e+04
736329 6.200000 6.260000 6.070000 6.090000 4.560000e+04
736333 6.070000 6.070000 5.770000 5.990000 1.270000e+05
736334 6.020000 6.390000 5.990000 6.180000 9.610000e+04
736335 6.070000 6.300000 6.050000 6.160000 4.960000e+04
736336 6.040000 6.080000 5.750000 5.810000 1.001000e+05
736337 5.840000 6.000000 5.560000 5.610000 1.069000e+05
736340 5.610000 5.610000 5.240000 5.360000 1.596000e+05
736341 5.460000 5.500000 5.140000 5.490000 1.106000e+05
736342 5.520000 5.590000 5.180000 5.240000 3.760000e+04
736343 5.280000 5.600000 5.180000 5.570000 1.395000e+05
736344 5.330000 5.540000 5.210000 5.510000 7.130000e+04
736348 5.540000 5.640000 5.010000 5.110000 1.280000e+05
736349 5.020000 5.250000 4.870000 5.180000 1.186000e+05
736350 5.280000 5.320000 5.080000 5.210000 5.470000e+04
736351 5.390000 5.590000 5.390000 5.510000 5.970000e+04
736354 5.470000 5.640000 5.350000 5.380000 4.510000e+04
736355 5.420000 5.550000 5.330000 5.540000 5.080000e+04
736356 5.540000 5.570000 5.370000 5.400000 4.470000e+04
736357 5.500000 5.500000 5.360000 5.400000 6.810000e+04
736358 5.410000 6.280000 5.410000 6.150000 1.218000e+05
736361 6.100000 6.270000 5.820000 6.230000 1.669000e+05
736362 6.160000 6.160000 5.780000 5.850000 6.280000e+04
736363 5.930000 5.930000 5.450000 5.690000 6.770000e+04
736364 5.700000 5.840000 5.600000 5.720000 2.370000e+04
736365 5.700000 5.820000 5.500000 5.510000 5.130000e+04
736368 5.460000 5.500000 5.180000 5.240000 6.020000e+04
736369 5.170000 5.170000 4.980000 5.060000 6.560000e+04
736370 5.110000 5.200000 5.080000 5.140000 3.500000e+04
736371 5.000000 5.200000 4.820000 4.950000 8.340000e+04
736372 5.030000 5.200000 5.030000 5.200000 4.240000e+04
736376 5.250000 5.340000 5.080000 5.100000 5.020000e+04
736377 5.190000 5.190000 4.930000 4.940000 1.775000e+05
736378 5.000000 5.080000 4.940000 4.970000 5.580000e+04
736379 4.970000 5.010000 4.830000 4.890000 1.091000e+05
736382 4.900000 4.950000 4.810000 4.860000 1.261000e+05
736383 4.860000 4.900000 4.740000 4.740000 9.450000e+04
736384 4.710000 4.750000 4.620000 4.700000 9.760000e+04
736385 4.700000 4.900000 4.680000 4.870000 1.008000e+05
736386 4.900000 5.340000 4.850000 5.290000 1.608000e+05
736389 5.320000 5.820000 5.300000 5.700000 2.243000e+05
736390 5.840000 6.000000 5.520000 5.710000 8.390000e+04
736391 5.710000 5.910000 5.640000 5.720000 8.240000e+04
736392 5.710000 5.830000 5.690000 5.720000 6.060000e+04
736393 5.720000 5.920000 5.700000 5.730000 1.323000e+05
736396 5.710000 5.850000 5.670000 5.700000 5.970000e+04
736397 5.670000 6.150000 5.670000 5.870000 1.299000e+05
736398 5.930000 6.060000 5.790000 6.000000 1.028000e+05
736399 6.080000 6.250000 5.920000 6.140000 8.740000e+04
736400 6.170000 6.310000 6.090000 6.190000 1.822000e+05
736403 6.190000 6.240000 6.020000 6.040000 5.180000e+04
736404 6.020000 6.230000 5.640000 5.650000 1.409000e+05
736405 5.660000 5.830000 5.590000 5.790000 6.530000e+04
736406 5.820000 5.950000 5.800000 5.830000 8.710000e+04
736407 5.820000 5.890000 5.820000 5.830000 2.460000e+04
736410 5.830000 5.970000 5.710000 5.730000 7.360000e+04
736411 5.670000 5.970000 5.650000 5.740000 5.730000e+04
736412 5.670000 5.760000 5.600000 5.630000 3.020000e+04
736413 5.640000 5.740000 5.530000 5.720000 5.390000e+04
736417 5.770000 5.920000 5.660000 5.690000 3.700000e+04
736418 5.690000 6.140000 5.650000 5.900000 1.570000e+05
736419 5.950000 6.080000 5.710000 5.740000 6.280000e+04
736420 5.750000 6.060000 5.730000 5.920000 5.300000e+04
736421 5.850000 6.110000 5.800000 6.080000 3.600000e+04
736424 6.120000 6.620000 6.120000 6.310000 1.269000e+05
736425 6.260000 6.260000 5.760000 5.860000 9.100000e+04
736426 5.890000 5.990000 5.750000 5.950000 6.010000e+04
736427 5.950000 5.990000 5.760000 5.890000 4.410000e+04
736428 5.950000 6.100000 5.770000 5.810000 3.930000e+04
736431 5.840000 5.900000 5.740000 5.800000 3.790000e+04
736432 5.850000 5.870000 5.610000 5.720000 8.190000e+04
736433 5.800000 6.010000 5.780000 5.870000 6.460000e+04
736434 5.900000 6.110000 5.800000 5.870000 5.020000e+04
736435 5.890000 5.950000 5.720000 5.770000 6.130000e+04
736438 5.730000 5.930000 5.620000 5.710000 4.860000e+04
736439 5.760000 5.760000 5.440000 5.540000 8.140000e+04
736440 5.530000 5.850000 5.510000 5.780000 1.232000e+05
736441 5.790000 5.910000 5.730000 5.760000 2.260000e+04
736442 5.750000 6.170000 5.650000 6.120000 9.460000e+04
736445 6.150000 6.440000 6.120000 6.310000 1.508000e+05
736446 6.360000 6.360000 6.190000 6.230000 4.920000e+04
736447 6.230000 6.340000 6.130000 6.260000 3.870000e+04
736448 6.290000 6.310000 6.030000 6.080000 7.540000e+04
736449 6.090000 6.260000 6.030000 6.210000 4.080000e+04
736452 6.220000 6.220000 6.040000 6.120000 7.340000e+04
736453 6.090000 6.130000 5.900000 6.060000 4.180000e+04
736454 6.080000 6.100000 5.760000 5.910000 5.600000e+04
736455 5.950000 6.190000 5.830000 5.880000 9.050000e+04
736456 5.250000 5.640000 5.140000 5.190000 2.106000e+05
736459 5.120000 5.400000 5.110000 5.350000 4.380000e+04
736460 5.390000 5.500000 5.230000 5.380000 6.460000e+04
736461 5.300000 5.530000 5.300000 5.470000 5.890000e+04
736462 5.500000 5.570000 5.420000 5.430000 1.166000e+05
736463 5.500000 5.500000 5.270000 5.360000 6.870000e+04
736466 5.390000 5.410000 5.130000 5.210000 6.670000e+04
736467 5.210000 5.210000 5.020000 5.070000 1.018000e+05
736468 5.080000 5.330000 4.990000 5.130000 3.460000e+05
736469 5.110000 5.230000 4.860000 4.990000 1.757000e+05
736470 4.990000 5.270000 4.900000 5.180000 4.660000e+04
736473 5.250000 5.490000 5.200000 5.370000 6.620000e+04
736474 5.300000 5.570000 5.300000 5.470000 6.900000e+04
736475 5.550000 5.650000 5.230000 5.420000 5.210000e+04
736476 5.370000 5.480000 5.250000 5.400000 2.010000e+04
736477 5.370000 5.430000 5.330000 5.360000 2.610000e+04
736481 5.410000 5.410000 5.270000 5.300000 4.360000e+04
736482 5.550000 6.280000 5.550000 6.170000 2.496000e+05
736483 6.340000 6.340000 6.120000 6.150000 6.840000e+04
736484 6.120000 6.150000 5.890000 5.920000 9.150000e+04
736487 5.970000 6.190000 5.890000 6.060000 2.620000e+04
736488 6.010000 6.160000 5.910000 6.040000 4.080000e+04
736489 6.050000 6.180000 6.010000 6.020000 8.570000e+04
736490 5.980000 6.130000 5.980000 6.030000 4.110000e+04
736491 6.040000 6.090000 5.950000 5.990000 8.220000e+04
736494 6.010000 6.080000 5.720000 5.770000 7.230000e+04
736495 5.790000 5.950000 5.750000 5.780000 3.320000e+04
736496 5.820000 5.990000 5.760000 5.780000 2.110000e+04
736497 5.750000 5.850000 5.750000 5.810000 9.500000e+03
736498 5.790000 5.790000 5.710000 5.720000 1.770000e+04
736501 5.780000 5.920000 5.600000 5.630000 6.640000e+04
736502 5.670000 5.830000 5.600000 5.610000 3.570000e+04
736503 5.640000 5.710000 5.560000 5.640000 3.860000e+04
736504 5.720000 5.780000 5.630000 5.670000 2.800000e+04
736505 5.440000 5.630000 5.420000 5.470000 5.000000e+04
736508 5.500000 5.520000 5.250000 5.310000 5.760000e+04
736509 5.360000 5.540000 5.270000 5.280000 5.580000e+04
736510 5.370000 5.410000 5.270000 5.350000 3.910000e+04
736511 5.350000 5.630000 5.300000 5.580000 4.470000e+04
736512 5.620000 5.730000 5.510000 5.690000 3.280000e+04
736516 5.630000 5.670000 5.300000 5.600000 2.510000e+04
736517 5.640000 5.640000 5.380000 5.440000 1.470000e+04
736518 5.380000 5.560000 5.350000 5.380000 2.920000e+04
736519 5.380000 5.550000 5.380000 5.470000 2.060000e+04
736522 5.530000 5.580000 5.440000 5.470000 1.770000e+04
736523 5.500000 5.530000 5.450000 5.520000 3.200000e+04
736524 5.490000 5.590000 5.470000 5.500000 2.860000e+04
736525 5.540000 5.710000 5.490000 5.490000 3.630000e+04
736526 5.320000 5.520000 5.320000 5.400000 4.060000e+04
736529 5.380000 5.560000 5.360000 5.400000 1.106000e+05
736530 5.420000 5.790000 5.400000 5.640000 1.450000e+05
736531 5.710000 5.820000 5.610000 5.640000 7.150000e+04
736532 5.750000 5.870000 5.570000 5.590000 8.300000e+04
736533 5.610000 5.710000 5.460000 5.620000 6.030000e+04
736536 5.680000 5.810000 5.400000 5.430000 9.380000e+04
736537 5.430000 5.540000 5.370000 5.410000 8.950000e+04
736538 5.450000 5.470000 5.390000 5.390000 2.830000e+04
736539 5.480000 5.480000 5.210000 5.210000 1.084000e+05
736540 5.270000 5.320000 5.180000 5.240000 4.630000e+04
736543 5.250000 5.530000 5.250000 5.430000 6.770000e+04
736544 5.410000 5.650000 5.410000 5.560000 5.370000e+04
736545 5.520000 5.600000 5.300000 5.470000 1.078000e+05
736546 4.650000 4.750000 4.370000 4.390000 2.993000e+05
736547 4.390000 4.650000 4.390000 4.620000 1.624000e+05
736550 4.660000 4.670000 4.500000 4.600000 6.050000e+04
736551 4.570000 4.630000 4.330000 4.420000 9.950000e+04
736552 4.440000 4.520000 4.190000 4.510000 2.259000e+05
736553 4.510000 4.560000 4.480000 4.510000 2.800000e+04
736554 4.500000 4.510000 4.240000 4.370000 1.124000e+05
736557 4.340000 4.540000 4.300000 4.300000 6.380000e+04
736558 4.300000 4.530000 4.250000 4.470000 8.030000e+04
736559 4.420000 4.510000 4.320000 4.400000 6.000000e+04
736560 4.500000 4.500000 4.360000 4.400000 1.420000e+04
736561 4.440000 4.600000 4.410000 4.580000 4.910000e+04
736564 4.550000 4.550000 4.410000 4.500000 8.340000e+04
736565 4.470000 4.800000 4.470000 4.720000 1.832000e+05
736566 4.660000 4.840000 4.640000 4.680000 1.036000e+05
736567 4.690000 4.860000 4.650000 4.790000 3.090000e+04
736568 4.800000 4.950000 4.770000 4.860000 7.960000e+04
736571 4.880000 5.140000 4.850000 5.070000 3.490000e+04
736572 5.000000 5.220000 5.000000 5.050000 3.730000e+04
736573 5.010000 5.050000 4.970000 5.000000 9.200000e+03
736574 4.980000 5.160000 4.980000 5.110000 5.400000e+04
736575 5.150000 5.290000 5.090000 5.210000 4.330000e+04
736579 5.200000 5.200000 4.860000 5.000000 1.050000e+05
736580 5.020000 5.100000 4.910000 5.080000 1.141000e+05
736581 5.040000 5.090000 5.040000 5.070000 1.720000e+04
736582 5.000000 5.000000 4.840000 4.890000 4.380000e+04
736585 4.830000 5.130000 4.750000 5.000000 9.620000e+04
736586 5.000000 5.050000 4.730000 5.010000 6.290000e+04
736587 5.000000 5.010000 4.910000 4.920000 2.930000e+04
736588 4.880000 4.880000 4.630000 4.630000 7.660000e+04
736589 4.550000 4.770000 4.550000 4.720000 3.740000e+04
736592 4.770000 4.770000 4.450000 4.600000 1.515000e+05
736593 4.660000 4.800000 4.620000 4.780000 9.200000e+04
736594 4.760000 4.780000 4.450000 4.610000 1.304000e+05
736595 4.610000 4.710000 4.560000 4.670000 1.680000e+04
736596 4.680000 4.960000 4.680000 4.840000 6.470000e+04
736599 4.790000 4.790000 4.680000 4.710000 3.070000e+04
736600 4.690000 4.980000 4.690000 4.950000 6.490000e+04
736601 4.990000 5.170000 4.710000 4.790000 1.915000e+05
736602 4.820000 4.820000 4.680000 4.770000 3.000000e+04
736603 4.780000 4.940000 4.750000 4.920000 3.740000e+04
736606 4.870000 5.040000 4.870000 4.880000 2.240000e+04
736607 4.930000 5.000000 4.770000 4.850000 1.930000e+04
736608 4.970000 4.970000 4.710000 4.740000 4.170000e+04
736609 4.740000 4.750000 4.650000 4.730000 1.630000e+04
736610 4.700000 4.740000 4.670000 4.710000 3.610000e+04
736613 4.680000 4.740000 4.470000 4.570000 1.398000e+05
736614 4.600000 4.600000 4.410000 4.440000 1.042000e+05
736615 4.410000 4.680000 4.120000 4.170000 1.202000e+05
736616 4.150000 4.460000 4.150000 4.350000 7.560000e+04
736617 4.320000 4.430000 4.320000 4.400000 1.140000e+04
736620 4.350000 4.410000 4.250000 4.280000 3.280000e+04
736621 4.300000 4.500000 4.250000 4.450000 1.610000e+04
736622 4.400000 4.550000 4.350000 4.500000 3.260000e+04
736623 4.350000 4.500000 4.350000 4.450000 1.660000e+04
736624 4.350000 4.450000 4.350000 4.350000 2.750000e+04
736627 4.400000 4.500000 4.300000 4.450000 4.480000e+04
736628 4.500000 4.500000 4.400000 4.500000 1.500000e+04
736629 4.400000 4.450000 4.400000 4.400000 1.510000e+04
736630 4.500000 4.500000 3.950000 4.200000 1.381000e+05
736631 4.200000 4.450000 4.200000 4.250000 2.840000e+04
736634 4.200000 4.300000 4.150000 4.150000 4.570000e+04
736635 4.200000 4.300000 4.200000 4.250000 3.850000e+04
736636 4.250000 4.250000 4.200000 4.250000 4.300000e+03
736637 4.200000 4.250000 4.200000 4.200000 1.980000e+04
736638 4.350000 4.400000 4.100000 4.150000 1.204000e+05
736641 4.150000 4.300000 4.100000 4.100000 6.090000e+04
736642 4.100000 4.110000 3.950000 4.000000 7.390000e+04
736643 3.950000 4.000000 3.800000 3.850000 9.920000e+04
736644 3.950000 4.000000 3.800000 3.850000 8.910000e+04
736645 3.800000 4.600000 3.800000 4.600000 1.532000e+05
736648 4.350000 4.750000 4.350000 4.750000 7.840000e+04
736649 4.700000 5.100000 4.700000 5.050000 2.006000e+05
736650 5.050000 5.350000 5.000000 5.300000 1.040000e+05
736651 5.300000 5.450000 5.020000 5.350000 1.827000e+05
736652 5.350000 5.550000 5.350000 5.500000 9.720000e+04
736655 5.400000 5.750000 5.400000 5.700000 1.905000e+05
736656 5.700000 5.850000 5.700000 5.800000 1.348000e+05
736657 5.850000 5.850000 5.500000 5.700000 4.240000e+04
736659 5.650000 5.750000 5.500000 5.750000 1.270000e+04
736662 5.700000 5.850000 5.690000 5.850000 3.730000e+04
736663 5.900000 5.900000 5.730000 5.800000 1.520000e+04
736664 5.850000 5.850000 5.730000 5.800000 2.610000e+04
736665 5.750000 5.800000 5.650000 5.700000 7.070000e+04
736666 5.650000 5.650000 5.600000 5.600000 4.100000e+03
736669 5.650000 5.680000 5.600000 5.600000 3.930000e+04
736670 5.800000 5.950000 5.800000 5.900000 1.044000e+05
736671 5.900000 6.050000 5.900000 5.950000 4.140000e+04
736672 5.900000 5.950000 5.800000 5.850000 2.730000e+04
736673 5.850000 6.100000 5.850000 6.050000 2.580000e+04
736676 6.000000 6.100000 5.900000 6.100000 9.850000e+04
736677 6.060000 6.100000 6.000000 6.100000 9.490000e+04
736678 6.000000 6.150000 6.000000 6.100000 2.170000e+04
736679 6.150000 6.150000 6.050000 6.050000 3.080000e+04
736680 6.050000 6.150000 6.050000 6.100000 1.060000e+04
736683 6.050000 6.100000 6.050000 6.100000 3.120000e+04
736684 6.050000 6.150000 5.850000 5.950000 6.620000e+04
736685 5.900000 6.000000 5.850000 5.850000 2.950000e+04
736686 5.850000 5.900000 5.800000 5.850000 3.200000e+04
736687 5.800000 5.900000 5.800000 5.850000 1.220000e+04
736691 5.800000 5.850000 5.800000 5.850000 2.330000e+04
736692 5.800000 5.900000 5.800000 5.900000 1.310000e+04
736693 5.850000 5.850000 5.800000 5.800000 1.270000e+04
736694 5.800000 5.850000 5.800000 5.850000 1.560000e+04
736698 5.800000 5.950000 5.760000 5.950000 3.410000e+04
736699 5.850000 6.150000 5.850000 5.950000 5.460000e+04
736700 5.950000 6.000000 5.850000 5.850000 2.240000e+04
736701 5.800000 5.950000 5.800000 5.950000 1.180000e+04
736704 5.900000 5.960000 5.900000 5.900000 1.710000e+04
736705 5.850000 6.060000 5.850000 6.050000 3.020000e+04
736706 6.050000 6.350000 6.000000 6.100000 5.630000e+04
736707 6.000000 6.100000 5.910000 5.980000 6.350000e+04
736708 6.050000 6.250000 6.000000 6.050000 3.210000e+04
736712 5.950000 6.100000 5.950000 6.000000 2.680000e+04
736713 6.050000 6.050000 5.800000 5.850000 6.540000e+04
736714 5.850000 5.900000 5.800000 5.800000 2.570000e+04
736715 5.800000 6.050000 5.800000 5.850000 6.720000e+04
736718 5.850000 5.850000 5.800000 5.800000 2.350000e+04
736719 5.850000 6.300000 5.800000 6.230000 9.120000e+04
736720 6.200000 6.200000 5.800000 5.850000 7.180000e+04
736721 5.900000 6.050000 5.800000 5.800000 4.040000e+04
736722 5.850000 6.000000 5.800000 5.900000 4.230000e+04
736725 5.800000 6.000000 5.800000 5.900000 1.250000e+04
736726 5.850000 5.950000 5.800000 5.900000 1.380000e+04
736727 5.900000 5.950000 5.850000 5.950000 1.120000e+04
736728 5.900000 5.990000 5.850000 5.900000 2.360000e+04
736729 5.900000 5.900000 5.800000 5.800000 3.950000e+04
736732 5.850000 5.850000 5.600000 5.700000 3.320000e+04
736733 5.700000 5.800000 5.650000 5.700000 1.720000e+04
736734 5.750000 5.750000 5.650000 5.650000 3.060000e+04
736735 5.700000 5.900000 5.700000 5.850000 6.800000e+03
736736 5.900000 6.000000 5.830000 5.950000 3.400000e+03
736739 6.000000 6.000000 5.850000 5.950000 2.410000e+04
736740 5.950000 6.050000 5.900000 5.900000 1.290000e+04
736741 5.950000 6.000000 5.800000 5.900000 5.100000e+03
736742 5.950000 6.150000 5.900000 5.900000 1.270000e+04
736743 5.900000 5.900000 5.800000 5.850000 1.940000e+04
736747 5.800000 5.800000 5.700000 5.730000 4.830000e+04
736748 5.550000 5.600000 4.900000 5.000000 1.857000e+05
736749 4.900000 5.450000 4.900000 5.400000 6.640000e+04
736750 5.400000 5.400000 5.100000 5.200000 3.600000e+04
736753 5.150000 5.350000 5.100000 5.250000 1.110000e+04
736754 5.150000 5.250000 5.150000 5.150000 1.990000e+04
736755 5.100000 5.200000 5.100000 5.150000 1.960000e+04
736756 5.150000 5.170000 4.970000 5.100000 4.790000e+04
736757 5.000000 5.100000 5.000000 5.100000 1.300000e+04
736760 5.050000 5.150000 4.950000 5.000000 3.210000e+04
736761 4.950000 5.000000 4.850000 5.000000 3.070000e+04
736762 5.000000 5.000000 4.900000 5.000000 8.400000e+03
736763 5.000000 5.050000 4.900000 5.000000 1.070000e+04
736764 5.050000 5.200000 5.050000 5.100000 3.130000e+04
