736167 27.000000 27.450001 26.020000 27.200001 2.728530e+07
736168 28.059999 28.309999 26.700001 28.150000 2.973500e+06
736169 28.000000 28.230000 26.650000 26.799999 1.142500e+06
736172 26.540001 26.740000 25.600000 26.250000 1.602300e+06
736173 26.510000 26.510000 25.490000 25.740000 1.285100e+06
736174 25.690001 26.480000 25.469999 26.270000 6.150000e+05
736175 26.330000 27.520000 26.205000 27.209999 7.459000e+05
736176 27.480000 28.490000 27.309999 27.940001 9.694000e+05
736179 28.100000 28.450001 27.900000 28.260000 4.848000e+05
736180 28.500000 28.799999 27.650000 27.980000 5.877000e+05
736181 28.030001 28.040001 27.549999 27.780001 4.579000e+05
736182 27.309999 27.910000 27.020000 27.230000 5.138000e+05
736183 27.230000 28.090000 27.000000 27.580000 3.173000e+05
736186 27.299999 28.540001 27.250000 28.450001 4.885000e+05
736187 27.500000 28.160000 27.000000 27.299999 5.714000e+05
736188 27.000000 28.000000 26.870001 27.920000 7.092000e+05
736189 28.000000 28.020000 26.150000 26.770000 5.539000e+05
736190 27.000000 27.184000 25.049999 26.870001 1.386500e+06
736193 27.000000 27.250000 25.750000 26.389999 8.423000e+05
736194 26.150000 27.309999 26.000000 27.219999 7.315000e+05
736195 27.500000 28.200001 26.980000 27.350000 7.608000e+05
736196 27.030001 27.440001 26.200001 27.299999 4.633000e+05
736197 26.610001 27.549999 26.340000 26.910000 1.144800e+06
736200 24.549999 26.900000 24.500000 26.080000 6.627000e+05
736201 26.080000 27.260000 25.670000 26.000000 5.711000e+05
736202 26.690001 26.690001 25.670000 25.990000 3.878000e+05
736203 26.000000 27.280001 25.809999 26.049999 2.952000e+05
736204 26.480000 26.950001 25.510000 26.309999 3.454000e+05
736207 25.950001 26.246000 24.750000 25.549999 1.096800e+06
736208 24.900000 25.054001 24.250000 24.410000 1.084300e+06
736209 24.570000 24.570000 23.200001 23.440001 9.970000e+05
736210 23.620001 24.240000 23.350000 23.709999 1.020300e+06
736211 23.410000 24.180000 23.280001 23.450001 1.069800e+06
736215 23.760000 24.305000 22.950001 23.030001 1.655600e+06
736216 22.500000 23.040001 21.879999 22.219999 2.166700e+06
736217 22.070000 22.299999 21.469999 21.500000 1.912100e+06
736218 21.290001 21.700001 20.670000 21.040001 1.770400e+06
736221 21.000000 21.379999 20.990000 21.129999 8.485000e+05
736222 21.570000 22.660000 21.090000 22.520000 1.355100e+06
736223 22.629999 23.070000 22.200001 22.889999 1.195100e+06
736224 22.700001 23.240000 22.590000 22.700001 1.050200e+06
736225 22.180000 22.670000 20.450001 20.690001 4.316300e+06
736228 20.750000 21.169001 20.250000 20.450001 1.804600e+06
736229 20.070000 20.240000 19.209999 19.430000 2.179700e+06
736230 19.520000 20.170000 19.320000 20.010000 1.730500e+06
736231 19.750000 20.030001 19.260000 19.490000 9.306000e+05
736232 19.590000 19.820000 18.750000 18.980000 1.514800e+06
736235 18.799999 19.000000 17.809999 18.225000 2.090200e+06
736236 18.230000 18.344999 17.610001 17.730000 1.922100e+06
736237 17.910000 18.230000 17.730000 17.910000 6.088100e+06
736238 17.990000 18.030001 17.514999 17.730000 1.380000e+06
736239 17.490000 17.790001 17.090000 17.510000 1.907600e+06
736242 17.650000 18.840000 17.570000 17.940001 3.358400e+06
736243 17.950001 18.200001 17.024000 17.110001 2.490400e+06
736244 17.230000 17.650000 16.799999 17.500000 2.962600e+06
736245 17.520000 18.260000 17.370001 18.219999 1.358300e+06
736246 18.270000 18.895000 18.110001 18.730000 8.919000e+05
736249 19.639999 20.959999 19.510000 19.719999 2.690900e+06
736250 19.680000 19.830000 19.360001 19.510000 8.070000e+05
736251 19.480000 19.709999 19.260000 19.379999 6.013000e+05
736252 19.510000 19.809999 19.309999 19.700001 1.057000e+06
736253 19.590000 19.980000 19.500000 19.740000 8.317000e+05
736256 19.740000 19.930000 19.389999 19.610001 5.285000e+05
736257 19.650000 20.055000 19.350000 19.809999 1.323900e+06
736258 19.780001 19.830000 19.260000 19.340000 1.221200e+06
736259 19.440001 19.540001 19.120001 19.145000 5.396000e+05
736260 19.250000 19.882000 18.840000 19.139999 5.372000e+05
736263 19.250000 19.530001 17.980000 18.139999 1.601500e+06
736264 18.170000 18.200001 17.290001 17.440001 1.319800e+06
736265 17.559999 17.990000 17.290001 17.940001 7.528000e+05
736266 18.110001 18.340000 17.620001 17.930000 8.712000e+05
736267 17.910000 18.170000 17.400999 17.940001 1.164900e+06
736270 17.910000 18.780001 17.700001 18.520000 9.997000e+05
736271 18.600000 18.799999 17.910000 18.080000 1.435700e+06
736272 18.030001 18.445999 17.670000 18.170000 9.541000e+05
736273 18.219999 18.584999 17.990000 18.389999 1.089200e+06
736274 18.299999 18.629999 18.139999 18.459999 6.968000e+05
736277 18.459999 18.900000 18.010000 18.639999 1.438700e+06
736278 18.450001 18.850000 18.080000 18.260000 9.958000e+05
736279 18.209999 18.209999 17.500000 17.920000 1.577300e+06
736280 17.850000 18.075001 16.850000 17.100000 3.475700e+06
736281 18.830000 19.170000 16.219999 19.030001 6.628500e+06
736284 18.950001 19.299999 18.320000 18.590000 1.929600e+06
736285 18.540001 18.900000 17.610001 17.719999 1.673800e+06
736286 17.809999 17.840000 16.870001 17.040001 2.943700e+06
736287 16.959999 17.240000 16.700001 17.040001 9.667000e+05
736288 17.250000 17.250000 16.850000 17.090000 8.432000e+05
736291 17.110001 17.290001 16.740000 16.799999 7.761000e+05
736292 16.799999 18.340000 16.740000 18.260000 9.238000e+05
736293 18.129999 18.740000 17.959999 18.700001 1.126700e+06
736295 18.780001 19.000000 18.180000 18.500000 4.677000e+05
736298 18.490000 18.719999 17.879999 17.969999 8.500000e+05
736299 18.100000 18.379999 17.709999 17.770000 3.898000e+05
736300 17.840000 17.990000 17.010000 17.049999 5.182000e+05
736301 17.150000 17.150000 16.719999 17.000000 6.585000e+05
736302 16.969999 17.059999 16.570000 16.870001 6.109000e+05
736305 16.780001 17.000000 16.610001 16.940001 3.747000e+05
736306 16.750000 17.860001 16.530001 17.700001 7.120000e+05
736307 17.709999 17.850000 17.465000 17.709999 6.591000e+05
736308 17.700001 18.110001 17.525999 18.070000 5.979000e+05
736309 17.900000 18.230000 17.860001 17.980000 8.888000e+05
736312 18.000000 18.129999 17.500000 18.059999 9.937000e+05
736313 18.200001 18.610001 17.889999 17.950001 1.208800e+06
736314 18.000000 18.230000 17.559999 18.030001 8.675000e+05
736315 18.129999 18.730000 17.959999 18.490000 1.034500e+06
736316 18.600000 18.600000 17.719999 18.420000 8.152000e+05
736319 18.629999 18.690001 18.090000 18.660000 5.806000e+05
736320 18.610001 19.100000 18.549999 18.969999 9.717000e+05
736321 18.969999 19.360001 18.879999 19.250000 5.570000e+05
736322 19.250000 19.620001 19.160000 19.280001 3.177000e+05
736326 19.290001 19.709999 18.900000 19.309999 6.455000e+05
736327 19.280001 19.540001 18.680000 19.190001 9.014000e+05
736328 19.100000 19.100000 18.427000 18.520000 3.772000e+05
736329 18.440001 19.010000 18.440001 18.709999 3.960000e+05
736333 18.389999 18.559999 17.743000 18.320000 1.111600e+06
736334 18.299999 18.525000 17.790001 17.820000 5.961000e+05
736335 17.530001 18.049999 17.400000 17.980000 5.359000e+05
736336 17.610001 17.879999 17.309999 17.440001 5.195000e+05
736337 17.549999 17.760000 16.450001 16.809999 1.502600e+06
736340 16.850000 17.129999 16.100000 16.360001 8.839000e+05
736341 16.420000 16.740000 15.840000 16.100000 1.153300e+06
736342 16.090000 16.410000 15.850000 16.020000 9.865000e+05
736343 16.090000 16.660000 15.660000 16.320000 1.612200e+06
736344 15.870000 16.389999 15.870000 16.320000 1.130600e+06
736348 16.320000 16.620001 15.890000 16.379999 1.068400e+06
736349 16.139999 16.580000 15.605000 16.389999 1.149400e+06
736350 16.379999 16.850000 16.260000 16.430000 5.653000e+05
736351 16.719999 17.090000 16.570000 16.770000 6.476000e+05
736354 16.629999 16.910000 16.379999 16.719999 9.144000e+05
736355 16.730000 17.059999 16.469999 17.049999 1.193900e+06
736356 16.969999 17.290001 16.950001 17.190001 7.728000e+05
736357 17.250000 17.379999 16.860001 16.980000 7.930000e+05
736358 17.010000 17.400000 16.790001 17.020000 5.920000e+05
736361 16.950001 17.840000 16.940001 17.730000 6.912000e+05
736362 17.559999 17.830000 17.209999 17.650000 8.408000e+05
736363 17.770000 17.924999 17.299999 17.809999 7.163000e+05
736364 17.719999 18.070000 17.580000 17.790001 6.453000e+05
736365 17.809999 18.070000 17.650000 17.820000 6.244000e+05
736368 17.490000 17.594999 16.320000 16.799999 1.825600e+06
736369 16.629999 16.830000 16.150000 16.190001 1.272000e+06
736370 16.320000 16.590000 15.940000 16.059999 9.219000e+05
736371 15.730000 16.360001 15.190000 15.500000 9.540000e+05
736372 15.670000 16.860001 15.440000 16.690001 1.471900e+06
736376 16.910000 17.420000 16.530001 17.010000 9.251000e+05
736377 17.100000 18.230000 17.070000 18.010000 1.128200e+06
736378 18.000000 18.415001 17.330000 17.889999 4.500000e+05
736379 17.860001 17.934999 17.209999 17.750000 4.574000e+05
736382 17.520000 18.379999 17.469999 17.930000 5.336000e+05
736383 17.930000 18.190001 17.549999 17.600000 3.805000e+05
736384 17.440001 17.570000 17.030001 17.080000 4.416000e+05
736385 17.090000 17.719999 17.020000 17.590000 4.769000e+05
736386 17.879999 18.450001 16.719999 17.950001 6.364000e+05
736389 18.180000 18.530001 17.610001 18.299999 5.538000e+05
736390 18.450001 18.709999 17.809999 18.500000 7.529000e+05
736391 18.480000 18.885000 18.275000 18.700001 7.627000e+05
736392 18.730000 19.690001 18.540001 19.490000 1.348900e+06
736393 19.420000 19.870001 18.799999 19.299999 1.056900e+06
736396 19.120001 19.980000 19.010000 19.480000 1.251700e+06
736397 19.400000 19.464001 18.510000 18.559999 2.036500e+06
736398 21.660000 23.730000 21.240000 22.750000 1.070120e+07
736399 22.950001 23.639999 22.500000 23.330000 2.306300e+06
736400 23.459999 23.546000 22.820000 23.020000 1.132800e+06
736403 23.049999 23.600000 22.820000 23.410000 9.672000e+05
736404 23.410000 24.129999 23.049999 23.700001 8.861000e+05
736405 23.780001 24.280001 23.160000 23.950001 7.552000e+05
736406 23.900000 24.379999 23.730000 23.930000 7.278000e+05
736407 24.160000 24.690001 23.900000 24.480000 1.413400e+06
736410 24.580000 24.780001 24.252001 24.510000 7.094000e+05
736411 24.360001 25.000000 24.288000 24.950001 9.800000e+05
736412 24.820000 25.000000 24.500000 24.680000 1.019100e+06
736413 24.450001 25.049999 24.340000 24.910000 6.978000e+05
736417 24.840000 25.139999 24.520000 24.770000 4.262000e+05
736418 24.709999 25.500000 24.615000 25.389999 6.924000e+05
736419 24.719999 25.980000 24.719999 25.309999 6.855000e+05
736420 25.170000 25.840000 25.065001 25.660000 1.031600e+06
736421 25.379999 25.830000 25.129999 25.570000 1.048300e+06
736424 25.830000 25.930000 23.480000 23.639999 1.760500e+06
736425 23.500000 23.740000 22.639999 23.360001 1.315700e+06
736426 23.719999 24.209999 23.188999 23.920000 6.821000e+05
736427 23.629999 24.100000 23.459999 23.719999 7.576000e+05
736428 23.840000 24.400000 23.820000 23.900000 4.349000e+05
736431 24.040001 24.385000 23.700001 23.799999 4.066000e+05
736432 23.879999 24.340000 23.850000 24.190001 3.379000e+05
736433 24.340000 24.340000 23.740000 24.020000 4.644000e+05
736434 24.070000 24.280001 23.840000 24.100000 9.075000e+05
736435 23.969999 24.760000 23.900000 24.490000 6.676000e+05
736438 24.490000 24.879999 24.120001 24.750000 6.269000e+05
736439 24.820000 25.200001 24.610001 25.059999 9.326000e+05
736440 25.200001 25.375000 24.549999 24.879999 4.111000e+05
736441 25.059999 25.190001 24.299999 24.459999 4.032000e+05
736442 24.480000 25.000000 24.400000 24.889999 4.563000e+05
736445 24.900000 25.090000 24.680000 24.780001 2.696000e+05
736446 24.830000 25.250000 24.778000 25.150000 5.313000e+05
736447 25.240000 25.780001 25.120001 25.549999 8.284000e+05
736448 25.500000 25.750000 24.940001 25.010000 6.960000e+05
736449 24.980000 24.990000 24.590000 24.760000 4.846000e+05
736452 24.799999 25.049999 24.650000 24.889999 5.020000e+05
736453 24.400000 24.424999 23.400000 23.840000 1.178600e+06
736454 23.600000 24.170000 23.530001 24.030001 6.774000e+05
736455 24.200001 24.200001 23.260000 23.459999 6.643000e+05
736456 23.299999 23.770000 22.790001 23.230000 9.450000e+05
736459 23.100000 23.700001 22.889999 23.650000 7.023000e+05
736460 23.889999 24.459999 23.670000 23.879999 1.179300e+06
736461 25.590000 26.590000 24.920000 25.809999 3.254200e+06
736462 25.809999 26.809999 25.459999 26.610001 1.806600e+06
736463 26.750000 26.930000 26.290001 26.389999 9.394000e+05
736466 25.670000 26.040001 25.250000 25.900000 1.111700e+06
736467 25.900000 26.250000 25.500000 25.889999 1.339800e+06
736468 25.730000 26.049999 25.379999 25.629999 6.912000e+05
736469 25.590000 25.855000 25.260000 25.719999 4.226000e+05
736470 25.790001 26.280001 25.680000 26.049999 4.509000e+05
736473 26.129999 26.400000 25.900000 25.950001 3.954000e+05
736474 26.240000 26.436001 25.809999 25.820000 5.322000e+05
736475 25.990000 26.110001 25.610001 25.760000 6.611000e+05
736476 25.870001 26.230000 25.809999 25.940001 4.465000e+05
736477 26.030001 26.209999 25.879999 26.200001 4.602000e+05
736481 26.290001 26.730000 25.730000 25.840000 8.528000e+05
736482 25.490000 25.980000 25.139999 25.889999 5.959000e+05
736483 25.850000 26.490000 25.840000 26.350000 4.661000e+05
736484 26.410000 26.754999 26.020000 26.389999 4.611000e+05
736487 26.549999 26.600000 26.100000 26.139999 7.010000e+05
736488 26.120001 27.360001 26.000000 26.879999 1.926500e+06
736489 27.100000 27.370001 26.600000 26.770000 1.170200e+06
736490 26.700001 26.959999 24.930000 25.430000 2.115900e+06
736491 25.049999 25.240000 23.900999 24.480000 1.911300e+06
736494 24.110001 24.980000 23.790001 23.870001 1.334200e+06
736495 23.700001 24.045000 23.290001 23.639999 1.363700e+06
736496 23.760000 24.500000 23.655001 24.070000 8.586000e+05
736497 23.790001 24.709999 23.790001 24.670000 7.861000e+05
736498 24.549999 24.690001 24.190001 24.580000 1.691500e+06
736501 24.750000 25.469999 24.650000 24.879999 8.927000e+05
736502 24.889999 25.325001 24.799999 24.870001 4.931000e+05
736503 24.770000 24.969999 24.465000 24.600000 5.733000e+05
736504 24.690001 25.020000 24.650000 24.900000 4.242000e+05
736505 23.840000 24.740000 23.570000 24.030001 1.932900e+06
736508 23.730000 23.850000 22.980000 23.379999 1.038800e+06
736509 22.610001 23.500000 22.504999 23.200001 2.608900e+06
736510 23.250000 24.010000 22.799999 23.590000 1.172510e+07
736511 23.690001 23.920000 23.260000 23.340000 1.946300e+06
736512 23.440001 24.120001 23.160000 23.750000 9.104000e+05
736516 23.719999 24.000000 23.309999 23.620001 1.302500e+06
736517 23.430000 24.059999 23.340000 24.030001 1.537800e+06
736518 24.200001 25.299999 24.200001 25.200001 1.953500e+06
736519 25.299999 26.094999 25.268000 25.500000 3.503100e+06
736522 25.690001 25.969999 25.440001 25.930000 8.860000e+05
736523 26.110001 26.688999 25.540001 26.090000 1.119600e+06
736524 26.160000 26.160000 25.200001 25.500000 1.448000e+06
736525 25.760000 25.940001 25.070000 25.110001 9.491000e+05
736526 25.080000 25.290001 24.850000 24.850000 8.976000e+05
736529 25.180000 26.020000 24.610001 25.889999 9.539000e+05
736530 25.950001 26.000000 25.250000 25.750000 6.225000e+05
736531 25.860001 25.972000 25.660000 25.750000 6.432000e+05
736532 25.830000 26.000000 25.540001 25.610001 4.509000e+05
736533 25.540001 25.830000 25.200001 25.629999 6.941000e+05
736536 25.520000 25.809999 25.270000 25.490000 3.340000e+05
736537 25.500000 26.100000 25.421000 25.520000 3.855000e+05
736538 25.559999 25.660000 25.240000 25.389999 3.952000e+05
736539 25.440001 25.740000 25.219999 25.480000 3.848000e+05
736540 25.500000 26.000000 25.160000 25.680000 6.941000e+05
736543 25.650000 25.916000 25.389999 25.559999 4.288000e+05
736544 25.570000 25.809999 25.250000 25.780001 7.065000e+05
736545 25.690001 25.770000 25.299999 25.639999 4.756000e+05
736546 25.570000 26.250000 25.540001 26.090000 8.683000e+05
736547 26.110001 26.469999 25.950001 26.000000 8.841000e+05
736550 26.000000 26.520000 26.000000 26.370001 8.857000e+05
736551 26.570000 26.820000 26.270000 26.530001 8.444000e+05
736552 26.639999 27.139999 26.620001 26.840000 2.387100e+06
736553 27.340000 27.500000 24.860001 25.680000 4.991400e+06
736554 25.780001 26.570000 25.690001 26.389999 2.733200e+06
736557 26.340000 26.740000 26.180000 26.450001 9.522000e+05
736558 26.309999 26.559999 25.980000 26.090000 6.366000e+05
736559 26.160000 26.389999 25.719999 25.920000 5.777000e+05
736560 25.940001 26.379999 25.940001 26.340000 6.608000e+05
736561 26.200001 26.490000 26.094999 26.250000 6.432000e+05
736564 26.080000 26.570000 25.969999 26.280001 6.391000e+05
736565 26.410000 26.719999 26.200001 26.290001 6.226000e+05
736566 26.280001 26.450001 25.590000 25.680000 9.056000e+05
736567 25.680000 26.280001 25.420000 25.620001 1.052300e+06
736568 25.590000 26.080000 25.540001 25.780001 5.181000e+05
736571 25.830000 26.420000 25.740000 25.850000 1.078900e+06
736572 25.770000 26.180000 25.770000 25.860001 9.711000e+05
736573 25.889999 26.059999 25.480000 25.780001 1.104100e+06
736574 25.629999 25.930000 25.340000 25.400000 1.717300e+06
736575 25.570000 25.900000 25.466000 25.719999 6.675000e+05
736579 25.680000 26.010000 25.480000 25.980000 8.013000e+05
736580 25.940001 26.240000 25.440001 25.940001 1.670800e+06
736581 25.959999 26.559999 25.959999 26.270000 1.288100e+06
736582 26.490000 26.500000 25.459999 25.490000 9.959000e+05
736585 25.320000 26.180000 25.049999 26.090000 8.947000e+05
736586 24.549999 24.830000 24.010000 24.250000 9.831000e+06
736587 24.500000 24.965000 24.250000 24.650000 2.566600e+06
736588 24.780001 25.065001 24.559999 24.980000 1.672500e+06
736589 24.969999 25.139999 24.490000 24.760000 1.488900e+06
736592 24.790001 24.934999 24.190001 24.330000 1.720100e+06
736593 24.340000 24.600000 23.840000 24.190001 1.854600e+06
736594 24.209999 24.639999 24.030001 24.400000 1.427400e+06
736595 24.700001 24.700001 24.410000 24.410000 1.008500e+06
736596 24.270000 24.400000 23.660000 23.760000 2.382200e+06
736599 23.750000 23.959999 23.209999 23.360001 2.079900e+06
736600 23.459999 23.950001 23.240000 23.920000 1.257800e+06
736601 23.879999 24.139999 23.809999 24.000000 1.038700e+06
736602 23.930000 24.070000 23.650000 23.879999 1.303200e+06
736603 24.070000 24.139999 23.730000 23.760000 9.599000e+05
736606 23.799999 23.969999 23.590000 23.930000 6.595000e+05
736607 23.910000 24.080000 23.709999 23.709999 1.628100e+06
736608 24.230000 24.570000 23.930000 24.459999 6.195300e+06
736609 24.420000 24.650000 24.090000 24.500000 1.171900e+06
736610 24.459999 24.730000 24.170000 24.620001 1.057000e+06
736613 24.650000 24.940001 24.639999 24.850000 5.586000e+05
736614 24.690001 24.830000 24.370001 24.559999 8.685000e+05
736615 24.700001 24.730000 24.370001 24.600000 7.617000e+05
736616 24.389999 24.799999 24.266001 24.760000 6.523000e+05
736617 24.799999 25.000000 24.600000 24.790001 7.057000e+05
736620 24.670000 24.875000 24.559999 24.820000 9.229000e+05
736621 25.000000 25.049999 24.780001 25.020000 1.292700e+06
736622 25.100000 25.120001 24.680000 25.020000 9.043000e+05
736623 24.900000 25.110001 24.860001 25.010000 6.783000e+05
736624 25.020000 25.334999 24.825001 25.290001 6.208000e+05
736627 25.530001 25.719999 25.350000 25.610001 6.421000e+05
736628 25.840000 26.030001 25.570000 25.709999 6.148000e+05
736629 25.600000 25.701000 25.290001 25.530001 8.823000e+05
736630 25.639999 25.639999 24.959999 25.100000 1.219400e+06
736631 25.020000 25.440001 24.840000 24.920000 7.689000e+05
736634 24.990000 25.219999 24.740000 25.120001 8.270000e+05
736635 25.059999 25.270000 24.610001 24.860001 4.676000e+05
736636 24.850000 24.965000 24.549999 24.670000 9.014000e+05
736637 24.809999 25.110001 24.170000 24.250000 7.934000e+05
736638 24.190001 24.340000 23.969999 23.990000 8.273000e+05
736641 24.200001 24.680000 24.040001 24.379999 7.813000e+05
736642 24.240000 24.910000 24.139999 24.580000 1.047300e+06
736643 24.420000 24.469999 23.975000 24.170000 1.972000e+06
736644 24.200001 24.200001 23.340000 23.860001 2.467200e+06
736645 21.650000 23.809999 21.597000 23.290001 5.225200e+06
736648 23.270000 23.559999 22.500000 22.559999 1.616600e+06
736649 22.709999 22.770000 22.070000 22.100000 1.942500e+06
736650 22.090000 22.330000 22.010000 22.139999 1.153000e+06
736651 22.240000 22.355000 21.930000 22.250000 1.767300e+06
736652 22.299999 22.530001 22.120001 22.389999 1.628900e+06
736655 22.420000 22.910000 22.400000 22.730000 1.047700e+06
736656 22.740000 23.510000 22.695000 23.219999 1.501600e+06
736657 23.150000 23.559999 23.070000 23.549999 1.264400e+06
736659 23.650000 23.730000 23.459999 23.660000 5.508000e+05
736662 23.639999 23.799999 23.375000 23.500000 1.377700e+06
736663 23.389999 23.500000 23.059999 23.440001 1.038700e+06
736664 23.570000 23.790001 23.344999 23.430000 9.586000e+05
736665 23.469999 23.594999 23.100000 23.260000 1.745200e+06
736666 23.280001 23.520000 23.090000 23.410000 7.612000e+05
736669 23.540001 23.959999 23.459999 23.920000 7.078000e+05
736670 23.940001 23.959999 23.590000 23.950001 6.534000e+05
736671 23.969999 24.990000 23.850000 24.900000 1.362900e+06
736672 25.000000 25.080000 24.450001 24.520000 8.796000e+05
736673 24.650000 24.684999 24.490000 24.639999 3.775000e+05
736676 24.580000 24.950001 24.559999 24.709999 9.295000e+05
736677 24.809999 24.980000 24.379999 24.809999 8.222000e+05
736678 24.790001 24.889999 24.139999 24.230000 5.596000e+05
736679 24.309999 24.490000 24.170000 24.400000 5.146000e+05
736680 24.250000 24.990000 24.250000 24.750000 1.599400e+06
736683 24.870001 25.000000 24.450001 24.610001 8.782000e+05
736684 24.650000 24.750000 24.200001 24.480000 6.030000e+05
736685 24.480000 24.629999 24.430000 24.459999 5.343000e+05
736686 24.469999 24.680000 24.080000 24.129999 6.712000e+05
736687 24.090000 24.200001 23.990000 24.020000 5.750000e+05
736691 24.080000 24.590000 24.080000 24.459999 3.656000e+05
736692 24.570000 24.570000 23.980000 24.110001 2.558000e+05
736693 24.110001 24.225000 24.020000 24.200001 3.083000e+05
736694 24.150000 24.350000 23.950001 24.040001 4.664000e+05
736698 24.000000 24.559999 24.000000 24.469999 6.489000e+05
736699 24.570000 25.340000 24.549999 25.030001 1.042500e+06
736700 24.490000 24.950001 24.059999 24.850000 1.942500e+06
736701 24.920000 25.469999 24.731001 25.209999 9.507000e+05
736704 25.320000 25.549999 25.160000 25.330000 8.570000e+05
736705 25.290001 25.330000 24.840000 24.879999 7.657000e+05
736706 24.980000 25.090000 24.670000 24.830000 5.670000e+05
736707 24.860001 24.990000 24.540001 24.820000 7.560000e+05
736708 24.879999 25.020000 24.780001 24.900000 4.296000e+05
736712 24.959999 25.510000 24.840000 25.480000 9.241000e+05
736713 25.500000 25.629999 25.309999 25.490000 1.058500e+06
736714 25.490000 25.570000 25.340000 25.540001 1.147900e+06
736715 25.500000 25.959999 25.370001 25.549999 2.049900e+06
736718 25.520000 25.854000 24.600000 24.719999 9.813000e+05
736719 24.799999 24.950001 24.400000 24.870001 8.288000e+05
736720 25.000000 25.139999 24.580000 24.610001 7.359000e+05
736721 24.559999 25.480000 24.350000 24.580000 7.285000e+05
736722 24.549999 24.690001 24.209999 24.480000 4.377000e+05
736725 24.469999 24.580000 24.059999 24.299999 3.592000e+05
736726 24.230000 24.450001 24.100000 24.250000 6.576000e+05
736727 24.420000 24.750000 24.190001 24.670000 8.397000e+05
736728 24.719999 25.219999 24.610001 25.219999 8.312000e+05
736729 25.389999 25.480000 25.209999 25.410000 5.820000e+05
736732 25.430000 25.430000 24.530001 24.700001 4.922000e+05
736733 24.740000 25.100000 24.650000 24.910000 5.145000e+05
736734 24.850000 24.969999 24.320000 24.709999 5.562000e+05
736735 24.740000 25.320000 24.700001 25.270000 6.076000e+05
736736 25.370001 25.370001 25.160000 25.209999 5.882000e+05
736739 25.240000 25.240000 24.790001 24.840000 8.967000e+05
736740 24.879999 24.930000 24.480000 24.799999 5.620000e+05
736741 24.780001 25.299999 24.719999 25.250000 6.628000e+05
736742 25.250000 25.290001 24.910000 25.049999 9.041000e+05
736743 24.900000 25.065001 24.459999 24.850000 7.696000e+05
736747 24.969999 25.190001 24.879000 25.139999 7.572000e+05
736748 25.120001 25.320000 25.049999 25.209999 4.542000e+05
736749 25.299999 25.490000 25.129999 25.200001 8.257000e+05
736750 25.160000 25.209999 24.559999 24.950001 6.823000e+05
736753 24.799999 24.799999 24.180000 24.500000 1.232300e+06
736754 24.459999 24.940001 24.360001 24.440001 1.695100e+06
736755 25.030001 25.190001 23.799999 24.719999 1.974300e+06
736756 24.809999 25.030001 24.450001 24.549999 1.369400e+06
736757 24.469999 25.110001 24.146000 25.100000 2.108900e+06
736760 25.000000 25.040001 24.510000 24.549999 1.436400e+06
736761 24.530001 24.799999 24.209999 24.420000 1.218600e+06
736762 24.469999 24.650000 24.230000 24.379999 1.248200e+06
736763 24.430000 24.650000 24.238001 24.570000 1.064000e+06
736764 24.639999 24.895000 24.570000 24.590000 8.119000e+05
