736034 18.807003 18.807003 18.174834 18.273610 1.135927e+04
736035 18.273610 18.609449 18.273610 18.569938 1.293969e+04
736036 17.977282 18.619326 17.977282 18.471163 6.716786e+03
736039 18.224223 18.639083 18.026669 18.026669 5.136366e+03
736040 17.809363 19.330516 17.809363 18.807003 6.726664e+04
736041 18.797125 18.945289 18.777369 18.777369 2.074302e+04
736042 19.014432 19.103331 18.520551 18.569938 2.568183e+03
736043 18.767491 19.646599 18.767491 19.646599 3.467047e+04
736046 19.014432 19.261372 18.678592 19.053943 1.353235e+04
736047 19.251494 19.261372 19.231738 19.261372 1.185315e+03
736048 19.271250 19.271250 19.241617 19.261372 9.877627e+02
736049 19.261372 19.261372 19.261372 19.261372 0.000000e+00
736050 19.261372 19.261372 19.261372 19.261372 0.000000e+00
736053 19.261372 19.261372 19.261372 19.261372 0.000000e+00
736054 19.261373 19.261373 19.024310 19.024310 3.951051e+02
736055 19.024310 19.024310 19.024310 19.024310 0.000000e+00
736056 19.261372 19.587334 19.024309 19.379905 1.481644e+04
736060 19.281128 19.281128 18.085934 18.797125 9.383746e+03
736061 18.846512 18.974920 18.451407 18.767491 1.412501e+04
736062 19.192229 19.202108 18.767491 18.767491 1.303847e+04
736063 18.836634 19.261372 18.836634 19.211985 8.000878e+03
736064 19.281128 19.281128 19.281128 19.281128 9.877627e+01
736067 19.300884 19.300884 19.300884 19.300884 2.963288e+02
736068 18.224222 18.816878 18.224222 18.816878 8.791088e+03
736069 18.362508 18.757614 18.362508 18.718104 1.521155e+04
736070 18.372385 18.965044 18.372385 18.965044 1.343357e+04
736071 18.767491 19.518190 18.767491 19.261372 3.239862e+04
736074 19.488558 19.488558 18.856390 18.856390 5.926576e+02
736075 18.639083 19.231739 18.639083 19.231739 3.951051e+02
736076 19.113208 19.221861 18.866267 19.221861 1.777973e+03
736077 19.014432 19.350271 18.589694 18.698348 4.247380e+03
736078 19.014431 19.014431 18.619326 18.965044 3.555946e+03
736081 19.152718 19.152718 19.152718 19.152718 1.975525e+02
736082 19.261372 19.261372 18.629205 18.836634 1.590298e+04
736083 18.935411 19.251495 18.925533 18.935411 2.765736e+03
736084 18.747736 18.915656 18.036547 18.036547 5.827800e+03
736085 18.155077 18.668714 18.155077 18.520550 1.126049e+04
736088 18.224223 18.520550 17.967404 18.105690 2.094057e+04
736089 18.076056 18.767491 17.829115 18.767491 1.856994e+04
736090 18.293365 18.293365 18.095813 18.273610 1.847116e+04
736091 18.293365 18.372386 17.888383 18.372386 2.054546e+04
736092 17.987158 17.987158 17.987158 17.987158 1.975525e+02
736095 18.293365 18.471164 17.997036 18.036547 2.469407e+04
736096 18.352631 19.883662 18.322997 19.310760 7.032870e+04
736097 19.399658 19.399658 18.727979 19.083575 4.336278e+04
736098 18.994677 19.231739 18.974920 18.984798 1.353235e+04
736099 18.965044 19.053943 18.965044 19.004554 1.185315e+03
736102 19.024309 19.211985 18.688470 18.708226 1.718707e+04
736103 18.797125 18.797125 18.313121 18.313121 3.951051e+03
736104 18.332875 18.332875 17.671074 18.135324 4.553586e+04
736105 18.194589 18.569938 17.838993 18.135324 5.353674e+04
736106 18.105690 18.253855 18.105690 18.243976 2.963288e+02
736110 18.293365 18.293365 18.145201 18.234098 2.666959e+03
736111 17.918014 18.263732 17.592053 18.036547 3.358393e+03
736112 18.263732 18.263732 18.263732 18.263732 4.938813e+02
736113 17.918015 17.918015 17.918015 17.918015 1.975525e+02
736116 17.947647 18.184711 17.947647 18.066180 4.148603e+03
736117 18.006914 18.174834 18.006914 18.135324 9.877627e+02
736118 18.135324 18.135324 18.135324 18.135324 9.877627e+01
736119 17.838994 17.838994 17.838994 17.838994 9.877627e+01
736120 18.135324 18.135324 17.937770 17.937770 2.963288e+02
736123 18.174833 18.174833 17.700707 17.700707 1.274214e+04
736124 18.174833 18.174833 17.700707 17.730341 1.708829e+04
736125 17.967404 18.115567 17.611808 17.730341 2.370630e+04
736126 17.838993 18.174833 17.374745 17.730341 2.627449e+04
736127 17.582175 17.779728 17.582175 17.730341 5.531471e+03
736130 18.016791 18.016791 17.720463 17.730341 7.506996e+03
736131 18.115567 18.115567 17.542665 17.720463 9.186193e+03
736132 17.868627 17.868627 17.700707 17.730341 1.491522e+04
736133 17.779728 17.799483 17.651320 17.779728 2.024913e+04
736134 17.809362 18.115567 17.730341 17.730341 7.803325e+03
736137 17.750094 18.105690 17.750094 18.095812 2.864512e+03
736138 17.799484 17.799484 17.799484 17.799484 1.975525e+02
736139 18.095813 18.095813 17.730341 17.740217 5.037590e+03
736140 17.779728 17.779728 17.779728 17.779728 2.963288e+02
736141 18.105691 18.125446 17.740218 18.125446 2.222466e+04
736144 18.085934 18.085934 17.829116 17.829116 6.914339e+02
736145 18.066181 18.066181 17.611809 17.611809 1.580420e+03
736146 17.611809 17.611809 17.611809 17.611809 0.000000e+00
736147 17.710585 18.046425 17.710585 17.878505 6.914339e+02
736151 17.977282 18.115568 17.690830 17.759973 2.469407e+03
736152 17.759973 17.759973 17.759973 17.759973 0.000000e+00
736153 17.888383 17.888383 17.710585 17.710585 5.926576e+02
736154 17.769851 17.769851 17.769851 17.769851 9.877627e+01
736155 17.651320 18.066180 17.651320 18.066180 2.963288e+02
736158 17.769851 17.987158 17.700708 17.987158 1.284092e+03
736159 17.700707 17.878505 17.700707 17.868627 2.271854e+03
736160 17.710585 17.868627 17.710585 17.868627 1.975525e+03
736161 17.819240 17.819240 17.710585 17.710585 9.877627e+02
736162 17.641442 17.641442 17.641442 17.641442 9.877627e+01
736165 17.977282 17.977282 17.977282 17.977282 1.975525e+02
736166 17.710585 17.829116 17.680953 17.829116 6.914339e+02
736167 17.750095 17.750095 17.661196 17.671074 6.914339e+02
736168 17.641442 17.641442 17.641442 17.641442 9.877627e+02
736169 17.779728 17.779728 17.700707 17.700707 4.938813e+02
736172 17.700707 17.700707 17.700707 17.700707 0.000000e+00
736173 17.631564 18.026669 17.631564 17.779728 8.494759e+03
736174 17.779728 17.779728 17.779728 17.779728 0.000000e+00
736175 17.641442 17.918013 17.641442 17.848871 1.975525e+03
736176 17.750095 17.750095 17.661196 17.661196 1.185315e+03
736179 17.730341 17.730341 17.730341 17.730341 1.975525e+02
736180 17.947648 17.947648 17.740217 17.740217 5.926576e+02
736181 17.809363 17.819240 17.631564 17.799484 1.382868e+03
736182 17.779728 17.868627 17.779728 17.868627 1.284091e+03
736183 17.957526 18.056303 17.957526 18.056303 8.889864e+02
736186 18.056303 18.056303 18.056303 18.056303 0.000000e+00
736187 17.809362 17.809362 17.809362 17.809362 1.975525e+02
736188 17.680952 17.710585 17.651320 17.651320 1.086539e+03
736189 17.829115 18.026669 17.829115 18.026669 3.951051e+02
736190 17.977282 18.056303 17.927893 18.056303 6.914339e+02
736193 17.799483 18.016791 17.799483 18.016791 1.185315e+03
736194 18.016791 18.016791 18.016791 18.016791 0.000000e+00
736195 18.016791 18.016791 18.016791 18.016791 0.000000e+00
736196 18.026669 18.026669 18.016791 18.026669 2.173078e+03
736197 17.858749 17.997035 17.809362 17.809362 6.716786e+03
736200 17.631564 17.997035 17.117927 17.967404 1.679197e+03
736201 18.026669 18.026669 17.661195 17.779728 3.951051e+03
736202 17.878504 17.888383 17.680952 17.779728 2.064424e+04
736203 17.779729 17.799484 17.769851 17.799484 8.198430e+03
736204 17.779729 17.987158 17.671074 17.671074 8.563903e+04
736207 17.631564 17.977282 17.631564 17.957526 9.877627e+02
736208 17.631564 17.977282 17.631564 17.947648 1.284091e+03
736209 17.987157 18.016791 17.799483 17.809362 3.654722e+03
736210 17.809362 17.977282 17.690830 17.977282 1.363113e+04
736211 17.710585 18.273610 17.710585 18.085934 6.420458e+03
736215 18.145202 18.145202 17.631564 17.878505 1.126049e+04
736216 17.552543 17.769851 17.532788 17.690830 6.815563e+03
736217 17.779728 18.718104 17.779728 18.718104 9.581298e+03
736218 18.520551 18.866268 18.293366 18.866268 1.017396e+04
736221 18.984798 19.547825 18.520550 19.379905 1.037151e+04
736222 18.984797 19.350271 18.293365 18.678592 1.056906e+04
736223 18.718104 19.291006 18.648958 18.708226 7.111891e+03
736224 18.095812 19.251494 18.095812 18.915655 1.284091e+04
736225 18.658837 19.142840 17.829116 17.829116 2.449652e+04
736228 18.668714 19.014431 18.214344 18.668714 7.408220e+03
736229 19.192229 19.192229 18.105690 18.115568 5.630247e+03
736230 18.224222 18.224222 18.026668 18.145201 1.086539e+03
736231 18.026670 18.145202 17.809363 18.046425 3.160841e+03
736232 17.888383 18.026669 17.799483 17.809362 2.568183e+03
736235 17.858749 18.026668 17.769850 18.006913 1.708829e+04
736236 18.006914 18.737857 18.006914 18.273610 2.074302e+03
736237 18.164955 18.164955 18.056303 18.056303 4.938813e+02
736238 18.125446 18.125446 17.878505 17.878505 1.975525e+02
736239 17.809363 18.846512 17.779729 17.957526 4.978324e+04
736242 18.174833 18.668715 18.026669 18.026669 2.508917e+04
736243 18.273610 18.273610 18.026669 18.085934 1.135927e+04
736244 18.046424 18.471163 18.046424 18.105690 8.692312e+03
736245 18.204466 18.243975 17.927892 17.927892 8.000877e+03
736246 17.898260 18.026669 17.829115 17.937770 3.259617e+03
736249 17.997036 18.006914 17.908137 17.908137 2.568183e+03
736250 17.927893 18.026669 17.878505 18.026669 1.185315e+03
736251 19.063819 19.063819 17.779728 17.789606 7.704549e+03
736252 17.799483 19.103330 17.779728 18.016791 8.000878e+03
736253 18.273609 18.273609 18.016791 18.016791 1.284091e+03
736256 17.878505 17.977282 17.819240 17.977282 1.481644e+03
736257 17.977282 17.977282 17.779729 17.908137 8.791088e+03
736258 17.908137 18.174834 17.908137 18.046425 4.425177e+04
736259 18.125445 18.273609 18.026668 18.224222 2.271854e+03
736260 17.987157 18.510672 17.927892 18.224222 2.182955e+04
736263 18.243975 18.372385 17.997035 18.066180 6.618010e+03
736264 18.145201 18.164954 18.076056 18.095812 1.395709e+05
736265 18.125446 18.648959 18.125446 18.648959 4.938814e+03
736266 18.273610 19.172474 18.273610 19.083575 2.864512e+03
736267 19.231739 19.231739 18.471164 19.103331 6.914339e+03
736270 19.142839 19.231738 18.777368 19.123086 5.175876e+04
736271 19.034187 19.162596 18.797125 19.014432 4.681995e+04
736272 19.014432 19.192229 18.915655 19.053943 2.597816e+04
736273 19.132964 19.231738 18.886023 19.083575 1.521155e+04
736274 18.984798 19.310759 18.984798 19.211985 7.506996e+03
736277 19.429292 19.755254 19.281128 19.755254 1.837239e+04
736278 19.626845 19.755253 19.113208 19.735498 1.145805e+04
736279 19.735498 19.755253 19.458925 19.626845 2.864512e+03
736280 19.498436 19.755254 19.300884 19.755254 1.195193e+04
736281 19.399658 19.666355 19.123086 19.419414 5.235142e+03
736284 19.034187 19.715742 18.876146 18.876146 5.136366e+03
736285 19.044066 19.211986 18.876146 19.073697 2.963288e+03
736286 18.895898 19.537946 18.866267 19.409536 6.420457e+03
736287 19.370027 19.567578 19.073696 19.508313 1.185315e+03
736288 19.053943 19.666355 19.053943 19.567578 1.481644e+03
736291 19.231739 19.498436 19.044066 19.300884 1.165560e+04
736292 19.172474 19.172474 19.014432 19.014432 3.160841e+03
736293 19.113208 19.686110 19.113208 19.458926 1.807606e+04
736295 19.458926 19.577456 19.024309 19.261372 4.642485e+03
736298 19.646599 19.646599 19.330516 19.458926 3.358393e+03
736299 19.419414 19.626845 19.083575 19.626845 1.303847e+04
736300 19.597212 19.597212 19.123087 19.271250 1.017396e+04
736301 19.281128 19.518191 19.152718 19.458926 5.926576e+02
736302 19.518190 19.666355 19.132964 19.370027 5.729024e+03
736305 19.360149 19.360149 19.182352 19.182352 9.877627e+02
736306 19.123087 19.162596 19.063819 19.142840 8.692312e+03
736307 19.370613 19.420131 19.311195 19.420131 3.069985e+03
736308 19.420131 19.420131 19.311195 19.410227 4.456430e+03
736309 19.083422 19.469646 19.063616 19.231970 2.455988e+04
736312 19.231970 19.647903 19.212163 19.538968 9.209955e+03
736313 19.608290 19.608290 19.212164 19.558775 8.516732e+03
736314 19.638000 19.638000 19.261681 19.281485 2.673858e+03
736315 19.301292 19.519161 19.212163 19.311195 1.198284e+04
736316 19.261680 19.727128 19.261680 19.261680 2.772890e+03
736319 19.321099 19.489453 19.311196 19.449839 1.980635e+03
736320 19.311196 19.697419 19.301292 19.331002 9.209955e+03
736321 19.439936 19.618193 19.410227 19.558775 3.961271e+03
736322 19.548871 19.756839 19.420131 19.420131 9.903177e+02
736326 19.410227 19.687515 19.410227 19.529064 4.753525e+03
736327 19.489453 19.766741 19.420132 19.558775 1.138865e+04
736328 19.687515 19.687515 19.509260 19.608290 4.951589e+03
736329 19.727129 19.727129 19.469647 19.657807 1.881604e+04
736333 19.687515 19.687515 19.459743 19.608290 9.110923e+03
736334 19.737032 19.737032 19.459743 19.618193 1.683540e+03
736335 19.598389 19.608290 19.529064 19.568678 4.159334e+03
736336 19.697418 19.796451 19.509260 19.568678 8.516732e+03
736337 19.459743 19.608290 19.459743 19.608290 7.427383e+03
736340 19.737032 19.806354 19.578581 19.707322 6.932224e+03
736341 19.608289 19.707322 19.479549 19.707322 4.456430e+03
736342 19.608289 19.608289 19.014100 19.459742 3.218532e+04
736343 19.370613 19.390420 19.261680 19.311195 4.476236e+04
736344 19.291389 19.390421 19.261681 19.271582 8.813828e+03
736348 19.538967 19.578580 19.212163 19.291388 5.446747e+03
736349 19.212163 19.548871 19.212163 19.301292 1.851894e+04
736350 19.331001 19.400324 19.212163 19.311195 2.921437e+04
736351 19.311195 19.410227 19.291389 19.311195 1.356735e+04
736354 19.261680 19.509259 19.261680 19.509259 6.040938e+03
736355 19.400324 19.449839 19.261681 19.331002 2.475794e+04
736356 19.311195 19.331001 19.251777 19.311195 3.456209e+04
736357 19.311195 19.479549 19.212164 19.350809 3.129404e+04
736358 19.311195 19.677614 19.241873 19.311195 2.327247e+04
736361 19.400324 19.400324 19.241873 19.311195 1.544896e+04
736362 19.311195 19.410227 19.271581 19.311195 6.139970e+03
736363 19.321099 19.331002 19.261681 19.331002 4.951589e+03
736364 19.261680 19.311195 19.261680 19.311195 2.178699e+03
736365 19.311195 19.311195 19.261680 19.261680 3.862239e+03
736368 19.212163 19.311195 19.212163 19.311195 7.625446e+03
736369 19.261680 19.311195 19.251777 19.251777 3.069985e+03
736370 19.360991 19.360991 19.291490 19.341134 3.673624e+03
736371 19.271634 19.291491 18.924128 18.924128 3.097759e+04
736372 19.162417 19.351063 19.162417 19.221991 2.482178e+03
736376 19.162417 19.360992 19.162417 19.360992 1.171588e+04
736377 19.301421 19.360993 19.162417 19.172346 2.581466e+03
736378 19.162417 19.360992 18.874485 19.261705 5.361506e+03
736379 19.341134 19.440421 19.182275 19.351063 1.479378e+04
736382 19.241846 19.847499 19.241846 19.559567 5.758654e+03
736383 19.728356 19.758141 19.360992 19.609210 6.850813e+03
736384 19.440422 19.648926 19.440422 19.609210 1.221232e+04
736385 19.460279 19.609210 19.460279 19.609210 6.850813e+03
736386 19.609210 19.619139 19.539709 19.609210 2.442464e+04
736389 19.539709 19.609210 19.440422 19.440422 7.148674e+03
736390 19.480137 19.589352 19.450350 19.559567 6.652238e+03
736391 19.549638 19.609209 19.440421 19.549638 4.666495e+03
736392 19.490065 19.817712 19.490065 19.519852 3.177189e+03
736393 19.490065 19.609210 19.291491 19.370921 8.737268e+03
736396 19.311349 19.599281 19.311349 19.390779 3.077901e+03
736397 19.599282 19.609211 19.321277 19.321277 5.162931e+03
736398 19.430494 19.609211 19.410635 19.420564 2.581466e+03
736399 19.529781 19.539709 18.348264 19.410635 1.096130e+05
736400 19.609210 19.609210 19.400708 19.579423 2.978614e+03
736403 19.609210 19.609210 19.380850 19.470209 6.255090e+03
736404 19.559567 19.648926 19.559567 19.569494 7.148674e+03
736405 19.559568 19.609211 19.529781 19.529781 8.836556e+03
736406 19.559567 19.599281 19.559567 19.559567 2.879327e+03
736407 19.579423 19.609210 19.370921 19.370921 4.666496e+03
736410 19.410635 19.599282 19.410635 19.410635 5.659367e+03
736411 19.579422 19.589352 19.370920 19.589352 6.652238e+03
736412 19.579423 19.787927 19.579423 19.609210 2.184317e+03
736413 19.609210 19.609210 19.529780 19.609210 3.673624e+03
736417 19.609210 19.609210 19.569494 19.609210 1.191446e+03
736418 19.609210 19.728355 19.539709 19.569494 1.757382e+04
736419 19.648926 19.648926 19.519852 19.519852 9.829427e+03
736420 19.599281 19.609210 19.420563 19.430493 7.446535e+03
736421 19.609210 19.609210 19.519852 19.519852 2.641038e+04
736424 19.609211 19.609211 19.539710 19.539710 1.072301e+04
736425 19.609209 19.609209 19.549638 19.549638 3.276475e+03
736426 19.549639 19.648926 19.460280 19.480138 8.637981e+03
736427 19.599281 19.609210 19.470209 19.609210 4.070773e+03
736428 19.609210 19.609210 19.559567 19.609210 6.354377e+03
736431 19.609210 19.648926 19.589352 19.638997 6.145874e+04
736432 19.609210 19.648926 19.519851 19.638997 2.184317e+04
736433 19.658853 19.837571 19.629068 19.738283 7.843684e+03
736434 19.748212 19.946787 19.718428 19.946787 2.770111e+04
736435 19.956716 20.810584 19.917000 19.917000 1.022658e+04
736438 19.946786 19.946786 19.619139 19.847499 2.740325e+04
736439 19.946787 20.790729 19.946787 20.195005 1.231161e+04
736440 20.284363 20.294293 19.718428 20.195005 1.360234e+04
736441 20.145362 20.343935 20.145362 20.343935 5.957228e+03
736442 20.353864 20.800657 20.353864 20.780799 4.865070e+03
736445 20.731154 20.850300 20.701369 20.840371 1.270875e+04
736446 20.721226 20.850299 19.996428 20.631868 1.767311e+04
736447 20.343935 20.353864 20.085788 20.343935 6.354377e+03
736448 20.353864 21.019088 20.353864 20.691440 9.630853e+03
736449 20.552439 20.552439 20.393580 20.552439 5.460793e+03
736452 20.393579 21.058801 20.393579 20.880086 1.608452e+04
736453 20.602081 20.860228 20.582224 20.850299 1.260947e+04
736454 20.929729 20.929729 20.681511 20.751012 1.181517e+04
736455 20.711298 20.751012 20.403506 20.582224 9.630853e+03
736456 20.711298 20.899942 20.612010 20.850299 7.446535e+03
736459 20.800657 20.949587 20.423365 20.939658 1.211303e+04
736460 20.899942 21.068730 20.899942 21.048875 1.241089e+04
736461 20.999231 21.316949 20.999231 21.197805 8.439407e+03
736462 21.157996 22.183055 21.028619 21.645645 5.264619e+04
736463 21.615788 22.063629 21.615788 21.844686 1.134530e+04
736466 21.804877 22.501520 21.804877 22.153198 1.433091e+04
736467 22.153199 22.382095 21.366988 21.366988 6.966415e+03
736468 21.406796 22.043726 21.187853 21.695404 1.492803e+04
736469 21.486412 21.894445 21.327180 21.745165 1.283811e+04
736470 21.735212 21.755117 21.406796 21.546124 7.762576e+03
736473 21.595886 21.924303 21.516270 21.675502 7.165455e+03
736474 21.844687 21.904398 21.496365 21.496365 5.871692e+03
736475 21.894445 21.894445 21.645645 21.715309 9.752980e+03
736476 21.844686 21.894445 21.715309 21.755118 6.070733e+03
736477 21.595886 21.854636 21.426701 21.705356 7.563536e+03
736481 21.585934 21.665550 21.267470 21.406797 1.054914e+04
736482 21.416749 21.595886 21.396845 21.486413 8.359698e+03
736483 21.506317 21.595886 21.217708 21.347085 4.976010e+03
736484 21.277419 21.376941 20.978860 21.098285 7.961617e+03
736487 21.426701 21.436653 20.700202 21.217708 2.000356e+04
736488 21.068427 21.595885 21.068427 21.516269 1.035010e+04
736489 21.566029 21.585934 21.416749 21.556077 3.383687e+03
736490 21.566028 21.585933 21.376940 21.376940 8.757778e+03
736491 21.357036 21.864589 21.148044 21.496365 6.866894e+03
736494 21.138092 21.426702 20.550923 20.620586 2.040164e+04
736495 20.550923 20.700202 20.401643 20.620586 2.338725e+04
736496 20.620585 21.874541 20.521067 20.929100 3.732008e+04
736497 20.610634 21.625741 20.451402 20.531018 1.044962e+04
736498 20.660395 20.889291 20.491211 20.690252 7.026127e+04
736501 20.909196 21.008717 20.511116 20.531018 3.523015e+04
736502 20.859435 21.028620 20.481259 20.789771 2.567621e+04
736503 20.759916 21.516269 20.759916 21.317228 2.199397e+04
736504 21.546125 21.894445 21.366987 21.775020 3.612583e+04
736505 21.566029 21.974062 20.899243 21.685454 5.238744e+05
736508 21.695404 24.730771 21.088332 21.337133 3.732008e+04
736509 21.566028 21.894445 21.566028 21.884493 2.896038e+04
736510 21.894445 21.894445 21.446603 21.755118 1.811268e+04
736511 21.804878 22.193006 21.287372 21.954157 3.493159e+04
736512 22.153198 22.242767 21.685454 21.984014 1.612227e+04
736516 21.675502 22.342287 21.675502 22.302478 2.229253e+04
736517 22.282573 23.327537 22.043725 22.810031 2.428293e+04
736518 22.800079 22.859790 22.591088 22.800079 6.369293e+03
736519 22.859790 23.287728 22.242766 22.660751 2.637285e+04
736522 22.491567 23.148400 22.202957 22.561231 3.274215e+04
736523 22.541328 22.839889 22.342288 22.700559 1.044962e+04
736524 22.601038 22.989168 22.382095 22.571183 1.821220e+04
736525 22.750320 23.307633 22.471663 22.561231 3.314023e+04
736526 22.640847 22.680656 22.521422 22.640847 1.194242e+04
736529 22.521421 22.740366 22.312429 22.620942 2.348677e+04
736530 22.392047 22.640847 22.392047 22.610990 1.293763e+04
736531 22.660751 22.670704 22.471663 22.630895 8.757778e+03
736532 22.591088 22.640847 22.441806 22.640847 8.757778e+03
736533 22.640847 22.640847 22.471663 22.601038 9.952021e+03
736536 22.640847 22.640847 22.431856 22.640847 9.852500e+03
736537 22.640847 22.670704 22.571183 22.640847 1.184290e+04
736538 22.640847 22.640847 22.342287 22.392046 1.492803e+04
736539 22.491567 22.491567 21.884494 21.944205 8.260177e+03
736540 21.944205 21.964110 21.725262 21.904398 8.757778e+03
736543 21.984013 21.984013 21.645645 21.804877 9.952021e+03
736544 21.854636 21.884493 21.665549 21.665549 4.279369e+03
736545 21.765070 21.894445 21.695404 21.894445 4.876490e+03
736546 21.914349 21.914349 21.784972 21.894445 3.085126e+03
736547 21.964109 22.013870 21.755118 21.894445 2.040164e+04
736550 21.695404 21.944205 21.695404 21.944205 1.821220e+04
736551 21.954157 21.984014 21.884494 21.914350 7.364495e+03
736552 21.944204 21.944204 21.834734 21.834734 8.260177e+03
736553 21.884493 21.894445 21.824781 21.884493 4.279369e+03
736554 21.874541 21.974061 21.775020 21.964109 9.653460e+03
736557 21.984014 22.143246 21.904398 22.093487 1.244003e+04
736558 22.013871 22.013871 21.765071 21.954157 6.369293e+03
736559 21.595886 21.993966 21.575981 21.904398 5.871692e+03
736560 21.635693 21.984014 21.625741 21.944205 5.672652e+03
736561 21.954157 22.153198 21.655597 21.984014 1.383331e+04
736564 21.914350 22.093487 21.884494 22.013871 4.876490e+03
736565 22.043725 22.043725 21.755117 22.003918 6.468813e+03
736566 22.023820 22.043725 21.984013 22.043725 6.369293e+03
736567 22.043726 22.103437 22.043726 22.093487 4.976010e+03
736568 22.043726 22.242766 22.043726 22.163150 4.677450e+03
736571 22.103437 22.342287 21.804877 22.332335 1.234051e+04
736572 22.431855 22.431855 22.302478 22.421903 9.752980e+03
736573 22.511472 22.511472 21.506318 22.322383 5.573132e+03
736574 22.342287 22.481614 22.133293 22.461710 6.369293e+03
736575 22.551279 22.640847 22.481615 22.640847 5.672652e+03
736579 22.680656 23.019023 22.680656 22.989168 1.333571e+04
736580 22.939406 22.969263 22.800079 22.849838 1.204194e+04
736581 22.650799 22.909551 22.650799 22.889647 5.175051e+03
736582 22.839888 22.889647 22.023820 22.839888 7.961616e+03
736585 22.839888 22.889647 22.800079 22.889647 8.260177e+03
736586 22.859790 22.889647 22.650799 22.839888 7.862096e+03
736587 22.899599 22.989167 22.750320 22.849838 4.478409e+03
736588 22.760272 22.989167 22.740367 22.879695 5.672652e+03
736589 22.989168 23.038928 22.839889 22.989168 1.950596e+04
736592 22.989169 23.218065 22.740368 22.740368 8.061137e+03
736593 22.969264 22.989168 22.800080 22.859791 3.980808e+03
736594 22.939406 22.939406 22.790127 22.879695 1.293763e+04
736595 22.969264 23.138448 22.939407 23.138448 8.359697e+03
736596 23.068784 23.566385 23.068784 23.287728 4.478409e+03
736599 23.287728 23.417106 23.148400 23.158352 3.065222e+04
736600 23.437008 23.437008 23.237969 23.357392 3.483207e+03
736601 23.118543 23.586289 23.118543 23.367344 6.966414e+03
736602 23.078737 23.437007 23.078737 23.267823 5.473611e+03
736603 23.068783 23.626096 22.999120 23.576337 6.170253e+03
736606 23.506674 23.526576 23.128496 23.247921 2.886086e+03
736607 23.038928 23.675858 23.038928 23.516624 2.587525e+03
736608 23.685808 23.864945 23.665906 23.835090 6.269773e+03
736609 23.864946 24.263026 23.864946 23.984370 1.890884e+03
736610 24.014225 24.014225 23.626097 23.626097 2.388485e+03
736613 23.984369 24.282930 23.984369 24.263025 4.577929e+03
736614 24.173458 24.929810 24.173458 24.491923 1.502755e+04
736615 24.412308 24.690962 24.412308 24.631251 5.473611e+03
736616 24.671060 24.671060 24.263025 24.263025 3.582727e+03
736617 24.472019 24.541683 23.765425 23.974418 4.577930e+03
736620 22.899600 24.681011 22.889648 24.342642 7.165455e+03
736621 24.631251 24.631251 24.382451 24.521778 1.492803e+03
736622 24.521778 24.541683 23.984370 24.183409 2.886086e+03
736623 24.183409 24.183409 23.546481 24.083891 9.155859e+03
736624 24.004275 24.243123 24.004275 24.143602 1.044962e+04
736627 24.243123 24.392402 24.193361 24.302834 4.677450e+03
736628 24.272977 24.332691 24.083891 24.203314 7.264975e+03
736629 24.302834 24.302834 23.387249 23.586290 3.582727e+03
736630 23.845040 24.372498 23.785329 24.243123 1.452995e+04
736631 24.263026 24.472019 24.263026 24.472019 3.881288e+03
736634 24.432210 24.720819 24.422260 24.541683 6.070733e+03
736635 24.173458 24.581491 24.034129 24.034129 2.985606e+03
736636 23.994322 24.631251 23.994322 24.332691 4.279369e+03
736637 24.462067 24.462067 24.024177 24.054034 3.184647e+03
736638 24.054034 24.133650 23.705714 23.894802 9.354900e+03
736641 23.984370 24.312786 23.984370 24.183409 7.961616e+03
736642 24.153554 24.183409 24.153554 24.163507 2.786566e+03
736643 24.173459 24.780531 24.173459 24.681010 1.273859e+04
736644 24.860148 25.835445 24.312787 25.805590 1.532611e+04
736645 25.795637 26.124054 25.586644 26.114102 3.323975e+04
736648 26.263381 26.671414 26.114102 26.621655 1.642083e+04
736649 26.462423 26.671414 26.462423 26.621655 1.343523e+04
736650 26.022968 26.791284 25.484150 26.701481 7.383818e+03
736651 26.801263 26.940956 26.571764 26.871109 1.566567e+04
736652 26.771327 27.300169 26.691502 27.040737 2.175233e+04
736655 27.120562 27.240299 27.020781 27.190409 1.157463e+04
736656 27.310147 28.687129 27.280212 28.637239 1.456807e+04
736657 28.587347 28.886692 28.008615 28.657193 1.875889e+04
736659 28.567390 28.687129 28.018594 28.317937 1.995626e+03
736662 27.350059 29.016407 27.350059 28.667172 1.077638e+04
736663 28.936582 28.986471 28.597325 28.657193 6.386004e+03
736664 29.016406 29.285816 28.936581 29.086253 3.632040e+04
736665 28.886692 29.435488 28.886692 29.136145 8.980318e+03
736666 29.076275 29.824635 28.627261 29.176057 1.117551e+04
736669 29.315749 29.734831 28.906646 29.215970 2.195189e+04
736670 29.245903 29.565203 29.006429 29.315750 1.766129e+04
736671 31.471028 31.481004 29.625074 30.024198 2.115364e+04
736672 28.866735 30.533083 28.866735 30.183848 3.093221e+04
736673 29.635052 30.632865 29.595138 30.104023 2.524467e+04
736676 30.223762 32.438904 29.315750 31.281443 1.167441e+04
736677 31.391201 32.428928 30.782536 31.750415 2.334883e+04
736678 31.740436 31.880131 31.311376 31.550853 1.077638e+04
736679 31.999868 32.708315 31.820261 32.139561 1.516676e+04
736680 32.379038 32.698337 31.700524 31.870153 3.242893e+04
736683 31.969935 31.969935 29.994263 31.441093 1.955714e+04
736684 31.650632 32.678381 31.640654 32.089671 1.376982e+04
736685 32.009849 32.359082 30.992076 31.939998 7.982505e+03
736686 32.259301 32.578602 31.600743 32.159518 8.481412e+03
736687 32.209408 33.007661 31.860174 32.977724 7.882724e+03
736691 33.187264 34.723897 31.181661 33.805911 9.978132e+03
736692 33.765997 33.765997 32.867964 32.867964 1.127529e+04
736693 32.778161 32.848008 31.930021 32.428928 9.379444e+03
736694 32.428928 32.598554 32.139561 32.428928 1.536632e+04
736698 32.458861 32.528707 31.979911 31.979911 2.005604e+04
736699 31.930021 31.930021 31.530896 31.930021 8.780756e+03
736700 31.870154 31.930022 31.780350 31.780350 2.694096e+03
736701 31.431114 31.740435 30.712690 31.580786 9.878350e+03
736704 31.580787 31.870154 31.471029 31.700525 3.592127e+03
736705 31.930022 31.930022 31.131772 31.481005 2.893658e+03
736706 31.381224 31.481003 30.762579 30.912251 2.993439e+03
736707 30.752601 30.752601 29.684941 30.213783 1.087616e+04
736708 30.203805 30.383413 29.425511 29.734832 9.978132e+03
736712 29.684941 29.684941 28.936582 28.966517 9.379444e+03
736713 28.986471 29.295796 28.796889 29.255882 7.683161e+03
736714 29.235924 29.265859 29.006428 29.006428 6.386004e+03
736715 28.926603 29.235924 28.926603 29.126167 1.067660e+04
736718 29.176057 29.285817 29.156100 29.225949 4.989066e+03
736719 29.375620 29.375620 28.727042 29.186035 5.487972e+03
736720 29.235924 29.235924 29.096231 29.166078 7.882724e+03
736721 29.186035 29.385599 29.086254 29.335707 1.806042e+04
736722 29.225948 29.375620 29.176057 29.355663 8.311784e+04
736725 29.335707 29.335707 29.245903 29.275838 8.980318e+03
736726 29.265860 29.335707 29.215971 29.245903 3.791690e+03
736727 29.235925 29.764767 29.225949 29.285817 2.674139e+04
736728 29.235925 30.084068 29.235925 29.734832 1.396938e+03
736729 29.734831 30.882318 29.734831 30.722668 1.686304e+04
736732 30.582973 31.730457 30.433301 31.500961 1.696282e+04
736733 31.500962 31.660612 31.231551 31.610721 1.157463e+04
736734 31.610721 32.289235 31.580786 31.710503 6.685348e+03
736735 31.920043 31.920043 31.680568 31.770371 2.893658e+03
736736 31.920044 31.920044 31.700525 31.700525 1.995626e+03
736739 31.860174 32.398994 31.860174 32.309191 4.390378e+03
736740 32.129585 32.129585 31.890108 31.939998 1.756151e+04
736741 32.000000 32.220001 31.969999 32.040001 1.460000e+04
736742 32.000000 32.450001 31.990000 32.150002 5.300000e+03
736743 32.259998 32.259998 32.000000 32.090000 1.760000e+04
736747 32.320000 32.500000 32.279999 32.500000 3.900000e+03
736748 32.490002 32.770000 32.419998 32.450001 4.500000e+03
736749 32.630001 32.849998 32.049999 32.709999 4.280000e+04
736750 32.599998 33.250000 32.599998 33.240002 6.000000e+03
736753 33.279999 33.700001 33.169998 33.680000 1.130000e+04
736754 32.480000 33.200001 32.349998 32.849998 5.100000e+03
736755 33.220001 33.220001 32.540001 33.040001 6.100000e+03
736756 32.939999 33.400002 32.939999 33.130001 1.900000e+04
736757 33.310001 33.310001 32.250000 32.860001 6.000000e+03
736760 33.200001 33.200001 32.750000 33.000000 4.600000e+03
736761 32.959999 32.959999 32.430000 32.799999 8.200000e+03
736762 32.770000 32.770000 32.500000 32.650002 8.100000e+03
736763 32.799999 33.099998 32.680000 32.810001 2.700000e+04
736764 33.000000 33.020000 32.619999 32.619999 8.800000e+03
