736034 25.910000 26.020000 25.910000 25.924999 1.641000e+05
736035 26.084999 26.184999 26.035000 26.084999 1.378000e+05
736036 25.940000 26.014999 25.805000 25.805000 2.252000e+05
736039 25.999999 26.059999 25.955000 25.975000 3.547000e+05
736040 26.065001 26.100001 25.975001 25.990000 1.034000e+05
736041 26.000000 26.620001 26.000000 26.535000 1.546000e+05
736042 26.325001 26.365000 26.195000 26.245001 1.281000e+05
736043 26.445000 26.650000 26.400000 26.565001 1.205000e+05
736046 26.720000 26.915002 26.685000 26.900000 1.023400e+06
736047 26.905000 26.915001 26.809999 26.840000 3.174000e+05
736048 26.924999 27.000000 26.825001 26.870001 2.199000e+05
736049 26.909999 26.944999 26.690000 26.764999 2.216000e+05
736050 26.735001 26.815001 26.684999 26.790001 2.243000e+05
736053 26.620001 26.745001 26.570000 26.580000 2.922000e+05
736054 26.504999 26.600000 26.485000 26.559999 1.972000e+05
736055 26.504999 26.694999 26.504999 26.639999 4.734000e+05
736056 26.674999 26.825002 26.674999 26.775000 1.699000e+05
736060 26.940000 27.089999 26.790001 26.850000 2.204000e+05
736061 26.750000 26.820000 26.649999 26.660000 1.698000e+05
736062 26.764999 26.820000 26.584999 26.670000 1.516000e+05
736063 26.630000 26.630000 26.370001 26.400000 1.238000e+05
736064 26.399999 26.440000 26.309999 26.344999 1.253000e+05
736067 26.264999 26.365000 26.260000 26.299999 1.057000e+05
736068 26.480000 26.620001 26.480000 26.500000 1.176000e+05
736069 26.399999 26.680000 26.399999 26.625000 1.275000e+05
736070 26.690001 26.885000 26.655000 26.785000 8.170000e+04
736071 26.685000 26.860001 26.685000 26.855000 2.274000e+05
736074 26.754999 26.764999 26.625000 26.674999 1.485000e+05
736075 26.559999 26.730000 26.545000 26.620001 9.833000e+05
736076 26.625000 26.665001 26.555000 26.584999 1.217000e+05
736077 26.555000 26.749999 26.555000 26.719999 1.651000e+05
736078 26.840000 26.870001 26.720000 26.834999 5.940000e+04
736081 26.764999 26.970000 26.764999 26.910000 1.361000e+05
736082 26.969999 27.094999 26.924999 27.020000 2.041300e+06
736083 26.965000 27.190001 26.965000 27.084999 2.245000e+05
736084 26.930000 27.095000 26.875000 27.080000 7.970000e+04
736085 27.055000 27.080000 26.845000 26.910000 1.867000e+05
736088 26.845000 26.860001 26.715000 26.780001 1.025000e+05
736089 26.739999 26.764999 26.610000 26.719999 2.072000e+05
736090 26.709999 26.925000 26.709999 26.820000 2.945000e+05
736091 26.715000 26.764999 26.665001 26.754999 1.060000e+06
736092 26.815000 26.909999 26.604999 26.805000 1.294000e+05
736095 26.684999 26.740000 26.600001 26.625000 2.442000e+05
736096 26.625000 26.740000 26.610001 26.670000 1.888000e+05
736097 26.750000 26.934999 26.750000 26.809999 1.617000e+05
736098 26.889999 27.000000 26.865000 26.959999 1.430000e+05
736099 26.944999 27.174998 26.879999 27.139999 1.411000e+05
736102 27.020000 27.020000 26.819999 26.850000 2.912000e+05
736103 26.605000 26.695000 26.565001 26.610001 8.950000e+04
736104 26.540001 26.620001 26.450001 26.540001 1.036000e+05
736105 26.530001 26.625001 26.490000 26.570000 8.970000e+04
736106 26.455000 26.455000 26.334999 26.365000 9.080000e+04
736110 26.124999 26.184999 26.065000 26.100000 2.675000e+05
736111 26.010000 26.180001 26.010000 26.110001 7.380000e+04
736112 26.075001 26.174999 26.024999 26.115000 7.370000e+04
736113 26.205000 26.250000 26.135000 26.205000 6.370000e+04
736116 26.200000 26.204999 25.889999 25.969999 1.448300e+06
736117 26.150000 26.220000 26.110001 26.150000 1.263000e+05
736118 26.030001 26.205001 26.000000 26.110001 7.270000e+04
736119 26.165001 26.165001 26.070000 26.084999 7.640000e+04
736120 25.825001 25.850001 25.625000 25.754999 1.182000e+05
736123 25.940001 26.184999 25.820000 25.959999 4.107000e+05
736124 26.005000 26.015000 25.920000 25.945000 1.908000e+05
736125 26.129999 26.184999 26.055000 26.120001 4.709000e+05
736126 26.024999 26.145000 25.969999 26.145000 1.145000e+05
736127 26.004999 26.180000 25.985001 26.084999 1.159000e+05
736130 26.184999 26.184999 26.004999 26.094999 1.649000e+05
736131 26.065001 26.105000 26.020000 26.075001 7.130000e+04
736132 26.100001 26.274999 26.004999 26.254999 8.240000e+04
736133 26.400000 26.490001 26.275000 26.320000 5.830000e+05
736134 26.330000 26.415001 26.270000 26.340000 6.393000e+05
736137 26.315001 26.350001 26.240000 26.280001 2.473000e+05
736138 25.980000 26.084999 25.950001 26.035000 1.070000e+05
736139 26.000000 26.100001 25.985001 26.030001 9.110000e+04
736140 26.139999 26.159999 26.004999 26.059999 4.310000e+04
736141 25.915001 25.985001 25.865000 25.920000 7.560000e+04
736144 25.934999 26.129999 25.934999 26.120001 2.546000e+05
736145 26.100001 26.139999 25.995001 26.010000 4.996000e+05
736146 25.910000 25.915001 25.785000 25.834999 3.287000e+05
736147 25.815000 25.895000 25.780000 25.850000 9.730000e+04
736151 25.840000 25.910001 25.795000 25.855000 8.980000e+04
736152 26.014999 26.014999 25.785000 25.850000 8.940000e+04
736153 25.955000 26.084999 25.955000 26.035000 2.117000e+05
736154 26.069999 26.069999 25.885000 25.930000 2.217000e+05
736155 25.970000 26.020000 25.855000 25.915001 1.818000e+05
736158 25.934999 25.934999 25.750000 25.790001 1.252100e+06
736159 25.855000 25.860001 25.780001 25.815001 1.022000e+05
736160 25.795000 25.815000 25.719999 25.805000 9.950000e+04
736161 25.690001 25.750001 25.645001 25.695000 7.390000e+04
736162 25.695000 25.725001 25.670000 25.709999 7.810000e+04
736165 25.690000 25.819999 25.610000 25.639999 3.225000e+05
736166 25.795000 25.840000 25.684999 25.799999 1.462000e+05
736167 25.740000 25.785000 25.700001 25.750000 8.040000e+04
736168 25.809999 25.895000 25.805000 25.870001 6.000000e+04
736169 25.790001 25.925000 25.775000 25.860001 5.940000e+04
736172 25.985001 26.095000 25.985001 26.004999 1.624000e+05
736173 25.910000 26.030001 25.879999 25.980000 1.227000e+05
736174 25.955000 26.049999 25.825001 25.865000 5.490000e+04
736175 25.750000 25.825000 25.700001 25.809999 1.044000e+05
736176 25.975001 26.100001 25.895000 25.955000 1.504000e+05
736179 25.865000 25.934999 25.834999 25.910000 4.334000e+05
736180 25.944999 25.969999 25.725000 25.770000 1.992000e+05
736181 25.735001 25.735001 25.545000 25.625000 1.643000e+05
736182 25.604999 25.739999 25.604999 25.684999 8.130000e+04
736183 25.605000 25.850001 25.605000 25.785000 1.652300e+06
736186 25.745001 25.899999 25.705000 25.844999 5.591000e+05
736187 25.915001 25.940001 25.834999 25.870001 2.988000e+05
736188 26.080000 26.240000 26.040001 26.129999 1.396000e+05
736189 25.955000 26.125000 25.945000 26.090000 1.163000e+05
736190 25.945000 26.170001 25.930001 26.065001 1.723800e+06
736193 26.014999 26.065000 25.969999 26.020000 6.881000e+05
736194 25.950001 25.950001 25.870001 25.920000 5.730000e+04
736195 25.889999 26.080000 25.809999 26.080000 6.230000e+04
736196 26.030001 26.180001 26.030001 26.150000 1.303000e+05
736197 26.274999 26.409999 26.245001 26.389999 2.673000e+05
736200 26.430000 26.850001 26.430000 26.700001 6.333000e+05
736201 26.525000 26.545001 26.305001 26.480000 1.620100e+06
736202 26.315001 26.379999 26.125000 26.165001 2.480000e+05
736203 26.059999 26.200000 25.975000 26.059999 1.597000e+05
736204 26.100001 26.135000 25.920000 25.955000 4.500000e+05
736207 26.060000 26.095000 25.895001 25.905001 1.674000e+05
736208 26.000000 26.190001 25.995001 26.135000 6.164000e+05
736209 26.020000 26.095000 25.945000 26.010000 6.899000e+05
736210 26.129999 26.129999 25.875000 26.010000 1.744000e+05
736211 26.034999 26.079999 25.879999 25.975000 2.591000e+05
736215 26.030000 26.084998 25.995001 26.055000 7.880000e+04
736216 25.955000 26.075001 25.875000 26.045000 2.228000e+05
736217 26.070000 26.155000 25.985001 26.049999 3.152000e+05
736218 26.125000 26.209998 26.090000 26.180000 1.527000e+05
736221 26.149999 26.220000 26.149999 26.200001 2.227000e+05
736222 26.225001 26.225001 26.014999 26.045000 8.290000e+04
736223 26.049999 26.180000 26.049999 26.100000 7.840000e+04
736224 26.100001 26.495001 26.084999 26.330000 3.056000e+05
736225 26.499999 26.549998 26.309999 26.309999 4.187000e+05
736228 26.250001 26.250001 26.060000 26.110001 1.262000e+05
736229 26.069999 26.165000 26.035000 26.059999 1.626000e+05
736230 26.090000 26.115000 25.985001 26.049999 2.802000e+05
736231 26.160000 26.245001 26.059999 26.115000 2.393000e+05
736232 25.959999 26.035000 25.950001 25.995001 1.076000e+05
736235 25.950001 26.110001 25.950001 26.070000 2.253000e+05
736236 26.059999 26.160000 26.059999 26.115000 1.035000e+05
736237 26.075001 26.100001 26.014999 26.035000 3.811000e+05
736238 26.100001 26.209999 26.100001 26.165001 5.287000e+05
736239 26.405000 26.444999 26.219999 26.225000 2.408000e+05
736242 26.245000 26.280000 26.165001 26.219999 6.422000e+05
736243 26.215000 26.360001 26.200001 26.320000 1.037000e+05
736244 26.365001 26.390000 26.299999 26.320000 1.191000e+05
736245 26.485001 26.485001 26.315001 26.400000 9.260000e+04
736246 26.490000 26.549998 26.465000 26.514999 5.450000e+04
736249 26.549999 26.605000 26.520000 26.535000 2.072000e+05
736250 26.555000 26.570000 26.504999 26.535000 2.075000e+05
736251 26.660000 26.865001 26.640000 26.820000 1.470000e+05
736252 26.754999 26.830001 26.680001 26.775000 5.820000e+04
736253 26.730000 26.750000 26.649999 26.705000 1.943000e+05
736256 26.649999 26.649999 26.580000 26.594999 2.449000e+05
736257 26.565001 26.605000 26.524999 26.540001 2.112000e+05
736258 26.500000 26.594999 26.485000 26.555000 1.992000e+05
736259 26.440000 26.520000 26.370001 26.389999 1.637000e+05
736260 26.270000 26.270000 26.135000 26.209999 1.669000e+05
736263 26.225000 26.319999 26.215000 26.219999 6.500000e+05
736264 26.294999 26.319999 26.250000 26.264999 7.690000e+04
736265 26.325001 26.370001 26.055000 26.080000 2.440000e+05
736266 26.070000 26.095000 26.015000 26.025000 1.716000e+05
736267 26.035000 26.194999 26.035000 26.145000 1.217000e+05
736270 26.169999 26.209998 26.110000 26.139999 8.179000e+05
736271 26.035000 26.104999 26.010000 26.094999 1.562000e+05
736272 25.989999 25.995000 25.834999 25.850000 7.500000e+04
736273 25.829999 25.899999 25.799999 25.809999 1.472000e+05
736274 25.495001 25.559999 25.345000 25.459999 2.822000e+05
736277 25.350001 25.465000 25.330000 25.415001 1.356000e+05
736278 25.475001 25.475001 25.340000 25.445000 1.307000e+05
736279 25.485001 25.590001 25.410000 25.525000 3.800000e+05
736280 25.720000 25.720000 25.504999 25.575001 2.212000e+05
736281 25.620001 25.620001 25.490000 25.584999 1.698000e+05
736284 25.535000 25.565001 25.465000 25.500000 4.675000e+05
736285 25.465000 25.504999 25.434999 25.490000 1.153000e+05
736286 25.475001 25.530000 25.434999 25.465000 3.834000e+05
736287 25.645000 25.735000 25.639999 25.684999 3.192000e+05
736288 25.705000 25.705000 25.580000 25.590000 3.134000e+05
736291 25.555000 25.579999 25.485000 25.520000 2.632000e+05
736292 25.620002 25.660001 25.580000 25.610001 1.171000e+05
736293 25.600001 25.660001 25.540001 25.610001 1.852000e+05
736295 25.610001 25.610001 25.535000 25.540001 4.140000e+04
736298 25.520000 25.544999 25.479999 25.514999 5.515000e+05
736299 25.560000 25.675000 25.549999 25.655001 7.322000e+05
736300 25.545000 25.584998 25.455000 25.555000 2.998000e+05
736301 25.645000 25.774999 25.600000 25.719999 1.091800e+06
736302 25.645001 25.770001 25.620001 25.695000 4.115000e+05
736305 25.610000 25.714999 25.600000 25.645000 3.114000e+05
736306 25.720000 25.750000 25.660000 25.745001 5.274000e+05
736307 25.865000 25.985000 25.844999 25.934999 1.171000e+05
736308 25.830000 25.920000 25.830000 25.870001 2.629000e+05
736309 25.889999 25.950001 25.875000 25.885000 2.495000e+05
736312 25.879999 25.975001 25.850001 25.885000 4.805000e+05
736313 25.794999 25.854999 25.705000 25.725000 2.419000e+05
736314 25.695000 25.860001 25.555000 25.709999 4.131000e+05
736315 25.600001 25.625001 25.545000 25.610001 3.337000e+05
736316 25.890000 25.890000 25.670000 25.775000 3.320000e+05
736319 25.825001 25.885000 25.805000 25.870001 2.496000e+05
736320 25.860001 25.905000 25.805000 25.879999 2.387000e+05
736321 25.809999 25.850000 25.725000 25.850000 2.934000e+05
736322 25.875000 25.950001 25.860001 25.920000 2.886000e+05
736326 25.950001 26.000000 25.905000 25.959999 3.069000e+05
736327 26.005000 26.005000 25.760000 25.855000 7.788000e+05
736328 25.825001 25.879999 25.735001 25.830000 7.153000e+05
736329 25.680001 25.870002 25.680001 25.815001 7.338000e+05
736333 25.805000 25.864999 25.740000 25.809999 4.186000e+06
736334 25.735001 25.795000 25.665001 25.709999 8.224000e+05
736335 25.715000 25.770000 25.700001 25.764999 2.926000e+05
736336 25.805000 25.934999 25.754999 25.930000 3.982000e+05
736337 25.774999 25.915001 25.774999 25.885000 4.208000e+05
736340 25.780000 25.850001 25.740000 25.754999 9.353000e+05
736341 25.735001 25.770000 25.655000 25.700001 7.020000e+05
736342 25.565001 25.795000 25.565001 25.760000 5.085000e+05
736343 25.790002 25.810000 25.665001 25.730000 3.369000e+05
736344 25.910001 25.930001 25.725001 25.775000 3.022000e+05
736348 25.674999 25.750000 25.645000 25.715000 7.444000e+05
736349 25.805000 25.840000 25.695000 25.745001 1.683000e+05
736350 25.700001 25.815001 25.685000 25.775000 8.092000e+05
736351 25.705000 25.750000 25.629999 25.700001 1.020400e+06
736354 25.725001 25.780001 25.700001 25.730000 6.120000e+05
736355 25.764999 25.854999 25.760000 25.805000 2.021000e+05
736356 25.820000 25.940001 25.790001 25.834999 1.833000e+05
736357 25.870001 25.990001 25.870001 25.945000 1.852000e+05
736358 25.899999 25.915000 25.799999 25.889999 3.053000e+05
736361 25.915001 25.995002 25.905001 25.980000 8.785000e+05
736362 25.970000 26.125000 25.940001 26.004999 3.343000e+05
736363 26.170000 26.550000 26.065001 26.485001 1.974000e+05
736364 26.595000 26.715000 26.590000 26.674999 1.660000e+05
736365 26.540001 26.595000 26.485001 26.565001 1.138000e+05
736368 26.340000 26.725001 26.340000 26.674999 1.898000e+05
736369 26.774999 26.940001 26.774999 26.870001 3.413000e+05
736370 26.774999 27.004999 26.720000 27.004999 2.283000e+05
736371 27.110001 27.149999 27.014999 27.035000 9.350000e+04
736372 26.780000 26.934999 26.780000 26.924999 1.586000e+05
736376 26.745001 26.754999 26.649999 26.715000 1.447000e+05
736377 26.570000 26.725001 26.500000 26.705000 1.389000e+05
736378 26.950001 26.950001 26.705000 26.750000 1.192000e+05
736379 26.785000 26.899999 26.750000 26.879999 7.240000e+04
736382 26.905000 26.905000 26.674999 26.790001 1.540000e+05
736383 26.770001 26.845000 26.740000 26.775000 1.421000e+05
736384 26.725001 26.905001 26.725001 26.820000 9.820000e+04
736385 26.775000 26.890000 26.740000 26.820000 5.540000e+04
736386 26.624999 26.964999 26.575001 26.600000 1.774000e+05
736389 26.584999 26.780000 26.584999 26.745001 3.947000e+05
736390 26.845000 26.845000 26.620001 26.709999 5.958000e+05
736391 26.710000 26.710000 26.555001 26.695000 3.061000e+05
736392 26.850001 26.879999 26.735001 26.865000 1.462000e+05
736393 26.905000 27.020000 26.850001 26.920000 1.663000e+05
736396 26.845000 26.985001 26.840000 26.950001 1.706000e+05
736397 27.065001 27.170000 26.990000 27.080000 3.139000e+05
736398 27.030000 27.035000 26.889999 26.924999 1.539000e+05
736399 26.955000 27.110001 26.950001 27.035000 4.366000e+05
736400 27.075001 27.155000 27.040001 27.040001 1.935000e+05
736403 27.050000 27.080001 26.970000 26.985001 1.102000e+05
736404 27.145000 27.145000 26.889999 26.920000 1.073000e+05
736405 26.815001 27.300000 26.815001 27.280001 5.575000e+05
736406 27.345000 27.660001 27.345000 27.610001 3.294000e+05
736407 27.684999 27.740000 27.600001 27.629999 2.070000e+05
736410 27.555000 27.600000 27.520000 27.520000 2.132000e+05
736411 27.549999 27.575001 27.465000 27.495001 1.009000e+05
736412 27.315001 27.415001 27.315001 27.379999 1.187000e+05
736413 27.370002 27.370002 27.299999 27.320000 1.333000e+05
736417 27.410000 27.450001 27.340000 27.365000 1.925000e+05
736418 27.379999 27.720000 27.379999 27.690001 9.380000e+04
736419 27.700001 27.820000 27.690001 27.760000 5.880000e+04
736420 27.830000 27.899999 27.725001 27.870001 1.157100e+06
736421 27.805000 27.920000 27.720000 27.885000 4.321300e+06
736424 27.905001 27.970000 27.865000 27.900000 7.736000e+05
736425 27.899999 27.970000 27.845000 27.910000 7.855000e+05
736426 27.855000 28.035000 27.745001 27.955000 3.377000e+05
736427 27.955000 28.055000 27.950001 27.975000 1.344000e+05
736428 28.035000 28.125000 28.024999 28.090000 1.222000e+05
736431 28.110001 28.205000 28.055000 28.170000 1.234000e+05
736432 28.135000 28.135000 28.010000 28.080000 4.846000e+05
736433 28.000000 28.024999 27.924999 27.950001 7.097000e+05
736434 27.905000 27.934999 27.850001 27.870001 3.427000e+05
736435 27.924999 28.055000 27.924999 28.010000 1.664000e+05
736438 27.970000 28.065001 27.955000 28.040001 2.058000e+05
736439 28.110001 28.200001 28.095000 28.129999 1.133000e+05
736440 28.090000 28.165001 27.990000 27.990000 2.396000e+05
736441 28.010001 28.040002 27.895001 27.900000 2.020000e+05
736442 27.745002 27.760001 27.629999 27.690001 8.653000e+05
736445 27.670000 27.720000 27.610001 27.629999 2.080000e+05
736446 27.805000 27.830000 27.680000 27.700001 7.410000e+04
736447 27.749999 27.819999 27.620001 27.725000 1.386000e+05
736448 27.955000 28.090000 27.945000 28.045000 8.644000e+05
736449 28.220000 28.295000 28.170000 28.295000 8.980000e+04
736452 28.360001 28.420000 28.325001 28.375000 1.874900e+06
736453 28.495001 28.500000 28.330000 28.340000 4.267000e+05
736454 28.320000 28.335000 28.180001 28.275000 2.642000e+05
736455 28.220000 28.270000 28.120001 28.165001 2.203000e+05
736456 28.200002 28.250001 28.105000 28.150000 1.060000e+05
736459 28.080001 28.080001 27.970000 28.030001 2.073000e+05
736460 27.944999 28.030000 27.915001 27.975000 1.000000e+05
736461 28.004999 28.150000 28.004999 28.065001 4.643000e+05
736462 28.000001 28.065001 27.930001 27.985001 2.435000e+05
736463 27.919999 27.919999 27.785000 27.895000 2.317000e+05
736466 27.895000 27.924998 27.825001 27.850000 1.797000e+05
736467 27.820000 27.930001 27.820000 27.860001 1.394000e+05
736468 27.719999 27.770000 27.530000 27.555000 2.349000e+05
736469 27.500000 27.600001 27.500000 27.549999 3.440000e+05
736470 27.610000 27.629998 27.530000 27.555000 7.304000e+05
736473 27.540001 27.655000 27.540001 27.600000 2.724000e+05
736474 27.535001 27.570000 27.475001 27.485001 5.281000e+05
736475 27.524999 27.635000 27.524999 27.625000 7.187000e+05
736476 27.795000 27.795000 27.670000 27.705000 3.707000e+05
736477 27.645000 27.729999 27.540001 27.600000 1.625900e+06
736481 27.514999 27.615000 27.514999 27.535000 3.310000e+05
736482 27.655000 27.684999 27.584999 27.639999 7.691000e+05
736483 27.605000 27.764999 27.605000 27.750000 4.030000e+05
736484 28.000000 28.284999 28.000000 28.225000 2.048000e+05
736487 28.209999 28.290002 28.195000 28.235001 1.788000e+05
736488 28.334999 28.365000 28.270000 28.340000 1.912000e+05
736489 28.465000 28.500000 28.415001 28.450001 1.715400e+06
736490 28.405001 28.480000 28.345000 28.360001 1.471000e+05
736491 28.355000 28.389999 28.209999 28.285000 1.249000e+05
736494 28.490000 28.490000 28.200001 28.240000 6.116000e+05
736495 28.195000 28.230000 28.139999 28.170000 2.513000e+05
736496 28.184999 28.430000 28.155000 28.285000 1.614000e+05
736497 28.235000 28.395000 28.190000 28.389999 4.661000e+05
736498 28.345000 28.470000 28.345000 28.455000 1.605000e+05
736501 28.504999 28.600001 28.504999 28.504999 3.529000e+05
736502 28.514999 28.524999 28.405000 28.430000 3.845000e+05
736503 28.475001 28.580001 28.450001 28.570000 3.399000e+05
736504 28.470000 28.649999 28.430000 28.580000 2.743000e+05
736505 28.364999 28.495000 28.254999 28.270000 2.765000e+05
736508 28.360001 28.375001 28.185000 28.320000 3.017000e+05
736509 28.395000 28.475000 28.360000 28.475000 4.453000e+05
736510 28.500000 28.649999 28.500000 28.549999 1.445000e+05
736511 28.570000 28.639999 28.450001 28.575001 4.925000e+05
736512 28.465000 28.870002 28.465000 28.735001 6.423000e+05
736516 28.735000 28.794999 28.629999 28.645000 8.094000e+05
736517 28.730000 28.809999 28.635000 28.705000 2.938000e+05
736518 28.785000 28.830000 28.660000 28.674999 1.812000e+05
736519 28.754999 28.840001 28.695000 28.820000 2.453000e+05
736522 28.600001 28.735001 28.590000 28.674999 9.810000e+05
736523 28.549999 28.605000 28.475001 28.504999 2.981000e+05
736524 28.600001 28.700001 28.570000 28.590000 2.791000e+05
736525 28.504999 28.670001 28.504999 28.605000 1.669000e+05
736526 28.415001 28.459999 28.330000 28.385000 5.060000e+05
736529 28.470000 28.470000 28.315001 28.360001 1.861000e+05
736530 28.230000 28.325001 28.160000 28.240000 1.490000e+05
736531 28.210000 28.230000 28.110001 28.150000 2.192000e+05
736532 28.149999 28.220000 28.075001 28.200001 4.983000e+05
736533 28.110001 28.285000 28.084999 28.170000 1.271000e+05
736536 28.115000 28.200000 28.100000 28.145000 1.647000e+05
736537 28.295000 28.350001 28.215000 28.245001 1.130000e+05
736538 28.174999 28.409999 28.174999 28.395000 3.836000e+05
736539 28.455001 28.515000 28.415001 28.440001 1.048000e+05
736540 28.690000 28.915000 28.690000 28.895000 1.589000e+05
736543 28.770000 28.930000 28.750000 28.770000 3.545000e+05
736544 28.770000 28.920000 28.770000 28.885000 1.069800e+06
736545 28.795000 28.799999 28.715000 28.750000 1.180000e+05
736546 28.790000 28.829999 28.709999 28.770000 2.979000e+05
736547 28.690001 28.720000 28.600001 28.670000 6.380000e+04
736550 28.610001 28.674999 28.535000 28.625000 1.555000e+05
736551 28.695000 28.790001 28.670000 28.760000 2.571000e+05
736552 28.799999 29.045001 28.799999 28.980000 1.804000e+05
736553 28.899999 29.049999 28.834999 28.870001 2.459000e+05
736554 28.995001 29.070000 28.899999 28.920000 3.319000e+05
736557 28.920000 28.995000 28.920000 28.930000 1.899000e+05
736558 29.075001 29.185000 29.075001 29.110001 2.396000e+05
736559 28.975000 29.174998 28.975000 29.100000 1.810000e+05
736560 29.170000 29.334999 29.115000 29.325001 1.504000e+05
736561 29.190000 29.214999 29.049999 29.139999 6.134000e+05
736564 29.135000 29.190000 29.024999 29.139999 9.650000e+04
736565 29.230000 29.260000 29.125000 29.165001 9.190000e+04
736566 29.045000 29.145001 29.000000 29.065001 1.756800e+06
736567 29.049999 29.075001 29.024999 29.035000 3.082000e+05
736568 29.014999 29.215000 28.720000 28.799999 7.593000e+05
736571 28.625000 28.885000 28.625000 28.799999 2.363000e+05
736572 28.770000 28.819999 28.600000 28.645000 1.443000e+05
736573 28.605000 28.800000 28.545000 28.565001 5.890000e+05
736574 28.569999 28.694999 28.475000 28.639999 3.733000e+05
736575 28.645000 28.720000 28.490000 28.540001 1.922000e+05
736579 28.690001 28.985001 28.665001 28.950001 3.577000e+05
736580 29.075001 29.090000 28.950001 29.000000 1.268000e+05
736581 29.025000 29.100001 28.799999 28.860001 9.020000e+04
736582 28.805000 28.805000 28.524999 28.600000 1.274000e+05
736585 28.649999 28.739999 28.485000 28.680000 1.295000e+05
736586 28.595000 28.610001 28.379999 28.459999 2.379400e+06
736587 28.510000 28.610001 28.450001 28.570000 2.260000e+05
736588 28.530000 28.620001 28.475001 28.545000 1.417000e+05
736589 28.500000 28.524999 28.365000 28.410000 1.386000e+05
736592 28.499999 28.569999 28.459999 28.469999 8.110000e+04
736593 28.605000 28.605000 28.495001 28.549999 1.023000e+05
736594 28.604999 28.794999 28.545000 28.770000 9.370000e+04
736595 28.975001 28.975001 28.825001 28.875000 7.610000e+04
736596 28.879999 28.885000 28.790001 28.840000 8.990000e+04
736599 28.930000 29.000000 28.905000 28.950001 1.541000e+05
736600 28.879999 29.030000 28.879999 29.010000 9.740000e+04
736601 28.975001 29.000001 28.905001 28.980000 9.090000e+04
736602 28.969999 28.990000 28.830000 28.940001 1.451000e+05
736603 28.870001 28.959999 28.780001 28.840000 1.806900e+06
736606 28.889999 28.889999 28.700001 28.790001 8.543000e+05
736607 28.570000 28.660000 28.510000 28.530001 7.953000e+05
736608 28.559999 28.600000 28.379999 28.430000 1.865000e+05
736609 28.379999 28.379999 28.260000 28.309999 4.747000e+05
736610 28.330000 28.410000 28.100000 28.290001 6.119000e+05
736613 28.260000 28.309999 28.129999 28.209999 1.129600e+06
736614 28.090000 28.129999 27.950001 28.000000 2.506000e+05
736615 27.940001 27.969999 27.799999 27.850000 2.910000e+05
736616 27.990000 28.059999 27.889999 27.980000 2.437000e+05
736617 27.910000 27.980000 27.780001 27.780001 2.740000e+05
736620 27.900000 27.930000 27.840000 27.900000 3.237000e+05
736621 27.950001 28.020000 27.900000 27.930000 2.185000e+05
736622 27.950001 28.070000 27.930000 28.020000 1.752000e+05
736623 27.969999 27.980000 27.860001 27.889999 4.786700e+06
736624 27.860001 27.870001 27.750000 27.790001 2.371100e+06
736627 27.790001 27.870001 27.760000 27.799999 2.535000e+05
736628 27.780001 27.850000 27.690001 27.809999 1.802000e+05
736629 27.760000 27.820000 27.690001 27.709999 1.380000e+05
736630 27.660000 27.660000 27.510000 27.530001 1.833000e+05
736631 27.510000 27.670000 27.469999 27.600000 3.758000e+05
736634 27.610001 27.690001 27.510000 27.629999 2.115000e+05
736635 27.510000 27.790001 27.510000 27.740000 7.460000e+05
736636 27.870001 28.000000 27.549999 27.860001 4.965000e+05
736637 27.920000 27.990000 27.830000 27.930000 3.278000e+05
736638 27.959999 28.020000 27.920000 28.000000 1.889000e+05
736641 27.900000 27.900000 27.740000 27.820000 2.596600e+06
736642 27.809999 27.830000 27.690001 27.760000 5.493300e+06
736643 27.650000 27.660000 27.410000 27.469999 1.158200e+06
736644 27.190001 27.290001 27.020000 27.049999 5.077000e+05
736645 27.030001 27.090000 26.840000 26.889999 3.769000e+05
736648 26.639999 26.700001 26.350000 26.600000 5.673000e+05
736649 26.680000 26.709999 26.540001 26.650000 1.668800e+06
736650 26.559999 26.660000 26.459999 26.559999 3.157000e+05
736651 26.750000 26.750000 26.330000 26.400000 4.748000e+05
736652 26.430000 26.500000 26.170000 26.190001 4.392000e+05
736655 26.260000 26.389999 26.200001 26.270000 1.009400e+06
736656 26.330000 26.400000 26.250000 26.299999 3.377000e+05
736657 26.100000 26.160000 25.990000 26.080000 1.293100e+06
736659 26.070000 26.190001 26.000000 26.080000 1.802000e+05
736662 26.120001 26.309999 26.120001 26.240000 3.777000e+05
736663 26.240000 26.379999 26.160000 26.340000 2.604000e+05
736664 26.219999 26.309999 26.000000 26.049999 4.816000e+05
736665 26.040001 26.170000 25.950001 26.150000 7.842000e+05
736666 26.200001 26.330000 26.129999 26.280001 3.535000e+05
736669 26.160000 26.420000 26.150000 26.330000 3.928000e+05
736670 26.400000 26.400000 26.230000 26.250000 2.294000e+05
736671 26.330000 26.450001 26.260000 26.379999 4.804000e+05
736672 26.209999 26.209999 26.049999 26.120001 1.154700e+06
736673 26.049999 26.090000 25.900000 25.920000 2.651000e+05
736676 26.000000 26.150000 25.920000 26.120001 3.024800e+06
736677 26.170000 26.250000 26.100000 26.139999 3.063300e+06
736678 26.370001 26.379999 25.850000 25.860001 1.124600e+06
736679 25.629999 25.830000 25.540001 25.650000 5.473000e+05
736680 25.670000 25.730000 25.530001 25.600000 6.495000e+05
736683 25.680000 25.780001 25.590000 25.620001 8.006000e+05
736684 25.540001 25.629999 25.520000 25.590000 4.166000e+05
736685 25.660000 25.750000 25.629999 25.709999 6.042000e+05
736686 25.709999 25.740000 25.600000 25.639999 3.190000e+05
736687 25.740000 25.780001 25.650000 25.709999 5.489000e+05
736691 25.760000 25.799999 25.660000 25.760000 1.192100e+06
736692 25.590000 25.790001 25.590000 25.760000 9.402000e+05
736693 25.799999 25.959999 25.750000 25.930000 9.148000e+05
736694 25.940001 26.040001 25.900000 25.980000 6.986000e+05
736698 25.660000 25.799999 25.570000 25.660000 1.444200e+06
736699 25.719999 25.910000 25.670000 25.740000 1.143100e+06
736700 25.870001 26.090000 25.840000 26.030001 4.743000e+05
736701 25.900000 25.969999 25.770000 25.850000 4.441000e+05
736704 25.870001 25.990000 25.860001 25.889999 4.766000e+05
736705 25.870001 26.000000 25.860001 25.910000 1.938700e+06
736706 25.820000 26.129999 25.709999 25.950001 1.558500e+06
736707 26.320000 26.320000 26.070000 26.090000 2.939000e+05
736708 26.120001 26.209999 26.000000 26.180000 3.688000e+05
736712 26.330000 26.440001 26.330000 26.379999 6.446000e+05
736713 26.230000 26.420000 26.040001 26.070000 3.886700e+06
736714 25.990000 26.090000 25.920000 26.030001 6.248000e+05
736715 26.010000 26.129999 25.950001 26.049999 9.601000e+05
736718 26.400000 26.400000 26.139999 26.299999 9.360000e+05
736719 26.389999 26.389999 26.180000 26.240000 4.414000e+05
736720 26.209999 26.270000 26.139999 26.240000 2.979000e+05
736721 26.120001 26.180000 25.980000 26.059999 1.001800e+06
736722 26.000000 26.080000 25.969999 26.049999 3.934000e+05
736725 26.040001 26.150000 25.959999 26.100000 5.017000e+05
736726 26.320000 26.400000 26.219999 26.360001 9.604000e+05
736727 26.260000 26.389999 26.150000 26.320000 5.686000e+05
736728 26.459999 26.520000 26.340000 26.360001 4.078000e+05
736729 26.360001 26.480000 26.240000 26.309999 8.006000e+05
736732 26.299999 26.410000 26.240000 26.410000 3.117000e+05
736733 26.290001 26.320000 26.180000 26.240000 4.002000e+05
736734 26.370001 26.410000 26.290001 26.350000 3.782000e+05
736735 26.430000 26.430000 26.219999 26.230000 2.099000e+05
736736 26.100000 26.260000 26.100000 26.240000 2.818000e+05
736739 26.120001 26.219999 26.090000 26.139999 1.819000e+06
736740 26.180000 26.219999 26.040001 26.110001 4.784000e+05
736741 26.000000 26.160000 25.930000 26.120001 2.390000e+05
736742 26.240000 26.309999 26.170000 26.280001 2.545000e+05
736743 26.240000 26.290001 26.160000 26.180000 3.724000e+05
736747 26.110001 26.209999 26.090000 26.160000 1.688000e+05
736748 26.120001 26.240000 26.080000 26.200001 4.761000e+05
736749 26.350000 26.379999 26.299999 26.340000 2.199000e+05
736750 26.350000 26.490000 26.350000 26.420000 1.631000e+05
736753 26.510000 26.540001 26.389999 26.389999 4.119200e+06
736754 26.520000 26.549999 26.420000 26.440001 3.223000e+05
736755 26.000000 26.260000 26.000000 26.180000 1.060800e+06
736756 26.090000 26.110001 25.980000 26.010000 4.985000e+05
736757 26.110001 26.190001 26.010000 26.129999 5.195000e+05
736760 26.219999 26.230000 26.080000 26.129999 5.118000e+05
736761 26.110001 26.160000 26.070000 26.100000 2.025000e+05
736762 25.940001 26.000000 25.920000 25.969999 2.442000e+05
736763 25.920000 25.959999 25.820000 25.840000 3.802000e+05
736764 25.920000 26.020000 25.850000 26.000000 6.807000e+05
