736034 11.573110 11.942785 11.180801 11.935241 3.923088e+04
736035 11.822076 12.297372 11.731543 12.297372 2.119977e+04
736036 12.206839 13.051811 11.920152 13.036724 1.508880e+04
736039 13.006546 13.217789 12.267195 12.463349 1.848378e+04
736040 12.538794 13.149889 12.538794 12.712314 1.629590e+04
736041 12.825480 12.946191 12.267195 12.817936 1.825745e+04
736042 12.825480 13.202700 12.742491 12.976369 1.969088e+04
736043 13.195156 13.195156 12.538794 12.538794 1.388170e+04
736046 12.523704 12.855659 12.493526 12.817936 1.591868e+04
736047 12.938646 13.134800 12.667048 12.667048 2.602818e+04
736048 12.644415 12.644415 11.806986 12.252106 7.770732e+03
736049 12.493526 12.855659 12.176661 12.742491 7.695288e+03
736050 12.817935 13.142344 12.501070 12.780214 3.794833e+04
736053 12.825481 12.825481 9.747365 10.343373 1.603185e+05
736054 9.996330 10.562160 9.815264 9.958608 6.654161e+04
736055 9.543666 10.101952 9.362601 9.634199 5.552679e+04
736056 9.634199 9.807720 9.430500 9.558755 3.477968e+04
736060 9.656832 9.830353 9.430500 9.732276 8.487450e+04
736061 9.671921 10.041597 9.626655 9.898253 3.085660e+04
736062 9.905797 11.007280 9.694554 10.750770 5.665844e+04
736063 10.750771 10.788493 10.169852 10.531983 3.975899e+04
736064 10.637603 10.984646 10.267928 10.328283 2.074710e+04
736067 10.569704 10.713048 10.358461 10.637604 4.405930e+04
736068 10.675326 11.490121 10.675326 11.392044 3.598679e+04
736069 11.459943 11.746630 11.150623 11.271333 3.002671e+04
736070 11.241156 11.791898 11.218523 11.610832 3.787289e+04
736071 11.580654 11.716453 11.459944 11.633465 1.622046e+04
736074 11.686276 12.448260 11.633465 11.882430 4.285219e+04
736075 12.108761 12.108761 11.618376 11.625920 2.323675e+04
736076 11.844708 11.927696 11.641009 11.731542 2.693351e+04
736077 11.874886 11.972963 11.459944 11.889975 3.825011e+04
736078 12.161573 12.410538 11.889974 12.003140 2.097343e+04
736081 12.078584 12.123851 11.648553 11.716453 2.301042e+04
736082 11.618376 12.350183 11.618376 11.814530 3.183737e+04
736083 11.844708 12.176661 11.844708 12.161574 2.172787e+04
736084 12.161573 12.372816 11.791897 12.214384 2.316131e+04
736085 12.357727 13.496931 12.161574 13.293234 1.984177e+04
736088 13.579920 13.579920 12.802846 13.006546 2.338764e+04
736089 12.991456 13.202700 12.802846 12.825480 1.652224e+04
736090 13.208838 13.208838 12.211799 12.405023 1.275283e+04
736091 12.366378 12.389566 11.655312 12.389566 3.308006e+04
736092 12.327733 12.969240 12.327733 12.459127 1.283012e+04
736095 12.513230 12.513230 11.608938 11.686228 1.878144e+04
736096 11.624396 12.482314 11.624396 12.234986 2.898370e+04
736097 12.080406 12.219528 11.299779 11.678499 8.633278e+04
736098 11.693957 12.227258 11.693957 11.949014 1.715835e+04
736099 12.265901 12.374107 11.732601 11.910368 2.110013e+04
736102 11.987659 11.987659 11.446630 11.794434 3.207530e+04
736103 11.786705 11.848537 11.593480 11.717144 1.746751e+04
736104 11.879453 12.057220 11.778976 11.778976 1.321657e+04
736105 11.794433 12.049490 11.794433 12.049490 1.035684e+04
736106 12.165425 12.165425 12.026303 12.095864 4.405522e+03
736110 11.918098 11.941285 11.686228 11.778976 1.136161e+04
736111 11.755789 11.755789 11.431171 11.709415 1.684919e+04
736112 11.554835 11.554835 10.743292 11.168386 6.816966e+04
736113 11.330695 11.902640 10.982891 11.446630 2.805622e+04
736116 11.207031 11.686228 10.998349 11.377069 3.748559e+04
736117 11.338423 12.018574 11.075638 11.972200 2.249135e+04
736118 11.995388 12.428211 11.786705 12.374108 5.023841e+04
736119 12.366379 12.969241 12.180883 12.946053 5.827656e+04
736120 12.946053 13.054258 12.443669 12.830118 4.552373e+04
736123 12.706455 12.783745 12.459127 12.745099 2.612397e+04
736124 12.636893 12.961511 12.520959 12.760557 2.875183e+04
736125 12.613706 13.000156 12.582791 12.984697 1.816312e+04
736126 13.000156 13.208838 12.861033 13.162465 2.040452e+04
736127 13.023343 13.208839 12.683268 13.177922 2.651043e+04
736130 13.409792 13.680307 12.946053 13.394334 3.485773e+04
736131 13.185651 13.517998 12.868763 13.046529 2.658771e+04
736132 13.324773 13.471624 12.737370 13.100633 3.903138e+04
736133 13.061987 13.525727 12.683267 12.698725 5.456665e+04
736134 13.061987 13.131548 12.760557 12.760557 8.965625e+03
736137 12.752828 13.463895 12.605977 12.953782 6.074984e+04
736138 13.108361 13.309315 12.768286 13.177922 7.033378e+03
736139 13.216568 13.471624 12.729641 12.961511 6.631471e+04
736140 12.953781 13.440706 12.876491 12.930594 5.680805e+04
736141 12.845577 13.170194 12.752828 12.760557 1.545797e+04
736144 12.760557 13.023342 12.652352 12.675538 4.513728e+04
736145 12.690997 13.007885 12.598248 12.598248 3.362109e+04
736146 12.629165 12.861034 12.559604 12.567333 1.939976e+04
736147 12.783745 12.783745 12.296818 12.296818 3.740830e+04
736151 12.095864 12.296818 11.732602 11.748060 1.383489e+04
736152 11.655312 12.536415 10.905600 11.964471 4.212298e+04
736153 12.095864 12.095864 11.237946 11.431171 1.368031e+04
736154 11.284321 11.462088 11.036994 11.346153 3.161156e+04
736155 11.276592 12.366379 11.222489 11.995388 2.318696e+04
736158 12.173154 12.497771 11.199302 11.570293 7.226603e+04
736159 11.516190 11.786705 11.477545 11.570293 6.028610e+03
736160 11.655312 11.655312 11.052451 11.585751 2.906099e+04
736161 11.755789 11.933556 10.936516 11.145199 2.882912e+04
736162 10.982891 11.183844 10.781937 10.836040 1.885873e+04
736165 10.720105 10.928787 9.305700 10.024496 4.691495e+04
736166 9.808084 11.044722 9.746252 9.954935 3.887680e+04
736167 9.893103 10.495964 9.753981 10.426403 3.810390e+04
736168 10.619627 11.547106 10.410945 10.820581 4.026802e+04
736169 11.006078 11.052452 10.009038 10.209992 1.955434e+04
736172 9.792626 10.310468 9.429364 10.302739 2.535108e+04
736173 10.202263 10.395487 10.047683 10.063141 1.398947e+04
736174 10.217720 11.176115 10.163617 10.905600 3.508960e+04
736175 10.789666 11.052451 10.047683 10.047683 3.222988e+04
736176 10.233178 10.410945 9.800355 9.815813 2.256864e+04
736179 9.808084 10.009038 8.841961 9.274784 3.771745e+04
736180 9.073830 9.730794 8.934708 9.653504 2.287780e+04
736181 9.554445 9.722207 8.883397 8.971272 2.252804e+04
736182 9.035181 9.035181 8.172405 8.420054 4.106174e+04
736183 8.563850 8.587816 7.988666 8.452009 3.043682e+04
736186 8.292236 8.499941 7.908780 8.212349 3.674787e+04
736187 8.348156 8.388100 7.669120 7.876825 4.641415e+04
736188 7.956711 8.444020 7.956711 8.340167 3.339262e+04
736189 8.308213 8.611782 7.669119 8.611782 3.099602e+04
736190 8.915351 9.570422 8.707646 9.538467 5.400338e+04
736193 9.530479 9.929912 9.346740 9.698241 3.011727e+04
736194 9.690252 9.873991 8.244303 8.324190 3.618866e+04
736195 8.324190 8.891386 8.220338 8.547873 2.748101e+04
736196 8.571839 9.202944 8.388100 8.388100 6.814333e+04
736197 8.388100 9.458582 7.357562 9.234899 5.831727e+04
736200 7.988667 10.121641 7.988667 9.897958 2.428555e+04
736201 10.201527 10.305379 9.442603 9.522490 2.460509e+04
736202 9.594388 10.041753 8.611782 9.450592 1.629688e+04
736203 9.418638 10.297391 9.402661 9.897958 3.139546e+04
736204 9.961867 10.704813 9.738184 10.680847 2.116997e+04
736207 10.545040 10.545040 9.826060 10.273425 9.905946e+03
736208 10.073708 10.832631 9.674274 9.706229 2.316713e+04
736209 10.241470 10.241470 9.290819 9.354728 3.682775e+04
736210 9.250875 10.265436 9.250875 10.265436 1.565779e+04
736211 10.377277 10.776711 9.794105 10.624926 2.708158e+04
736215 10.664870 11.176144 10.297391 11.064303 1.933257e+04
736216 10.760734 10.760734 10.169573 10.233482 1.342096e+04
736217 10.225493 10.992405 9.945889 10.457164 2.132974e+04
736218 10.241470 10.241470 9.594388 9.594388 2.548384e+04
736221 9.602377 10.537051 9.554445 10.185550 1.142379e+04
736222 10.393255 10.792688 10.033765 10.169572 1.965212e+04
736223 10.265436 10.265436 9.610365 9.786116 2.308725e+04
736224 9.714218 10.105662 9.586399 10.041753 1.685608e+04
736225 10.009799 10.297391 9.610366 9.889969 1.062493e+04
736228 9.794105 10.592972 9.626343 10.465153 1.981189e+04
736229 10.105663 10.984417 10.097675 10.425210 2.236827e+04
736230 10.489119 10.680847 10.417221 10.680847 7.589233e+03
736231 10.792689 10.880564 10.241471 10.664870 3.027705e+04
736232 10.545040 10.928496 9.794105 10.065720 2.947818e+04
736235 10.065720 10.065720 8.372123 9.754162 9.530479e+04
736236 9.626342 9.794104 8.763566 9.107079 4.098186e+04
736237 8.931328 9.466569 8.292235 8.747589 4.361812e+04
736238 8.428043 8.579827 8.204360 8.372122 1.821416e+04
736239 8.683680 9.027193 8.260281 8.563850 2.109008e+04
736242 8.627759 9.562433 8.627759 9.186966 1.757507e+04
736243 9.346739 9.586399 8.595805 9.546456 3.714730e+04
736244 9.546456 10.369289 9.354728 9.889969 4.226005e+04
736245 9.953878 9.953878 9.618354 9.770139 8.308213e+03
736246 9.858014 10.001810 9.762150 9.961867 9.506513e+03
736249 10.169573 10.377278 9.730196 9.826060 1.989178e+04
736250 9.658297 9.658297 9.210932 9.306796 1.222266e+04
736251 9.202943 9.961867 9.194955 9.330762 1.693597e+04
736252 9.346739 10.289402 9.258864 10.049742 1.981189e+04
736253 10.065720 10.121641 9.706230 9.802094 8.308213e+03
736256 9.889969 9.905946 9.194955 9.698241 3.451104e+04
736257 9.658298 9.937901 9.410649 9.889969 1.813427e+04
736258 9.786117 9.905947 9.386683 9.897958 2.029121e+04
736259 9.826060 9.889969 9.634332 9.889969 1.413994e+04
736260 9.658297 9.762150 9.386683 9.570422 1.973201e+04
736263 9.642320 9.858014 8.987249 9.107079 1.693597e+04
736264 8.851443 9.578411 8.827477 8.891386 4.369801e+04
736265 8.931328 9.346739 8.707646 8.771555 1.661642e+04
736266 8.715634 9.043170 8.547872 8.675691 1.102436e+04
736267 8.723623 9.019204 8.707646 8.755578 6.550706e+03
736270 9.075125 9.538467 8.979261 9.282830 1.717563e+04
736271 9.354729 9.810083 9.306797 9.498525 4.090197e+04
736272 9.693723 10.049380 8.899698 8.907969 1.505339e+04
736273 8.850070 9.023763 8.477871 8.568853 1.877538e+04
736274 8.726004 8.841799 8.271094 8.362076 1.000802e+04
736277 8.560582 8.850070 8.353804 8.850070 9.759890e+03
736278 8.974137 9.139559 8.229738 8.370347 1.902352e+04
736279 8.370347 8.974137 8.370347 8.742546 1.497068e+04
736280 8.742547 8.998951 8.577125 8.759089 1.298562e+04
736281 8.726004 9.710265 8.552311 9.313252 3.192642e+04
736284 9.395963 9.420776 9.098204 9.131288 1.712117e+04
736285 9.131288 9.288438 8.941052 9.172643 1.009073e+04
736286 9.164372 9.486945 9.015492 9.346336 1.224122e+04
736287 9.321523 9.520030 9.180915 9.453861 1.017345e+04
736288 9.338065 9.387692 8.932782 9.040306 1.778285e+04
736291 9.056848 9.172643 8.808715 9.156101 2.671563e+04
736292 9.338065 9.362879 8.552312 8.858342 2.059502e+04
736293 8.684649 9.379421 8.684649 9.114746 1.877538e+04
736295 9.247084 9.280168 8.759089 8.907969 8.850071e+03
736298 8.957595 8.957595 8.568853 8.709462 1.282020e+04
736299 8.601938 8.610209 7.940251 8.411703 1.794827e+04
736300 8.428245 8.428245 8.014690 8.279365 1.000802e+04
736301 8.502684 8.502684 7.311647 7.675575 4.598728e+04
736302 7.609407 8.031232 7.245478 7.915437 6.575520e+04
736305 7.733472 7.733472 6.534164 6.550706 4.904758e+04
736306 6.161965 7.683846 6.079254 7.228936 4.573915e+04
736307 7.179310 7.766558 7.104870 7.617678 2.985865e+04
736308 7.518425 7.857540 7.245479 7.700389 3.540028e+04
736309 7.452256 7.477070 6.964262 7.080057 2.398617e+04
736312 6.980803 6.989074 6.211591 6.286031 2.919696e+04
736313 6.095796 6.542435 6.079254 6.451453 2.018147e+04
736314 6.352200 6.898092 6.252947 6.716128 1.472255e+04
736315 6.716128 6.716128 5.806308 6.186778 4.243071e+04
736316 6.079254 6.236404 5.806307 6.029627 3.167829e+04
736319 6.013085 6.492809 6.013085 6.410098 2.696377e+04
736320 6.509351 6.823652 6.476267 6.782297 2.836985e+04
736321 6.914634 7.642491 6.914634 7.501882 1.786556e+04
736322 7.617678 7.617678 7.460527 7.460527 5.210789e+03
736326 7.361274 7.625949 7.295105 7.386087 2.911425e+04
736327 7.386087 7.501882 7.063514 7.154496 4.408493e+04
736328 6.955990 7.659033 6.947719 7.295105 3.085118e+04
736329 7.096599 7.377816 7.063515 7.278563 2.092587e+04
736333 7.278562 7.394358 7.146225 7.146225 4.052836e+03
736334 7.146226 7.195852 6.831924 6.831924 9.098204e+03
736335 6.823652 7.104870 6.625146 6.790568 1.745201e+04
736336 6.699586 7.104869 6.203320 6.203320 3.606197e+04
736337 6.195049 6.294302 5.715326 5.723597 2.282822e+04
736340 5.789766 6.112338 5.781495 5.822850 3.242269e+04
736341 5.814579 5.922103 5.185976 5.185976 3.730263e+04
736342 5.276959 5.359670 4.631813 5.053639 3.349793e+04
736343 4.921301 5.417567 4.921301 5.152892 1.976792e+04
736344 5.152892 5.260416 4.780693 4.813777 2.191840e+04
736348 5.012283 5.376211 5.012283 5.376211 3.978396e+04
736349 5.268687 5.268687 4.367138 5.020554 4.954385e+04
736350 4.822048 6.261218 4.731066 6.004814 3.200913e+04
736351 6.037899 7.981606 6.037899 7.311647 6.095796e+04
736354 7.253749 7.253749 6.542435 6.724399 2.952780e+04
736355 6.947719 8.122215 6.542436 7.725202 7.601136e+04
736356 8.056046 8.056046 6.616875 6.865008 2.051231e+04
736357 7.733473 7.882353 7.129683 7.816184 1.181112e+05
736358 7.816183 7.816183 7.510153 7.510153 1.778285e+04
736361 7.741744 8.874884 7.675575 8.510956 8.982408e+04
736362 8.411703 8.502685 8.163570 8.271094 2.530955e+04
736363 8.578006 8.914229 8.276267 8.914229 2.094930e+04
736364 8.690080 8.767670 8.483173 8.621111 1.310409e+04
736365 8.267646 9.250452 7.595199 9.078030 2.491501e+04
736368 8.146949 8.146949 6.371001 6.715845 3.862257e+04
736369 6.457213 7.362429 6.439970 6.948616 1.422483e+04
736370 6.793435 7.034826 6.103746 6.103746 1.025912e+04
736371 5.905461 6.000294 4.965760 5.026108 1.464727e+05
736372 5.551996 5.784766 5.043350 5.172667 7.810727e+04
736376 5.060592 5.500269 5.051971 5.189909 4.879549e+04
736377 5.060593 5.870977 5.060593 5.862356 2.215626e+04
736378 5.681312 5.827871 5.120940 5.301983 2.189762e+04
736379 5.250257 5.577859 5.250257 5.500269 5.948567e+03
736382 5.543374 5.793386 5.422678 5.698554 1.241440e+04
736383 5.689933 5.698554 5.276120 5.362331 2.043203e+04
736384 5.362331 5.646827 5.258877 5.534753 9.224588e+03
736385 5.689934 5.724418 5.017487 5.086456 2.741514e+04
736386 5.224393 5.370952 5.164046 5.276120 9.052167e+03
736389 5.233014 5.543374 5.172666 5.241635 1.034533e+04
736390 5.388195 5.586480 5.181288 5.577859 8.793534e+03
736391 5.474405 6.465833 5.310604 6.405485 1.560421e+04
736392 6.405485 7.500366 6.233063 6.939994 2.681165e+04
736393 7.198628 7.983149 6.534802 7.931422 8.129708e+04
736396 8.017633 9.052167 7.500367 8.543521 5.370952e+04
736397 8.293509 8.448689 7.759000 8.017633 3.026010e+04
736398 8.250403 8.388341 7.974528 8.060739 1.405241e+04
736399 8.198676 8.224540 8.009012 8.009012 3.189811e+03
736400 8.345235 8.345235 7.759000 7.784863 7.586577e+03
736403 8.017633 8.448689 7.810726 8.017633 2.991525e+04
736404 8.017634 8.207298 7.353808 7.483125 2.629439e+04
736405 7.707273 7.879695 7.207249 7.388292 2.293215e+04
736406 7.569336 8.190056 7.224491 7.517609 6.241685e+04
736407 7.646925 7.724515 7.327944 7.422776 2.000098e+04
736410 7.224491 7.681410 7.138280 7.379671 3.819152e+04
736411 7.190007 7.440019 7.112417 7.267597 4.569189e+04
736412 7.112417 7.293460 6.819299 6.819299 2.120793e+04
736413 6.629634 7.853832 6.586529 7.638304 5.129561e+04
736417 7.577956 7.577956 7.327944 7.327944 1.189713e+04
736418 7.327945 7.750379 6.914131 7.595199 3.051873e+04
736419 7.758999 8.069359 7.155521 7.276217 4.353661e+04
736420 7.129658 7.517608 6.991721 7.095174 3.301885e+04
736421 6.905510 7.388292 6.560666 7.043448 1.672496e+04
736424 7.026205 7.138280 6.560665 6.784814 2.957041e+04
736425 6.767573 6.827920 6.457213 6.560666 2.957041e+04
736426 6.621014 6.896889 6.327896 6.733088 2.327700e+04
736427 6.638255 6.733087 6.431349 6.621013 2.043203e+04
736428 6.991721 7.310702 6.793435 6.991721 2.344942e+04
736431 7.095175 7.327945 6.991721 7.052069 2.569091e+04
736432 7.112417 7.543472 7.095175 7.431398 4.698506e+04
736433 7.500366 7.767621 7.379671 7.491745 1.819054e+04
736434 7.621062 7.698652 7.146901 7.448640 1.775949e+04
736435 7.491746 7.552093 6.965858 7.293460 2.224247e+04
736438 7.095174 7.595199 7.095174 7.474503 1.103502e+04
736439 7.569335 7.853832 7.526230 7.845211 3.655351e+04
736440 8.009012 8.198677 7.784863 7.983149 4.181239e+04
736441 8.052118 8.207298 7.457262 7.879696 3.293265e+04
736442 7.896938 8.000391 7.603820 8.000391 2.922557e+04
736445 7.853832 8.233161 7.853832 7.974528 2.379427e+04
736446 8.069359 8.190055 7.767620 7.965906 2.327700e+04
736447 8.190055 8.474552 8.017633 8.190055 4.431251e+04
736448 8.172812 8.698700 7.974527 8.534899 5.172666e+04
736449 8.560763 8.560763 8.146949 8.431446 2.034582e+04
736452 8.776291 8.853881 8.327993 8.552142 2.844967e+04
736453 8.621112 8.819397 8.534901 8.638354 4.293314e+04
736454 8.850403 8.958226 8.428100 8.535922 3.477265e+04
736455 8.643745 8.643745 7.960871 8.023767 3.019021e+04
736456 7.862033 8.131589 7.862033 8.086663 2.372088e+04
736459 8.005796 8.059707 7.233071 7.304952 3.944494e+04
736460 7.403790 7.646390 7.242056 7.466686 2.183399e+04
736461 7.430744 8.176514 7.430744 7.673344 2.497880e+04
736462 7.772181 8.068692 7.691314 8.068692 2.390058e+04
736463 8.068692 8.356218 7.915944 7.996811 3.423354e+04
736466 7.996811 7.996811 7.206115 7.322922 4.959820e+04
736467 7.322922 7.565522 7.206115 7.349878 3.378428e+04
736468 7.197130 7.529582 7.188145 7.376834 1.671244e+04
736469 7.331908 7.619433 7.170174 7.251041 3.549146e+04
736470 7.277997 7.610448 7.188145 7.295967 3.773776e+04
736473 7.304952 7.439730 7.206115 7.251041 2.039636e+04
736474 7.224086 7.367849 7.197130 7.242056 9.075033e+03
736475 7.233070 7.295966 7.224085 7.286981 9.524291e+03
736476 7.286982 7.367849 7.251041 7.340893 4.582442e+04
736477 7.340893 7.340893 7.233071 7.277997 2.318177e+04
736481 7.251041 7.367848 7.152204 7.215100 6.667004e+04
736482 7.215100 7.376833 7.188145 7.304952 7.233071e+04
736483 7.277996 7.565522 7.277996 7.304952 2.120503e+04
736484 7.340892 7.484655 7.277996 7.331907 1.195029e+04
736487 7.502627 8.059708 7.394804 7.871019 5.804427e+04
736488 7.951885 8.086663 7.718270 7.906959 5.489945e+04
736489 7.996811 8.706641 7.996811 8.679685 3.261621e+04
736490 8.616789 8.697655 8.230426 8.284337 4.151154e+04
736491 8.230425 8.473025 8.185499 8.221440 1.491540e+04
736494 8.194485 8.778522 8.194485 8.437085 3.405384e+04
736495 8.580848 8.580848 8.356218 8.499981 1.437629e+04
736496 8.499981 8.760551 8.437085 8.697655 5.355168e+04
736497 8.625774 8.652729 8.401144 8.580848 2.408029e+04
736498 8.697656 8.751567 8.580848 8.616789 1.347777e+04
736501 8.760551 8.760551 8.535922 8.544907 1.886888e+04
736502 8.535922 8.742581 8.535922 8.652729 1.015325e+04
736503 8.652728 8.760551 8.446069 8.482010 1.940799e+04
736504 8.643744 8.760551 8.490996 8.544907 8.535922e+03
736505 8.446071 8.841419 8.356219 8.661715 6.658020e+04
736508 8.544907 8.661714 7.960870 8.041737 5.669649e+04
736509 8.095648 8.383174 8.050722 8.140574 1.383718e+04
736510 8.284337 8.571863 8.248396 8.473026 8.176515e+03
736511 8.508966 8.832433 8.508966 8.751566 1.913843e+04
736512 8.751566 8.787507 8.158544 8.607803 3.360458e+04
736516 8.428100 8.625774 8.230426 8.446070 1.949784e+04
736517 8.437084 8.805477 8.356218 8.715625 1.446614e+04
736518 8.742581 8.832433 8.580847 8.607803 1.904858e+04
736519 8.715625 9.173870 8.625773 8.850403 5.400094e+04
736522 8.976196 9.434440 8.976196 9.263722 6.559182e+04
736523 9.299662 9.632114 9.299662 9.389514 5.166479e+04
736524 9.317633 9.650085 9.317633 9.470381 1.689214e+04
736525 9.551247 9.614143 9.209810 9.209810 1.877903e+04
736526 9.236766 9.479366 9.200825 9.290677 5.480960e+03
736529 9.299662 9.865729 8.904314 9.730951 4.043331e+04
736530 9.659070 9.874714 9.452411 9.668055 3.899569e+04
736531 9.668055 9.703995 8.985181 9.084018 3.980435e+04
736532 9.137929 9.632114 9.137929 9.479366 1.284881e+04
736533 9.542262 9.784862 9.380529 9.668055 3.117858e+04
736536 9.515307 9.515307 9.173870 9.290677 3.108873e+04
736537 9.389514 9.596174 9.119959 9.218796 2.704540e+04
736538 9.452410 10.063402 9.416469 10.063402 5.777471e+04
736539 10.135285 10.332959 9.811818 9.901670 2.803377e+04
736540 9.973551 10.395854 9.838773 10.144269 7.691315e+04
736543 10.422809 10.728305 10.162239 10.656424 5.624723e+04
736544 10.800188 11.105684 10.332958 10.557588 1.032397e+05
736545 10.702773 10.758613 10.209514 10.377036 3.173605e+04
736546 10.395650 10.516638 9.632496 9.865165 3.275979e+04
736547 9.948925 9.986152 9.409133 9.520814 3.611022e+04
736550 9.623189 9.669722 8.459844 9.297452 6.933535e+04
736551 9.241612 9.483588 8.897262 9.204385 4.253189e+04
736552 9.148544 9.399826 8.766967 8.981022 2.289463e+04
736553 9.046170 9.269532 8.720433 9.222998 2.885095e+04
736554 8.934489 9.371906 8.655286 9.185771 4.941889e+04
736557 8.841421 9.027557 8.283016 8.469151 1.711513e+05
736558 8.301629 8.376083 7.585008 7.678076 1.256412e+05
736559 7.724610 8.180641 7.547781 7.678076 8.534298e+04
736560 7.678076 7.947972 7.631542 7.687383 6.319289e+04
736561 7.631542 7.892131 7.631542 7.678076 3.192218e+04
736564 7.678076 7.845598 7.585009 7.612929 2.149861e+04
736565 7.650155 8.115493 7.482634 7.585008 7.119670e+04
736566 7.631542 7.808370 7.557088 7.585008 3.043310e+04
736567 7.640849 7.724610 7.557088 7.603622 1.442548e+04
736568 7.640849 7.715303 7.585008 7.603622 1.703137e+04
736571 7.659463 7.687383 7.585008 7.640849 3.285286e+04
736572 7.659463 8.273709 7.594315 8.180641 1.528170e+05
736573 8.273709 8.608752 8.189948 8.524991 4.430017e+04
736574 8.524991 8.599446 8.310936 8.310936 1.284333e+04
736575 8.441230 8.645979 8.338855 8.357469 8.841420e+03
736579 8.422617 8.655286 8.394696 8.524991 1.479775e+04
736580 8.655285 8.655285 8.404003 8.478457 9.958232e+03
736581 8.580832 8.618059 8.348163 8.348163 2.066101e+04
736582 8.376083 8.645979 8.329549 8.413310 2.736187e+04
736585 8.469151 8.655286 8.450537 8.571525 1.005130e+04
736586 8.515684 8.534298 8.320242 8.366776 2.447678e+04
736587 8.394697 8.562219 8.236482 8.236482 1.154038e+04
736588 8.283015 8.283015 7.668769 7.789757 3.843691e+04
736589 7.929359 8.013120 7.799064 7.882825 2.224315e+04
736592 7.947972 8.106187 7.929358 7.985199 1.312253e+04
736593 7.910745 7.975892 7.771143 7.817677 2.745494e+04
736594 7.864211 8.292322 7.845597 8.245788 9.865164e+03
736595 8.217868 8.655286 8.189948 8.580832 2.773414e+04
736596 8.497071 8.571525 8.320243 8.348163 2.568666e+04
736599 8.441230 8.478457 8.255095 8.255095 4.560312e+03
736600 8.273709 8.320243 8.189948 8.199255 1.070277e+04
736601 8.552912 8.887955 8.450538 8.860035 1.643574e+05
736602 8.999636 9.232305 8.897262 9.232305 8.971716e+04
736603 9.167157 9.297452 8.962409 9.102010 2.978163e+04
736606 9.092704 9.195078 8.850728 8.850728 3.462114e+04
736607 8.925182 9.167158 8.878648 8.971716 2.317383e+04
736608 8.999636 9.222998 8.999636 9.083397 1.712444e+04
736609 9.018250 9.241612 9.018250 9.157851 9.492894e+03
736610 9.111317 9.167158 8.990330 9.129931 1.033050e+04
736613 9.102010 9.539428 9.102010 9.306759 8.404003e+04
736614 9.353292 9.716256 9.353292 9.679029 4.271802e+04
736615 9.567348 9.697643 9.446360 9.641802 1.796204e+04
736616 9.483588 9.641803 9.464974 9.474281 1.842738e+04
736617 9.474281 9.623189 9.241612 9.316066 1.814818e+04
736620 9.381213 9.381213 8.887955 8.934489 3.313206e+04
736621 8.906569 9.316066 8.850728 9.204385 2.177782e+04
736622 9.306759 9.604575 9.027556 9.576655 2.028873e+04
736623 9.399826 9.623188 9.269532 9.483587 9.027556e+03
736624 9.437054 9.539428 9.437054 9.464974 6.049393e+03
736627 9.492894 9.623189 9.381213 9.539428 2.661733e+04
736628 9.455667 9.539428 9.418440 9.492894 1.600763e+04
736629 9.511507 9.576655 9.455667 9.520814 3.536568e+04
736630 9.464974 9.502201 9.325373 9.353293 1.228492e+04
736631 9.446361 9.632496 9.353293 9.595269 7.575702e+04
736634 9.585961 9.772097 9.585961 9.641802 5.444454e+04
736635 9.697643 9.725564 9.306759 9.595269 4.104281e+04
736636 9.530122 9.539428 9.074090 9.167158 7.017297e+04
736637 9.221516 9.803927 9.143861 9.687445 4.300138e+04
736638 9.629204 9.677738 9.270050 9.357412 2.261698e+04
736641 9.435067 9.638911 8.823535 8.881776 4.552517e+04
736642 8.920604 8.920604 8.726467 8.784708 1.892838e+04
736643 9.027379 9.143862 8.784708 8.988552 3.426521e+04
736644 9.260344 9.260344 8.842949 9.095327 2.145216e+04
736645 9.075913 9.202102 8.862362 9.095327 2.378180e+04
736648 9.706859 9.900996 9.415653 9.551549 7.115127e+04
736649 9.638911 9.735980 9.056499 9.570963 5.309652e+04
736650 9.454481 9.949531 9.454481 9.920410 7.047180e+04
736651 9.677738 9.920410 9.629204 9.910703 3.135315e+04
736652 9.726273 10.046599 9.726273 10.046599 2.892644e+04
736655 10.046599 10.434873 9.862168 10.231029 5.872649e+04
736656 10.182495 10.182495 9.182689 9.774807 7.047180e+04
736657 9.706859 10.085426 9.638911 9.774807 1.562804e+04
736659 9.706859 9.949531 9.706859 9.862169 5.241704e+03
736662 9.949531 9.959237 9.483601 9.570963 3.669193e+04
736663 9.638911 9.852462 9.415653 9.551549 2.892644e+04
736664 9.755393 10.192201 9.619497 10.143667 5.222290e+04
736665 10.308685 10.337805 9.998065 10.163082 4.251605e+04
736666 10.085426 10.153374 9.959237 10.095133 1.310426e+04
736669 10.056305 10.192201 9.930116 9.930116 2.319939e+04
736670 9.862169 10.192203 9.862169 9.959238 2.387887e+04
736671 9.998065 10.279564 9.959238 10.066013 2.931471e+04
736672 10.163081 10.250442 9.930116 9.930116 2.436421e+04
736673 10.085426 10.192202 9.998065 10.182495 1.291012e+04
736676 10.192202 10.250443 10.027185 10.231029 5.416427e+04
736677 10.211616 10.852268 9.939824 10.599890 4.348673e+04
736678 10.677545 11.347318 10.629011 10.949337 9.357412e+04
736679 10.871682 11.104646 10.696958 10.929923 2.960592e+04
736680 10.832856 11.259957 10.260151 10.454288 5.299945e+04
736683 10.366925 10.920216 10.366925 10.871682 3.426521e+04
736684 10.716373 10.726079 10.007772 10.269857 3.610952e+04
736685 10.085426 10.638717 9.959237 10.182495 5.261118e+04
736686 10.192202 10.221322 9.959237 10.027185 2.552904e+04
736687 10.017479 10.240737 10.017479 10.163082 1.553098e+04
736691 10.192201 10.658131 10.114547 10.629010 2.824696e+04
736692 10.580476 10.580476 10.289270 10.386339 1.485149e+04
736693 10.337804 10.726078 10.337804 10.337804 1.252185e+04
736694 10.337805 10.590183 10.056306 10.240736 1.854010e+04
736698 10.298977 10.677544 10.298977 10.629010 4.164242e+04
736699 10.609596 10.726079 10.541648 10.629010 3.212970e+04
736700 10.629011 10.813441 10.580476 10.735786 2.863523e+04
736701 10.677545 11.259957 10.677545 11.036699 4.795188e+04
736704 11.114354 11.114354 10.774614 10.978458 2.989713e+04
736705 10.861975 11.172595 10.716372 10.813441 1.426908e+04
736706 10.910510 11.648231 10.910510 11.541456 4.620465e+04
736707 11.599697 11.648231 11.308491 11.327905 5.969719e+04
736708 11.366733 11.667645 11.240543 11.541456 6.309459e+04
736712 11.522041 11.599696 11.279370 11.318197 4.300138e+04
736713 11.269663 11.502628 10.929923 10.959044 4.319552e+04
736714 10.871682 11.589989 10.871682 11.279370 3.377987e+04
736715 11.269663 11.405559 11.211422 11.347318 1.795769e+04
736718 11.454093 11.483214 11.162888 11.279370 4.183656e+04
736719 11.454093 12.046211 11.357024 11.793833 7.386919e+04
736720 11.842368 11.997678 11.764713 11.929730 5.416427e+04
736721 12.085039 13.065432 12.085039 12.793640 1.197826e+05
736722 12.793640 13.725498 12.696571 12.725692 1.210445e+05
736725 12.735399 13.434293 12.735399 13.220742 7.901383e+04
736726 13.152794 13.249863 12.890709 13.240156 6.406527e+04
736727 13.521655 13.851688 13.201329 13.444000 1.181325e+05
736728 13.560000 13.640000 12.800000 13.150000 6.700000e+04
736729 13.060000 13.170000 12.800000 13.000000 2.890000e+04
736732 12.940000 12.940000 11.410000 11.900000 1.684000e+05
736733 11.970000 12.120000 11.500000 11.910000 3.170000e+04
736734 11.780000 12.120000 11.540000 11.760000 3.110000e+04
736735 11.800000 12.100000 11.800000 12.060000 2.570000e+04
736736 12.230000 13.250000 12.080000 13.110000 8.500000e+04
736739 13.300000 13.310000 12.200000 12.400000 7.050000e+04
736740 12.410000 12.460000 12.210000 12.210000 1.920000e+04
736741 12.230000 12.300000 12.020000 12.180000 2.620000e+04
736742 12.510000 13.210000 12.330000 12.900000 8.950000e+04
736743 12.950000 12.950000 12.660000 12.820000 3.020000e+04
736747 12.700000 13.090000 12.540000 12.880000 4.050000e+04
736748 12.750000 12.930000 12.550000 12.700000 1.420000e+04
736749 12.940000 12.940000 12.730000 12.750000 1.320000e+04
736750 12.840000 13.260000 12.620000 12.990000 1.730000e+04
736753 13.120000 13.500000 13.000000 13.150000 8.120000e+04
736754 13.220000 13.470000 13.020000 13.250000 5.070000e+04
736755 13.310000 14.230000 13.260000 14.050000 7.610000e+04
736756 14.050000 14.050000 13.000000 13.200000 6.160000e+04
736757 13.050000 13.730000 13.050000 13.250000 4.920000e+04
736760 13.050000 13.370000 11.660000 11.660000 1.195000e+05
736761 12.240000 13.000000 11.950000 12.040000 9.110000e+04
736762 12.000000 12.320000 11.980000 12.140000 4.570000e+04
736763 12.100000 12.530000 11.650000 11.650000 9.340000e+04
736764 11.830000 12.010000 11.550000 11.990000 7.030000e+04
