736034 12.764730 12.764730 12.764730 12.764730 0.000000e+00
736035 12.803034 12.803034 12.803034 12.803034 0.000000e+00
736036 12.870065 12.870065 12.841337 12.841337 1.915188e+02
736039 12.946673 13.032856 12.946673 13.032856 5.745565e+02
736040 13.176495 13.310558 13.176495 13.310558 2.010948e+03
736041 13.396742 13.626565 13.396742 13.549957 8.426828e+03
736042 13.549957 13.549957 13.549957 13.549957 0.000000e+00
736043 13.559533 13.559533 13.559533 13.559533 0.000000e+00
736046 13.693597 13.779780 13.693597 13.779780 2.872782e+02
736047 13.703173 13.703173 13.664869 13.693597 2.298226e+03
736048 13.693597 13.693597 13.693597 13.693597 0.000000e+00
736049 13.492502 13.492502 13.492502 13.492502 0.000000e+00
736050 13.875539 13.875539 13.865963 13.875539 2.298226e+03
736053 14.852286 14.986349 14.727798 14.938469 6.607400e+03
736054 14.450096 14.823558 14.450096 14.746950 4.960338e+04
736055 14.861861 15.302355 14.852285 15.072532 6.425457e+04
736056 15.350236 15.608784 15.340659 15.599210 6.032843e+03
736060 15.560906 15.905641 15.541754 15.848183 1.474695e+04
736061 16.451467 16.451467 15.924789 15.991823 5.745565e+04
736062 18.002769 18.529447 17.811251 18.299625 3.006846e+04
736063 18.481565 18.931636 18.165559 18.855029 7.948031e+04
736064 18.730541 18.874180 18.366656 18.749694 4.471965e+04
736067 19.515768 19.649832 19.276369 19.333827 5.668957e+04
736068 19.151883 19.151883 18.768845 19.094428 3.236668e+04
736069 18.969940 19.008245 18.673087 18.960364 3.993168e+04
736070 19.113578 19.554073 19.056124 19.515768 4.491117e+04
736071 19.036971 19.180612 18.960363 19.151883 4.318750e+04
736074 19.017822 19.017822 18.433688 18.960364 2.001372e+04
736075 18.720964 18.720964 18.261320 18.424111 5.774293e+04
736076 19.036971 19.343403 19.036971 19.161459 1.723669e+04
736077 19.218915 19.343403 19.142307 19.333827 2.968542e+03
736078 19.410434 19.410434 19.199762 19.333827 3.543098e+03
736081 19.716864 19.774320 19.458314 19.716864 1.398087e+04
736082 19.678560 19.678560 19.314675 19.448737 9.480182e+03
736083 19.113579 19.247643 18.720965 19.190188 1.273600e+04
736084 18.807149 18.902909 18.730541 18.730541 9.384423e+03
736085 18.740117 19.094428 18.740117 19.094428 4.692211e+03
736088 18.922060 18.998668 18.778422 18.835877 1.570454e+04
736089 18.424111 18.548599 17.993195 18.270896 1.809853e+04
736090 18.031498 18.031498 17.370757 17.370757 1.924764e+04
736091 17.054751 17.112208 16.949417 16.997296 1.091657e+04
736092 17.839977 18.184712 17.839977 17.897435 8.043791e+03
736095 18.270897 18.309201 17.964466 18.203865 8.043791e+03
736096 18.069803 18.069803 17.715492 17.859131 4.021895e+03
736097 17.849554 17.849554 17.552701 17.658037 3.638858e+03
736098 17.629309 17.907012 17.591006 17.725068 2.010948e+04
736099 18.088953 18.088953 17.859131 17.916586 1.627910e+03
736102 18.069802 18.127257 17.868706 17.897435 7.660753e+03
736103 18.242168 18.452840 18.194289 18.404959 1.149113e+04
736104 18.577327 18.586903 18.462416 18.558174 2.489745e+03
736105 18.290048 18.749693 18.290048 18.740117 9.097144e+03
736106 18.912485 18.941214 18.558174 18.883756 2.087555e+04
736110 19.324250 19.391282 18.902909 19.199762 1.340632e+04
736111 19.180612 19.228491 18.855030 19.084852 1.627910e+04
736112 18.577327 18.673087 17.907012 18.606055 3.868681e+04
736113 18.634782 18.778423 18.424112 18.433688 3.830377e+03
736116 18.328351 18.759269 18.328351 18.615631 7.564994e+03
736117 18.701815 18.701815 18.385809 18.653934 3.160061e+03
736118 18.653934 18.711391 18.577326 18.653934 6.894678e+03
736119 18.500720 18.644358 18.433688 18.443264 7.756513e+03
736120 18.108106 18.424112 18.108106 18.404959 6.798919e+03
736123 18.175136 18.194288 18.060226 18.060226 2.585504e+03
736124 17.361181 17.447364 17.064327 17.140935 7.373475e+03
736125 16.805777 17.064328 16.738746 17.064328 1.091657e+04
736126 17.150511 17.265423 17.140935 17.179240 3.255820e+03
736127 17.581430 17.658037 17.523972 17.523972 2.777023e+03
736130 17.160088 17.370758 16.872811 17.016449 2.681264e+03
736131 16.547229 16.614259 16.374861 16.480195 6.482913e+04
736132 16.604683 16.958992 16.269525 16.958992 1.110809e+04
736133 16.891960 16.891960 16.662138 16.700443 4.299598e+04
736134 16.518499 16.518499 16.326979 16.355708 3.734617e+03
736137 16.556804 16.556804 16.528075 16.528075 2.010948e+03
736138 17.207966 17.207966 16.853657 16.911113 5.525318e+04
736139 17.035601 17.073903 16.987720 16.987720 1.340632e+03
736140 16.911113 16.911113 16.662139 16.815353 6.310546e+04
736141 16.432316 16.518500 16.279101 16.279101 8.331069e+03
736144 15.714121 15.896063 15.714121 15.800304 9.958979e+03
736145 16.125885 16.183341 16.097156 16.106733 7.660753e+03
736146 15.991823 16.097157 15.991823 16.039702 1.522575e+04
736147 15.580058 15.790728 15.580058 15.694968 5.554046e+03
736151 14.114939 14.411793 13.875540 14.220274 5.123129e+04
736152 13.482926 13.482926 12.812610 13.099888 1.876885e+04
736153 12.381693 12.803034 12.171022 12.171022 1.589606e+04
736154 13.147768 14.105362 13.147768 13.846812 1.407663e+04
736155 14.565007 14.737374 14.497976 14.612887 2.202467e+03
736158 15.560905 15.560905 14.881013 14.881013 2.585504e+04
736159 14.670342 14.699070 14.651190 14.679918 2.010948e+04
736160 14.478824 14.478824 14.114938 14.162818 3.361156e+04
736161 14.344761 14.497976 14.344761 14.497976 5.937084e+03
736162 14.871437 14.871437 14.670343 14.756526 4.787971e+02
736165 14.746950 14.842709 14.746950 14.842709 5.745565e+02
736166 14.785253 14.852285 14.785253 14.833133 3.045149e+04
736167 14.679919 14.708647 14.632039 14.689495 3.514371e+04
736168 14.871438 14.948045 14.804406 14.804406 1.292752e+04
736169 14.536280 14.632039 14.478824 14.478824 6.894678e+03
736172 13.444621 13.712748 13.444621 13.511653 5.075249e+03
736173 13.616989 13.779780 13.607413 13.731900 1.963068e+04
736174 14.038331 14.162818 13.932995 14.162818 5.937084e+03
736175 13.798932 13.923419 13.798932 13.913843 6.607400e+03
736176 13.731900 13.942571 13.645717 13.779780 8.235310e+03
736179 13.636141 13.636141 13.444623 13.530806 4.500693e+03
736180 13.636141 13.636141 13.636141 13.636141 9.575942e+01
736181 13.894692 13.961723 13.856388 13.856388 3.830377e+03
736182 14.009603 14.009603 14.009603 14.009603 1.915188e+02
736183 14.277729 14.296881 14.277729 14.296881 4.787971e+02
736186 14.938469 15.024652 14.938469 15.024652 5.266768e+03
736187 14.718222 14.718222 14.718222 14.718222 7.948031e+03
736188 14.421368 14.450096 14.325609 14.421368 5.621078e+04
736189 14.488400 14.584159 14.488400 14.497976 6.607400e+04
736190 14.507551 14.574583 14.507551 14.574583 1.053354e+03
736193 14.440520 14.497976 14.316033 14.497976 1.302328e+04
736194 14.249001 14.249001 14.249001 14.249001 1.149113e+03
736195 13.779779 13.875538 13.626564 13.626564 3.753769e+04
736196 13.396742 13.396742 13.195647 13.262679 1.752397e+04
736197 12.898793 12.984976 12.506179 12.678546 9.958979e+03
736200 11.969927 12.429572 11.615617 11.615617 3.255820e+03
736201 12.927521 12.927521 12.123142 12.123142 1.771549e+04
736202 12.142294 12.266781 12.056110 12.257205 5.266768e+03
736203 13.013705 13.023281 13.013705 13.023281 9.001385e+03
736204 12.927521 12.927521 12.755154 12.803034 2.393985e+03
736207 12.458300 12.573211 12.458300 12.573211 2.681264e+03
736208 12.171022 12.171022 11.797560 11.797560 2.844055e+04
736209 12.027383 12.036959 12.017807 12.027383 3.370732e+04
736210 12.372116 12.429572 12.209325 12.247629 1.016965e+05
736211 11.874167 12.123141 11.778407 11.835863 3.926136e+03
736215 12.707275 12.908370 12.630667 12.860490 2.585504e+03
736216 12.870066 12.870066 12.860490 12.860490 1.723670e+03
736217 13.109465 13.166920 13.032857 13.061585 1.666214e+04
736218 13.052008 13.243527 12.841337 12.841337 5.745565e+02
736221 12.841337 12.841337 12.841337 12.841337 0.000000e+00
736222 12.496604 12.496604 12.467876 12.467876 5.745565e+02
736223 13.300983 13.636141 13.300983 13.435046 1.627910e+03
736224 13.253104 13.253104 13.214800 13.214800 1.915188e+02
736225 13.636141 13.655292 13.205223 13.243527 6.128603e+03
736228 13.942571 13.952147 13.406318 13.406318 1.915188e+03
736229 13.406318 13.406318 13.406318 13.406318 0.000000e+00
736230 13.080736 13.080736 12.496604 12.496604 1.627910e+03
736231 12.458300 12.458300 12.429572 12.429572 1.053354e+03
736232 12.429572 12.429572 12.429572 12.429572 0.000000e+00
736235 12.534908 12.534908 12.534908 12.534908 1.915188e+02
736236 12.333813 12.850914 12.333813 12.688123 8.560892e+04
736237 13.023280 13.099888 12.879641 13.071160 1.149113e+03
736238 13.099889 13.281832 13.099889 13.214800 2.010948e+03
736239 13.578685 13.846812 13.578685 13.636141 2.585504e+03
736242 13.674445 14.076634 13.674445 13.932995 2.365258e+04
736243 13.808508 13.827660 13.597837 13.798932 7.948032e+03
736244 14.076633 14.306456 14.076633 14.306456 2.489745e+03
736245 13.904267 14.363912 13.827659 14.363912 5.266768e+03
736246 14.497975 14.497975 13.818084 14.067058 2.642960e+04
736249 14.172394 14.229850 14.028755 14.181970 1.187417e+04
736250 14.306457 14.306457 13.770204 13.770204 3.351580e+03
736251 13.770204 13.770204 13.770204 13.770204 0.000000e+00
736252 14.411792 14.411792 14.268153 14.287305 1.627910e+03
736253 14.210697 14.584159 14.210697 14.555431 7.909728e+04
736256 14.440520 14.440520 14.143666 14.277729 6.894678e+03
736257 14.344760 14.421368 14.153242 14.421368 1.436391e+03
736258 14.344760 14.344760 14.105361 14.105361 1.819429e+03
736259 14.335185 14.584159 14.325609 14.584159 4.404933e+03
736260 14.584159 14.689494 14.555431 14.670342 1.532151e+03
736263 14.430944 14.430944 14.373488 14.392640 2.202467e+03
736264 14.392640 14.392640 14.392640 14.392640 0.000000e+00
736265 14.095786 14.095786 13.846812 13.952147 1.149113e+03
736266 13.760629 13.932996 13.760629 13.904268 9.288664e+03
736267 13.961722 14.019178 13.932994 13.990450 6.607399e+03
736270 13.684020 14.000026 13.684020 14.000026 6.511640e+03
736271 13.875540 14.019179 13.856388 13.961723 7.852272e+03
736272 14.076634 14.076634 14.028754 14.028754 2.872782e+03
736273 14.076634 14.095786 14.076634 14.095786 3.447339e+03
736274 14.095786 14.095786 14.095786 14.095786 0.000000e+00
736277 13.904267 13.952147 13.655292 13.722324 9.441878e+04
736278 13.569109 13.655293 13.569109 13.597837 1.283176e+04
736279 13.779780 13.779780 13.521229 13.722324 2.623808e+04
736280 13.444622 13.559533 13.291407 13.387166 1.896036e+04
736281 13.224376 13.272256 13.013705 13.224376 2.834479e+04
736284 13.291407 13.722324 13.281831 13.291407 9.891948e+04
736285 13.348863 13.645717 13.243528 13.492502 8.082095e+04
736286 13.214799 13.502077 13.214799 13.396742 1.790701e+04
736287 13.406318 13.770204 13.377591 13.645717 1.340632e+04
736288 13.473350 13.808508 13.473350 13.703173 4.778395e+04
736291 13.559532 13.655292 13.473349 13.473349 2.757871e+04
736292 13.368014 13.368014 13.358438 13.368014 1.149113e+03
736293 13.406318 13.406318 13.243527 13.320135 1.819429e+03
736295 12.937097 13.023281 12.937097 12.956249 4.404933e+03
736298 12.956249 12.956249 12.956249 12.956249 0.000000e+00
736299 12.956249 12.956249 12.956249 12.956249 0.000000e+00
736300 12.956249 12.956249 12.956249 12.956249 0.000000e+00
736301 12.956249 12.956249 12.956249 12.956249 0.000000e+00
736302 12.956249 12.956249 12.956249 12.956249 0.000000e+00
736305 12.956249 12.956249 12.956249 12.956249 0.000000e+00
736306 12.956249 12.956249 12.956249 12.956249 0.000000e+00
736307 12.850913 12.850913 12.573211 12.573211 2.202467e+03
736308 12.410420 12.410420 12.400844 12.410420 7.660753e+02
736309 12.103990 12.132718 12.103990 12.132718 1.149113e+03
736312 12.161447 12.266782 12.142295 12.266782 9.575942e+03
736313 12.477452 12.477452 12.477452 12.477452 9.575942e+01
736314 12.649819 12.736002 12.276357 12.439148 4.127231e+04
736315 12.515756 12.515756 12.487028 12.487028 3.064301e+03
736316 12.362541 12.506180 12.343389 12.506180 1.024626e+04
736319 12.850914 13.042433 11.950776 12.860490 3.667586e+04
736320 12.515755 12.582787 12.419996 12.554059 1.350208e+04
736321 12.668970 12.927521 12.305084 12.525331 1.963068e+04
736322 12.592363 12.621091 12.592363 12.621091 1.149113e+03
736326 12.783882 12.831762 12.257205 12.611515 4.883730e+04
736327 12.595783 12.674445 12.526953 12.674445 1.042274e+04
736328 12.556452 12.566285 12.359796 12.418793 1.209431e+04
736329 12.271301 12.438458 12.271301 12.438458 1.769899e+03
736333 12.143475 12.192639 11.799328 11.799328 3.028494e+04
736334 12.054980 12.074645 11.809160 11.995983 1.189766e+04
736335 11.868157 11.917321 11.779662 11.779662 1.179933e+03
736336 11.337188 11.337188 11.032372 11.032372 2.753177e+03
736337 10.953710 11.042205 10.894713 10.894713 1.376588e+03
736340 10.875048 10.875048 10.875048 10.875048 9.832774e+01
736341 10.806217 10.816050 10.757053 10.757053 1.573244e+03
736342 10.501402 10.619395 10.501402 10.619395 1.150434e+04
736343 10.747221 11.317522 10.393241 11.317522 1.170100e+04
736344 10.186754 10.186754 10.029429 10.176921 9.832774e+02
736348 10.521067 10.521067 10.521067 10.521067 1.474916e+03
736349 10.363743 10.363743 9.793442 10.324412 5.604681e+03
736350 10.324412 10.324412 10.324412 10.324412 0.000000e+00
736351 10.216252 10.216252 10.206419 10.206419 1.966555e+02
736354 10.206419 10.206419 10.206419 10.206419 0.000000e+00
736355 9.960600 10.078593 9.960600 10.078593 7.866219e+02
736356 10.088425 10.088425 9.960599 9.960599 3.933109e+02
736357 10.078593 10.344078 10.019596 10.157255 1.612575e+04
736358 10.393242 10.432573 10.393242 10.422740 1.671572e+03
736361 10.206419 10.206419 10.206419 10.206419 2.949832e+02
736362 10.206419 10.206419 10.206419 10.206419 0.000000e+00
736363 10.206419 10.206419 10.206419 10.206419 0.000000e+00
736364 10.432573 10.432573 10.422740 10.422740 7.571236e+03
736365 10.117924 10.117924 9.803275 9.803275 4.818059e+03
736368 10.029429 10.029429 9.478794 9.478794 4.621404e+03
736369 9.685282 9.685282 9.606619 9.665616 2.949832e+02
736370 9.852439 9.852439 9.852439 9.852439 9.832773e+01
736371 9.852439 9.852439 9.852439 9.852439 0.000000e+00
736372 9.626285 9.793442 9.586954 9.763944 1.465083e+04
736376 10.029429 10.383409 9.999930 10.275248 2.477859e+04
736377 10.442405 10.688224 10.442405 10.619395 3.539798e+03
736378 10.707890 10.845548 10.560398 10.648893 4.719731e+03
736379 10.560398 10.639060 10.560398 10.639060 5.604680e+03
736382 10.727556 10.884880 10.727556 10.816051 3.736454e+03
736383 10.816051 10.816051 10.816051 10.816051 0.000000e+00
736384 10.698057 10.707890 10.698057 10.707890 1.868227e+03
736385 10.462071 10.462071 10.462071 10.462071 2.949832e+02
736386 10.462071 10.462071 10.462071 10.462071 9.832773e+01
736389 10.442405 10.442405 10.226084 10.226084 5.899664e+02
736390 10.226084 10.226084 10.226084 10.226084 9.832773e+01
736391 10.816051 10.816051 10.816051 10.816051 9.832774e+01
736392 10.904546 10.904546 10.904546 10.904546 9.832774e+01
736393 11.415849 11.602672 11.179863 11.288023 1.278260e+03
736396 11.484678 11.484678 11.140531 11.415849 9.832773e+02
736397 11.209362 11.219195 11.111034 11.160198 9.832774e+02
736398 11.002873 11.101201 11.002873 11.101201 1.769899e+03
736399 10.806218 10.825884 10.806218 10.825884 2.949832e+02
736400 11.474847 11.602673 11.474847 11.602673 2.654849e+03
736403 11.592840 11.592840 11.484680 11.563342 9.832774e+02
736404 11.563342 11.563342 11.563342 11.563342 0.000000e+00
736405 11.356853 11.356853 11.356853 11.356853 3.933109e+02
736406 11.445348 11.445348 11.445348 11.445348 9.832773e+01
736407 11.445348 11.445348 11.445348 11.445348 0.000000e+00
736410 11.966485 11.966485 11.966485 11.966485 1.966555e+02
736411 11.897656 11.897656 11.759997 11.877990 2.556521e+03
736412 11.897656 11.897656 11.897656 11.897656 9.832774e+01
736413 11.307689 11.406017 11.307689 11.406017 1.081605e+03
736417 11.936986 11.936986 11.406017 11.435515 1.081605e+03
736418 11.435515 11.435515 11.435515 11.435515 0.000000e+00
736419 11.927154 11.927154 11.730499 11.730499 6.882942e+02
736420 11.730499 11.730499 11.730499 11.730499 0.000000e+00
736421 11.730499 11.730499 11.730499 11.730499 0.000000e+00
736424 11.612506 11.612506 11.612506 11.612506 9.832774e+01
736425 11.612506 11.612506 11.612506 11.612506 0.000000e+00
736426 11.651837 11.651837 11.651837 11.651837 9.832774e+02
736427 11.651837 11.651837 11.651837 11.651837 0.000000e+00
736428 11.701000 11.701000 11.701000 11.701000 7.866218e+02
736431 11.701000 11.701000 11.701000 11.701000 0.000000e+00
736432 11.701000 11.701000 11.701000 11.701000 0.000000e+00
736433 12.664611 12.782605 12.408959 12.762939 1.278260e+03
736434 12.880933 12.880933 12.880933 12.880933 9.832773e+01
736435 11.986150 11.986150 11.986150 11.986150 9.832773e+01
736438 12.143475 12.595783 12.143475 12.143475 3.933109e+02
736439 12.143475 12.143475 12.143475 12.143475 0.000000e+00
736440 12.703943 12.703943 12.684277 12.694110 2.359866e+03
736441 12.133642 12.133642 12.133642 12.133642 1.966555e+03
736442 12.133642 12.133642 12.133642 12.133642 0.000000e+00
736445 12.133642 12.133642 12.133642 12.133642 0.000000e+00
736446 12.133642 12.133642 12.133642 12.133642 0.000000e+00
736447 12.212305 12.290967 12.212305 12.290967 5.899664e+02
736448 12.290967 12.290967 12.290967 12.290967 0.000000e+00
736449 11.602673 12.094311 11.583007 11.583007 4.818059e+03
736452 11.799328 11.799328 11.661669 11.661669 2.949832e+02
736453 11.701000 11.701000 11.701000 11.701000 1.278261e+03
736454 11.701000 11.701000 11.701000 11.701000 0.000000e+00
736455 11.701000 11.701000 11.701000 11.701000 0.000000e+00
736456 11.701000 11.701000 11.701000 11.701000 0.000000e+00
736459 11.701000 11.701000 11.701000 11.701000 0.000000e+00
736460 11.002873 11.022539 11.002873 11.022539 1.573244e+03
736461 11.022539 11.022539 11.022539 11.022539 0.000000e+00
736462 11.022539 11.022539 11.022539 11.022539 0.000000e+00
736463 11.032372 11.111034 11.002874 11.032372 1.573244e+03
736466 11.032372 11.032372 11.032372 11.032372 0.000000e+00
736467 11.229027 11.229027 11.032372 11.160198 8.456185e+03
736468 11.179863 11.297856 11.120866 11.219194 1.484749e+04
736469 11.150365 11.150365 11.002873 11.002873 1.966555e+03
736470 11.002873 11.002873 11.002873 11.002873 0.000000e+00
736473 11.002873 11.002873 11.002873 11.002873 0.000000e+00
736474 11.238860 11.238860 11.238860 11.238860 2.949832e+02
736475 11.258525 11.258525 11.258525 11.258525 4.916386e+02
736476 11.022539 11.297857 10.904546 11.189696 2.064882e+03
736477 11.189696 11.189696 11.189696 11.189696 0.000000e+00
736481 11.189697 11.573175 11.189697 11.573175 2.261538e+03
736482 11.435515 11.435515 11.435515 11.435515 4.916387e+02
736483 11.583007 11.583007 11.465014 11.533843 9.931101e+03
736484 11.474846 11.474846 11.474846 11.474846 1.966555e+02
736487 11.061870 11.061870 11.061870 11.061870 9.832773e+01
736488 11.710833 11.976318 11.710833 11.877990 1.573244e+03
736489 11.583007 11.848492 11.583007 11.848492 1.179933e+03
736490 11.789495 11.799328 11.661669 11.661669 3.736454e+03
736491 11.248692 11.337187 11.248692 11.337187 1.179933e+03
736494 11.337187 11.337187 11.337187 11.337187 0.000000e+00
736495 10.865215 10.894713 10.629228 10.894713 1.091438e+04
736496 11.032372 11.160198 11.032372 11.071703 1.248762e+04
736497 11.002873 11.199529 10.993041 11.111034 3.638126e+03
736498 11.091368 11.091368 11.091368 11.091368 9.832773e+01
736501 11.091368 11.091368 11.091368 11.091368 0.000000e+00
736502 10.914379 10.914379 10.914379 10.914379 9.832774e+01
736503 11.111034 11.111034 11.111034 11.111034 9.832773e+01
736504 11.111034 11.111034 11.111034 11.111034 0.000000e+00
736505 10.049094 10.934044 10.049094 10.884880 2.949832e+03
736508 10.884880 10.884880 10.884880 10.884880 0.000000e+00
736509 10.894713 10.894713 10.894713 10.894713 1.966555e+02
736510 11.297856 11.297856 11.297856 11.297856 9.832773e+01
736511 11.317522 11.356853 11.317522 11.317522 8.849496e+02
736512 11.415849 11.415849 11.415849 11.415849 9.832773e+01
736516 11.415849 11.415849 11.415849 11.415849 0.000000e+00
736517 11.415849 11.415849 11.415849 11.415849 0.000000e+00
736518 11.415849 11.415849 11.415849 11.415849 0.000000e+00
736519 11.278191 11.278191 11.130699 11.130699 3.933109e+02
736522 11.465013 11.484679 11.396184 11.396184 6.882941e+02
736523 11.710833 11.710833 11.701000 11.701000 2.949832e+02
736524 11.710833 11.710833 11.651837 11.681335 5.899664e+02
736525 11.799328 11.799328 11.799328 11.799328 9.832773e+01
736526 11.661669 11.809161 11.651836 11.759997 1.573244e+03
736529 11.759997 11.759997 11.759997 11.759997 0.000000e+00
736530 11.750164 11.750164 11.701000 11.701000 1.179933e+03
736531 11.337187 11.779662 11.337187 11.779662 6.882941e+02
736532 11.848492 11.848492 11.838659 11.838659 3.933109e+02
736533 11.838659 11.838659 11.838659 11.838659 0.000000e+00
736536 11.838659 11.838659 11.838659 11.838659 0.000000e+00
736537 11.799328 11.799328 11.799328 11.799328 9.832773e+02
736538 11.750164 11.789496 11.740332 11.769830 8.849496e+02
736539 11.730499 11.818994 11.730499 11.818994 3.244815e+03
736540 11.769830 11.877990 11.750164 11.848492 7.374580e+03
736543 11.848492 11.848492 11.848492 11.848492 0.000000e+00
736544 11.828826 11.877990 11.730499 11.759997 9.832773e+02
736545 11.514178 11.681335 11.514178 11.681335 4.621404e+03
736546 11.681335 11.681335 11.681335 11.681335 0.000000e+00
736547 12.054980 12.054980 12.054980 12.054980 1.966555e+02
736550 12.054980 12.054980 12.054980 12.054980 0.000000e+00
736551 12.251635 12.251635 12.251635 12.251635 2.949832e+02
736552 12.251635 12.251635 12.251635 12.251635 0.000000e+00
736553 12.576117 12.576117 12.576117 12.576117 9.832773e+01
736554 12.359796 12.418793 12.330298 12.418793 1.179933e+03
736557 12.418793 12.418793 12.418793 12.418793 0.000000e+00
736558 12.694110 12.694110 12.694110 12.694110 9.832773e+01
736559 12.458124 12.458124 12.458124 12.458124 9.832773e+01
736560 12.458124 12.458124 12.458124 12.458124 0.000000e+00
736561 12.458124 12.458124 12.458124 12.458124 0.000000e+00
736564 12.458124 12.458124 12.458124 12.458124 0.000000e+00
736565 12.458124 12.458124 12.458124 12.458124 0.000000e+00
736566 12.458124 12.458124 12.458124 12.458124 0.000000e+00
736567 12.458124 12.458124 12.458124 12.458124 0.000000e+00
736568 12.458124 12.458124 12.458124 12.458124 0.000000e+00
736571 12.458124 12.458124 12.458124 12.458124 0.000000e+00
736572 12.458124 12.458124 12.458124 12.458124 0.000000e+00
736573 12.458124 12.458124 12.458124 12.458124 0.000000e+00
736574 12.458124 12.458124 12.458124 12.458124 0.000000e+00
736575 12.458124 12.458124 12.458124 12.458124 0.000000e+00
736579 12.458124 12.458124 12.458124 12.458124 9.832773e+01
736580 12.654779 12.654779 12.654779 12.654779 1.966555e+02
736581 12.684278 12.713776 12.644947 12.713776 5.899664e+02
736582 12.664612 12.664612 12.536786 12.595783 1.081605e+03
736585 12.595783 12.595783 12.595783 12.595783 0.000000e+00
736586 12.595783 12.595783 12.595783 12.595783 0.000000e+00
736587 12.595783 12.595783 12.595783 12.595783 0.000000e+00
736588 12.595783 12.595783 12.595783 12.595783 0.000000e+00
736589 12.595783 12.595783 12.595783 12.595783 0.000000e+00
736592 12.644947 12.644947 12.340131 12.340131 8.259530e+03
736593 12.340131 12.340131 12.340131 12.340131 0.000000e+00
736594 12.340131 12.340131 12.340131 12.340131 0.000000e+00
736595 12.703943 12.703943 12.703943 12.703943 9.832773e+01
736596 12.703943 12.703943 12.703943 12.703943 0.000000e+00
736599 12.172973 12.172973 12.172973 12.172973 1.966555e+02
736600 12.123809 12.143475 12.074646 12.143475 3.343143e+03
736601 12.143475 12.143475 12.143475 12.143475 0.000000e+00
736602 12.143475 12.143475 12.143475 12.143475 0.000000e+00
736603 12.143475 12.143475 12.143475 12.143475 0.000000e+00
736606 12.143475 12.143475 12.143475 12.143475 0.000000e+00
736607 12.143475 12.143475 12.143475 12.143475 0.000000e+00
736608 12.143475 12.143475 12.143475 12.143475 0.000000e+00
736609 12.143475 12.143475 12.143475 12.143475 0.000000e+00
736610 12.143475 12.143475 12.143475 12.143475 0.000000e+00
736613 12.143475 12.143475 12.143475 12.143475 0.000000e+00
736614 12.143475 12.143475 12.143475 12.143475 0.000000e+00
736615 12.320464 12.340130 12.231969 12.251635 8.849496e+02
736616 12.222136 12.241802 12.222136 12.241802 1.966555e+02
736617 12.241802 12.241802 12.241802 12.241802 0.000000e+00
736620 12.241802 12.241802 12.241802 12.241802 0.000000e+00
736621 12.241802 12.241802 12.241802 12.241802 0.000000e+00
736622 12.241802 12.241802 12.241802 12.241802 0.000000e+00
736623 12.546619 12.546619 12.546619 12.546619 1.966555e+02
736624 12.546619 12.546619 12.546619 12.546619 0.000000e+00
736627 12.546619 12.546619 12.546619 12.546619 0.000000e+00
736628 12.585950 12.595783 12.585950 12.595783 2.949832e+02
736629 12.595783 12.595783 12.595783 12.595783 0.000000e+00
736630 12.595783 12.595783 12.595783 12.595783 0.000000e+00
736631 12.202471 12.310631 12.153307 12.153307 1.868227e+03
736634 12.153307 12.153307 12.153307 12.153307 0.000000e+00
736635 12.153307 12.212304 12.153307 12.212304 2.949832e+02
736636 12.212304 12.212304 12.212304 12.212304 0.000000e+00
736637 12.094311 12.094311 12.094311 12.094311 9.832773e+01
736638 12.094311 12.094311 12.094311 12.094311 2.949832e+02
736641 12.271301 12.654780 12.271301 12.507288 3.244815e+03
736642 12.507288 12.507288 12.507288 12.507288 0.000000e+00
736643 12.703943 12.703943 12.517120 12.517120 2.949832e+02
736644 12.517120 12.517120 12.517120 12.517120 0.000000e+00
736645 12.517120 12.517120 12.517120 12.517120 0.000000e+00
736648 12.605615 12.605615 12.487622 12.487622 4.916387e+02
736649 12.487622 12.487622 12.487622 12.487622 0.000000e+00
736650 12.536786 12.536786 12.536786 12.536786 6.882941e+02
736651 12.428626 12.428626 12.428626 12.428626 9.832774e+01
736652 12.428626 12.428626 12.428626 12.428626 0.000000e+00
736655 12.694110 12.694110 12.694110 12.694110 9.832773e+01
736656 12.782605 12.782605 12.782605 12.782605 2.949832e+02
736657 12.782605 12.782605 12.782605 12.782605 0.000000e+00
736659 12.782605 12.782605 12.782605 12.782605 2.949832e+02
736662 12.782605 12.782605 12.782605 12.782605 0.000000e+00
736663 12.782605 12.782605 12.782605 12.782605 0.000000e+00
736664 12.782605 12.782605 12.782605 12.782605 0.000000e+00
736665 12.812103 12.861267 12.782605 12.861267 1.081605e+03
736666 12.900598 12.900598 12.900598 12.900598 9.832773e+01
736669 12.713775 12.861267 12.703943 12.861267 5.899664e+02
736670 12.487622 12.654779 12.330297 12.654779 3.933109e+02
736671 12.723608 12.723608 12.694110 12.694110 2.064882e+03
736672 12.595783 12.595783 12.595783 12.595783 1.966555e+02
736673 12.595783 12.595783 12.595783 12.595783 0.000000e+00
736676 12.595783 12.595783 12.595783 12.595783 0.000000e+00
736677 12.359797 12.389295 12.359797 12.389295 2.949832e+02
736678 12.389295 12.389295 12.389295 12.389295 0.000000e+00
736679 12.389295 12.389295 12.389295 12.389295 0.000000e+00
736680 12.389295 12.389295 12.389295 12.389295 0.000000e+00
736683 12.202471 12.202471 12.123809 12.123809 5.899664e+02
736684 12.123809 12.123809 12.123809 12.123809 0.000000e+00
736685 12.123809 12.123809 12.123809 12.123809 0.000000e+00
736686 11.818993 11.818993 11.681334 11.701000 2.064882e+03
736687 11.701000 11.701000 11.701000 11.701000 4.916387e+02
736691 11.701000 11.701000 11.701000 11.701000 0.000000e+00
736692 11.730000 11.730000 11.730000 11.730000 1.200000e+03
736693 11.730000 11.730000 11.730000 11.730000 2.100000e+03
736694 11.880000 11.880000 11.880000 11.880000 3.000000e+02
736698 11.910000 12.050000 11.910000 12.000000 6.300000e+03
736699 12.230000 12.230000 12.210000 12.210000 2.000000e+02
736700 12.250000 12.380000 12.250000 12.380000 1.200000e+03
736701 12.380000 12.380000 12.380000 12.380000 0.000000e+00
736704 12.240000 12.250000 12.200000 12.250000 2.100000e+03
736705 12.450000 12.520000 12.450000 12.500000 2.000000e+03
736706 12.600000 12.600000 12.600000 12.600000 3.900000e+03
736707 12.550000 12.550000 12.550000 12.550000 1.000000e+02
736708 12.550000 12.550000 12.550000 12.550000 0.000000e+00
736712 12.540000 12.540000 12.540000 12.540000 1.000000e+03
736713 12.720000 12.720000 12.700000 12.700000 5.000000e+02
736714 12.740000 12.740000 12.740000 12.740000 1.500000e+03
736715 12.740000 12.740000 12.740000 12.740000 0.000000e+00
736718 12.770000 12.810000 12.760000 12.760000 4.000000e+02
736719 13.060000 13.060000 13.060000 13.060000 1.000000e+02
736720 13.060000 13.060000 13.060000 13.060000 5.000000e+02
736721 13.060000 13.060000 13.050000 13.050000 2.300000e+03
736722 13.000000 13.010000 13.000000 13.010000 4.000000e+02
736725 13.010000 13.010000 13.010000 13.010000 0.000000e+00
736726 12.960000 12.960000 12.940000 12.940000 2.100000e+03
736727 13.030000 13.030000 13.030000 13.030000 3.000000e+02
736728 13.030000 13.030000 13.030000 13.030000 0.000000e+00
736729 13.110000 13.110000 13.110000 13.110000 1.000000e+02
736732 12.960000 12.980000 12.960000 12.980000 4.000000e+02
736733 12.980000 12.980000 12.980000 12.980000 0.000000e+00
736734 13.240000 13.260000 13.230000 13.260000 1.900000e+03
736735 13.550000 13.550000 13.550000 13.550000 1.000000e+03
736736 13.550000 13.550000 13.550000 13.550000 1.800000e+03
736739 13.850000 13.850000 13.840000 13.840000 8.000000e+02
736740 13.890000 13.890000 13.890000 13.890000 1.000000e+02
736741 13.880000 13.880000 13.880000 13.880000 1.000000e+02
736742 13.840000 13.840000 13.780000 13.780000 7.000000e+02
736743 13.600000 13.610000 13.600000 13.610000 3.000000e+02
736747 13.770000 13.780000 13.770000 13.780000 3.500000e+03
736748 13.940000 14.010000 13.940000 14.000000 5.700000e+03
736749 13.990000 14.030000 13.980000 14.000000 4.400000e+03
736750 13.680000 13.700000 13.600000 13.700000 9.200000e+03
736753 13.640000 13.770000 13.580000 13.770000 7.400000e+03
736754 13.770000 13.770000 13.770000 13.770000 0.000000e+00
736755 13.770000 13.770000 13.770000 13.770000 0.000000e+00
736756 13.770000 13.770000 13.770000 13.770000 0.000000e+00
736757 13.770000 13.770000 13.770000 13.770000 0.000000e+00
736760 14.030000 14.030000 14.010000 14.030000 1.000000e+03
736761 14.030000 14.030000 14.030000 14.030000 0.000000e+00
736762 14.030000 14.030000 14.030000 14.030000 0.000000e+00
736763 13.580000 13.580000 13.580000 13.580000 7.000000e+02
736764 13.930000 13.960000 13.930000 13.950000 4.200000e+03
