736034 7.246377 7.255937 7.198578 7.246377 1.563994e+06
736035 7.322856 7.380215 7.284616 7.370655 1.829471e+06
736036 7.418454 7.418454 7.265497 7.303736 3.208386e+06
736039 7.380215 7.418455 7.351536 7.389775 1.618007e+06
736040 7.351536 7.437575 7.351536 7.418455 1.038966e+06
736041 7.466254 7.647892 7.437575 7.628772 1.111430e+06
736042 7.590532 7.609652 7.552292 7.580972 1.245555e+06
736043 7.705250 7.800849 7.657451 7.791289 2.005851e+06
736046 7.791290 7.848649 7.791290 7.839089 7.157471e+05
736047 7.944247 8.011166 7.896448 7.972927 1.012581e+06
736048 7.963367 7.963367 7.886888 7.896448 9.355283e+05
736049 7.772170 7.810409 7.686131 7.753050 1.187622e+06
736050 7.772169 7.810409 7.733930 7.791289 6.003594e+05
736053 7.819969 7.867769 7.791290 7.848649 1.561604e+06
736054 7.695690 7.867768 7.676571 7.800849 1.642576e+06
736055 7.915568 7.944248 7.848649 7.944248 1.233414e+06
736056 7.982486 8.020726 7.934687 8.001606 5.461550e+05
736060 8.020726 8.106765 7.982486 8.087645 6.398417e+05
736061 8.087645 8.116325 8.020726 8.030286 5.251233e+05
736062 8.097205 8.106765 7.953807 7.972927 8.054186e+05
736063 8.011167 8.011167 7.886889 7.925128 5.457727e+05
736064 7.915568 7.925128 7.867769 7.906008 4.218768e+05
736067 7.877328 7.896448 7.743490 7.753050 2.347520e+06
736068 7.886888 7.925127 7.839089 7.877328 3.225211e+06
736069 8.231044 8.536959 8.221484 8.479600 5.458396e+06
736070 8.479601 8.699478 8.278843 8.384002 4.870847e+06
736071 8.221483 8.374441 8.192804 8.326642 2.426867e+06
736074 8.146267 8.391341 8.136464 8.361932 1.503383e+06
736075 8.528583 8.597204 8.450159 8.597204 3.020883e+06
736076 8.626613 8.685431 8.587401 8.656022 1.763554e+06
736077 8.597204 8.724643 8.567795 8.705037 1.367710e+06
736078 8.763854 8.763854 8.675627 8.734445 1.804727e+06
736081 8.695233 8.744248 8.665824 8.734445 1.314676e+06
736082 8.616810 8.646219 8.557992 8.616810 2.508874e+06
736083 8.616809 8.675627 8.557991 8.646218 1.740223e+06
736084 8.479568 8.685431 8.283509 8.548189 2.072250e+06
736085 8.508977 8.626613 8.352130 8.607007 1.102932e+06
736088 8.440356 8.518780 8.430553 8.489371 1.035782e+06
736089 8.332524 8.361933 8.224691 8.263903 1.368494e+06
736090 8.391342 8.518781 8.391342 8.420751 2.082151e+06
736091 8.283509 8.469766 8.273706 8.371736 1.341242e+06
736092 8.528583 8.548189 8.479568 8.508977 8.080587e+05
736095 8.479568 8.597204 8.469765 8.499174 1.991375e+06
736096 8.420751 8.459963 8.391342 8.391342 1.058623e+06
736097 8.508977 8.616810 8.489371 8.577598 7.554168e+05
736098 8.675628 8.773658 8.646219 8.744249 1.642095e+06
736099 8.714840 8.773658 8.626613 8.714840 1.138223e+06
736102 8.675627 8.695233 8.597203 8.646218 5.477899e+05
736103 8.636416 8.714840 8.597204 8.714840 6.564068e+05
736104 8.636415 8.744248 8.607006 8.695233 7.322817e+05
736105 8.763854 8.930505 8.763854 8.891293 7.064020e+05
736106 8.920703 8.920703 8.832476 8.842279 5.653373e+05
736110 8.763854 8.793263 8.665824 8.734445 7.226748e+05
736111 8.714840 8.910899 8.695234 8.891293 1.184591e+06
736112 8.842278 8.852081 8.695233 8.763854 8.029612e+05
736113 8.763854 8.773657 8.646218 8.695233 1.193511e+06
736116 8.803066 8.822672 8.675627 8.812869 1.217333e+06
736117 8.901096 8.959914 8.861884 8.930505 1.415745e+06
736118 8.930505 9.048141 8.930505 8.959914 1.367710e+06
736119 8.920702 9.008929 8.871687 8.901096 1.517206e+06
736120 8.656021 8.744248 8.548189 8.724642 1.634449e+06
736123 8.646219 8.685431 8.597204 8.626613 5.690624e+05
736124 8.626613 8.675628 8.567795 8.607007 5.285761e+05
736125 8.754051 8.901096 8.685431 8.852081 7.376734e+05
736126 8.881490 8.969717 8.773657 8.832475 1.725028e+06
736127 8.734445 8.734445 8.607006 8.646218 6.287624e+05
736130 8.469765 8.518780 8.450159 8.479568 8.462903e+05
736131 8.450159 8.499174 8.391341 8.450159 7.180675e+05
736132 8.420751 8.430554 8.303115 8.371736 9.470649e+05
736133 8.401144 8.665825 8.391341 8.508977 1.276445e+06
736134 8.842278 8.959914 8.695234 8.910899 2.447213e+06
736137 9.175578 9.420653 9.175578 9.293214 1.620529e+06
736138 9.165776 9.204988 9.126564 9.155973 1.743850e+06
736139 9.057944 9.136368 9.038338 9.077550 2.310266e+06
736140 9.136367 9.224594 9.106958 9.155973 1.576808e+06
736141 9.155973 9.263806 9.116761 9.155973 1.305069e+06
736144 9.028535 9.116762 8.950111 8.979520 1.693365e+06
736145 9.106958 9.155973 8.891293 9.097155 5.725718e+06
736146 9.254003 9.322624 9.146170 9.234397 2.185278e+06
736147 9.224594 9.244200 9.116761 9.175579 5.551421e+05
736151 8.969717 9.028535 8.861884 8.891293 9.695136e+05
736152 8.724642 8.832475 8.528583 8.783460 1.974220e+06
736153 8.812870 8.822673 8.675628 8.714840 1.673759e+06
736154 8.910899 8.979520 8.812869 8.822672 1.141164e+06
736155 9.489275 9.528487 9.332427 9.410851 2.161947e+06
736158 9.332427 9.371639 9.293215 9.312821 1.224979e+06
736159 9.273609 9.303018 9.244200 9.273609 6.743463e+05
736160 9.293214 9.410850 9.283411 9.352032 6.212141e+05
736161 9.401048 9.499078 9.391245 9.450063 1.259093e+06
736162 9.342230 9.342230 9.244200 9.283412 9.487314e+05
736165 9.420653 9.420653 9.283411 9.293214 2.069309e+06
736166 9.420654 9.440260 9.293215 9.312821 1.168710e+06
736167 9.244199 9.322623 9.204987 9.254002 9.439278e+05
736168 9.303018 9.312821 9.077549 9.165776 1.720519e+06
736169 9.165776 9.224594 8.950111 8.959914 2.250370e+06
736172 8.891293 8.910899 8.773657 8.773657 9.344190e+05
736173 8.910899 8.969717 8.773658 8.959914 1.752575e+06
736174 8.342327 8.587401 8.332524 8.548189 2.747576e+06
736175 8.675628 8.861885 8.665825 8.793264 2.651409e+06
736176 8.754052 8.832476 8.714840 8.793264 2.370260e+06
736179 8.852081 8.891293 8.695233 8.803066 2.225274e+06
736180 8.803067 8.852082 8.695234 8.754052 1.720323e+06
736181 8.891293 8.979520 8.891293 8.910899 1.339380e+06
736182 9.097156 9.116762 9.008929 9.028535 1.339086e+06
736183 8.950110 9.018731 8.910898 9.008928 1.181356e+06
736186 9.057943 9.204988 9.038337 9.195185 3.629059e+05
736187 9.097155 9.126564 8.999125 9.057943 7.022847e+05
736188 8.744248 8.881490 8.695234 8.861884 3.153615e+06
736189 8.744248 8.842278 8.714839 8.783460 9.415751e+05
736190 8.754052 8.763855 8.636416 8.705037 1.360554e+06
736193 8.538386 8.646219 8.508977 8.636416 9.595146e+05
736194 8.391341 8.420750 8.322720 8.361932 1.233213e+06
736195 8.244297 8.303115 8.126661 8.205085 8.051178e+05
736196 8.087450 8.087450 7.979617 7.999223 1.661015e+06
736197 7.861981 7.861981 7.597301 7.597301 1.985885e+06
736200 7.518877 7.754149 7.489468 7.597301 2.723265e+06
736201 7.871785 7.881588 7.763952 7.763952 2.398002e+06
736202 7.910996 7.920799 7.734542 7.881587 1.402707e+06
736203 7.891390 7.969814 7.812966 7.871784 1.751202e+06
736204 7.793360 7.891390 7.763951 7.881587 1.125479e+06
736207 7.803163 7.861981 7.705133 7.754148 1.989218e+06
736208 7.636512 7.665921 7.420847 7.450256 2.037841e+06
736209 7.528680 7.538483 7.322817 7.450256 1.730812e+06
736210 7.401241 7.558089 7.401241 7.538483 1.142830e+06
736211 7.234591 7.283606 7.165970 7.224788 1.183512e+06
736215 7.420848 7.440454 7.362030 7.430651 1.154986e+06
736216 7.479665 7.489468 7.303212 7.303212 7.258118e+05
736217 7.244394 7.332621 7.234591 7.273803 8.337425e+05
736218 7.332621 7.362030 7.254197 7.293409 6.665039e+05
736221 7.234592 7.234592 7.146365 7.175774 6.290566e+05
736222 7.165970 7.264000 7.136561 7.254197 7.246355e+05
736223 7.371832 7.489468 7.352226 7.469862 1.167730e+06
736224 7.401242 7.528681 7.381636 7.430651 1.184199e+06
736225 7.175774 7.214986 7.116956 7.116956 1.036762e+06
736228 7.028729 7.058138 6.989517 7.018926 1.852957e+06
736229 6.793457 6.852275 6.754245 6.793457 2.119108e+06
736230 6.724837 6.744443 6.695428 6.705231 1.363985e+06
736231 6.479763 6.489566 6.381733 6.440551 2.168417e+06
736232 6.499368 6.587595 6.489565 6.528777 1.153123e+06
736235 6.313112 6.371930 6.303309 6.322915 1.539948e+06
736236 6.234688 6.293506 6.234688 6.254294 9.137347e+05
736237 6.342521 6.391536 6.313112 6.391536 9.451043e+05
736238 6.450354 6.469960 6.332718 6.362127 9.465747e+05
736239 6.450353 6.597398 6.420944 6.567989 2.696797e+06
736242 6.754246 6.930699 6.754246 6.920896 1.244781e+06
736243 6.871881 6.999320 6.862078 6.989517 1.201942e+06
736244 7.136562 7.175774 7.009123 7.058138 1.567397e+06
736245 7.038531 7.116955 7.009122 7.097349 1.172729e+06
736246 7.185576 7.244394 7.146364 7.224788 2.529362e+06
736249 7.273804 7.283607 7.146365 7.156168 1.736498e+06
736250 7.018926 7.067941 6.969911 6.989517 1.258799e+06
736251 7.175774 7.195380 6.999320 7.067941 1.679445e+06
736252 6.920896 6.930699 6.813063 6.881684 9.702978e+05
736253 6.715034 6.724837 6.558186 6.607201 1.437409e+06
736256 6.499369 6.499369 6.411142 6.469960 1.797669e+06
736257 6.371930 6.518975 6.352324 6.499369 1.460937e+06
736258 6.607201 6.626807 6.528777 6.558186 9.685333e+05
736259 6.518975 6.734640 6.518975 6.685625 1.060583e+06
736260 6.764049 6.813064 6.724837 6.803261 1.122048e+06
736263 6.764049 6.773852 6.656216 6.695428 5.669057e+05
736264 6.626807 6.656216 6.509171 6.538580 1.122538e+06
736265 6.567989 6.773852 6.548384 6.715034 3.065585e+06
736266 6.675822 6.764049 6.313112 6.636610 3.146067e+06
736267 6.646413 6.705231 6.626807 6.656216 2.179592e+06
736270 6.724836 6.822866 6.715033 6.793457 2.086170e+06
736271 6.734640 6.852276 6.724837 6.822867 1.140576e+06
736272 7.009124 7.087547 6.852276 6.871882 1.784827e+06
736273 6.930699 6.950305 6.793457 6.813063 1.804923e+06
736274 6.754245 6.852275 6.685625 6.852275 9.793166e+05
736277 6.930699 6.940502 6.705231 6.734640 9.084412e+05
736278 6.675822 6.813064 6.675822 6.783655 2.115971e+06
736279 6.881684 6.901290 6.783654 6.813063 5.439667e+05
736280 6.626807 6.646413 6.528777 6.617004 4.889819e+06
736281 6.617004 6.666019 6.548383 6.626807 3.230372e+06
736284 6.224885 6.332718 6.185673 6.283703 3.346930e+06
736285 6.293506 6.352324 6.244491 6.283703 8.088430e+05
736286 6.460156 6.607201 6.460156 6.597398 1.343203e+06
736287 6.548383 6.675822 6.518974 6.626807 5.860215e+05
736288 6.636610 6.646413 6.538580 6.567989 1.127537e+06
736291 6.744443 6.803261 6.656216 6.675822 8.399184e+05
736292 6.528778 6.597399 6.430748 6.518975 1.367710e+06
736293 6.773852 6.852276 6.734640 6.803261 1.542693e+06
736295 7.067940 7.107152 7.028728 7.077743 7.005201e+05
736298 7.107152 7.175773 7.067940 7.165970 1.424861e+06
736299 7.254196 7.303211 7.058137 7.097349 1.230763e+06
736300 7.087547 7.146365 6.999320 7.018926 7.435552e+05
736301 7.097350 7.136562 6.979714 7.018926 9.166757e+05
736302 7.107152 7.205182 7.077743 7.185576 1.180964e+06
736305 7.038532 7.097350 7.009123 7.087547 5.216160e+05
736306 6.999320 7.097350 6.969911 7.018926 1.365162e+06
736307 7.018926 7.126758 6.901290 6.911093 1.510539e+06
736308 7.018926 7.028729 6.911093 6.940502 8.063922e+05
736309 6.950305 7.028729 6.891487 6.920896 2.069309e+06
736312 7.009123 7.038532 6.940502 7.018926 1.458388e+06
736313 6.989518 6.999321 6.803261 6.871882 2.129009e+06
736314 6.871881 6.960108 6.822866 6.940502 1.497109e+06
736315 6.960108 6.989517 6.744443 6.783655 1.037938e+06
736316 6.724837 6.724837 6.607201 6.607201 1.049604e+06
736319 6.685625 6.715034 6.607201 6.646413 9.823555e+05
736320 6.626807 6.793458 6.617004 6.754246 1.623470e+06
736321 6.862078 7.018926 6.862078 7.018926 1.781200e+06
736322 6.960108 7.058138 6.960108 7.018926 4.957362e+05
736326 6.989517 7.009123 6.871881 6.930699 7.303212e+05
736327 6.842473 6.940503 6.832670 6.871882 9.592206e+05
736328 6.803261 6.881685 6.773852 6.803261 7.269882e+05
736329 6.754246 6.783655 6.695428 6.705231 4.153518e+05
736333 6.460157 6.489566 6.322915 6.469960 2.745028e+06
736334 6.381733 6.460157 6.362127 6.430748 9.619654e+05
736335 6.313112 6.371930 6.254294 6.303309 1.095090e+06
736336 6.166068 6.254295 6.136659 6.175871 1.408491e+06
736337 6.136659 6.166068 6.077841 6.087644 1.610334e+06
736340 6.273901 6.293507 6.126856 6.166068 1.559947e+06
736341 6.264098 6.273901 6.117053 6.175871 1.025293e+06
736342 6.254294 6.283703 6.019023 6.058235 1.834038e+06
736343 6.097447 6.185674 6.009220 6.166068 1.546517e+06
736344 5.852373 5.871979 5.764146 5.842570 3.140675e+06
736348 5.793555 5.852373 5.744540 5.822964 1.658662e+06
736349 5.705328 5.793555 5.558284 5.764146 2.490444e+06
736350 5.764146 5.960205 5.724934 5.920993 1.814333e+06
736351 6.097446 6.126855 5.891584 5.930796 4.451528e+06
736354 5.842569 5.842569 5.646510 5.646510 3.248704e+06
736355 5.822964 6.038629 5.803358 5.999417 2.530636e+06
736356 5.970008 6.087644 5.950402 5.989614 1.970593e+06
736357 6.087644 6.097447 5.891584 6.009220 1.945987e+06
736358 6.058235 6.146462 5.999417 6.136659 2.768653e+06
736361 6.205280 6.401339 6.146462 6.381733 2.712188e+06
736362 6.166068 6.175871 5.999417 6.028826 2.087346e+06
736363 6.009220 6.087644 5.822964 6.058235 1.776886e+06
736364 5.832767 6.156265 5.822964 6.146462 5.619454e+06
736365 6.352324 6.499369 6.352324 6.430748 2.210962e+06
736368 6.175871 6.185674 6.038629 6.126856 2.163613e+06
736369 5.881781 5.979811 5.793554 5.852372 1.640037e+06
736370 5.999417 6.264098 5.950403 6.156265 2.244292e+06
736371 5.891585 5.930797 5.724934 5.803358 2.005982e+06
736372 6.028826 6.185673 5.970008 6.185673 1.476131e+06
736376 6.332718 6.362127 6.156264 6.293506 1.420744e+06
736377 6.352324 6.567989 6.332718 6.538580 1.082052e+06
736378 6.420945 6.430748 6.303309 6.322915 1.646409e+06
736379 6.185674 6.215083 6.117053 6.175871 1.329969e+06
736382 6.332718 6.460157 6.332718 6.411142 9.437319e+05
736383 6.352324 6.381733 6.234688 6.254294 4.287818e+05
736384 6.107250 6.156265 5.979811 6.136659 1.567299e+06
736385 6.313112 6.362127 6.234688 6.332718 8.760913e+05
736386 6.411142 6.440551 6.342521 6.381733 9.353013e+05
736389 6.489566 6.567990 6.411142 6.499369 7.472804e+05
736390 6.518974 6.577792 6.420944 6.558186 8.118819e+05
736391 6.381733 6.460157 6.342521 6.450354 1.412216e+06
736392 6.450354 6.666019 6.430748 6.646413 1.065583e+06
736393 6.705230 6.871881 6.675821 6.813063 1.176846e+06
736396 6.656216 6.891487 6.646413 6.881684 1.138517e+06
736397 6.842472 6.871881 6.636610 6.646413 1.022254e+06
736398 6.666019 6.734640 6.577792 6.656216 5.958245e+05
736399 6.646413 6.734639 6.509171 6.577792 1.012647e+06
736400 6.793457 6.871881 6.754245 6.832669 7.224788e+05
736403 6.832669 6.969911 6.793457 6.920896 1.088326e+06
736404 6.822867 6.822867 6.685625 6.764049 1.023920e+06
736405 6.607201 6.764049 6.607201 6.754246 1.357515e+06
736406 6.666018 6.822866 6.646412 6.793457 2.334871e+06
736407 6.715033 6.813063 6.695427 6.793457 1.043526e+06
736410 6.832670 6.852276 6.783655 6.822867 7.000301e+05
736411 6.715034 6.881685 6.705231 6.822867 8.435456e+05
736412 6.891487 6.901290 6.666019 6.675822 1.974808e+06
736413 6.538580 6.666019 6.509171 6.646413 6.501329e+05
736417 6.646413 6.695428 6.617004 6.656216 5.074017e+05
736418 6.577792 6.724837 6.548383 6.705231 9.166757e+05
736419 6.832670 6.960109 6.793458 6.803261 1.092541e+06
736420 6.773852 6.803260 6.558186 6.626807 1.787277e+06
736421 6.430748 6.479763 6.362127 6.469960 1.816196e+06
736424 6.371930 6.381733 6.322915 6.342521 5.411239e+05
736425 6.264097 6.303309 6.185673 6.205279 9.765717e+05
736426 6.058235 6.146462 5.989614 6.146462 2.491131e+06
736427 5.989614 6.038629 5.911190 5.950402 1.801786e+06
736428 6.087644 6.224886 6.087644 6.136659 1.146947e+06
736431 6.283703 6.352324 6.264097 6.264097 1.145869e+06
736432 6.126855 6.244491 6.048432 6.234688 1.216352e+06
736433 6.362127 6.440551 6.322915 6.440551 1.980886e+06
736434 6.352324 6.420945 6.322915 6.381733 9.541230e+05
736435 6.371930 6.430748 6.332718 6.381733 1.492404e+06
736438 6.646413 6.754246 6.607201 6.675822 1.629253e+06
736439 6.960108 7.156167 6.930699 7.146364 3.360065e+06
736440 7.205182 7.391439 7.205182 7.303212 1.687973e+06
736441 7.313015 7.352227 7.254197 7.303212 9.352033e+05
736442 7.165970 7.293409 7.136561 7.264000 2.043821e+06
736445 7.190000 7.230000 7.120000 7.180000 7.225000e+05
736446 7.340000 7.370000 7.270000 7.360000 2.319200e+06
736447 7.370000 7.520000 7.370000 7.470000 3.521500e+06
736448 7.340000 7.560000 7.310000 7.450000 2.089100e+06
736449 7.400000 7.810000 7.400000 7.740000 2.498200e+06
736452 7.890000 7.890000 7.690000 7.710000 3.035300e+06
736453 7.350000 7.380000 7.250000 7.310000 2.284600e+06
736454 7.300000 7.420000 7.220000 7.260000 1.818200e+06
736455 7.290000 7.300000 7.150000 7.170000 1.538400e+06
736456 7.000000 7.120000 6.960000 7.090000 1.891000e+06
736459 6.920000 6.920000 6.820000 6.880000 1.712800e+06
736460 6.920000 7.250000 6.890000 7.170000 4.010800e+06
736461 7.090000 7.240000 7.060000 7.140000 3.988200e+06
736462 7.160000 7.180000 7.040000 7.100000 3.624500e+06
736463 7.060000 7.110000 6.990000 7.020000 2.367500e+06
736466 6.920000 7.040000 6.920000 6.980000 1.212000e+06
736467 6.880000 6.910000 6.790000 6.800000 2.039100e+06
736468 6.750000 6.890000 6.750000 6.780000 1.930900e+06
736469 6.770000 6.810000 6.700000 6.730000 1.814800e+06
736470 6.840000 6.860000 6.660000 6.670000 2.097000e+06
736473 6.620000 6.760000 6.610000 6.720000 1.432400e+06
736474 6.780000 6.910000 6.780000 6.910000 1.181800e+06
736475 6.950000 7.070000 6.920000 7.000000 2.779300e+06
736476 7.160000 7.170000 7.080000 7.140000 2.378500e+06
736477 7.050000 7.050000 6.980000 7.020000 9.757000e+05
736481 7.130000 7.200000 7.020000 7.070000 1.276000e+06
736482 7.000000 7.060000 6.970000 7.060000 8.862000e+05
736483 7.070000 7.120000 7.050000 7.110000 9.316000e+05
736484 7.340000 7.480000 7.320000 7.450000 3.030300e+06
736487 7.600000 7.910000 7.600000 7.860000 6.004200e+06
736488 7.790000 7.840000 7.770000 7.770000 1.862700e+06
736489 7.840000 7.910000 7.790000 7.890000 1.213000e+06
736490 7.650000 7.770000 7.640000 7.720000 1.856300e+06
736491 7.510000 7.520000 7.300000 7.340000 1.866800e+06
736494 7.280000 7.460000 7.260000 7.260000 1.297400e+06
736495 7.120000 7.180000 7.000000 7.080000 1.868300e+06
736496 7.180000 7.300000 7.170000 7.200000 1.538000e+06
736497 6.990000 7.090000 6.840000 7.070000 3.640000e+06
736498 7.280000 7.480000 7.260000 7.450000 2.362300e+06
736501 7.740000 7.750000 7.470000 7.480000 4.149500e+06
736502 7.510000 7.540000 7.400000 7.460000 1.828900e+06
736503 7.520000 7.540000 7.390000 7.390000 1.027700e+06
736504 7.770000 7.800000 7.650000 7.730000 2.128600e+06
736505 6.970000 7.140000 6.960000 7.000000 2.803200e+06
736508 6.950000 6.970000 6.740000 6.800000 1.803700e+06
736509 7.160000 7.180000 6.940000 7.050000 2.240700e+06
736510 7.100000 7.130000 7.000000 7.090000 1.289900e+06
736511 7.140000 7.210000 7.060000 7.150000 3.135500e+06
736512 7.220000 7.280000 7.190000 7.230000 9.169000e+05
736516 7.110000 7.130000 6.710000 6.760000 2.136800e+06
736517 6.610000 6.670000 6.470000 6.650000 3.196700e+06
736518 6.300000 6.450000 6.260000 6.360000 6.466600e+06
736519 6.440000 6.500000 6.380000 6.470000 3.357000e+06
736522 6.520000 6.630000 6.520000 6.580000 3.256700e+06
736523 6.720000 6.830000 6.710000 6.780000 3.902900e+06
736524 6.870000 6.900000 6.750000 6.790000 2.863200e+06
736525 6.850000 6.920000 6.820000 6.900000 2.174500e+06
736526 6.900000 6.950000 6.890000 6.920000 6.447000e+05
736529 6.790000 6.900000 6.740000 6.870000 8.406000e+05
736530 6.750000 6.810000 6.720000 6.750000 8.786000e+05
736531 6.780000 6.880000 6.720000 6.830000 1.102300e+06
736532 6.870000 6.950000 6.850000 6.890000 1.155200e+06
736533 6.820000 6.830000 6.710000 6.720000 2.738200e+06
736536 6.530000 6.580000 6.490000 6.520000 3.406000e+06
736537 7.100000 7.170000 6.960000 6.990000 4.564200e+06
736538 7.160000 7.220000 7.100000 7.160000 1.818100e+06
736539 7.270000 7.320000 7.150000 7.190000 2.309600e+06
736540 7.190000 7.210000 7.040000 7.130000 1.135900e+06
736543 7.120000 7.130000 6.990000 7.010000 9.535000e+05
736544 6.890000 6.920000 6.770000 6.810000 1.451700e+06
736545 6.860000 6.990000 6.850000 6.950000 7.413000e+05
736546 6.970000 7.030000 6.930000 6.980000 8.458000e+05
736547 7.010000 7.090000 6.990000 7.070000 6.746000e+05
736550 7.100000 7.150000 7.100000 7.130000 7.730000e+05
736551 7.340000 7.420000 7.330000 7.360000 1.652800e+06
736552 7.590000 7.620000 7.480000 7.520000 1.709300e+06
736553 7.450000 7.470000 7.390000 7.420000 1.140900e+06
736554 7.510000 7.530000 7.340000 7.410000 1.757800e+06
736557 7.410000 7.490000 7.390000 7.460000 1.171800e+06
736558 7.480000 7.590000 7.470000 7.530000 1.014800e+06
736559 7.500000 7.510000 7.400000 7.470000 7.227000e+05
736560 7.620000 7.660000 7.570000 7.610000 1.496200e+06
736561 7.420000 7.670000 7.360000 7.640000 2.790700e+06
736564 7.460000 7.540000 7.420000 7.510000 9.925000e+05
736565 7.590000 7.660000 7.590000 7.590000 7.347000e+05
736566 7.620000 7.650000 7.540000 7.550000 6.970000e+05
736567 7.460000 7.490000 7.410000 7.450000 4.946000e+05
736568 7.480000 7.570000 7.360000 7.420000 7.070000e+05
736571 7.320000 7.400000 7.290000 7.350000 6.282000e+05
736572 7.380000 7.430000 7.330000 7.340000 5.094000e+05
736573 7.300000 7.350000 7.280000 7.320000 6.051000e+05
736574 7.390000 7.410000 7.270000 7.340000 1.071400e+06
736575 7.410000 7.470000 7.380000 7.450000 4.957000e+05
736579 7.450000 7.470000 7.340000 7.380000 6.698000e+05
736580 7.370000 7.400000 7.300000 7.320000 7.527000e+05
736581 7.310000 7.450000 7.280000 7.410000 1.085500e+06
736582 7.350000 7.360000 7.220000 7.250000 9.422000e+05
736585 7.140000 7.280000 7.120000 7.270000 6.464000e+05
736586 7.170000 7.200000 7.030000 7.080000 1.213100e+06
736587 7.150000 7.210000 7.130000 7.150000 7.666000e+05
736588 7.130000 7.280000 7.110000 7.250000 8.923000e+05
736589 7.120000 7.140000 7.050000 7.120000 1.310000e+06
736592 7.160000 7.190000 7.090000 7.120000 4.968000e+05
736593 7.150000 7.150000 7.050000 7.080000 6.057000e+05
736594 7.150000 7.230000 7.130000 7.210000 5.400000e+05
736595 7.480000 7.500000 7.340000 7.370000 1.738100e+06
736596 7.310000 7.350000 7.270000 7.290000 5.382000e+05
736599 7.150000 7.190000 7.100000 7.100000 6.952000e+05
736600 6.950000 7.060000 6.930000 7.040000 5.866000e+05
736601 7.070000 7.130000 7.000000 7.120000 1.167800e+06
736602 7.150000 7.210000 6.980000 7.060000 1.425400e+06
736603 7.110000 7.250000 7.030000 7.220000 1.371100e+06
736606 7.120000 7.230000 7.110000 7.210000 1.243300e+06
736607 7.220000 7.240000 7.120000 7.150000 1.161000e+06
736608 7.320000 7.360000 7.270000 7.350000 1.040800e+06
736609 7.310000 7.380000 7.260000 7.340000 7.040000e+05
736610 7.410000 7.410000 7.280000 7.340000 8.796000e+05
736613 7.420000 7.470000 7.400000 7.420000 6.551000e+05
736614 7.430000 7.470000 7.350000 7.390000 1.394100e+06
736615 7.530000 7.570000 7.490000 7.540000 1.284100e+06
736616 7.310000 7.450000 7.270000 7.390000 8.364000e+05
736617 7.470000 7.520000 7.440000 7.480000 1.127500e+06
736620 7.470000 7.520000 7.430000 7.490000 8.422000e+05
736621 7.660000 7.700000 7.620000 7.670000 1.774200e+06
736622 7.660000 7.700000 7.640000 7.680000 7.580000e+05
736623 7.620000 7.670000 7.600000 7.630000 1.095800e+06
736624 7.640000 7.680000 7.620000 7.650000 1.136300e+06
736627 7.720000 7.730000 7.560000 7.570000 1.246900e+06
736628 7.570000 7.640000 7.550000 7.590000 3.989000e+05
736629 7.600000 7.670000 7.570000 7.600000 8.045000e+05
736630 7.620000 7.640000 7.530000 7.530000 9.242000e+05
736631 7.750000 7.770000 7.660000 7.700000 1.743500e+06
736634 7.750000 7.870000 7.570000 7.780000 1.580500e+06
736635 7.590000 7.590000 7.360000 7.400000 2.072700e+06
736636 7.260000 7.350000 7.240000 7.300000 1.384300e+06
736637 7.270000 7.290000 7.180000 7.210000 8.348000e+05
736638 7.150000 7.210000 7.090000 7.170000 1.163300e+06
736641 7.260000 7.400000 7.250000 7.400000 7.863000e+05
736642 7.270000 7.460000 7.260000 7.440000 7.647000e+05
736643 7.450000 7.830000 7.450000 7.780000 1.719800e+06
736644 8.020000 8.200000 7.940000 8.080000 3.107000e+06
736645 7.940000 7.970000 7.860000 7.940000 9.207000e+05
736648 7.860000 7.980000 7.840000 7.890000 1.619700e+06
736649 7.920000 8.030000 7.880000 8.000000 5.713000e+05
736650 7.950000 8.070000 7.950000 8.040000 6.723000e+05
736651 7.960000 8.060000 7.950000 7.990000 9.058000e+05
736652 7.920000 7.940000 7.850000 7.860000 5.791000e+05
736655 7.920000 8.020000 7.910000 7.980000 8.666000e+05
736656 8.200000 8.250000 8.130000 8.230000 1.470200e+06
736657 8.550000 8.670000 8.520000 8.630000 1.456800e+06
736659 8.540000 8.570000 8.490000 8.560000 3.823000e+05
736662 8.510000 8.550000 8.370000 8.420000 1.213200e+06
736663 8.460000 8.550000 8.450000 8.510000 7.140000e+05
736664 8.520000 8.570000 8.490000 8.530000 9.169000e+05
736665 8.530000 8.600000 8.460000 8.530000 1.692100e+06
736666 8.440000 8.610000 8.420000 8.590000 1.330100e+06
736669 8.850000 8.990000 8.830000 8.930000 1.667400e+06
736670 8.880000 9.060000 8.880000 9.060000 8.711000e+05
736671 8.930000 9.250000 8.910000 9.150000 2.326300e+06
736672 8.930000 9.040000 8.880000 8.960000 1.625600e+06
736673 8.630000 8.770000 8.630000 8.750000 2.040200e+06
736676 8.730000 8.770000 8.640000 8.690000 7.701000e+05
736677 8.760000 8.810000 8.710000 8.750000 1.197100e+06
736678 8.680000 8.690000 8.480000 8.490000 8.073000e+05
736679 8.440000 8.610000 8.400000 8.610000 8.543000e+05
736680 8.540000 8.700000 8.540000 8.610000 9.727000e+05
736683 8.650000 8.680000 8.610000 8.610000 5.283000e+05
736684 8.560000 8.640000 8.530000 8.630000 5.631000e+05
736685 8.710000 8.730000 8.660000 8.690000 1.013900e+06
736686 8.660000 8.790000 8.650000 8.770000 2.970200e+06
736687 8.560000 8.650000 8.540000 8.630000 1.174800e+06
736691 8.580000 8.650000 8.560000 8.630000 8.849000e+05
736692 8.590000 8.650000 8.560000 8.590000 7.711000e+05
736693 8.620000 8.710000 8.620000 8.640000 4.016000e+05
736694 8.760000 8.780000 8.660000 8.690000 7.526000e+05
736698 8.760000 8.810000 8.650000 8.690000 7.346000e+05
736699 8.620000 8.700000 8.570000 8.670000 2.668600e+06
736700 8.880000 8.980000 8.870000 8.940000 1.448100e+06
736701 8.950000 8.990000 8.920000 8.940000 5.173000e+05
736704 8.710000 8.800000 8.650000 8.710000 1.634000e+06
736705 8.900000 8.970000 8.880000 8.920000 1.450000e+06
736706 8.880000 8.940000 8.850000 8.940000 9.523000e+05
736707 8.950000 8.970000 8.790000 8.890000 2.832300e+06
736708 9.070000 9.100000 9.020000 9.070000 2.091500e+06
736712 8.940000 8.990000 8.940000 8.950000 1.059400e+06
736713 9.020000 9.030000 8.960000 9.010000 1.049600e+06
736714 9.000000 9.060000 8.960000 9.040000 1.044500e+06
736715 9.120000 9.260000 9.110000 9.250000 2.022100e+06
736718 9.280000 9.310000 9.220000 9.310000 8.896000e+05
736719 9.410000 9.480000 9.380000 9.460000 1.276300e+06
736720 9.440000 9.510000 9.330000 9.360000 2.180900e+06
736721 9.230000 9.300000 9.210000 9.220000 1.805400e+06
736722 9.310000 9.310000 9.220000 9.300000 1.084400e+06
736725 9.110000 9.150000 8.990000 9.090000 1.976000e+06
736726 8.980000 9.020000 8.840000 8.960000 2.158300e+06
736727 8.900000 8.960000 8.740000 8.910000 2.547600e+06
736728 9.190000 9.300000 9.160000 9.210000 1.771100e+06
736729 9.320000 9.350000 9.240000 9.270000 1.013400e+06
736732 9.520000 9.570000 9.470000 9.510000 3.113200e+06
736733 9.630000 9.670000 9.610000 9.620000 1.766600e+06
736734 9.610000 9.650000 9.410000 9.610000 1.759600e+06
736735 9.510000 9.600000 9.500000 9.580000 9.644000e+05
736736 9.470000 9.590000 9.460000 9.560000 1.512500e+06
736739 9.550000 9.610000 9.540000 9.560000 1.056800e+06
736740 9.480000 9.560000 9.450000 9.540000 9.188000e+05
736741 9.350000 9.480000 9.340000 9.460000 1.246000e+06
736742 9.320000 9.430000 9.300000 9.400000 7.130000e+05
736743 9.570000 9.570000 9.340000 9.430000 1.834600e+06
736747 9.410000 9.480000 9.370000 9.480000 1.396500e+06
736748 9.480000 9.550000 9.390000 9.420000 2.379300e+06
736749 9.370000 9.400000 9.200000 9.250000 4.724200e+06
736750 9.190000 9.240000 9.150000 9.170000 1.028100e+06
736753 9.260000 9.380000 9.230000 9.330000 7.871000e+05
736754 9.220000 9.300000 9.200000 9.240000 2.199600e+06
736755 9.430000 9.530000 9.400000 9.500000 8.054000e+05
736756 9.440000 9.480000 9.390000 9.400000 1.198600e+06
736757 9.480000 9.550000 9.420000 9.520000 9.990000e+05
736760 9.460000 9.480000 9.410000 9.460000 5.730000e+05
736761 9.420000 9.440000 9.360000 9.400000 4.300000e+05
736762 9.500000 9.560000 9.460000 9.470000 1.071400e+06
736763 9.670000 9.750000 9.560000 9.630000 2.384800e+06
736764 9.680000 9.690000 9.560000 9.640000 1.268700e+06
