736034 4.120000 4.170000 4.050000 4.110000 2.893000e+05
736035 4.150000 4.210000 4.070000 4.130000 4.053000e+05
736036 4.160000 4.180000 4.080000 4.180000 3.397000e+05
736039 4.160000 4.530000 4.090000 4.440000 1.407900e+06
736040 4.460000 4.900000 4.450000 4.840000 1.352900e+06
736041 4.850000 4.920000 4.650000 4.760000 9.520000e+05
736042 4.780000 5.100000 4.740000 4.930000 9.007000e+05
736043 5.030000 5.040000 4.720000 4.740000 6.802000e+05
736046 4.750000 4.750000 4.320000 4.330000 1.447900e+06
736047 4.330000 4.470000 4.160000 4.270000 1.066100e+06
736048 4.250000 4.260000 3.970000 4.130000 1.144600e+06
736049 3.990000 4.180000 3.890000 3.910000 7.706000e+05
736050 3.880000 4.250000 3.880000 4.190000 5.345000e+05
736053 4.200000 4.360000 4.050000 4.200000 5.129000e+05
736054 4.280000 4.590000 4.230000 4.330000 6.850000e+05
736055 4.340000 4.390000 4.170000 4.340000 2.733000e+05
736056 4.310000 4.420000 4.270000 4.390000 3.315000e+05
736060 4.360000 4.540000 4.360000 4.470000 2.725000e+05
736061 4.470000 4.830000 4.470000 4.640000 5.633000e+05
736062 4.670000 4.770000 4.640000 4.680000 3.956000e+05
736063 4.680000 4.750000 4.500000 4.680000 3.806000e+05
736064 4.700000 4.730000 4.620000 4.670000 1.798000e+05
736067 4.690000 4.810000 4.650000 4.690000 3.516000e+05
736068 4.730000 4.760000 4.630000 4.730000 2.993000e+05
736069 4.730000 4.790000 4.510000 4.560000 4.304000e+05
736070 4.580000 4.680000 4.270000 4.500000 1.015800e+06
736071 4.490000 4.510000 4.310000 4.400000 5.160000e+05
736074 4.400000 4.700000 4.310000 4.600000 5.018000e+05
736075 4.590000 4.640000 4.520000 4.560000 3.046000e+05
736076 4.540000 4.600000 4.430000 4.540000 3.651000e+05
736077 4.550000 4.870000 4.470000 4.670000 7.711000e+05
736078 4.650000 4.750000 2.710000 3.690000 1.325400e+07
736081 3.740000 3.850000 3.320000 3.350000 2.542500e+06
736082 3.460000 3.690000 3.400000 3.550000 1.498000e+06
736083 3.550000 3.610000 3.210000 3.310000 1.305500e+06
736084 3.290000 3.360000 3.150000 3.160000 6.576000e+05
736085 3.240000 3.440000 3.200000 3.330000 7.243000e+05
736088 3.360000 3.460000 3.270000 3.330000 7.292000e+05
736089 3.290000 3.330000 3.150000 3.270000 6.443000e+05
736090 3.300000 3.400000 3.290000 3.360000 5.745000e+05
736091 3.380000 3.550000 3.320000 3.510000 5.938000e+05
736092 3.550000 3.550000 3.360000 3.420000 5.939000e+05
736095 3.390000 3.530000 3.280000 3.410000 5.120000e+05
736096 3.340000 3.500000 3.260000 3.370000 6.345000e+05
736097 3.400000 3.420000 3.200000 3.270000 7.088000e+05
736098 3.300000 3.450000 3.240000 3.340000 5.604000e+05
736099 3.360000 3.390000 3.200000 3.320000 3.363000e+05
736102 3.300000 3.460000 3.300000 3.410000 3.822000e+05
736103 3.390000 3.990000 3.370000 3.960000 1.386400e+06
736104 4.010000 4.140000 3.770000 4.000000 1.045400e+06
736105 4.020000 4.080000 3.880000 3.940000 6.386000e+05
736106 3.950000 4.000000 3.900000 3.960000 3.470000e+05
736110 3.900000 4.090000 3.900000 3.990000 4.637000e+05
736111 4.010000 4.020000 3.900000 3.950000 4.291000e+05
736112 3.950000 4.020000 3.910000 3.970000 3.399000e+05
736113 3.970000 4.030000 3.940000 3.950000 5.411000e+05
736116 3.970000 4.150000 3.950000 4.070000 7.419000e+05
736117 4.040000 4.100000 3.970000 4.000000 6.354000e+05
736118 4.010000 4.070000 3.900000 3.940000 6.789000e+05
736119 3.940000 3.950000 3.790000 3.880000 5.127000e+05
736120 3.840000 4.040000 3.800000 4.010000 5.342000e+05
736123 4.010000 4.130000 3.910000 4.120000 6.647000e+05
736124 4.100000 4.190000 3.940000 4.100000 6.899000e+05
736125 4.100000 4.110000 4.010000 4.010000 3.234000e+05
736126 4.020000 4.080000 3.910000 3.940000 3.354000e+05
736127 3.930000 4.080000 3.930000 4.030000 3.786000e+05
736130 4.020000 4.040000 3.880000 3.990000 3.695000e+05
736131 4.000000 4.000000 3.900000 3.970000 3.316000e+05
736132 3.970000 4.000000 3.880000 3.930000 2.995000e+05
736133 3.940000 4.180000 3.940000 4.070000 1.164900e+06
736134 4.130000 4.180000 4.020000 4.020000 8.057000e+05
736137 4.070000 4.130000 4.010000 4.050000 5.767000e+05
736138 4.050000 4.110000 3.970000 3.990000 4.775000e+05
736139 4.310000 4.670000 4.020000 4.130000 5.692000e+06
736140 4.170000 4.350000 4.100000 4.310000 1.619600e+06
736141 4.300000 4.370000 4.100000 4.260000 1.062130e+07
736144 4.220000 4.230000 3.900000 3.910000 1.253700e+06
736145 4.000000 4.160000 3.910000 4.130000 8.264000e+05
736146 4.190000 4.310000 4.110000 4.270000 8.738000e+05
736147 4.300000 4.430000 4.170000 4.420000 9.192000e+05
736151 4.350000 4.490000 4.240000 4.480000 1.060000e+06
736152 4.470000 4.870000 4.330000 4.740000 1.597500e+06
736153 4.700000 4.820000 4.410000 4.480000 9.927000e+05
736154 4.560000 4.700000 4.520000 4.680000 6.290000e+05
736155 4.740000 4.970000 4.690000 4.880000 1.043600e+06
736158 4.920000 5.130000 4.880000 5.020000 8.769000e+05
736159 5.060000 5.250000 5.000000 5.160000 8.857000e+05
736160 5.190000 5.250000 5.000000 5.040000 7.506000e+05
736161 5.080000 5.240000 5.080000 5.220000 6.569000e+05
736162 5.240000 5.300000 5.130000 5.210000 7.493000e+05
736165 5.210000 5.690000 5.210000 5.650000 1.470900e+06
736166 5.690000 5.800000 5.300000 5.310000 1.849900e+06
736167 5.230000 5.780000 5.210000 5.740000 1.204600e+06
736168 5.780000 5.800000 5.360000 5.370000 1.071300e+06
736169 5.390000 5.460000 5.250000 5.300000 6.161000e+05
736172 5.260000 5.280000 5.070000 5.220000 6.608000e+05
736173 5.220000 5.280000 5.030000 5.230000 6.128000e+05
736174 5.210000 5.280000 4.860000 4.920000 6.647000e+05
736175 4.920000 4.970000 4.710000 4.890000 5.879000e+05
736176 4.810000 5.080000 4.800000 4.940000 5.190000e+05
736179 4.960000 5.060000 4.850000 4.900000 4.570000e+05
736180 4.920000 4.940000 4.650000 4.820000 3.999000e+05
736181 4.830000 4.930000 4.650000 4.740000 3.551000e+05
736182 4.720000 4.840000 4.430000 4.500000 7.803000e+05
736183 4.460000 4.600000 4.300000 4.440000 5.733000e+05
736186 4.440000 4.520000 4.230000 4.370000 7.512000e+05
736187 4.370000 4.370000 3.950000 4.030000 1.062900e+06
736188 4.000000 4.350000 3.950000 4.330000 5.792000e+05
736189 4.190000 4.370000 4.140000 4.180000 4.903000e+05
736190 4.140000 4.180000 4.020000 4.110000 3.459000e+05
736193 4.020000 4.310000 4.010000 4.200000 5.304000e+05
736194 4.200000 4.300000 4.060000 4.070000 5.325000e+05
736195 4.070000 4.200000 3.810000 3.850000 1.026600e+06
736196 3.790000 3.890000 3.430000 3.440000 1.201300e+06
736197 3.330000 3.900000 3.300000 3.660000 1.099800e+06
736200 3.290000 3.490000 3.100000 3.250000 1.330200e+06
736201 3.440000 3.550000 3.230000 3.250000 9.178000e+05
736202 3.400000 3.490000 3.240000 3.460000 7.317000e+05
736203 3.460000 3.860000 3.420000 3.660000 1.082600e+06
736204 3.620000 3.700000 3.590000 3.640000 3.824000e+05
736207 3.600000 3.710000 3.570000 3.630000 4.892000e+05
736208 3.440000 3.730000 3.360000 3.620000 5.396000e+05
736209 3.700000 3.780000 3.620000 3.770000 3.026000e+05
736210 3.780000 3.930000 3.660000 3.680000 4.140000e+05
736211 3.580000 3.790000 3.560000 3.700000 4.364000e+05
736215 3.810000 3.990000 3.750000 3.890000 4.398000e+05
736216 3.960000 4.120000 3.930000 3.970000 6.159000e+05
736217 3.980000 4.150000 3.980000 4.140000 5.590000e+05
736218 4.090000 4.090000 3.770000 3.900000 9.060000e+05
736221 3.940000 4.140000 3.780000 4.110000 5.608000e+05
736222 4.080000 4.230000 4.000000 4.130000 6.525000e+05
736223 4.180000 4.180000 3.960000 4.100000 4.048000e+05
736224 4.110000 4.480000 4.080000 4.360000 9.531000e+05
736225 4.260000 4.520000 4.250000 4.430000 7.686000e+05
736228 4.490000 4.510000 4.060000 4.130000 9.276000e+05
736229 4.220000 4.260000 3.970000 4.120000 4.151000e+05
736230 4.120000 4.180000 3.980000 4.030000 2.583000e+05
736231 4.000000 4.120000 3.980000 4.090000 6.113000e+05
736232 4.160000 4.160000 3.660000 3.770000 6.688000e+05
736235 3.650000 3.680000 3.370000 3.470000 6.114000e+05
736236 3.390000 3.600000 3.050000 3.120000 8.969000e+05
736237 3.150000 3.190000 2.930000 3.000000 1.554400e+06
736238 3.040000 3.050000 2.720000 2.840000 1.637300e+06
736239 2.890000 3.110000 2.800000 3.030000 7.676000e+05
736242 3.030000 3.120000 2.900000 2.990000 5.469000e+05
736243 3.020000 3.070000 2.760000 2.940000 7.498000e+05
736244 3.000000 3.150000 2.810000 3.110000 9.167000e+05
736245 3.090000 3.130000 2.920000 3.080000 4.378000e+05
736246 3.090000 3.270000 3.040000 3.180000 3.762000e+05
736249 3.220000 3.230000 3.080000 3.120000 2.377000e+05
736250 3.080000 3.240000 3.070000 3.140000 4.414000e+05
736251 3.170000 3.240000 3.100000 3.120000 2.384000e+05
736252 3.110000 3.430000 3.110000 3.420000 4.106000e+05
736253 3.440000 3.520000 3.280000 3.360000 2.646000e+05
736256 3.360000 3.550000 3.270000 3.410000 3.444000e+05
736257 3.420000 3.440000 3.220000 3.240000 2.247000e+05
736258 3.280000 3.290000 3.030000 3.170000 3.254000e+05
736259 3.200000 3.300000 3.090000 3.290000 3.797000e+05
736260 3.330000 3.420000 3.290000 3.340000 2.570000e+05
736263 3.310000 3.460000 3.260000 3.340000 1.929000e+05
736264 3.310000 3.420000 3.240000 3.270000 4.032000e+05
736265 3.270000 3.500000 3.230000 3.500000 2.955000e+05
736266 3.440000 3.490000 3.130000 3.130000 9.598000e+05
736267 3.130000 3.340000 3.120000 3.160000 5.138000e+05
736270 3.190000 3.380000 3.140000 3.340000 4.854000e+05
736271 3.330000 3.490000 3.330000 3.350000 4.192000e+05
736272 3.380000 3.430000 3.250000 3.360000 3.054000e+05
736273 3.360000 3.360000 3.160000 3.210000 3.443000e+05
736274 3.190000 3.270000 3.130000 3.220000 3.154000e+05
736277 3.200000 3.240000 3.110000 3.200000 4.613000e+05
736278 3.080000 3.230000 2.900000 3.050000 7.336000e+05
736279 3.080000 3.080000 2.990000 3.000000 2.626000e+05
736280 3.000000 3.060000 2.850000 2.870000 5.169000e+05
736281 2.820000 2.880000 2.660000 2.760000 1.244300e+06
736284 2.770000 2.910000 2.680000 2.810000 4.896000e+05
736285 2.750000 2.820000 2.650000 2.680000 1.538200e+06
736286 2.650000 2.670000 2.470000 2.500000 1.188800e+06
736287 2.510000 2.540000 2.270000 2.400000 1.869300e+06
736288 2.450000 2.540000 2.370000 2.430000 5.095000e+05
736291 2.390000 2.640000 2.380000 2.500000 1.444100e+06
736292 2.500000 2.750000 2.390000 2.720000 8.303000e+05
736293 2.760000 2.810000 2.670000 2.790000 4.077000e+05
736295 2.800000 2.870000 2.770000 2.820000 1.608000e+05
736298 2.880000 2.880000 2.650000 2.720000 5.395000e+05
736299 2.740000 2.770000 2.620000 2.730000 2.896000e+05
736300 2.720000 2.790000 2.680000 2.690000 1.863000e+05
736301 2.660000 2.730000 2.490000 2.530000 5.476000e+05
736302 2.520000 2.590000 2.470000 2.530000 3.250000e+05
736305 2.550000 2.550000 2.400000 2.440000 3.847000e+05
736306 2.400000 2.530000 2.360000 2.480000 3.000000e+05
736307 2.470000 2.510000 2.450000 2.480000 2.133000e+05
736308 2.480000 2.570000 2.470000 2.520000 2.417000e+05
736309 2.470000 2.560000 2.440000 2.480000 4.207000e+05
736312 2.470000 2.520000 2.370000 2.400000 3.151000e+05
736313 2.410000 2.500000 2.410000 2.480000 2.173000e+05
736314 2.530000 2.700000 2.480000 2.620000 4.460000e+05
736315 2.750000 3.000000 2.690000 2.730000 9.849000e+05
736316 2.700000 2.750000 2.520000 2.550000 5.388000e+05
736319 2.590000 2.600000 2.400000 2.400000 5.687000e+05
736320 2.450000 2.470000 2.300000 2.330000 4.105000e+05
736321 2.300000 2.500000 2.300000 2.470000 6.046000e+05
736322 2.460000 2.490000 2.340000 2.410000 3.834000e+05
736326 2.410000 2.590000 2.360000 2.570000 7.155000e+05
736327 2.600000 2.660000 2.540000 2.570000 4.140000e+05
736328 2.560000 2.600000 2.480000 2.530000 3.411000e+05
736329 2.530000 2.570000 2.420000 2.450000 8.619000e+05
736333 2.440000 2.440000 2.290000 2.320000 6.521000e+05
736334 2.330000 2.420000 2.300000 2.360000 2.482000e+05
736335 2.330000 2.330000 2.170000 2.200000 5.047000e+05
736336 2.130000 2.140000 1.920000 2.000000 5.631000e+05
736337 2.070000 2.090000 1.810000 1.900000 7.112000e+05
736340 1.900000 1.900000 1.770000 1.880000 4.908000e+05
736341 1.900000 2.030000 1.860000 1.950000 5.656000e+05
736342 1.950000 2.220000 1.950000 2.010000 1.528700e+06
736343 2.010000 2.220000 1.880000 2.180000 9.899000e+05
736344 2.070000 2.130000 2.010000 2.100000 7.819000e+05
736348 2.120000 2.180000 1.990000 2.070000 6.705000e+05
736349 2.020000 2.210000 1.930000 2.180000 5.855000e+05
736350 2.160000 2.210000 2.090000 2.160000 3.512000e+05
736351 2.210000 2.250000 2.090000 2.100000 4.349000e+05
736354 2.080000 2.150000 2.070000 2.080000 5.154000e+05
736355 2.080000 2.110000 1.980000 2.040000 2.749000e+05
736356 2.020000 2.060000 1.950000 1.960000 3.340000e+05
736357 1.970000 1.970000 1.830000 1.850000 4.116000e+05
736358 1.850000 1.980000 1.850000 1.860000 5.617000e+05
736361 1.830000 1.970000 1.810000 1.920000 3.348000e+05
736362 1.880000 1.960000 1.840000 1.850000 5.861000e+05
736363 1.870000 1.890000 1.750000 1.820000 4.370000e+05
736364 1.830000 2.000000 1.830000 1.900000 4.575000e+05
736365 1.900000 1.930000 1.780000 1.780000 3.728000e+05
736368 1.770000 1.810000 1.570000 1.670000 6.961000e+05
736369 1.620000 1.820000 1.570000 1.690000 6.150000e+05
736370 1.700000 1.810000 1.670000 1.690000 3.928000e+05
736371 1.650000 1.780000 1.650000 1.730000 2.614000e+05
736372 1.750000 1.800000 1.680000 1.760000 2.991000e+05
736376 1.800000 1.860000 1.750000 1.850000 2.388000e+05
736377 0.940000 1.300000 0.930000 1.160000 1.638720e+07
736378 1.240000 1.240000 1.170000 1.210000 3.213200e+06
736379 1.210000 1.230000 1.180000 1.180000 1.230100e+06
736382 1.200000 1.210000 1.070000 1.180000 9.955000e+05
736383 1.160000 1.200000 1.110000 1.120000 6.999000e+05
736384 1.100000 1.160000 1.060000 1.120000 6.465000e+05
736385 1.110000 1.120000 1.040000 1.040000 9.130000e+05
736386 1.030000 1.150000 0.970000 1.050000 1.586200e+06
736389 1.040000 1.070000 1.020000 1.050000 3.845000e+05
736390 1.050000 1.080000 0.980000 1.010000 8.348000e+05
736391 1.010000 1.070000 1.000000 1.070000 6.316000e+05
736392 1.070000 1.180000 1.040000 1.120000 7.255000e+05
736393 1.120000 1.180000 1.120000 1.140000 4.768000e+05
736396 1.140000 1.340000 1.140000 1.340000 1.050300e+06
736397 1.340000 1.400000 1.260000 1.260000 9.799000e+05
736398 1.280000 1.300000 1.180000 1.210000 4.366000e+05
736399 1.210000 1.260000 1.160000 1.190000 3.116000e+05
736400 1.210000 1.220000 1.170000 1.220000 2.205000e+05
736403 1.230000 1.300000 1.200000 1.230000 2.287000e+05
736404 1.230000 1.330000 1.100000 1.120000 8.285000e+05
736405 1.130000 1.190000 1.030000 1.100000 5.405000e+05
736406 1.100000 1.130000 1.040000 1.080000 6.110000e+05
736407 1.110000 1.150000 1.060000 1.120000 5.647000e+05
736410 1.130000 1.260000 1.120000 1.230000 5.967000e+05
736411 1.220000 1.280000 1.190000 1.250000 5.023000e+05
736412 1.260000 1.390000 1.160000 1.180000 5.608000e+05
736413 1.180000 1.240000 1.140000 1.200000 2.287000e+05
736417 1.200000 1.210000 1.150000 1.180000 2.089000e+05
736418 1.150000 1.210000 1.060000 1.120000 8.109000e+05
736419 1.120000 1.210000 1.100000 1.120000 2.958000e+05
736420 1.130000 1.230000 1.120000 1.170000 4.048000e+05
736421 1.170000 1.230000 1.130000 1.200000 2.454000e+05
736424 1.210000 1.290000 1.180000 1.200000 7.192000e+05
736425 1.200000 1.210000 1.150000 1.170000 4.830000e+05
736426 1.170000 1.250000 1.150000 1.250000 5.316000e+05
736427 1.220000 1.250000 1.180000 1.190000 3.416000e+05
736428 1.210000 1.240000 1.130000 1.140000 4.788000e+05
736431 1.140000 1.180000 1.130000 1.150000 3.552000e+05
736432 1.160000 1.170000 1.120000 1.170000 2.377000e+05
736433 1.180000 1.180000 1.130000 1.140000 4.557000e+05
736434 1.140000 1.180000 1.120000 1.160000 3.659000e+05
736435 1.160000 1.180000 1.140000 1.170000 3.597000e+05
736438 1.160000 1.220000 1.150000 1.210000 5.321000e+05
736439 1.230000 1.260000 1.180000 1.220000 3.764000e+05
736440 1.210000 1.260000 1.180000 1.180000 5.723000e+05
736441 1.190000 1.230000 1.170000 1.200000 2.871000e+05
736442 1.200000 1.240000 1.190000 1.210000 3.337000e+05
736445 1.220000 1.260000 1.200000 1.240000 7.897000e+05
736446 0.550000 0.670000 0.510000 0.630000 1.338410e+07
736447 0.630000 0.680000 0.590000 0.630000 4.735800e+06
736448 0.640000 0.650000 0.600000 0.630000 1.305900e+06
736449 0.650000 0.740000 0.630000 0.680000 3.190400e+06
736452 0.700000 0.720000 0.640000 0.660000 1.003600e+06
736453 0.670000 0.700000 0.620000 0.640000 7.326000e+05
736454 0.640000 0.670000 0.610000 0.620000 6.358000e+05
736455 0.620000 0.620000 0.580000 0.610000 6.452000e+05
736456 0.610000 0.620000 0.590000 0.610000 4.303000e+05
736459 0.620000 0.650000 0.610000 0.640000 6.669000e+05
736460 0.660000 0.660000 0.620000 0.640000 6.355000e+05
736461 0.640000 0.640000 0.590000 0.600000 1.010500e+06
736462 0.630000 0.630000 0.580000 0.590000 5.757000e+05
736463 0.590000 0.600000 0.570000 0.570000 3.605000e+05
736466 0.580000 0.620000 0.570000 0.600000 5.595000e+05
736467 0.620000 0.620000 0.550000 0.560000 8.480000e+05
736468 0.570000 0.590000 0.550000 0.590000 6.178000e+05
736469 0.560000 0.600000 0.560000 0.580000 3.646000e+05
736470 0.570000 0.610000 0.570000 0.600000 4.084000e+05
736473 0.600000 0.600000 0.570000 0.600000 6.693000e+05
736474 0.600000 0.620000 0.580000 0.620000 5.293000e+05
736475 0.620000 0.640000 0.590000 0.620000 5.358000e+05
736476 0.610000 0.630000 0.600000 0.610000 2.601000e+05
736477 0.610000 0.640000 0.590000 0.610000 3.844000e+05
736481 0.620000 0.640000 0.590000 0.620000 2.918000e+05
736482 0.630000 0.640000 0.600000 0.630000 3.124000e+05
736483 0.630000 0.640000 0.620000 0.630000 2.925000e+05
736484 0.630000 0.630000 0.600000 0.610000 4.098000e+05
736487 0.610000 0.700000 0.610000 0.690000 9.616000e+05
736488 0.690000 0.690000 0.660000 0.670000 2.846000e+05
736489 0.680000 0.700000 0.650000 0.660000 3.842000e+05
736490 0.670000 0.670000 0.640000 0.650000 2.166000e+05
736491 0.650000 0.650000 0.610000 0.620000 3.092000e+05
736494 0.710000 0.760000 0.650000 0.660000 2.528700e+06
736495 0.660000 0.720000 0.630000 0.700000 1.682600e+06
736496 0.710000 0.840000 0.670000 0.790000 2.778600e+06
736497 0.780000 0.870000 0.760000 0.780000 2.236400e+06
736498 0.810000 0.810000 0.730000 0.750000 1.046100e+06
736501 0.770000 0.860000 0.760000 0.830000 1.780500e+06
736502 0.830000 0.890000 0.820000 0.850000 1.745000e+06
736503 0.870000 0.960000 0.840000 0.890000 1.925900e+06
736504 0.950000 0.950000 0.860000 0.880000 1.458000e+06
736505 0.790000 0.860000 0.750000 0.790000 8.328300e+06
736508 0.790000 0.810000 0.730000 0.730000 9.550000e+05
736509 0.750000 0.790000 0.730000 0.750000 7.593000e+05
736510 0.790000 0.790000 0.740000 0.750000 7.728000e+05
736511 0.770000 0.780000 0.710000 0.710000 8.375000e+05
736512 0.700000 0.770000 0.700000 0.760000 6.526000e+05
736516 0.770000 0.850000 0.720000 0.740000 9.080000e+05
736517 0.730000 0.810000 0.720000 0.770000 6.667000e+05
736518 0.790000 0.810000 0.750000 0.770000 5.041000e+05
736519 0.810000 0.820000 0.770000 0.800000 5.836000e+05
736522 0.810000 0.840000 0.780000 0.800000 4.163000e+05
736523 0.800000 0.820000 0.780000 0.800000 3.648000e+05
736524 0.800000 0.820000 0.730000 0.760000 6.791000e+05
736525 0.780000 0.790000 0.750000 0.760000 2.540000e+05
736526 0.760000 0.790000 0.760000 0.780000 2.642000e+05
736529 0.780000 0.780000 0.770000 0.770000 2.559000e+05
736530 0.780000 0.790000 0.740000 0.740000 3.893000e+05
736531 0.740000 0.770000 0.740000 0.760000 4.115000e+05
736532 0.770000 0.790000 0.760000 0.760000 7.388000e+05
736533 0.780000 0.790000 0.760000 0.770000 2.678000e+05
736536 0.760000 0.790000 0.740000 0.750000 7.603000e+05
736537 0.740000 0.760000 0.740000 0.750000 2.372000e+05
736538 0.750000 0.760000 0.730000 0.740000 2.430000e+05
736539 0.760000 0.760000 0.680000 0.720000 5.009000e+05
736540 0.720000 0.740000 0.690000 0.720000 8.598000e+05
736543 0.720000 0.780000 0.700000 0.760000 5.215000e+05
736544 0.750000 0.770000 0.720000 0.730000 2.344000e+05
736545 0.750000 0.750000 0.730000 0.740000 2.225000e+05
736546 0.750000 0.800000 0.740000 0.780000 5.121000e+05
736547 0.800000 0.810000 0.770000 0.800000 4.650000e+05
736550 0.790000 0.790000 0.750000 0.770000 3.768000e+05
736551 0.770000 0.800000 0.770000 0.790000 7.080000e+05
736552 0.750000 0.790000 0.730000 0.760000 3.688000e+05
736553 0.760000 0.780000 0.740000 0.750000 3.820000e+05
736554 0.760000 0.760000 0.730000 0.740000 2.162000e+05
736557 0.740000 0.760000 0.740000 0.750000 2.695000e+05
736558 0.760000 0.770000 0.750000 0.760000 1.637000e+05
736559 0.770000 0.870000 0.760000 0.810000 1.663000e+06
736560 0.800000 0.960000 0.790000 0.860000 1.630100e+06
736561 0.950000 1.110000 0.880000 0.940000 5.586500e+06
736564 0.980000 1.080000 0.950000 1.080000 1.987600e+06
736565 1.100000 1.100000 0.990000 1.020000 1.276500e+06
736566 1.000000 1.200000 0.990000 1.060000 3.373800e+06
736567 1.100000 1.100000 1.040000 1.080000 9.506000e+05
736568 1.120000 1.130000 1.070000 1.090000 7.325000e+05
736571 1.080000 1.090000 1.040000 1.070000 6.102000e+05
736572 1.060000 1.090000 1.030000 1.030000 4.624000e+05
736573 1.030000 1.060000 0.990000 1.010000 6.944000e+05
736574 1.000000 1.050000 0.940000 0.960000 7.617000e+05
736575 1.010000 1.140000 0.950000 1.030000 3.383900e+06
736579 1.030000 1.050000 0.980000 1.040000 6.457000e+05
736580 1.050000 1.060000 1.010000 1.010000 5.035000e+05
736581 1.020000 1.040000 1.000000 1.030000 3.420000e+05
736582 1.030000 1.040000 0.980000 1.000000 4.352000e+05
736585 0.980000 1.000000 0.960000 0.990000 3.730000e+05
736586 0.990000 1.030000 0.960000 0.970000 2.562000e+05
736587 0.970000 0.990000 0.940000 0.950000 2.827000e+05
736588 0.960000 1.050000 0.940000 1.020000 1.110400e+06
736589 1.030000 1.050000 0.990000 0.990000 4.551000e+05
736592 1.030000 1.040000 1.000000 1.030000 3.760000e+05
736593 1.040000 1.070000 1.020000 1.060000 5.370000e+05
736594 1.050000 1.100000 1.040000 1.090000 8.064000e+05
736595 1.110000 1.150000 1.060000 1.110000 8.943000e+05
736596 1.140000 1.350000 1.130000 1.250000 3.124500e+06
736599 1.230000 1.240000 1.160000 1.170000 9.636000e+05
736600 1.180000 1.210000 1.150000 1.170000 2.432000e+05
736601 1.180000 1.190000 1.110000 1.150000 4.218000e+05
736602 1.130000 1.160000 1.110000 1.120000 1.789000e+05
736603 1.140000 1.140000 1.070000 1.090000 5.136000e+05
736606 1.090000 1.160000 1.080000 1.150000 4.449000e+05
736607 1.150000 1.190000 1.090000 1.120000 2.431000e+05
736608 1.280000 1.580000 1.230000 1.460000 1.740080e+07
736609 1.430000 1.450000 1.310000 1.390000 2.375500e+06
736610 1.400000 1.420000 1.340000 1.360000 6.673000e+05
736613 1.350000 1.390000 1.290000 1.320000 1.097300e+06
736614 1.300000 1.320000 1.220000 1.250000 1.385600e+06
736615 1.250000 1.290000 1.210000 1.260000 8.531000e+05
736616 1.230000 1.420000 1.230000 1.390000 2.009800e+06
736617 1.430000 1.430000 1.320000 1.350000 9.047000e+05
736620 1.350000 1.390000 1.280000 1.280000 7.624000e+05
736621 1.290000 1.320000 1.220000 1.250000 7.383000e+05
736622 1.270000 1.270000 1.180000 1.210000 9.416000e+05
736623 1.230000 1.230000 1.160000 1.220000 6.512000e+05
736624 1.220000 1.250000 1.190000 1.230000 5.043000e+05
736627 1.260000 1.270000 1.200000 1.210000 5.720000e+05
736628 1.190000 1.200000 1.150000 1.150000 5.349000e+05
736629 1.120000 1.130000 1.000000 1.040000 1.852400e+06
736630 1.070000 1.090000 1.040000 1.050000 4.972000e+05
736631 1.050000 1.070000 0.940000 0.980000 9.648000e+05
736634 1.130000 1.140000 1.030000 1.050000 1.400600e+06
736635 1.030000 1.060000 1.010000 1.040000 6.917000e+05
736636 1.020000 1.040000 0.960000 0.970000 6.466000e+05
736637 0.970000 1.020000 0.950000 0.960000 4.453000e+05
736638 0.960000 1.000000 0.950000 0.970000 3.620000e+05
736641 0.990000 1.020000 0.970000 0.990000 3.852000e+05
736642 0.990000 1.090000 0.970000 1.010000 3.135000e+05
736643 0.970000 1.060000 0.960000 1.030000 5.092000e+05
736644 1.010000 1.080000 1.010000 1.050000 5.944000e+05
736645 1.030000 1.150000 1.030000 1.140000 9.232000e+05
736648 1.170000 1.200000 1.120000 1.140000 8.694000e+05
736649 1.130000 1.190000 1.130000 1.140000 5.147000e+05
736650 1.150000 1.180000 1.090000 1.110000 6.157000e+05
736651 1.100000 1.140000 1.070000 1.100000 4.378000e+05
736652 1.090000 1.180000 1.070000 1.170000 1.131000e+06
736655 1.190000 1.230000 1.170000 1.220000 1.029800e+06
736656 1.220000 1.250000 1.060000 1.080000 1.357400e+06
736657 1.070000 1.140000 1.070000 1.120000 3.012000e+05
736659 1.130000 1.150000 1.090000 1.150000 6.350000e+04
736662 1.160000 1.170000 1.120000 1.140000 3.023000e+05
736663 1.150000 1.150000 1.100000 1.120000 2.264000e+05
736664 1.140000 1.140000 1.080000 1.090000 6.259000e+05
736665 1.100000 1.100000 1.070000 1.070000 3.853000e+05
736666 1.080000 1.100000 1.050000 1.100000 3.325000e+05
736669 1.090000 1.180000 1.090000 1.150000 7.410000e+05
736670 1.150000 1.170000 1.110000 1.150000 2.485000e+05
736671 1.150000 1.160000 1.100000 1.120000 5.307000e+05
736672 1.150000 1.180000 1.100000 1.150000 5.432000e+05
736673 1.150000 1.200000 1.150000 1.180000 3.671000e+05
736676 1.160000 1.180000 1.120000 1.160000 3.463000e+05
736677 1.150000 1.170000 1.130000 1.170000 2.497000e+05
736678 1.190000 1.210000 1.140000 1.170000 3.468000e+05
736679 1.210000 1.210000 1.160000 1.180000 5.396000e+05
736680 1.170000 1.190000 1.110000 1.160000 3.948000e+05
736683 1.170000 1.170000 1.140000 1.160000 1.357000e+05
736684 1.180000 1.180000 1.120000 1.130000 3.648000e+05
736685 1.120000 1.120000 1.010000 1.090000 1.336300e+06
736686 1.090000 1.110000 1.040000 1.090000 4.021000e+05
736687 1.090000 1.110000 1.060000 1.090000 3.123000e+05
736691 1.090000 1.110000 1.050000 1.060000 4.738000e+05
736692 1.060000 1.080000 1.060000 1.070000 3.871000e+05
736693 1.070000 1.070000 1.010000 1.020000 6.571000e+05
736694 1.030000 1.050000 1.010000 1.050000 4.931000e+05
736698 1.040000 1.130000 1.020000 1.130000 7.090000e+05
736699 1.130000 1.270000 1.090000 1.190000 2.581200e+06
736700 1.220000 1.230000 1.150000 1.150000 9.462000e+05
736701 1.150000 1.180000 1.100000 1.160000 4.568000e+05
736704 1.170000 1.180000 1.120000 1.170000 3.908000e+05
736705 1.160000 1.190000 1.120000 1.140000 3.793000e+05
736706 1.140000 1.170000 1.090000 1.160000 8.679000e+05
736707 1.170000 1.200000 1.130000 1.180000 6.280000e+05
736708 1.170000 1.250000 1.150000 1.240000 1.005400e+06
736712 1.250000 1.270000 1.170000 1.230000 5.630000e+05
736713 1.220000 1.240000 1.200000 1.220000 3.642000e+05
736714 1.220000 1.240000 1.160000 1.200000 3.227000e+05
736715 1.190000 1.210000 1.160000 1.190000 3.487000e+05
736718 1.180000 1.210000 1.150000 1.180000 3.411000e+05
736719 1.180000 1.180000 1.120000 1.150000 5.770000e+05
736720 1.140000 1.180000 1.130000 1.150000 2.740000e+05
736721 1.150000 1.170000 1.120000 1.130000 3.687000e+05
736722 1.120000 1.130000 1.090000 1.110000 4.545000e+05
736725 1.100000 1.130000 1.030000 1.090000 6.061000e+05
736726 1.070000 1.130000 1.050000 1.120000 3.930000e+05
736727 1.110000 1.170000 1.110000 1.150000 4.142000e+05
736728 1.130000 1.160000 1.120000 1.160000 1.206000e+05
736729 1.160000 1.170000 1.130000 1.150000 2.285000e+05
736732 1.130000 1.150000 1.130000 1.130000 2.041000e+05
736733 1.130000 1.150000 1.100000 1.130000 1.827000e+05
736734 1.140000 1.140000 1.110000 1.120000 1.233000e+05
736735 1.120000 1.150000 1.120000 1.140000 1.118000e+05
736736 1.150000 1.150000 1.120000 1.130000 3.465000e+05
736739 1.120000 1.150000 1.110000 1.110000 1.830000e+05
736740 1.120000 1.140000 1.100000 1.140000 2.101000e+05
736741 1.130000 1.150000 1.120000 1.130000 1.398000e+05
736742 1.140000 1.150000 1.110000 1.120000 2.795000e+05
736743 1.130000 1.150000 1.110000 1.150000 3.740000e+05
736747 1.160000 1.160000 1.130000 1.130000 1.937000e+05
736748 1.130000 1.150000 1.120000 1.120000 1.830000e+05
736749 1.130000 1.130000 1.080000 1.100000 3.102000e+05
736750 1.100000 1.120000 1.080000 1.100000 2.477000e+05
736753 1.100000 1.130000 1.100000 1.130000 2.278000e+05
736754 1.120000 1.140000 1.100000 1.130000 6.584000e+05
736755 1.110000 1.160000 1.110000 1.150000 8.243000e+05
736756 1.160000 1.180000 1.150000 1.170000 4.204000e+05
736757 1.180000 1.180000 1.150000 1.170000 2.977000e+05
736760 1.170000 1.180000 1.130000 1.130000 3.596000e+05
736761 1.130000 1.140000 1.120000 1.120000 2.472000e+05
736762 1.120000 1.130000 1.100000 1.120000 2.209000e+05
736763 1.110000 1.130000 1.100000 1.110000 2.321000e+05
736764 1.130000 1.130000 1.110000 1.110000 1.191000e+05
