736034 46.529999 47.590000 45.919998 47.360001 9.360000e+05
736035 47.799999 48.689999 47.090000 47.480000 9.707000e+05
736036 47.279999 47.490002 45.650002 47.119999 1.239000e+06
736039 46.750000 47.419998 45.810001 47.360001 8.943000e+05
736040 45.650002 45.869999 44.730000 45.310001 4.513400e+06
736041 44.970001 47.380001 44.509998 46.889999 3.194300e+06
736042 45.990002 47.139999 45.529999 46.490002 1.302600e+06
736043 46.990002 48.450001 46.599998 47.860001 1.892400e+06
736046 47.840000 48.439999 45.810001 45.860001 1.244900e+06
736047 45.990002 47.650002 45.730000 47.400002 1.197800e+06
736048 47.770000 48.900002 47.349998 48.380001 1.087000e+06
736049 49.430000 50.910000 49.130001 50.160000 1.170700e+06
736050 49.360001 50.430000 48.759998 50.169998 1.530600e+06
736053 50.990002 51.459999 48.759998 49.840000 1.133000e+06
736054 49.500000 50.439999 48.889999 49.650002 1.280000e+06
736055 49.750000 51.400002 49.689999 50.200001 1.287100e+06
736056 49.680000 50.830002 49.130001 50.049999 1.001200e+06
736060 50.439999 52.189999 50.099998 52.060001 1.003400e+06
736061 52.000000 53.099998 51.299999 51.570000 1.055400e+06
736062 51.740002 52.320000 50.000000 50.389999 1.163300e+06
736063 50.419998 52.000000 50.419998 51.410000 7.235000e+05
736064 51.689999 52.009998 51.080002 51.610001 6.165000e+05
736067 51.950001 52.410000 50.560001 51.270000 5.874000e+05
736068 51.619999 53.950001 51.549999 53.450001 7.384000e+05
736069 53.990002 55.959999 53.439999 55.680000 1.070600e+06
736070 54.919998 56.090000 54.209999 54.270000 1.074800e+06
736071 53.919998 54.630001 52.650002 53.730000 9.984000e+05
736074 53.150002 54.830002 53.040001 54.439999 7.292000e+05
736075 54.930000 55.520000 52.299999 52.410000 9.583000e+05
736076 52.930000 53.740002 51.810001 52.720001 5.392000e+05
736077 52.680000 54.790001 52.680000 54.040001 8.138000e+05
736078 54.240002 54.400002 52.770000 53.430000 1.090300e+06
736081 53.470001 54.230000 52.610001 53.000000 9.217000e+05
736082 53.070000 54.090000 53.070000 53.930000 6.028000e+05
736083 53.520000 56.709999 53.509998 56.410000 1.038100e+06
736084 56.480000 56.770000 54.910000 55.730000 8.409000e+05
736085 55.400002 56.200001 54.939999 55.330002 8.376000e+05
736088 55.430000 56.189999 54.020000 55.119999 1.022100e+06
736089 55.669998 56.259998 53.549999 53.970001 1.672400e+06
736090 54.180000 55.500000 52.090000 52.580002 8.573000e+05
736091 53.099998 53.400002 50.160000 50.790001 1.556200e+06
736092 51.450001 52.189999 50.040001 51.810001 8.858000e+05
736095 52.419998 52.869999 50.709999 51.939999 9.650000e+05
736096 51.830002 54.139999 51.720001 53.880001 9.661000e+05
736097 54.029999 54.490002 52.290001 52.490002 8.076000e+05
736098 52.730000 53.029999 51.529999 51.830002 7.964000e+05
736099 51.349998 52.599998 50.160000 52.250000 7.541000e+05
736102 51.860001 52.500000 50.820000 52.450001 8.482000e+05
736103 52.320000 52.320000 50.049999 50.349998 9.235000e+05
736104 50.419998 50.540001 48.869999 49.880001 1.131300e+06
736105 50.169998 51.570000 49.799999 51.419998 9.010000e+05
736106 50.910000 51.669998 50.110001 50.689999 5.414000e+05
736110 50.290001 50.650002 49.500000 49.950001 5.711000e+05
736111 49.389999 50.500000 49.049999 50.150002 6.864000e+05
736112 49.740002 49.959999 48.630001 49.509998 7.730000e+05
736113 49.669998 50.660000 49.360001 50.160000 7.107000e+05
736116 50.529999 50.630001 49.599998 50.040001 7.659000e+05
736117 49.820000 51.189999 49.610001 50.779999 5.479000e+05
736118 50.570000 51.240002 50.130001 50.450001 1.144400e+06
736119 50.000000 50.330002 49.450001 49.590000 8.625000e+05
736120 49.110001 52.410000 49.110001 52.000000 9.204000e+05
736123 51.849998 52.349998 50.070000 50.820000 6.812000e+05
736124 51.610001 52.200001 51.330002 51.459999 8.889000e+05
736125 52.250000 53.380001 51.919998 52.990002 1.105000e+06
736126 53.009998 53.360001 52.209999 52.450001 6.212000e+05
736127 52.189999 52.560001 51.650002 52.080002 7.207000e+05
736130 51.209999 52.810001 51.169998 52.310001 7.641000e+05
736131 52.130001 53.220001 52.130001 52.939999 6.111000e+05
736132 53.560001 53.889999 51.470001 52.060001 7.853000e+05
736133 52.830002 53.160000 51.860001 51.930000 7.491000e+05
736134 51.779999 51.930000 50.590000 51.060001 8.973000e+05
736137 51.259998 52.290001 50.419998 52.230000 5.499000e+05
736138 52.020000 53.029999 51.889999 52.950001 4.748000e+05
736139 52.580002 53.580002 52.169998 52.619999 4.999000e+05
736140 52.709999 52.849998 52.029999 52.360001 4.409000e+05
736141 51.840000 52.240002 50.209999 50.759998 2.502200e+06
736144 49.950001 50.590000 48.849998 48.889999 7.782000e+05
736145 49.320000 49.660000 48.509998 49.240002 8.254000e+05
736146 49.040001 49.279999 45.970001 46.119999 1.337900e+06
736147 46.509998 46.680000 45.380001 45.619999 1.033700e+06
736151 45.000000 45.139999 43.110001 43.360001 1.479600e+06
736152 42.860001 44.720001 40.950001 44.480000 1.730600e+06
736153 43.990002 44.880001 42.459999 43.389999 1.029100e+06
736154 43.810001 44.830002 43.720001 44.180000 1.366900e+06
736155 44.680000 44.919998 43.119999 43.310001 1.045300e+06
736158 43.250000 43.619999 42.209999 43.290001 1.263100e+06
736159 43.060001 44.740002 42.880001 44.520000 7.769000e+05
736160 44.349998 44.509998 41.630001 42.000000 1.040100e+06
736161 42.509998 42.930000 41.130001 41.340000 8.931000e+05
736162 41.509998 41.549999 39.340000 39.470001 1.442000e+06
736165 39.130001 39.230000 37.509998 37.799999 1.308500e+06
736166 37.709999 39.209999 37.290001 37.720001 2.227900e+06
736167 37.730000 38.380001 36.939999 38.340000 1.954200e+06
736168 38.639999 39.779999 38.020000 39.410000 1.485300e+06
736169 39.410000 39.990002 36.320000 37.020000 2.097400e+06
736172 35.630001 36.939999 35.570000 35.919998 1.142700e+06
736173 35.990002 37.599998 35.279999 36.930000 1.344600e+06
736174 36.709999 39.439999 36.639999 38.980000 1.481200e+06
736175 38.540001 39.830002 38.299999 39.099998 1.057700e+06
736176 39.349998 39.709999 38.029999 38.130001 1.084300e+06
736179 38.000000 38.119999 36.320000 36.540001 1.311700e+06
736180 37.040001 37.630001 36.130001 36.639999 6.258000e+05
736181 37.189999 38.360001 36.000000 36.439999 1.265700e+06
736182 38.150002 38.180000 35.150002 37.400002 2.237100e+06
736183 36.389999 37.799999 32.700001 33.910000 2.058400e+06
736186 34.599998 35.880001 33.750000 35.759998 1.796100e+06
736187 34.430000 35.810001 34.230000 35.730000 1.376700e+06
736188 35.369999 36.959999 34.919998 36.799999 1.266100e+06
736189 36.310001 36.799999 34.860001 35.139999 1.027100e+06
736190 35.160000 35.950001 34.610001 35.060001 9.033000e+05
736193 34.810001 35.240002 34.320000 34.810001 7.154000e+05
736194 34.490002 35.560001 34.389999 35.270000 8.822000e+05
736195 35.189999 35.419998 33.290001 33.779999 8.122000e+05
736196 33.619999 34.090000 32.299999 32.320000 9.628000e+05
736197 31.879999 32.880001 31.340000 31.360001 1.550500e+06
736200 29.879999 30.700001 28.180000 28.270000 1.833400e+06
736201 29.309999 29.959999 27.830000 27.990000 1.700400e+06
736202 29.100000 29.459999 27.790001 28.690001 1.136100e+06
736203 29.719999 32.910000 29.530001 32.509998 1.902700e+06
736204 31.889999 35.660000 31.889999 35.380001 2.687400e+06
736207 34.610001 36.980000 34.220001 36.430000 2.032900e+06
736208 34.750000 36.189999 33.779999 34.040001 1.746500e+06
736209 34.650002 34.779999 32.540001 34.779999 1.079000e+06
736210 34.759998 36.619999 33.080002 35.570000 1.846000e+06
736211 34.799999 35.750000 34.009998 35.610001 1.377800e+06
736215 36.000000 36.939999 34.660000 36.820000 1.554800e+06
736216 36.740002 37.540001 34.549999 34.660000 1.279300e+06
736217 34.680000 35.610001 33.570000 33.980000 2.021800e+06
736218 33.360001 33.360001 31.430000 32.869999 1.492100e+06
736221 32.799999 32.820000 31.540001 32.110001 6.714000e+05
736222 32.330002 33.240002 32.209999 32.900002 9.055000e+05
736223 33.220001 36.060001 33.220001 35.990002 1.477600e+06
736224 35.709999 37.230000 35.380001 35.880001 1.202400e+06
736225 34.810001 35.470001 33.320000 33.740002 2.098900e+06
736228 34.450001 35.070000 33.779999 34.400002 1.070900e+06
736229 33.509998 34.830002 33.419998 34.189999 8.176000e+05
736230 34.419998 34.709999 31.790001 31.980000 1.016700e+06
736231 31.790001 32.599998 30.840000 32.230000 1.182400e+06
736232 32.709999 32.990002 30.580000 31.389999 1.505700e+06
736235 30.930000 31.129999 28.990000 29.070000 1.231300e+06
736236 29.350000 30.379999 29.000000 29.840000 9.864000e+05
736237 29.809999 31.129999 29.730000 30.540001 1.074900e+06
736238 31.240000 32.220001 31.120001 31.990000 1.525600e+06
736239 31.520000 35.459999 31.450001 35.090000 1.718800e+06
736242 35.799999 38.599998 35.799999 38.360001 1.940700e+06
736243 38.770000 42.150002 38.139999 41.910000 2.495100e+06
736244 42.529999 43.580002 39.840000 40.680000 2.855600e+06
736245 41.470001 43.759998 39.820000 43.150002 1.658800e+06
736246 43.549999 43.970001 41.520000 42.500000 1.182200e+06
736249 42.430000 42.869999 39.380001 40.540001 1.132000e+06
736250 39.970001 41.590000 39.419998 39.950001 9.252000e+05
736251 39.560001 40.450001 38.779999 39.630001 1.163700e+06
736252 39.310001 40.980000 38.730000 40.959999 7.568000e+05
736253 39.340000 40.389999 39.000000 40.349998 7.580200e+06
736256 39.599998 40.250000 38.439999 38.730000 1.699200e+06
736257 38.230000 40.500000 37.869999 39.639999 2.038400e+06
736258 39.220001 39.220001 37.410000 38.090000 1.480000e+06
736259 38.630001 38.930000 36.709999 38.230000 1.790100e+06
736260 38.070000 38.139999 36.610001 37.509998 1.289700e+06
736263 37.189999 37.730000 35.930000 36.080002 1.373400e+06
736264 35.400002 35.720001 34.490002 34.900002 1.948500e+06
736265 35.330002 38.419998 35.119999 36.810001 2.128200e+06
736266 36.470001 38.830002 35.869999 36.889999 1.445900e+06
736267 36.930000 38.189999 35.500000 37.630001 2.443700e+06
736270 36.799999 38.150002 36.250000 37.720001 1.658700e+06
736271 38.299999 40.560001 37.889999 39.250000 1.901200e+06
736272 38.860001 40.439999 37.189999 39.029999 1.968900e+06
736273 38.910000 40.410000 37.259998 38.950001 1.755000e+06
736274 38.799999 40.279999 38.369999 39.189999 1.298400e+06
736277 39.369999 40.430000 38.709999 39.500000 1.652600e+06
736278 39.380001 40.049999 38.730000 39.549999 8.912000e+05
736279 39.529999 39.560001 37.180000 37.709999 1.068600e+06
736280 37.000000 37.830002 36.220001 36.389999 1.185500e+06
736281 36.230000 37.759998 35.490002 37.389999 1.287500e+06
736284 37.250000 39.549999 37.150002 39.529999 1.239800e+06
736285 39.709999 40.009998 38.240002 39.029999 1.427100e+06
736286 39.950001 41.180000 38.709999 40.389999 1.597900e+06
736287 39.779999 40.320000 37.540001 38.619999 1.472000e+06
736288 38.650002 38.919998 37.430000 37.490002 1.111100e+06
736291 37.410000 38.270000 37.000000 37.200001 1.570400e+06
736292 38.240002 41.250000 37.650002 40.580002 1.889500e+06
736293 39.900002 40.990002 39.110001 40.180000 1.147500e+06
736295 39.849998 40.180000 39.139999 39.669998 4.847000e+05
736298 40.060001 40.990002 39.310001 40.380001 1.245700e+06
736299 40.470001 40.830002 39.259998 39.509998 1.389100e+06
736300 39.000000 39.810001 36.369999 37.119999 1.979100e+06
736301 37.660000 38.060001 36.209999 36.509998 1.444000e+06
736302 35.869999 35.869999 34.310001 34.750000 1.777500e+06
736305 33.310001 33.720001 31.150000 31.760000 2.781100e+06
736306 30.410000 33.240002 30.219999 32.939999 2.124600e+06
736307 33.169998 35.110001 33.130001 33.650002 2.110700e+06
736308 33.180000 35.380001 32.770000 35.090000 1.727700e+06
736309 34.070000 34.799999 33.150002 33.560001 1.976200e+06
736312 33.110001 33.630001 31.430000 32.770000 2.514600e+06
736313 33.450001 34.320000 32.799999 33.919998 1.738500e+06
736314 34.099998 34.299999 32.130001 32.290001 1.899400e+06
736315 32.299999 32.410000 29.350000 30.420000 2.258000e+06
736316 30.250000 31.030001 29.740000 29.740000 2.377200e+06
736319 29.799999 30.120001 28.160000 28.990000 1.921100e+06
736320 28.820000 29.690001 28.299999 29.280001 1.579800e+06
736321 30.430000 33.180000 29.959999 33.130001 1.643600e+06
736322 33.130001 33.500000 32.119999 32.849998 4.832000e+05
736326 32.180000 32.180000 30.049999 30.290001 9.467000e+05
736327 31.070000 31.570000 29.590000 30.350000 1.259300e+06
736328 29.580000 30.480000 28.440001 28.600000 1.737700e+06
736329 28.410000 29.840000 28.340000 29.580000 1.148500e+06
736333 29.370001 29.889999 28.059999 29.070000 1.959400e+06
736334 29.190001 29.190001 27.320000 28.590000 2.412900e+06
736335 27.500000 27.690001 24.610001 24.900000 3.987700e+06
736336 23.940001 24.760000 22.090000 22.150000 4.218800e+06
736337 22.540001 24.160000 21.469999 23.690001 3.583800e+06
736340 23.400000 24.080000 22.379999 22.650000 2.444300e+06
736341 23.290001 23.650000 20.959999 21.750000 2.269000e+06
736342 22.620001 22.740000 20.840000 21.160000 1.923600e+06
736343 21.410000 22.280001 20.809999 21.870001 2.001000e+06
736344 20.209999 21.190001 19.570000 21.080000 3.126800e+06
736348 21.250000 21.620001 18.059999 18.430000 3.444700e+06
736349 18.000000 18.830000 16.100000 18.459999 4.249000e+06
736350 17.850000 22.440001 17.700001 22.040001 4.562500e+06
736351 23.040001 25.590000 21.889999 23.059999 4.287300e+06
736354 22.510000 23.500000 20.860001 20.889999 2.224900e+06
736355 21.549999 22.750000 21.070000 22.340000 2.062600e+06
736356 22.020000 24.190001 21.760000 23.000000 2.647800e+06
736357 24.580000 25.600000 23.940001 25.290001 3.047100e+06
736358 25.260000 27.139999 25.250000 27.129999 2.751000e+06
736361 26.260000 27.400000 25.530001 26.920000 2.937900e+06
736362 25.230000 26.440001 24.809999 25.549999 3.550100e+06
736363 26.480000 27.350000 24.440001 27.299999 2.416300e+06
736364 27.459999 28.870001 27.200001 27.969999 2.549500e+06
736365 27.080000 27.950001 26.250000 27.320000 3.117400e+06
736368 26.309999 26.940001 25.129999 26.530001 2.516300e+06
736369 26.049999 26.260000 24.350000 25.000000 2.526400e+06
736370 24.980000 25.660000 24.139999 24.900000 2.188900e+06
736371 24.139999 24.160000 21.379999 23.040001 5.005200e+06
736372 23.969999 24.500000 22.400000 23.260000 2.940700e+06
736376 23.860001 23.969999 22.139999 22.530001 2.051000e+06
736377 23.070000 24.580000 22.540001 24.070000 2.759200e+06
736378 24.309999 24.620001 22.250000 22.280001 2.161900e+06
736379 21.799999 21.820000 20.340000 21.480000 2.935400e+06
736382 22.299999 23.580000 22.030001 22.260000 2.947600e+06
736383 22.850000 24.010000 21.020000 21.100000 6.531900e+06
736384 20.150000 21.840000 19.450001 21.360001 4.936100e+06
736385 21.040001 22.090000 19.469999 20.570000 3.618500e+06
736386 22.030001 22.740000 21.200001 21.480000 3.184300e+06
736389 21.680000 22.469999 20.830000 21.500000 2.397100e+06
736390 21.860001 22.049999 20.559999 21.549999 2.829700e+06
736391 21.330000 24.070000 21.219999 24.049999 3.028100e+06
736392 23.850000 26.190001 23.190001 25.549999 3.584100e+06
736393 26.129999 28.240000 24.620001 26.440001 5.127800e+06
736396 26.570000 28.330000 25.820000 28.290001 5.307400e+06
736397 27.389999 28.000000 24.270000 24.700001 4.633500e+06
736398 25.790001 27.010000 24.709999 26.180000 2.347600e+06
736399 25.900000 25.969999 24.180000 25.730000 2.665600e+06
736400 27.030001 29.490000 27.030001 28.430000 3.646500e+06
736403 27.110001 28.170000 26.420000 27.930000 2.105500e+06
736404 27.430000 27.760000 26.320000 27.650000 1.782500e+06
736405 27.900000 30.370001 27.180000 30.160000 2.673200e+06
736406 30.459999 31.500000 30.110001 31.219999 2.221000e+06
736407 31.639999 32.450001 29.969999 30.730000 2.826100e+06
736410 30.510000 31.590000 30.120001 31.480000 1.804900e+06
736411 30.639999 31.600000 30.209999 31.200001 1.296500e+06
736412 30.820000 31.170000 29.120001 29.700001 1.646600e+06
736413 28.799999 30.540001 28.110001 30.360001 1.584400e+06
736417 30.340000 30.559999 29.059999 30.129999 1.664600e+06
736418 29.570000 30.530001 29.090000 30.440001 1.503900e+06
736419 30.760000 31.809999 29.900000 30.799999 1.699800e+06
736420 30.600000 31.549999 30.340000 30.920000 1.434300e+06
736421 30.290001 30.730000 29.740000 30.540001 1.203700e+06
736424 30.410000 31.240000 29.440001 29.490000 2.020400e+06
736425 29.030001 29.700001 28.520000 28.980000 1.642700e+06
736426 29.500000 30.870001 28.510000 30.770000 1.827400e+06
736427 30.540001 31.480000 29.840000 30.330000 1.349700e+06
736428 31.219999 32.290001 30.750000 31.690001 2.241700e+06
736431 32.049999 32.540001 31.620001 31.910000 1.434300e+06
736432 32.270000 34.650002 31.780001 34.139999 2.581400e+06
736433 34.209999 34.209999 32.560001 32.869999 3.132500e+06
736434 33.090000 33.090000 32.180000 32.570000 1.585000e+06
736435 31.860001 32.130001 31.180000 31.600000 1.463000e+06
736438 30.250000 32.169998 29.590000 32.080002 1.562100e+06
736439 32.470001 33.639999 32.099998 33.259998 1.525600e+06
736440 32.610001 34.200001 32.029999 33.900002 1.925900e+06
736441 34.090000 34.880001 33.470001 33.810001 1.843800e+06
736442 34.119999 35.630001 33.860001 35.230000 1.713300e+06
736445 35.189999 35.259998 33.580002 34.070000 9.225000e+05
736446 34.549999 35.730000 33.849998 35.669998 1.319700e+06
736447 35.799999 37.580002 35.689999 37.060001 1.455900e+06
736448 36.720001 37.560001 35.570000 35.639999 1.221200e+06
736449 36.119999 36.790001 34.220001 35.369999 1.826500e+06
736452 35.320000 35.700001 34.220001 35.340000 1.290200e+06
736453 34.450001 34.680000 32.599998 32.790001 2.029600e+06
736454 33.840000 34.980000 32.000000 32.410000 2.347800e+06
736455 33.200001 34.369999 32.029999 32.860001 2.034000e+06
736456 32.639999 33.849998 32.330002 32.490002 1.302700e+06
736459 32.299999 32.900002 30.590000 31.209999 2.033500e+06
736460 31.480000 33.130001 31.209999 33.090000 1.721200e+06
736461 32.880001 34.849998 32.099998 34.360001 1.892000e+06
736462 35.000000 35.930000 34.020000 35.150002 1.785800e+06
736463 35.230000 36.180000 34.450001 34.529999 1.605400e+06
736466 35.330002 37.470001 35.230000 36.630001 1.583500e+06
736467 36.369999 39.330002 36.369999 38.779999 3.300400e+06
736468 38.250000 39.169998 36.799999 37.080002 1.674700e+06
736469 36.389999 37.090000 35.230000 36.830002 2.014300e+06
736470 37.000000 37.820000 36.360001 37.660000 1.220300e+06
736473 37.040001 37.849998 36.959999 37.669998 1.195700e+06
736474 37.599998 37.950001 36.570000 37.150002 1.132000e+06
736475 37.730000 38.720001 37.400002 38.459999 1.002500e+06
736476 38.869999 39.610001 38.099998 38.590000 1.158800e+06
736477 38.220001 38.580002 37.500000 37.900002 1.091500e+06
736481 38.169998 39.270000 37.939999 38.500000 9.879000e+05
736482 37.770000 38.549999 37.119999 38.470001 1.446200e+06
736483 37.799999 38.709999 37.349998 38.630001 1.106100e+06
736484 38.630001 39.220001 37.470001 37.860001 8.532000e+05
736487 38.610001 38.790001 37.790001 38.630001 1.295100e+06
736488 39.549999 40.849998 39.000000 40.580002 1.460000e+06
736489 41.200001 42.490002 40.500000 40.680000 1.624800e+06
736490 39.880001 40.570000 39.380001 40.020000 8.876000e+05
736491 39.189999 40.029999 37.740002 37.740002 1.319000e+06
736494 37.150002 38.860001 36.700001 38.320000 1.049700e+06
736495 38.090000 39.250000 37.630001 39.060001 1.150400e+06
736496 38.410000 39.439999 37.680000 38.689999 1.153400e+06
736497 37.950001 37.959999 35.900002 36.869999 1.561600e+06
736498 37.349998 40.349998 37.349998 39.669998 2.220300e+06
736501 40.660000 41.209999 40.049999 40.240002 1.013500e+06
736502 40.009998 41.200001 39.459999 40.939999 9.395000e+05
736503 41.330002 41.330002 39.680000 40.439999 1.258700e+06
736504 41.090000 41.400002 40.400002 40.959999 7.258000e+05
736505 38.730000 39.549999 37.060001 37.389999 3.413600e+06
736508 36.590000 37.299999 33.169998 33.540001 2.062200e+06
736509 34.700001 35.660000 34.700001 35.220001 1.559200e+06
736510 35.740002 36.849998 34.959999 36.520000 2.458900e+06
736511 36.450001 36.450001 34.889999 35.849998 2.435300e+06
736512 36.070000 37.250000 35.599998 36.680000 1.471700e+06
736516 35.669998 35.720001 34.610001 35.320000 1.644500e+06
736517 35.250000 35.990002 34.790001 35.840000 1.189700e+06
736518 36.259998 36.730000 34.549999 34.900002 1.445500e+06
736519 35.849998 35.869999 34.529999 35.490002 9.121000e+05
736522 36.169998 36.369999 34.520000 34.549999 1.062200e+06
736523 35.480000 37.500000 35.009998 37.070000 1.546100e+06
736524 37.060001 37.570000 35.169998 36.000000 1.472100e+06
736525 36.750000 37.080002 35.200001 35.490002 1.299700e+06
736526 35.810001 36.480000 35.330002 35.730000 1.122500e+06
736529 35.799999 36.860001 35.240002 36.750000 1.589900e+06
736530 36.520000 36.959999 36.169998 36.299999 9.086000e+05
736531 35.869999 36.880001 35.090000 36.480000 1.046900e+06
736532 36.669998 37.450001 35.349998 35.410000 1.185500e+06
736533 35.619999 35.759998 34.340000 34.660000 1.001500e+06
736536 34.250000 34.470001 32.509998 32.980000 1.262800e+06
736537 32.509998 33.500000 32.459999 32.970001 1.926500e+06
736538 33.419998 33.939999 31.830000 32.090000 1.198800e+06
736539 32.020000 32.669998 31.549999 31.709999 1.872900e+06
736540 31.469999 32.910000 31.040001 32.799999 1.657000e+06
736543 32.490002 32.490002 29.730000 29.889999 2.159100e+06
736544 30.299999 30.900000 29.520000 30.559999 1.870600e+06
736545 30.610001 32.400002 30.110001 32.349998 2.224500e+06
736546 31.830000 34.779999 31.500000 33.200001 2.779000e+06
736547 33.320000 34.450001 32.910000 34.419998 1.531900e+06
736550 34.950001 37.070000 34.750000 36.099998 1.944000e+06
736551 36.180000 36.599998 35.500000 36.160000 1.163300e+06
736552 36.389999 36.849998 34.830002 34.900002 1.559900e+06
736553 35.459999 36.820000 35.169998 36.290001 8.853000e+05
736554 36.669998 37.060001 36.029999 36.380001 1.131400e+06
736557 36.939999 38.599998 36.560001 37.799999 1.821100e+06
736558 37.430000 38.439999 36.209999 37.520000 2.072500e+06
736559 37.419998 38.240002 35.810001 36.540001 1.898700e+06
736560 36.939999 38.439999 36.650002 38.310001 2.028200e+06
736561 37.709999 38.349998 36.709999 37.150002 1.318900e+06
736564 36.439999 37.060001 35.650002 35.919998 1.169200e+06
736565 35.720001 36.799999 35.490002 36.119999 1.479600e+06
736566 35.759998 36.480000 35.619999 35.750000 1.172700e+06
736567 35.759998 37.169998 35.669998 36.580002 1.639600e+06
736568 36.619999 38.139999 36.450001 38.000000 2.262200e+06
736571 37.759998 39.099998 37.500000 38.840000 2.088300e+06
736572 39.419998 40.000000 38.680000 38.910000 1.573800e+06
736573 38.599998 39.230000 37.950001 38.290001 1.915600e+06
736574 38.020000 38.270000 37.240002 38.150002 1.278000e+06
736575 38.900002 39.740002 38.599998 39.570000 1.382900e+06
736579 39.860001 40.380001 39.200001 39.810001 1.561500e+06
736580 40.119999 40.290001 39.139999 39.630001 1.340100e+06
736581 40.279999 40.740002 39.430000 40.230000 1.442900e+06
736582 39.540001 40.099998 37.790001 37.790001 1.503300e+06
736585 37.189999 37.639999 36.689999 37.360001 1.637100e+06
736586 36.500000 37.040001 34.439999 34.770000 1.937900e+06
736587 34.610001 35.189999 33.369999 33.630001 1.694500e+06
736588 33.900002 34.880001 33.669998 34.230000 1.957800e+06
736589 33.630001 34.299999 33.130001 34.220001 1.518600e+06
736592 34.630001 35.180000 34.060001 34.209999 1.150000e+06
736593 34.070000 34.340000 33.160000 33.439999 9.992000e+05
736594 34.270000 35.150002 34.209999 34.950001 1.580000e+06
736595 35.660000 36.619999 35.610001 35.880001 1.470900e+06
736596 35.549999 36.169998 33.669998 34.200001 1.696800e+06
736599 34.220001 35.590000 34.000000 34.779999 1.568200e+06
736600 34.000000 34.369999 33.490002 34.220001 1.524700e+06
736601 34.570000 37.950001 34.330002 37.560001 2.846400e+06
736602 37.680000 40.990002 37.630001 39.849998 2.826800e+06
736603 40.250000 41.169998 39.650002 40.619999 1.377700e+06
736606 40.599998 41.599998 39.980000 41.119999 1.547200e+06
736607 41.220001 41.639999 40.259998 40.630001 1.323200e+06
736608 41.349998 42.160000 41.099998 41.529999 1.174900e+06
736609 41.660000 42.220001 40.770000 41.480000 1.702800e+06
736610 41.439999 41.799999 40.880001 41.270000 1.323700e+06
736613 41.950001 43.560001 41.810001 42.860001 1.438400e+06
736614 42.490002 42.570000 41.520000 42.470001 1.479800e+06
736615 42.090000 42.090000 41.000000 41.400002 1.562200e+06
736616 40.180000 41.049999 40.060001 40.430000 1.726900e+06
736617 40.669998 40.880001 39.779999 39.889999 8.429000e+05
736620 39.820000 40.340000 39.349998 39.810001 9.354000e+05
736621 40.009998 40.639999 38.330002 38.919998 1.782600e+06
736622 39.840000 41.049999 39.549999 40.099998 1.518800e+06
736623 39.810001 40.820000 38.919998 40.330002 1.655000e+06
736624 40.029999 40.549999 39.470001 40.119999 8.641000e+05
736627 39.939999 40.410000 38.200001 38.869999 1.151400e+06
736628 37.730000 38.150002 36.889999 37.060001 8.826800e+06
736629 36.830002 37.130001 35.150002 36.009998 3.487000e+06
736630 36.650002 36.959999 36.000000 36.470001 1.491300e+06
736631 36.320000 36.930000 35.099998 35.450001 1.066400e+06
736634 34.990002 34.990002 33.630001 33.830002 1.696800e+06
736635 34.560001 34.919998 32.709999 33.560001 1.746500e+06
736636 33.000000 33.669998 32.000000 33.230000 1.976900e+06
736637 33.860001 34.500000 32.849998 34.410000 2.429000e+06
736638 34.180000 34.470001 32.939999 33.599998 2.547300e+06
736641 34.869999 35.230000 34.119999 35.180000 2.359400e+06
736642 35.090000 36.070000 34.590000 35.720001 1.596400e+06
736643 35.720001 37.560001 35.430000 37.349998 1.799100e+06
736644 37.480000 37.549999 36.130001 36.820000 1.645000e+06
736645 36.450001 36.820000 35.189999 36.389999 1.171600e+06
736648 35.610001 36.599998 35.200001 36.509998 1.201700e+06
736649 37.150002 38.959999 36.980000 37.799999 1.771900e+06
736650 37.570000 38.110001 36.369999 36.570000 1.171700e+06
736651 37.230000 37.840000 36.009998 36.259998 1.051400e+06
736652 36.529999 37.520000 36.419998 37.070000 9.769000e+05
736655 38.220001 39.549999 37.880001 39.540001 1.309900e+06
736656 39.669998 39.700001 38.090000 39.130001 1.023000e+06
736657 38.680000 39.560001 38.480000 39.360001 7.210000e+05
736659 38.990002 39.279999 37.990002 38.270000 2.928000e+05
736662 38.820000 38.820000 36.139999 36.220001 1.174400e+06
736663 35.099998 36.070000 34.630001 35.169998 1.388800e+06
736664 39.230000 42.439999 38.029999 42.340000 3.960100e+06
736665 43.950001 43.959999 41.480000 42.340000 2.170700e+06
736666 41.919998 42.340000 41.200001 41.389999 1.364300e+06
736669 42.250000 42.520000 40.459999 40.650002 1.324300e+06
736670 40.529999 41.610001 40.070000 41.180000 1.713500e+06
736671 41.310001 41.450001 40.310001 41.029999 1.072400e+06
736672 41.270000 41.560001 40.020000 41.290001 1.340600e+06
736673 41.599998 41.599998 40.150002 40.279999 1.121700e+06
736676 42.470001 42.750000 39.450001 39.610001 1.671900e+06
736677 40.020000 41.110001 39.139999 40.119999 1.537200e+06
736678 39.380001 40.290001 38.830002 38.939999 1.788300e+06
736679 38.560001 40.049999 37.529999 39.689999 1.424000e+06
736680 40.000000 40.139999 38.849998 39.049999 2.086100e+06
736683 38.799999 39.459999 38.400002 38.709999 8.986000e+05
736684 39.240002 39.310001 38.349998 38.500000 7.630000e+05
736685 38.810001 38.990002 37.919998 37.950001 5.926000e+05
736686 38.169998 39.610001 37.959999 39.410000 1.012700e+06
736687 39.400002 39.599998 38.860001 39.230000 7.477000e+05
736691 39.230000 39.700001 38.959999 39.130001 7.153000e+05
736692 39.110001 39.270000 37.779999 37.939999 6.505000e+05
736693 37.799999 37.959999 37.389999 37.660000 5.354000e+05
736694 37.549999 38.200001 37.119999 37.349998 6.793000e+05
736698 37.910000 38.950001 37.380001 38.099998 9.344000e+05
736699 37.730000 38.380001 37.279999 38.160000 8.939000e+05
736700 38.389999 38.700001 37.650002 38.549999 8.610000e+05
736701 39.369999 39.480000 38.560001 38.799999 9.391000e+05
736704 38.400002 38.400002 36.509998 36.529999 9.319000e+05
736705 36.840000 36.900002 36.009998 36.180000 1.304800e+06
736706 36.490002 36.889999 35.720001 36.770000 9.586000e+05
736707 37.349998 37.419998 36.049999 36.459999 9.251000e+05
736708 36.480000 36.700001 35.990002 36.410000 7.041000e+05
736712 36.810001 36.950001 36.020000 36.340000 1.015000e+06
736713 35.790001 36.320000 35.279999 35.540001 1.265700e+06
736714 35.619999 36.080002 35.209999 35.880001 9.362000e+05
736715 36.450001 36.619999 36.080002 36.360001 1.134100e+06
736718 35.820000 36.369999 35.650002 36.209999 8.038000e+05
736719 36.439999 37.080002 36.139999 36.520000 6.733000e+05
736720 36.459999 37.180000 36.410000 36.480000 6.225000e+05
736721 36.720001 37.470001 36.549999 37.139999 1.138300e+06
736722 36.790001 37.000000 35.990002 36.369999 5.702000e+05
736725 36.070000 36.369999 34.520000 35.290001 1.304400e+06
736726 35.549999 35.849998 34.830002 35.360001 8.387000e+05
736727 35.700001 36.230000 34.540001 34.720001 1.077400e+06
736728 34.610001 35.020000 33.720001 34.790001 1.809300e+06
736729 35.020000 35.680000 34.500000 35.430000 9.813000e+05
736732 35.480000 35.549999 33.910000 34.470001 1.118200e+06
736733 34.110001 34.200001 32.799999 33.299999 1.882400e+06
736734 32.959999 34.080002 32.279999 32.939999 1.369700e+06
736735 32.830002 33.610001 32.529999 32.660000 1.712800e+06
736736 33.240002 34.130001 32.919998 34.130001 1.193200e+06
736739 33.840000 34.380001 33.470001 34.009998 8.669000e+05
736740 34.049999 34.349998 33.369999 34.340000 1.120800e+06
736741 34.000000 34.540001 33.880001 34.310001 9.812000e+05
736742 34.480000 34.779999 33.310001 33.369999 7.961000e+05
736743 33.169998 33.650002 32.250000 33.090000 7.701000e+05
736747 33.770000 34.419998 33.430000 34.369999 1.045000e+06
736748 33.889999 34.310001 33.220001 33.240002 1.575400e+06
736749 33.959999 34.619999 31.580000 33.029999 2.580200e+06
736750 32.439999 32.930000 31.200001 31.730000 2.720900e+06
736753 31.780001 32.860001 31.719999 32.680000 1.365300e+06
736754 32.500000 33.299999 32.310001 32.549999 1.221900e+06
736755 32.619999 33.090000 32.450001 33.070000 1.528300e+06
736756 32.630001 33.049999 30.940001 30.959999 1.506700e+06
736757 31.219999 31.530001 30.959999 31.180000 1.080800e+06
736760 31.180000 31.850000 30.950001 31.780001 1.405200e+06
736761 31.940001 32.000000 30.520000 30.570000 1.347800e+06
736762 30.320000 30.530001 28.350000 28.459999 2.992000e+06
736763 28.170000 28.450001 26.500000 27.820000 4.536500e+06
736764 28.080000 28.320000 27.780001 28.110001 2.140300e+06
