736034 14.950000 14.950000 14.950000 14.950000 0.000000e+00
736035 14.950000 14.950000 14.950000 14.950000 0.000000e+00
736036 14.950000 14.950000 14.950000 14.950000 0.000000e+00
736039 14.950000 14.950000 14.950000 14.950000 0.000000e+00
736040 14.950000 14.950000 14.950000 14.950000 0.000000e+00
736041 14.950000 14.950000 14.950000 14.950000 0.000000e+00
736042 14.950000 14.950000 14.950000 14.950000 0.000000e+00
736043 14.060000 14.060000 14.060000 14.060000 2.000000e+02
736046 14.060000 14.060000 14.060000 14.060000 0.000000e+00
736047 14.060000 14.060000 14.060000 14.060000 0.000000e+00
736048 14.060000 14.060000 14.060000 14.060000 0.000000e+00
736049 14.060000 14.060000 14.060000 14.060000 0.000000e+00
736050 14.060000 14.060000 14.060000 14.060000 0.000000e+00
736053 14.060000 14.060000 14.060000 14.060000 0.000000e+00
736054 14.060000 14.060000 14.060000 14.060000 0.000000e+00
736055 14.060000 14.060000 14.060000 14.060000 0.000000e+00
736056 14.900000 14.900000 14.900000 14.900000 4.000000e+03
736060 15.140000 15.180000 15.140000 15.180000 2.640000e+04
736061 15.180000 15.180000 15.180000 15.180000 0.000000e+00
736062 15.180000 15.180000 15.180000 15.180000 0.000000e+00
736063 15.180000 15.180000 15.180000 15.180000 0.000000e+00
736064 15.180000 15.180000 15.180000 15.180000 0.000000e+00
736067 15.180000 15.180000 15.180000 15.180000 0.000000e+00
736068 15.140000 15.140000 15.130000 15.130000 1.200000e+03
736069 15.130000 15.130000 15.130000 15.130000 0.000000e+00
736070 15.130000 15.130000 15.130000 15.130000 0.000000e+00
736071 15.130000 15.130000 15.130000 15.130000 0.000000e+00
736074 15.090000 15.090000 15.090000 15.090000 0.000000e+00
736075 15.130000 15.130000 15.130000 15.130000 0.000000e+00
736076 15.040000 15.040000 15.040000 15.040000 0.000000e+00
736077 15.130000 15.130000 15.130000 15.130000 0.000000e+00
736078 15.130000 15.130000 15.130000 15.130000 0.000000e+00
736081 15.130000 15.130000 15.130000 15.130000 0.000000e+00
736082 15.130000 15.130000 15.130000 15.130000 0.000000e+00
736083 15.130000 15.130000 15.130000 15.130000 0.000000e+00
736084 15.130000 15.130000 15.130000 15.130000 0.000000e+00
736085 15.690000 15.690000 15.690000 15.690000 4.000000e+02
736088 15.690000 15.690000 15.690000 15.690000 0.000000e+00
736089 15.690000 15.690000 15.690000 15.690000 0.000000e+00
736090 15.690000 15.690000 15.690000 15.690000 0.000000e+00
736091 15.660000 15.660000 15.660000 15.660000 0.000000e+00
736092 15.660000 15.660000 15.660000 15.660000 0.000000e+00
736095 15.660000 15.660000 15.660000 15.660000 0.000000e+00
736096 15.660000 15.660000 15.660000 15.660000 0.000000e+00
736097 15.660000 15.660000 15.660000 15.660000 0.000000e+00
736098 15.660000 15.660000 15.660000 15.660000 0.000000e+00
736099 15.660000 15.660000 15.660000 15.660000 0.000000e+00
736102 15.660000 15.660000 15.660000 15.660000 0.000000e+00
736103 15.660000 15.660000 15.660000 15.660000 0.000000e+00
736104 15.660000 15.660000 15.660000 15.660000 0.000000e+00
736105 15.660000 15.660000 15.660000 15.660000 0.000000e+00
736106 15.660000 15.660000 15.660000 15.660000 0.000000e+00
736110 15.660000 15.660000 15.660000 15.660000 0.000000e+00
736111 15.660000 15.660000 15.660000 15.660000 0.000000e+00
736112 15.660000 15.660000 15.660000 15.660000 0.000000e+00
736113 15.660000 15.660000 15.660000 15.660000 0.000000e+00
736116 15.660000 15.660000 15.660000 15.660000 0.000000e+00
736117 15.660000 15.660000 15.660000 15.660000 0.000000e+00
736118 15.660000 15.660000 15.660000 15.660000 0.000000e+00
736119 15.660000 15.660000 15.660000 15.660000 0.000000e+00
736120 15.660000 15.660000 15.660000 15.660000 0.000000e+00
736123 15.660000 15.660000 15.660000 15.660000 0.000000e+00
736124 15.300000 15.300000 15.290000 15.290000 5.000000e+02
736125 15.290000 15.290000 15.290000 15.290000 0.000000e+00
736126 15.290000 15.290000 15.290000 15.290000 0.000000e+00
736127 15.290000 15.290000 15.290000 15.290000 0.000000e+00
736130 15.290000 15.290000 15.290000 15.290000 0.000000e+00
736131 15.290000 15.290000 15.290000 15.290000 0.000000e+00
736132 15.290000 15.290000 15.290000 15.290000 0.000000e+00
736133 15.290000 15.290000 15.290000 15.290000 0.000000e+00
736134 15.290000 15.290000 15.290000 15.290000 0.000000e+00
736137 15.290000 15.290000 15.290000 15.290000 0.000000e+00
736138 15.290000 15.290000 15.290000 15.290000 0.000000e+00
736139 15.290000 15.290000 15.290000 15.290000 0.000000e+00
736140 14.940000 14.940000 14.940000 14.940000 2.000000e+02
736141 14.940000 14.940000 14.940000 14.940000 0.000000e+00
736144 14.940000 14.940000 14.940000 14.940000 0.000000e+00
736145 14.940000 14.940000 14.940000 14.940000 0.000000e+00
736146 15.050000 15.050000 15.050000 15.050000 7.000000e+02
736147 15.050000 15.050000 15.050000 15.050000 0.000000e+00
736151 15.050000 15.050000 15.050000 15.050000 0.000000e+00
736152 15.050000 15.050000 15.050000 15.050000 0.000000e+00
736153 15.050000 15.050000 15.050000 15.050000 0.000000e+00
736154 15.050000 15.050000 15.050000 15.050000 0.000000e+00
736155 15.050000 15.050000 15.050000 15.050000 0.000000e+00
736158 15.050000 15.050000 15.050000 15.050000 0.000000e+00
736159 15.050000 15.050000 15.050000 15.050000 0.000000e+00
736160 14.580000 14.600000 14.550000 14.570000 2.200000e+03
736161 14.570000 14.570000 14.570000 14.570000 0.000000e+00
736162 14.570000 14.570000 14.570000 14.570000 0.000000e+00
736165 14.570000 14.570000 14.570000 14.570000 0.000000e+00
736166 14.570000 14.570000 14.570000 14.570000 0.000000e+00
736167 14.430000 14.430000 14.430000 14.430000 1.000000e+04
736168 14.430000 14.430000 14.430000 14.430000 0.000000e+00
736169 14.430000 14.430000 14.430000 14.430000 0.000000e+00
736172 14.430000 14.430000 14.430000 14.430000 0.000000e+00
736173 14.300000 14.300000 14.100000 14.100000 1.200000e+03
736174 14.100000 14.100000 14.100000 14.100000 0.000000e+00
736175 14.100000 14.100000 14.100000 14.100000 0.000000e+00
736176 14.130000 14.130000 14.130000 14.130000 3.000000e+02
736179 14.030000 14.030000 14.030000 14.030000 8.000000e+02
736180 14.030000 14.030000 14.030000 14.030000 0.000000e+00
736181 14.030000 14.030000 14.030000 14.030000 0.000000e+00
736182 14.030000 14.030000 14.030000 14.030000 0.000000e+00
736183 14.030000 14.030000 14.030000 14.030000 0.000000e+00
736186 14.030000 14.030000 14.030000 14.030000 0.000000e+00
736187 14.030000 14.030000 14.030000 14.030000 0.000000e+00
736188 13.990000 13.990000 13.990000 13.990000 3.000000e+02
736189 13.990000 13.990000 13.990000 13.990000 0.000000e+00
736190 13.990000 13.990000 13.990000 13.990000 0.000000e+00
736193 13.990000 13.990000 13.990000 13.990000 0.000000e+00
736194 13.990000 13.990000 13.990000 13.990000 0.000000e+00
736195 13.990000 13.990000 13.990000 13.990000 0.000000e+00
736196 13.990000 13.990000 13.990000 13.990000 0.000000e+00
736197 13.990000 13.990000 13.990000 13.990000 0.000000e+00
736200 13.990000 13.990000 13.990000 13.990000 0.000000e+00
736201 13.990000 13.990000 13.990000 13.990000 0.000000e+00
736202 13.990000 13.990000 13.990000 13.990000 0.000000e+00
736203 13.990000 13.990000 13.990000 13.990000 0.000000e+00
736204 13.990000 13.990000 13.990000 13.990000 0.000000e+00
736207 13.990000 13.990000 13.990000 13.990000 0.000000e+00
736208 13.420000 13.420000 13.410000 13.410000 4.000000e+02
736209 13.410000 13.410000 13.410000 13.410000 0.000000e+00
736210 13.410000 13.410000 13.410000 13.410000 0.000000e+00
736211 13.410000 13.410000 13.410000 13.410000 0.000000e+00
736215 13.410000 13.410000 13.410000 13.410000 0.000000e+00
736216 13.410000 13.410000 13.410000 13.410000 0.000000e+00
736217 13.410000 13.410000 13.410000 13.410000 0.000000e+00
736218 13.410000 13.410000 13.410000 13.410000 0.000000e+00
736221 13.410000 13.410000 13.410000 13.410000 0.000000e+00
736222 13.410000 13.410000 13.410000 13.410000 0.000000e+00
736223 13.410000 13.410000 13.410000 13.410000 0.000000e+00
736224 13.410000 13.410000 13.410000 13.410000 0.000000e+00
736225 13.410000 13.410000 13.410000 13.410000 0.000000e+00
736228 13.410000 13.410000 13.410000 13.410000 0.000000e+00
736229 13.410000 13.410000 13.410000 13.410000 0.000000e+00
736230 13.410000 13.410000 13.410000 13.410000 0.000000e+00
736231 13.410000 13.410000 13.410000 13.410000 0.000000e+00
736232 13.410000 13.410000 13.410000 13.410000 0.000000e+00
736235 13.410000 13.410000 13.410000 13.410000 0.000000e+00
736236 13.410000 13.410000 13.410000 13.410000 0.000000e+00
736237 13.410000 13.410000 13.410000 13.410000 0.000000e+00
736238 13.410000 13.410000 13.410000 13.410000 0.000000e+00
736239 13.410000 13.410000 13.410000 13.410000 0.000000e+00
736242 13.410000 13.410000 13.410000 13.410000 0.000000e+00
736243 13.410000 13.410000 13.410000 13.410000 0.000000e+00
736244 13.410000 13.410000 13.410000 13.410000 0.000000e+00
736245 13.410000 13.410000 13.410000 13.410000 0.000000e+00
736246 13.410000 13.410000 13.410000 13.410000 0.000000e+00
736249 13.410000 13.410000 13.410000 13.410000 0.000000e+00
736250 13.410000 13.410000 13.410000 13.410000 0.000000e+00
736251 13.700000 13.770000 13.700000 13.720000 1.200000e+03
736252 13.720000 13.720000 13.720000 13.720000 0.000000e+00
736253 13.720000 13.720000 13.720000 13.720000 0.000000e+00
736256 13.780000 13.780000 13.780000 13.780000 1.000000e+02
736257 13.780000 13.780000 13.780000 13.780000 0.000000e+00
736258 13.780000 13.780000 13.780000 13.780000 0.000000e+00
736259 13.780000 13.780000 13.780000 13.780000 0.000000e+00
736260 13.630000 13.730000 13.620000 13.660000 9.400000e+03
736263 13.650000 13.730000 13.640000 13.700000 4.500000e+03
736264 13.680000 13.730000 13.670000 13.730000 3.100000e+03
736265 13.730000 13.730000 13.730000 13.730000 0.000000e+00
736266 13.630000 13.750000 13.630000 13.680000 8.000000e+02
736267 13.680000 13.680000 13.680000 13.680000 0.000000e+00
736270 13.530000 13.530000 13.520000 13.520000 2.000000e+02
736271 13.520000 13.520000 13.520000 13.520000 0.000000e+00
736272 13.520000 13.520000 13.520000 13.520000 0.000000e+00
736273 13.520000 13.520000 13.520000 13.520000 0.000000e+00
736274 13.520000 13.520000 13.520000 13.520000 0.000000e+00
736277 13.520000 13.520000 13.520000 13.520000 0.000000e+00
736278 13.520000 13.520000 13.520000 13.520000 0.000000e+00
736279 13.520000 13.520000 13.520000 13.520000 0.000000e+00
736280 13.170000 13.170000 13.000000 13.000000 1.360000e+04
736281 13.000000 13.000000 13.000000 13.000000 0.000000e+00
736284 13.000000 13.000000 13.000000 13.000000 0.000000e+00
736285 13.000000 13.000000 13.000000 13.000000 0.000000e+00
736286 13.000000 13.000000 13.000000 13.000000 0.000000e+00
736287 13.000000 13.000000 13.000000 13.000000 0.000000e+00
736288 12.880000 12.880000 12.690000 12.690000 7.000000e+02
736291 12.690000 12.690000 12.690000 12.690000 0.000000e+00
736292 12.960000 12.960000 12.960000 12.960000 1.000000e+02
736293 12.930000 12.930000 12.740000 12.750000 3.700000e+03
736295 12.750000 12.750000 12.750000 12.750000 0.000000e+00
736298 12.750000 12.750000 12.750000 12.750000 0.000000e+00
736299 13.000000 13.000000 12.710000 12.710000 4.000000e+02
736300 12.710000 12.710000 12.710000 12.710000 0.000000e+00
736301 12.710000 12.710000 12.710000 12.710000 0.000000e+00
736302 12.710000 12.710000 12.710000 12.710000 0.000000e+00
736305 12.710000 12.710000 12.710000 12.710000 0.000000e+00
736306 12.710000 12.710000 12.710000 12.710000 0.000000e+00
736307 12.800000 12.800000 12.800000 12.800000 1.000000e+02
736308 12.800000 12.800000 12.800000 12.800000 0.000000e+00
736309 12.800000 12.800000 12.800000 12.800000 0.000000e+00
736312 12.800000 12.800000 12.800000 12.800000 0.000000e+00
736313 12.800000 12.800000 12.800000 12.800000 0.000000e+00
736314 12.800000 12.800000 12.800000 12.800000 0.000000e+00
736315 12.800000 12.800000 12.800000 12.800000 0.000000e+00
736316 12.800000 12.800000 12.800000 12.800000 0.000000e+00
736319 12.800000 12.800000 12.800000 12.800000 0.000000e+00
736320 12.800000 12.800000 12.800000 12.800000 0.000000e+00
736321 12.790000 12.820000 12.790000 12.800000 2.900000e+03
736322 12.800000 12.800000 12.800000 12.800000 0.000000e+00
736326 12.800000 12.800000 12.800000 12.800000 0.000000e+00
736327 12.800000 12.800000 12.800000 12.800000 0.000000e+00
736328 12.800000 12.800000 12.800000 12.800000 0.000000e+00
736329 12.800000 12.800000 12.800000 12.800000 0.000000e+00
736333 12.950000 12.950000 12.950000 12.950000 3.000000e+02
736334 12.950000 12.950000 12.950000 12.950000 0.000000e+00
736335 12.950000 12.950000 12.950000 12.950000 0.000000e+00
736336 12.950000 12.950000 12.950000 12.950000 0.000000e+00
736337 12.950000 12.950000 12.950000 12.950000 0.000000e+00
736340 12.950000 12.950000 12.950000 12.950000 0.000000e+00
736341 12.950000 12.950000 12.950000 12.950000 0.000000e+00
736342 12.950000 12.950000 12.950000 12.950000 0.000000e+00
736343 12.950000 12.950000 12.950000 12.950000 0.000000e+00
736344 12.950000 12.950000 12.950000 12.950000 0.000000e+00
736348 12.950000 12.950000 12.950000 12.950000 0.000000e+00
736349 12.450000 12.450000 12.450000 12.450000 2.000000e+02
736350 12.450000 12.450000 12.450000 12.450000 0.000000e+00
736351 12.450000 12.450000 12.450000 12.450000 0.000000e+00
736354 12.450000 12.450000 12.450000 12.450000 0.000000e+00
736355 12.450000 12.450000 12.450000 12.450000 0.000000e+00
736356 12.450000 12.450000 12.450000 12.450000 0.000000e+00
736357 12.450000 12.450000 12.450000 12.450000 0.000000e+00
736358 12.450000 12.450000 12.450000 12.450000 0.000000e+00
736361 12.390000 12.390000 12.380000 12.380000 4.000000e+02
736362 12.380000 12.380000 12.380000 12.380000 0.000000e+00
736363 12.380000 12.380000 12.380000 12.380000 0.000000e+00
736364 12.380000 12.380000 12.380000 12.380000 0.000000e+00
736365 12.380000 12.380000 12.380000 12.380000 0.000000e+00
736368 12.380000 12.380000 12.380000 12.380000 0.000000e+00
736369 12.380000 12.380000 12.380000 12.380000 0.000000e+00
736370 12.380000 12.380000 12.380000 12.380000 0.000000e+00
736371 12.380000 12.380000 12.380000 12.380000 0.000000e+00
736372 12.380000 12.380000 12.380000 12.380000 0.000000e+00
736376 12.380000 12.380000 12.380000 12.380000 0.000000e+00
736377 12.380000 12.380000 12.380000 12.380000 0.000000e+00
736378 12.380000 12.380000 12.380000 12.380000 0.000000e+00
736379 12.380000 12.380000 12.380000 12.380000 0.000000e+00
736382 12.380000 12.380000 12.380000 12.380000 0.000000e+00
736383 12.380000 12.380000 12.380000 12.380000 0.000000e+00
736384 12.380000 12.380000 12.380000 12.380000 0.000000e+00
736385 12.380000 12.380000 12.380000 12.380000 0.000000e+00
736386 12.380000 12.380000 12.380000 12.380000 0.000000e+00
736389 12.380000 12.380000 12.380000 12.380000 0.000000e+00
736390 12.850000 12.860000 12.850000 12.860000 4.000000e+02
736391 12.860000 12.860000 12.860000 12.860000 0.000000e+00
736392 12.860000 12.860000 12.860000 12.860000 0.000000e+00
736393 12.860000 12.860000 12.860000 12.860000 0.000000e+00
736396 12.860000 12.860000 12.860000 12.860000 0.000000e+00
736397 12.860000 12.860000 12.860000 12.860000 0.000000e+00
736398 12.860000 12.860000 12.860000 12.860000 0.000000e+00
736399 12.860000 12.860000 12.860000 12.860000 0.000000e+00
736400 12.860000 12.860000 12.860000 12.860000 0.000000e+00
736403 12.860000 12.860000 12.860000 12.860000 0.000000e+00
736404 12.860000 12.860000 12.860000 12.860000 0.000000e+00
736405 12.860000 12.860000 12.860000 12.860000 0.000000e+00
736406 12.860000 12.860000 12.860000 12.860000 0.000000e+00
736407 12.860000 12.860000 12.860000 12.860000 0.000000e+00
736410 12.860000 12.860000 12.860000 12.860000 0.000000e+00
736411 12.860000 12.860000 12.860000 12.860000 0.000000e+00
736412 12.860000 12.860000 12.860000 12.860000 0.000000e+00
736413 12.860000 12.860000 12.860000 12.860000 0.000000e+00
736417 12.860000 12.860000 12.860000 12.860000 0.000000e+00
736418 12.860000 12.860000 12.860000 12.860000 0.000000e+00
736419 12.860000 12.860000 12.860000 12.860000 0.000000e+00
736420 12.860000 12.860000 12.860000 12.860000 0.000000e+00
736421 12.860000 12.860000 12.860000 12.860000 0.000000e+00
736424 12.860000 12.860000 12.860000 12.860000 0.000000e+00
736425 12.860000 12.860000 12.860000 12.860000 0.000000e+00
736426 12.860000 12.860000 12.860000 12.860000 0.000000e+00
736427 12.860000 12.860000 12.860000 12.860000 0.000000e+00
736428 12.860000 12.860000 12.860000 12.860000 0.000000e+00
736431 12.860000 12.860000 12.860000 12.860000 0.000000e+00
736432 12.860000 12.860000 12.860000 12.860000 0.000000e+00
736433 13.350000 13.350000 13.220000 13.220000 2.000000e+02
736434 13.220000 13.220000 13.220000 13.220000 0.000000e+00
736435 13.240000 13.250000 13.050000 13.120000 1.990000e+04
736438 13.120000 13.120000 13.120000 13.120000 0.000000e+00
736439 13.400000 13.500000 13.350000 13.370000 2.300000e+04
736440 13.420000 13.650000 13.410000 13.600000 4.300000e+03
736441 13.710000 13.710000 13.560000 13.590000 1.670000e+04
736442 13.590000 13.590000 13.590000 13.590000 0.000000e+00
736445 13.590000 13.590000 13.590000 13.590000 0.000000e+00
736446 13.590000 13.590000 13.590000 13.590000 0.000000e+00
736447 13.640000 13.640000 13.640000 13.640000 1.300000e+03
736448 13.770000 13.840000 13.760000 13.780000 1.280000e+04
736449 13.780000 13.780000 13.780000 13.780000 0.000000e+00
736452 14.030000 14.030000 14.030000 14.030000 3.000000e+02
736453 13.710000 13.800000 13.700000 13.720000 2.800000e+03
736454 13.720000 13.720000 13.720000 13.720000 0.000000e+00
736455 13.720000 13.720000 13.720000 13.720000 0.000000e+00
736456 13.720000 13.720000 13.720000 13.720000 0.000000e+00
736459 13.720000 13.720000 13.720000 13.720000 0.000000e+00
736460 13.630000 13.630000 13.630000 13.630000 2.000000e+02
736461 13.630000 13.630000 13.630000 13.630000 0.000000e+00
736462 13.630000 13.630000 13.630000 13.630000 0.000000e+00
736463 13.630000 13.630000 13.630000 13.630000 0.000000e+00
736466 13.630000 13.630000 13.630000 13.630000 0.000000e+00
736467 13.630000 13.630000 13.630000 13.630000 0.000000e+00
736468 13.630000 13.630000 13.630000 13.630000 0.000000e+00
736469 13.630000 13.630000 13.630000 13.630000 0.000000e+00
736470 13.630000 13.630000 13.630000 13.630000 0.000000e+00
736473 13.630000 13.630000 13.630000 13.630000 0.000000e+00
736474 13.420000 13.420000 13.320000 13.350000 5.100000e+03
736475 13.350000 13.350000 13.350000 13.350000 0.000000e+00
736476 13.350000 13.350000 13.350000 13.350000 0.000000e+00
736477 13.350000 13.350000 13.350000 13.350000 0.000000e+00
736481 13.540000 13.570000 13.540000 13.570000 6.000000e+02
736482 13.630000 13.640000 13.630000 13.640000 5.000000e+02
736483 13.550000 13.580000 13.550000 13.580000 6.000000e+02
736484 13.640000 13.650000 13.640000 13.650000 4.000000e+02
736487 13.760000 13.800000 13.760000 13.760000 6.000000e+02
736488 13.760000 13.760000 13.760000 13.760000 0.000000e+00
736489 13.760000 13.760000 13.760000 13.760000 0.000000e+00
736490 13.760000 13.760000 13.760000 13.760000 0.000000e+00
736491 13.760000 13.760000 13.760000 13.760000 0.000000e+00
736494 14.000000 14.000000 14.000000 14.000000 5.000000e+02
736495 14.000000 14.000000 14.000000 14.000000 0.000000e+00
736496 14.000000 14.000000 14.000000 14.000000 0.000000e+00
736497 14.000000 14.000000 14.000000 14.000000 0.000000e+00
736498 14.000000 14.000000 14.000000 14.000000 0.000000e+00
736501 14.000000 14.010000 14.000000 14.010000 7.000000e+02
736502 14.010000 14.010000 14.010000 14.010000 0.000000e+00
736503 14.010000 14.010000 14.010000 14.010000 0.000000e+00
736504 14.010000 14.010000 14.010000 14.010000 0.000000e+00
736505 14.010000 14.010000 14.010000 14.010000 0.000000e+00
736508 14.010000 14.010000 14.010000 14.010000 0.000000e+00
736509 14.010000 14.010000 14.010000 14.010000 0.000000e+00
736510 14.010000 14.010000 14.010000 14.010000 0.000000e+00
736511 14.060000 14.060000 14.060000 14.060000 2.000000e+02
736512 14.060000 14.060000 14.060000 14.060000 0.000000e+00
736516 14.060000 14.060000 14.060000 14.060000 0.000000e+00
736517 14.060000 14.060000 14.060000 14.060000 0.000000e+00
736518 14.060000 14.060000 14.060000 14.060000 0.000000e+00
736519 14.060000 14.060000 14.060000 14.060000 0.000000e+00
736522 14.060000 14.060000 14.060000 14.060000 0.000000e+00
736523 14.060000 14.060000 14.060000 14.060000 0.000000e+00
736524 14.060000 14.060000 14.060000 14.060000 0.000000e+00
736525 14.060000 14.060000 14.060000 14.060000 0.000000e+00
736526 14.060000 14.060000 14.060000 14.060000 0.000000e+00
736529 14.060000 14.060000 14.060000 14.060000 0.000000e+00
736530 14.060000 14.060000 14.060000 14.060000 0.000000e+00
736531 14.060000 14.060000 14.060000 14.060000 0.000000e+00
736532 14.060000 14.060000 14.060000 14.060000 0.000000e+00
736533 14.060000 14.060000 14.060000 14.060000 0.000000e+00
736536 14.060000 14.060000 14.060000 14.060000 0.000000e+00
736537 14.060000 14.060000 14.060000 14.060000 0.000000e+00
736538 14.060000 14.060000 14.060000 14.060000 0.000000e+00
736539 13.640000 13.640000 13.640000 13.640000 1.000000e+02
736540 13.640000 13.640000 13.640000 13.640000 0.000000e+00
736543 13.640000 13.640000 13.640000 13.640000 0.000000e+00
736544 13.640000 13.640000 13.640000 13.640000 0.000000e+00
736545 13.640000 13.640000 13.640000 13.640000 0.000000e+00
736546 13.640000 13.640000 13.640000 13.640000 0.000000e+00
736547 13.640000 13.640000 13.640000 13.640000 0.000000e+00
736550 13.640000 13.640000 13.640000 13.640000 0.000000e+00
736551 13.750000 13.750000 13.750000 13.750000 1.000000e+02
736552 13.750000 13.750000 13.750000 13.750000 0.000000e+00
736553 13.750000 13.750000 13.750000 13.750000 0.000000e+00
736554 13.750000 13.750000 13.750000 13.750000 0.000000e+00
736557 13.750000 13.750000 13.750000 13.750000 0.000000e+00
736558 13.750000 13.750000 13.750000 13.750000 0.000000e+00
736559 13.750000 13.750000 13.750000 13.750000 0.000000e+00
736560 13.750000 13.750000 13.750000 13.750000 0.000000e+00
736561 13.750000 13.750000 13.750000 13.750000 0.000000e+00
736564 13.750000 13.750000 13.750000 13.750000 0.000000e+00
736565 13.750000 13.750000 13.750000 13.750000 0.000000e+00
736566 13.750000 13.750000 13.750000 13.750000 0.000000e+00
736567 13.750000 13.750000 13.750000 13.750000 0.000000e+00
736568 13.750000 13.750000 13.750000 13.750000 0.000000e+00
736571 13.750000 13.750000 13.750000 13.750000 0.000000e+00
736572 13.750000 13.750000 13.750000 13.750000 0.000000e+00
736573 13.750000 13.750000 13.750000 13.750000 0.000000e+00
736574 13.270000 13.270000 13.190000 13.190000 7.000000e+02
736575 13.190000 13.190000 13.190000 13.190000 0.000000e+00
736579 13.190000 13.190000 13.190000 13.190000 0.000000e+00
736580 13.190000 13.190000 13.190000 13.190000 0.000000e+00
736581 13.190000 13.190000 13.190000 13.190000 0.000000e+00
736582 13.190000 13.190000 13.190000 13.190000 0.000000e+00
736585 13.190000 13.190000 13.190000 13.190000 0.000000e+00
736586 13.190000 13.190000 13.190000 13.190000 0.000000e+00
736587 13.190000 13.190000 13.190000 13.190000 0.000000e+00
736588 13.190000 13.190000 13.190000 13.190000 0.000000e+00
736589 13.190000 13.190000 13.190000 13.190000 0.000000e+00
736592 13.190000 13.190000 13.190000 13.190000 0.000000e+00
736593 13.190000 13.190000 13.190000 13.190000 0.000000e+00
736594 13.190000 13.190000 13.190000 13.190000 0.000000e+00
736595 13.190000 13.190000 13.190000 13.190000 0.000000e+00
736596 13.190000 13.190000 13.190000 13.190000 0.000000e+00
736599 13.190000 13.190000 13.190000 13.190000 0.000000e+00
736600 13.190000 13.190000 13.190000 13.190000 0.000000e+00
736601 13.520000 13.520000 13.520000 13.520000 1.400000e+03
736602 13.520000 13.520000 13.520000 13.520000 0.000000e+00
736603 13.520000 13.520000 13.520000 13.520000 0.000000e+00
736606 13.520000 13.520000 13.520000 13.520000 0.000000e+00
736607 13.520000 13.520000 13.520000 13.520000 0.000000e+00
736608 13.520000 13.520000 13.520000 13.520000 0.000000e+00
736609 13.520000 13.520000 13.520000 13.520000 0.000000e+00
736610 13.520000 13.520000 13.520000 13.520000 0.000000e+00
736613 13.520000 13.520000 13.520000 13.520000 0.000000e+00
736614 13.220000 13.220000 13.220000 13.220000 1.000000e+02
736615 13.050000 13.050000 13.050000 13.050000 2.000000e+02
736616 13.050000 13.050000 13.050000 13.050000 0.000000e+00
736617 13.050000 13.050000 13.050000 13.050000 0.000000e+00
736620 13.050000 13.050000 13.050000 13.050000 0.000000e+00
736621 13.050000 13.050000 13.050000 13.050000 0.000000e+00
736622 13.050000 13.050000 13.050000 13.050000 0.000000e+00
736623 13.050000 13.050000 13.050000 13.050000 0.000000e+00
736624 13.050000 13.050000 13.050000 13.050000 0.000000e+00
736627 12.980000 12.980000 12.980000 12.980000 1.200000e+03
736628 12.980000 12.980000 12.980000 12.980000 0.000000e+00
736629 12.980000 12.980000 12.980000 12.980000 0.000000e+00
736630 12.980000 12.980000 12.980000 12.980000 0.000000e+00
736631 12.980000 12.980000 12.980000 12.980000 0.000000e+00
736634 12.980000 12.980000 12.980000 12.980000 0.000000e+00
736635 12.980000 12.980000 12.980000 12.980000 0.000000e+00
736636 13.170000 13.170000 13.170000 13.170000 4.000000e+02
736637 13.170000 13.170000 13.170000 13.170000 0.000000e+00
736638 13.170000 13.170000 13.170000 13.170000 0.000000e+00
736641 13.170000 13.170000 13.170000 13.170000 0.000000e+00
736642 13.170000 13.170000 13.170000 13.170000 0.000000e+00
736643 13.170000 13.170000 13.170000 13.170000 0.000000e+00
736644 13.170000 13.170000 13.170000 13.170000 0.000000e+00
736645 13.170000 13.170000 13.170000 13.170000 0.000000e+00
736648 13.170000 13.170000 13.170000 13.170000 0.000000e+00
736649 13.170000 13.170000 13.170000 13.170000 0.000000e+00
736650 13.170000 13.170000 13.170000 13.170000 0.000000e+00
736651 13.170000 13.170000 13.170000 13.170000 0.000000e+00
736652 13.170000 13.170000 13.170000 13.170000 0.000000e+00
736655 13.170000 13.170000 13.170000 13.170000 0.000000e+00
736656 13.170000 13.170000 13.170000 13.170000 0.000000e+00
736657 13.650000 13.650000 13.650000 13.650000 1.500000e+03
736659 13.650000 13.650000 13.650000 13.650000 0.000000e+00
736662 13.880000 13.880000 13.880000 13.880000 2.000000e+02
736663 13.880000 13.880000 13.880000 13.880000 0.000000e+00
736664 13.880000 13.880000 13.880000 13.880000 0.000000e+00
736665 13.880000 13.880000 13.880000 13.880000 0.000000e+00
736666 13.880000 13.880000 13.880000 13.880000 0.000000e+00
736669 13.880000 13.880000 13.880000 13.880000 0.000000e+00
736670 13.880000 13.880000 13.880000 13.880000 0.000000e+00
736671 13.880000 13.880000 13.880000 13.880000 0.000000e+00
736672 13.500000 13.500000 13.490000 13.490000 2.000000e+02
736673 13.490000 13.490000 13.490000 13.490000 0.000000e+00
736676 13.490000 13.490000 13.490000 13.490000 0.000000e+00
736677 13.490000 13.490000 13.490000 13.490000 0.000000e+00
736678 13.490000 13.490000 13.490000 13.490000 0.000000e+00
736679 13.490000 13.490000 13.490000 13.490000 0.000000e+00
736680 13.490000 13.490000 13.490000 13.490000 0.000000e+00
736683 13.490000 13.490000 13.490000 13.490000 0.000000e+00
736684 13.490000 13.490000 13.490000 13.490000 0.000000e+00
736685 13.490000 13.490000 13.490000 13.490000 0.000000e+00
736686 13.490000 13.490000 13.490000 13.490000 0.000000e+00
736687 13.490000 13.490000 13.490000 13.490000 0.000000e+00
736691 13.490000 13.490000 13.490000 13.490000 0.000000e+00
736692 13.490000 13.490000 13.490000 13.490000 0.000000e+00
736693 13.490000 13.490000 13.490000 13.490000 0.000000e+00
736694 13.490000 13.490000 13.490000 13.490000 0.000000e+00
736698 13.130000 13.130000 12.950000 12.950000 2.000000e+02
736699 12.950000 12.950000 12.950000 12.950000 0.000000e+00
736700 12.950000 12.950000 12.950000 12.950000 0.000000e+00
736701 12.950000 12.950000 12.950000 12.950000 0.000000e+00
736704 12.950000 12.950000 12.950000 12.950000 0.000000e+00
736705 12.950000 12.950000 12.950000 12.950000 0.000000e+00
736706 12.950000 12.950000 12.950000 12.950000 0.000000e+00
736707 13.500000 13.500000 13.500000 13.500000 2.000000e+02
736708 13.500000 13.500000 13.500000 13.500000 0.000000e+00
736712 13.500000 13.500000 13.500000 13.500000 0.000000e+00
736713 13.500000 13.500000 13.500000 13.500000 0.000000e+00
736714 13.500000 13.500000 13.500000 13.500000 0.000000e+00
736715 13.500000 13.500000 13.500000 13.500000 0.000000e+00
736718 13.500000 13.500000 13.500000 13.500000 0.000000e+00
736719 13.500000 13.500000 13.500000 13.500000 0.000000e+00
736720 13.500000 13.500000 13.500000 13.500000 0.000000e+00
736721 13.500000 13.500000 13.500000 13.500000 0.000000e+00
736722 13.500000 13.500000 13.500000 13.500000 0.000000e+00
736725 13.500000 13.500000 13.500000 13.500000 0.000000e+00
736726 13.500000 13.500000 13.500000 13.500000 0.000000e+00
736727 13.500000 13.500000 13.500000 13.500000 0.000000e+00
736728 13.500000 13.500000 13.500000 13.500000 0.000000e+00
736729 13.500000 13.500000 13.500000 13.500000 0.000000e+00
736732 13.500000 13.500000 13.500000 13.500000 0.000000e+00
736733 13.800000 13.800000 13.800000 13.800000 1.000000e+03
736734 13.800000 13.800000 13.800000 13.800000 0.000000e+00
736735 13.800000 13.800000 13.800000 13.800000 0.000000e+00
736736 13.800000 13.800000 13.800000 13.800000 0.000000e+00
736739 13.800000 13.800000 13.800000 13.800000 0.000000e+00
736740 13.800000 13.800000 13.800000 13.800000 0.000000e+00
736741 13.800000 13.800000 13.800000 13.800000 0.000000e+00
736742 13.800000 13.800000 13.800000 13.800000 0.000000e+00
736743 13.800000 13.800000 13.800000 13.800000 0.000000e+00
736747 13.800000 13.800000 13.800000 13.800000 0.000000e+00
736748 13.950000 13.950000 13.770000 13.770000 4.000000e+02
736749 13.770000 13.770000 13.770000 13.770000 0.000000e+00
736750 13.770000 13.770000 13.770000 13.770000 0.000000e+00
736753 13.520000 13.520000 13.490000 13.490000 1.100000e+03
736754 13.490000 13.490000 13.490000 13.490000 0.000000e+00
736755 13.490000 13.490000 13.490000 13.490000 0.000000e+00
736756 13.490000 13.490000 13.490000 13.490000 0.000000e+00
736757 13.490000 13.490000 13.490000 13.490000 0.000000e+00
736760 13.490000 13.490000 13.490000 13.490000 0.000000e+00
736761 13.490000 13.490000 13.490000 13.490000 0.000000e+00
736762 13.490000 13.490000 13.490000 13.490000 0.000000e+00
736763 13.490000 13.490000 13.490000 13.490000 0.000000e+00
736764 13.490000 13.490000 13.490000 13.490000 0.000000e+00
