736034 43.729150 43.901879 43.498847 43.700363 2.619719e+04
736035 43.767536 44.487239 43.767536 44.477640 5.527319e+04
736036 44.228144 44.256931 43.671572 43.978649 3.502554e+04
736039 43.940264 44.448853 43.940264 44.448853 3.819224e+04
736040 44.381681 44.544812 44.228144 44.400873 2.245473e+04
736041 44.180165 44.995827 44.160972 44.861483 2.379818e+04
736042 44.746331 44.919060 44.640774 44.871077 3.377806e+04
736043 45.120576 45.418056 45.120576 45.274113 3.809628e+04
736046 45.312498 45.571592 45.312498 45.418055 2.466182e+04
736047 45.418055 45.418055 45.120576 45.149363 1.276273e+04
736048 45.398862 45.907451 45.187748 45.206941 3.416190e+04
736049 45.178154 45.245327 44.909462 45.062999 4.529330e+04
736050 45.091789 45.753914 45.091789 45.677144 2.082340e+04
736053 45.773107 46.099372 45.773107 46.041795 5.258629e+04
736054 45.945836 46.032201 45.523609 45.590780 5.018728e+04
736055 45.542800 46.320080 45.389263 45.821086 5.354590e+04
736056 45.830681 46.224118 45.830681 46.176139 1.746479e+05
736060 45.936238 46.559981 45.936238 46.531195 1.111221e+05
736061 46.559982 47.030186 46.502405 46.627154 8.415726e+04
736062 46.694326 46.809477 46.444831 46.742305 1.092989e+05
736063 46.828669 46.905440 46.320080 46.531195 1.009503e+05
736064 46.569577 46.905440 46.540790 46.905440 3.435382e+04
736067 46.905440 47.279685 46.588769 46.598367 6.035909e+04
736068 46.598366 46.732710 46.339273 46.607961 4.759635e+04
736069 46.780689 46.828669 46.665538 46.684731 4.481350e+04
736070 46.694326 46.943821 46.473617 46.713518 4.001548e+04
736071 46.569576 46.569576 45.965028 46.166544 5.210649e+04
736074 46.396847 46.540790 46.339274 46.387253 3.396998e+04
736075 46.473617 46.646347 46.464019 46.483212 2.907600e+04
736076 46.569577 46.569577 46.195331 46.358466 4.260641e+04
736077 46.396846 46.694325 46.310482 46.646346 3.272249e+04
736078 46.607961 46.675133 46.492810 46.540789 3.675283e+04
736081 46.588768 46.703920 45.917045 45.984217 4.730847e+04
736082 45.984217 46.252909 45.619571 46.147352 2.821235e+04
736083 45.869066 46.060987 45.686743 45.715529 3.349018e+04
736084 45.677144 45.725128 45.015019 45.149363 4.251045e+04
736085 45.398862 45.504415 45.216535 45.408457 1.672590e+05
736088 45.379670 45.561994 45.350879 45.360477 3.233865e+04
736089 45.360477 45.677145 44.736734 44.823098 4.682867e+04
736090 44.823097 44.871076 44.170566 44.372086 4.174277e+04
736091 44.276123 44.583196 44.151374 44.535217 3.157097e+04
736092 44.899867 45.254920 44.899867 45.053404 4.558119e+04
736095 44.986232 45.446842 44.986232 45.293305 4.251045e+04
736096 45.062998 45.331690 44.621582 45.245326 2.792447e+04
736097 45.312497 45.437243 45.216535 45.322092 2.063148e+04
736098 45.494821 46.003410 45.494821 45.955430 6.486922e+04
736099 45.955430 46.156946 45.955430 46.003410 2.456586e+04
736102 46.022603 46.176139 45.821087 46.137758 2.629315e+04
736103 46.195331 46.531195 46.147351 46.521597 3.272249e+04
736104 46.396847 46.751904 46.358466 46.550384 4.414178e+04
736105 46.569576 46.627154 46.377658 46.464019 2.878812e+04
736106 46.425638 46.512003 46.214524 46.377659 3.502554e+04
736110 46.320080 46.320080 45.705934 45.821086 3.915184e+04
736111 45.926643 46.348867 45.581185 46.339273 5.191457e+04
736112 46.166545 46.176139 45.974623 46.156946 2.360626e+04
736113 46.070581 46.262503 45.917045 46.013008 2.274261e+04
736116 46.204930 46.204930 45.878664 45.974623 3.070732e+04
736117 45.830681 46.166545 45.792299 45.926644 7.033897e+04
736118 46.003410 46.339273 45.907450 46.300888 1.602539e+04
736119 46.118565 46.147352 45.629165 45.638763 2.936388e+04
736120 45.581185 45.888259 45.226133 45.773107 3.061136e+04
736123 45.715529 45.782701 45.398862 45.427649 5.939948e+04
736124 45.427649 45.427649 44.707946 45.043806 2.706083e+04
736125 45.053405 45.341285 45.053405 45.274113 4.452562e+04
736126 45.523609 45.542801 45.274112 45.408457 3.176289e+04
736127 45.091790 45.360477 45.091790 45.274113 2.283857e+04
736130 45.062999 45.120576 44.650369 45.072597 4.030336e+04
736131 44.995826 45.053404 44.803905 45.015019 1.494103e+05
736132 45.082192 45.504415 45.082192 45.446842 1.189909e+04
736133 45.533206 46.108967 45.533206 45.974623 2.370222e+04
736134 45.840278 46.060987 45.840278 46.022602 3.099521e+04
736137 46.147352 46.224118 46.051393 46.185737 2.888408e+04
736138 46.166545 46.272102 46.022603 46.137758 3.128309e+04
736139 46.070582 46.233716 45.590780 45.638763 2.485374e+04
736140 45.629164 45.782701 45.322092 45.763509 4.893980e+04
736141 45.686743 45.753914 44.976634 45.206941 1.890420e+04
736144 44.717540 44.871077 43.930666 43.978649 5.297014e+04
736145 44.189759 44.381680 43.921071 44.017030 4.001548e+04
736146 44.141779 44.352893 43.825108 44.132185 7.264201e+04
736147 44.093800 44.256931 43.767535 43.988243 5.853584e+04
736151 43.709957 43.921071 43.470056 43.777129 3.502554e+04
736152 43.671572 43.863494 42.894296 43.834707 5.796008e+04
736153 43.470056 43.556420 43.038233 43.210963 4.903576e+04
736154 43.700363 43.892285 43.354905 43.460462 4.299026e+04
736155 43.815514 44.218549 43.681169 43.892284 4.155085e+04
736158 44.237738 44.304910 44.036222 44.208952 3.358614e+04
736159 43.959457 44.324104 43.959457 44.276124 3.013156e+04
736160 44.103395 44.228144 43.930666 43.959456 3.790435e+04
736161 44.112992 44.439257 44.112992 44.372086 2.494970e+04
736162 44.391275 44.400873 44.112993 44.208952 2.965176e+04
736165 44.276123 44.276123 43.911473 44.026628 4.567715e+04
736166 43.969051 44.160971 43.767535 43.853899 1.565114e+05
736167 43.623593 44.304911 43.594806 44.237739 3.761647e+04
736168 44.304911 44.458452 43.969052 44.036223 2.399010e+04
736169 43.892285 43.892285 43.230155 43.383692 4.155085e+04
736172 43.115004 43.115004 42.798333 42.875103 3.940134e+05
736173 43.115003 43.422076 42.702373 43.402884 7.532891e+04
736174 43.489249 43.719555 43.258946 43.661978 2.648507e+04
736175 43.594806 43.604401 43.335713 43.556421 3.224269e+04
736176 43.757936 43.978649 43.613999 43.690765 5.095497e+04
736179 43.709957 43.709957 43.143791 43.268540 2.562142e+04
736180 43.306925 43.450864 42.884698 42.990254 4.347006e+04
736181 43.124599 43.287734 42.769547 42.836718 2.139917e+04
736182 42.865504 42.865504 41.685192 42.203379 4.490946e+04
736183 42.145802 42.212978 41.742770 41.944286 9.855132e+04
736186 42.030651 42.414494 42.030651 42.395301 3.387402e+04
736187 42.212978 42.241764 41.829134 41.982671 4.625291e+04
736188 41.809942 42.001862 41.320545 41.934691 3.579323e+04
736189 42.040247 42.212977 41.704384 41.733175 3.752051e+04
736190 41.685193 41.848327 41.541254 41.752364 2.744467e+04
736193 41.618021 42.155400 41.579640 42.155400 4.721251e+04
736194 42.145801 42.212977 41.819540 41.857921 4.414178e+04
736195 41.704385 41.704385 40.984682 41.157411 4.394986e+04
736196 41.032661 41.157410 40.399322 40.418515 5.959140e+04
736197 39.881139 40.236191 39.401337 39.487702 3.564928e+05
736200 37.376573 38.931130 32.146731 37.587683 1.773348e+05
736201 37.971527 38.269005 37.069500 37.069500 3.311593e+05
736202 37.789203 38.345771 37.194245 38.345771 8.511687e+04
736203 38.729614 39.574067 38.566480 39.372547 6.496518e+04
736204 39.314973 39.593255 39.266990 39.506891 2.792447e+04
736207 39.343761 39.526084 39.075072 39.199818 3.253057e+04
736208 38.547286 38.748806 37.981124 38.211427 6.151061e+04
736209 38.489713 38.489713 38.029103 38.451328 4.203065e+04
736210 38.547287 38.988707 38.537692 38.652844 3.013156e+04
736211 38.221025 38.307386 37.942739 38.144255 3.560130e+04
736215 38.633651 39.065474 38.595270 39.036687 4.011144e+04
736216 39.353355 39.391740 38.614464 38.633652 4.874788e+04
736217 38.547287 38.959917 38.547287 38.787188 3.560130e+04
736218 38.672037 38.988708 38.499308 38.988708 2.245473e+04
736221 39.017495 39.017495 38.576079 38.633652 3.915184e+04
736222 38.758400 39.036686 38.614462 39.007900 2.446990e+04
736223 39.075072 39.526084 39.075072 39.526084 4.174277e+04
736224 39.458912 40.341750 39.458912 39.833157 4.577311e+04
736225 39.439719 39.804370 39.372548 39.439719 4.778827e+04
736228 39.612449 39.727604 39.142245 39.190224 5.124285e+04
736229 38.815979 38.873552 38.316984 38.547287 1.946077e+05
736230 38.652844 38.729614 38.364964 38.451328 1.420214e+04
736231 38.249813 38.364964 37.885162 38.278599 8.262190e+04
736232 38.595270 38.595270 37.693241 37.798797 4.087913e+04
736235 37.741223 37.741223 36.349796 36.464948 4.567715e+04
736236 36.532121 36.560907 35.639688 35.831610 2.635072e+05
736237 36.138683 36.589698 36.071511 36.589698 7.571275e+04
736238 36.589698 36.666465 36.157876 36.484141 4.807616e+04
736239 36.752829 37.357380 36.052319 37.357380 3.473766e+04
736242 37.558896 38.086678 37.558896 38.067485 3.253057e+04
736243 38.115468 38.384156 37.923546 38.144255 4.932364e+04
736244 38.384156 38.758400 38.240213 38.662442 4.913172e+04
736245 38.624057 39.142244 38.547287 39.017495 6.947532e+04
736246 39.161437 39.266990 38.998302 39.199818 1.008544e+05
736249 39.295781 39.343760 38.940728 39.027089 3.272249e+04
736250 38.902343 39.161436 38.585672 38.604865 5.306610e+04
736251 38.643249 38.863958 38.403348 38.422541 2.159109e+04
736252 38.470521 39.228609 38.460927 39.228609 3.454574e+04
736253 39.286183 39.439718 39.084667 39.382145 3.224269e+04
736256 39.257395 39.362952 38.998301 39.171031 4.941960e+04
736257 39.142245 39.247802 38.883151 38.979110 4.730847e+04
736258 39.027089 39.027089 38.259407 38.345771 2.802043e+04
736259 38.566480 38.998301 38.480114 38.662442 7.782388e+04
736260 38.998302 39.401337 38.863958 39.305375 5.105093e+04
736263 39.266990 39.410932 39.161436 39.343760 4.174277e+04
736264 39.219011 39.219011 38.624057 38.854364 3.464170e+04
736265 38.931131 39.756390 38.854364 39.756390 4.059125e+04
736266 39.602853 39.852349 39.391739 39.449317 1.002786e+05
736267 39.430125 39.785177 39.430125 39.554874 6.237425e+04
736270 39.708410 40.524072 39.554873 40.485687 6.131869e+04
736271 40.504880 40.687207 40.380134 40.572052 3.406594e+04
736272 40.677609 40.840743 40.351343 40.495286 1.762792e+05
736273 40.495286 40.495286 39.698813 39.909927 4.481350e+04
736274 39.708410 39.929119 39.372547 39.900332 4.932364e+04
736277 39.785177 39.785177 39.046282 39.171031 3.262653e+04
736278 39.036687 39.161436 38.585672 38.863958 2.754063e+04
736279 38.940728 38.959917 38.585672 38.585672 6.477326e+04
736280 38.355369 38.547287 37.913948 37.942739 5.440954e+04
736281 37.817990 37.952334 37.578089 37.760412 3.867204e+04
736284 37.664454 38.077083 37.654859 38.029104 4.951556e+04
736285 38.096277 38.374563 37.894761 37.952334 5.095497e+04
736286 37.981125 38.537693 37.981125 38.537693 5.776816e+04
736287 38.604865 38.720016 38.518500 38.556885 9.941496e+04
736288 38.528099 38.787188 38.518500 38.566480 2.965176e+04
736291 38.604865 38.911937 38.604865 38.691229 3.166693e+04
736292 38.566480 39.007901 38.441734 38.988708 3.560131e+04
736293 38.950322 39.430124 38.950322 39.382145 6.995512e+04
736295 39.362953 39.526084 39.343760 39.458912 1.084352e+04
736298 39.564469 39.718005 39.209417 39.276588 3.118713e+04
736299 39.478104 39.583661 39.314973 39.535682 3.368210e+04
736300 39.497296 39.689218 39.103859 39.180629 9.883920e+04
736301 39.334166 39.362952 38.173042 38.364964 3.512150e+04
736302 38.374562 38.796786 38.345771 38.787188 2.907600e+04
736305 38.710421 38.710421 38.057890 38.173042 6.131869e+04
736306 37.942739 38.182640 37.731626 38.096276 4.989940e+04
736307 38.019506 38.528099 37.885163 37.923547 6.841976e+04
736308 37.913949 38.528099 37.913949 38.393751 6.074293e+04
736309 37.961931 38.086678 37.520511 37.587683 4.174277e+04
736312 37.549301 37.664453 36.839192 37.050307 7.619255e+04
736313 37.299803 37.885162 37.299803 37.837182 7.197029e+04
736314 38.009911 38.470520 37.789202 38.412943 7.331374e+04
736315 38.489714 38.528099 37.952334 37.952334 6.352578e+04
736316 37.808396 37.846777 37.318995 37.318995 1.211020e+05
736319 37.424552 37.462937 37.165459 37.414958 1.411577e+05
736320 37.491725 37.904354 37.462937 37.827584 5.162669e+04
736321 38.038698 38.556885 37.693241 38.556885 6.400558e+04
736322 38.549011 38.755684 38.421075 38.598221 7.312207e+04
736326 38.381708 38.381708 37.810901 38.047098 6.564256e+04
736327 38.204561 38.480121 38.086465 38.342341 8.611281e+04
736328 38.371869 38.509648 38.106148 38.125832 7.873171e+04
736329 38.027414 38.204562 37.742011 37.830585 1.277422e+05
736333 37.230259 37.289305 36.875965 37.289305 5.009305e+04
736334 37.318828 37.407401 37.092476 37.249938 2.499732e+04
736335 36.738186 37.092475 36.570879 36.787392 4.576281e+04
736336 36.137855 36.492149 35.852452 35.862292 2.071628e+05
736337 36.000076 36.226429 35.301329 35.340696 1.473267e+05
736340 35.498160 35.645782 34.848623 35.104499 8.010951e+04
736341 35.389903 35.576894 34.632110 35.202916 5.914720e+04
736342 35.281645 35.458792 33.825109 34.031783 6.800451e+04
736343 34.130196 34.956879 33.716852 34.750209 6.613464e+04
736344 33.884159 34.041623 33.313352 33.962889 1.753749e+05
736348 34.248293 34.415599 33.096843 33.431453 1.071735e+05
736349 33.008270 33.618440 31.915867 33.342880 9.487171e+04
736350 33.323197 33.923527 33.155891 33.313353 4.487707e+04
736351 33.657806 34.228609 33.657806 34.140036 5.383281e+04
736354 34.002255 34.080989 33.451136 33.490499 6.150915e+04
736355 33.598755 34.248292 33.411770 34.248292 6.987439e+04
736356 34.090830 34.248293 33.520027 33.677490 3.434671e+04
736357 33.893999 34.021939 33.480659 33.549549 5.530902e+04
736358 33.697173 34.612425 33.697173 34.592746 2.765451e+04
736361 34.346709 34.533695 33.923525 34.346709 4.133415e+04
736362 34.061306 34.149880 33.559389 33.647963 2.499732e+04
736363 33.825109 34.080989 33.293673 34.061306 1.655334e+05
736364 34.061307 34.612426 34.061307 34.494329 3.080378e+04
736365 34.356550 34.356550 33.785747 33.834953 4.605805e+04
736368 33.451136 33.451136 32.339050 32.919696 5.944244e+04
736369 32.466990 32.900013 32.142220 32.398096 9.457646e+04
736370 32.506353 32.959063 32.427623 32.466990 3.257524e+04
736371 31.915866 32.211110 31.669829 31.965073 8.985256e+04
736372 32.122537 32.526037 32.063491 32.447307 5.924561e+04
736376 32.604769 33.293673 32.604769 33.254306 3.828329e+04
736377 33.195256 34.199086 33.195256 34.100673 3.867695e+04
736378 34.149880 34.169563 33.805425 34.031783 4.556598e+04
736379 33.933367 34.021940 33.638123 33.962889 2.735927e+04
736382 34.179404 34.661636 34.179404 34.612426 4.064525e+04
736383 34.514013 34.799416 34.415599 34.415599 5.717890e+04
736384 34.051462 34.592746 33.647963 34.592746 2.184805e+04
736385 34.681320 35.104499 34.612426 35.104499 3.060695e+04
736386 35.232439 35.321012 35.055292 35.114342 3.405146e+04
736389 35.094659 35.232438 34.907672 34.976562 4.064524e+04
736390 35.183232 35.498159 35.015929 35.478475 3.523244e+04
736391 35.448952 36.039439 35.360379 36.019755 4.359768e+04
736392 35.911503 36.442939 35.911503 36.423255 2.086390e+04
736393 36.511828 36.875965 36.354366 36.679135 3.080378e+04
736396 36.610245 37.131842 36.610245 37.033428 1.987976e+04
736397 36.816915 36.816915 36.019755 36.049282 5.530903e+04
736398 36.147696 36.472465 36.098489 36.383892 4.940415e+04
736399 36.413415 36.521672 35.891819 36.196902 3.405146e+04
736400 36.442939 37.112158 36.442939 37.082635 2.332427e+04
736403 36.944856 37.161365 36.846440 37.003902 1.850195e+04
736404 36.688975 36.688975 36.275636 36.452782 2.401317e+04
736405 36.295318 37.003900 36.265791 36.974378 2.785134e+04
736406 36.935011 37.614074 36.866121 37.505818 3.100061e+04
736407 37.564864 37.919158 37.505818 37.771538 2.086390e+04
736410 37.820744 38.066780 37.771537 37.997891 5.127402e+04
736411 37.801062 38.086466 37.604232 37.988048 2.273378e+04
736412 37.938841 37.938841 37.230258 37.269621 2.726085e+04
736413 36.866121 37.240098 36.846438 37.240098 2.893390e+04
736417 37.318828 37.397562 37.072791 37.279465 3.346098e+04
736418 37.092475 38.056937 37.053112 38.007731 3.188634e+04
736419 38.175039 38.342342 37.860112 37.988048 2.942598e+04
736420 38.007731 38.096305 37.938841 37.978208 1.928927e+04
736421 37.732171 38.322658 37.692804 38.283295 2.155281e+04
736424 38.263612 38.273451 37.830585 37.889635 2.214329e+04
736425 37.594391 37.653437 37.368038 37.436928 5.963927e+04
736426 37.466452 38.037259 37.466452 37.938841 4.300720e+04
736427 37.781377 37.909317 37.328671 37.466451 5.068354e+04
736428 37.643598 38.027414 37.633759 37.702648 4.025159e+04
736431 37.909318 38.076621 37.574708 37.643598 2.696561e+04
736432 37.614075 37.968368 37.525501 37.879795 2.243854e+04
736433 38.027414 38.558854 37.997892 38.549011 2.125756e+04
736434 38.598221 38.598221 38.381708 38.411231 2.106073e+04
736435 38.371868 38.608061 38.352184 38.460441 6.022976e+04
736438 38.322659 38.765525 38.283296 38.726158 2.726085e+04
736439 38.844257 39.178867 38.755684 38.863941 3.562610e+04
736440 38.854098 39.100134 38.745840 38.863941 2.775293e+04
736441 38.913149 39.070612 38.696636 38.726158 4.103890e+04
736442 38.814732 39.296965 38.814732 39.257598 4.655012e+04
736445 39.178868 39.178868 38.627745 38.952515 2.342268e+04
736446 39.149341 39.365854 39.080450 39.306804 2.647354e+04
736447 39.277281 39.454427 39.139500 39.306804 1.938768e+04
736448 39.070611 39.356014 38.736001 38.775368 1.200659e+04
736449 38.745841 38.745841 38.362025 38.598221 2.145439e+04
736452 38.676951 38.913148 38.568695 38.883621 2.991805e+04
736453 38.726158 38.804891 38.362025 38.588378 2.489890e+04
736454 38.470282 38.736002 38.430915 38.647428 1.003829e+04
736455 38.755685 38.785208 38.509648 38.676951 1.673049e+04
736456 38.332502 38.765524 38.283295 38.676951 4.084207e+04
736459 38.736002 39.188708 38.736002 39.060768 2.411159e+04
736460 39.149342 39.434745 39.060768 39.326488 2.735927e+04
736461 39.178867 39.287120 38.588378 38.598221 5.767098e+04
736462 38.726158 38.775369 38.234084 38.480121 2.302902e+04
736463 38.391548 38.568695 38.027415 38.184878 1.889561e+04
736466 38.204561 38.617904 38.204561 38.568694 2.214329e+04
736467 38.421074 38.726157 38.115988 38.115988 1.860037e+04
736468 38.115988 38.371868 37.820744 37.997891 4.035000e+04
736469 37.653438 37.781378 37.308988 37.535341 3.582293e+04
736470 37.555025 37.978208 37.555025 37.978208 2.676878e+04
736473 37.909318 38.056938 37.830585 37.830585 2.135598e+04
736474 38.096304 38.499804 38.096304 38.489965 1.791146e+04
736475 38.873781 38.962354 38.755685 38.804891 3.690549e+04
736476 38.716318 38.863942 38.716318 38.765524 1.751781e+04
736477 38.775369 39.139501 38.775369 39.139501 2.450524e+04
736481 39.159185 39.208391 38.942672 39.178868 2.007659e+04
736482 39.031245 39.464267 39.031245 39.454428 6.131232e+04
736483 39.365854 39.857927 39.365854 39.789037 1.210500e+04
736484 39.759515 39.769355 39.375694 39.710304 2.558781e+04
736487 39.592208 39.926818 39.592208 39.887451 2.883549e+04
736488 39.798878 40.163014 39.798878 40.025231 1.919085e+04
736489 40.025230 40.172854 39.926818 40.123647 1.919085e+04
736490 40.094125 40.153171 39.887451 40.025231 1.722256e+04
736491 39.602052 39.602052 39.365855 39.523318 4.310561e+04
736494 39.316648 39.503634 38.893464 38.952515 2.174963e+04
736495 38.795047 38.795047 38.184878 38.470281 8.286512e+04
736496 38.775368 38.863941 38.608061 38.627744 3.444512e+04
736497 38.371868 38.667111 38.234084 38.598221 1.269549e+04
736498 38.608061 38.667111 38.411231 38.539171 1.407329e+04
736501 38.903305 39.149342 38.863942 38.883621 1.899402e+04
736502 38.873781 38.982038 38.558854 38.893464 7.676342e+03
736503 38.883620 39.050927 38.706478 38.706478 3.326415e+04
736504 38.991877 39.356014 38.952514 39.356014 2.194646e+04
736505 37.869951 38.549010 37.791221 37.929001 2.450524e+04
736508 37.377879 37.397562 36.580719 36.757865 3.651183e+04
736509 36.895649 37.407401 36.895649 37.318828 2.647354e+04
736510 37.751855 38.214405 37.751855 38.175038 1.397488e+04
736511 38.322658 38.814731 38.155354 38.814731 4.340085e+04
736512 38.824575 39.119818 38.824575 38.982038 4.910890e+04
736516 38.785208 38.785208 38.411231 38.637584 2.037183e+04
736517 38.480121 38.883621 38.480121 38.883621 1.220341e+04
736518 38.962355 39.365855 38.962355 39.257598 1.761622e+04
736519 39.444588 40.123647 39.444588 40.035074 3.129585e+04
736522 40.103964 40.517304 40.103964 40.438574 1.515585e+04
736523 40.586198 40.842074 40.556670 40.783024 3.208317e+04
736524 40.822391 40.910964 40.645244 40.861757 2.234012e+04
736525 41.038904 41.127477 40.930647 41.127477 7.400781e+04
736526 41.147159 41.147159 40.871596 40.950330 8.758902e+03
736529 40.970013 41.157000 40.970013 41.157000 6.948073e+04
736530 41.068427 41.186523 40.970013 41.088110 1.141610e+04
736531 41.127477 41.412881 41.088110 41.353830 3.483878e+04
736532 41.412880 41.491610 41.176683 41.275097 2.411159e+04
736533 41.097950 41.255413 40.979853 41.235734 1.328598e+04
736536 41.235735 41.245574 41.088111 41.117634 9.310025e+04
736537 41.176684 41.442404 41.176684 41.314464 2.460366e+04
736538 41.324308 41.373514 41.048744 41.137317 1.131768e+04
736539 41.038904 41.196368 40.989698 41.097950 2.558781e+04
736540 41.107793 41.511293 41.019220 41.294780 2.814659e+04
736543 41.275097 41.422720 41.166844 41.235734 1.259707e+04
736544 41.235735 41.235735 40.684611 40.842074 1.456537e+04
736545 40.950331 41.304624 40.950331 41.304624 1.633683e+04
736546 41.412881 41.471926 41.353830 41.422720 1.476220e+04
736547 41.599866 41.875426 41.599866 41.688440 1.397488e+04
736550 41.757329 41.757329 41.412880 41.481770 1.515585e+04
736551 41.609707 41.816381 41.609707 41.737647 1.574634e+04
736552 41.698280 41.708123 41.530977 41.619550 7.873171e+03
736553 41.747486 41.973844 41.668756 41.914793 1.515585e+04
736554 41.885270 42.023050 41.875426 41.954160 5.609634e+03
736557 41.914793 42.318293 41.914793 42.249403 1.614000e+04
736558 42.052574 42.180514 42.013207 42.032890 1.633683e+04
736559 42.032891 42.042734 41.737648 42.042734 1.220342e+04
736560 41.934477 42.111623 41.895110 42.111623 6.101707e+03
736561 41.904954 42.023050 41.875426 41.993523 9.054146e+03
736564 41.845903 41.983684 41.757330 41.924633 1.053037e+04
736565 41.924632 42.150990 41.924632 41.983683 1.840354e+04
736566 41.885269 41.963999 41.521133 41.521133 1.190817e+04
736567 41.491610 41.777014 41.471926 41.550660 6.298537e+03
736568 41.570345 41.875427 41.294781 41.511294 1.545110e+04
736571 41.442403 41.777013 41.442403 41.688440 1.249866e+04
736572 41.708123 41.747486 41.511293 41.619550 7.676342e+03
736573 41.560501 41.767171 41.403038 41.747487 9.841464e+03
736574 41.737647 41.904954 41.452244 41.885270 1.377805e+04
736575 42.072256 42.170669 41.934476 42.052573 2.440683e+04
736579 42.141146 42.141146 41.944316 42.052573 1.604159e+04
736580 41.914793 42.406866 41.914793 42.397027 1.318756e+04
736581 42.170669 42.288769 42.052573 42.111623 9.743049e+03
736582 41.737647 41.806538 41.009377 41.009377 7.676342e+03
736585 40.733817 41.678597 40.733817 41.678597 9.743049e+03
736586 41.383354 41.383354 40.940487 41.176684 7.282683e+03
736587 41.147160 41.403037 41.068427 41.127477 1.436854e+04
736588 41.117635 41.698281 41.097951 41.678597 1.486061e+04
736589 41.599866 41.599866 41.353830 41.491610 6.889024e+03
736592 41.540816 41.885270 41.511293 41.619550 7.577927e+03
736593 41.658918 41.668757 41.442405 41.511294 3.188634e+04
736594 41.737647 42.003367 41.521134 42.003367 3.011488e+04
736595 41.816380 42.505280 41.816380 42.485596 3.336256e+04
736596 42.337976 42.495439 42.269087 42.318293 1.180976e+04
736599 42.101781 42.200197 41.973845 42.003367 4.113732e+04
736600 41.944316 42.278926 41.944316 42.259243 2.775293e+04
736601 42.337976 42.377343 42.003366 42.377343 7.971585e+03
736602 42.377343 42.416706 41.806537 41.924633 2.243854e+04
736603 41.924633 42.318294 41.914794 42.200197 1.800988e+04
736606 42.052574 42.200197 41.934477 42.101780 7.243317e+04
736607 42.121463 42.150990 41.688440 41.826220 5.215976e+03
736608 41.983684 42.042734 41.895111 41.924633 1.515585e+04
736609 41.708124 41.708124 41.511294 41.639234 1.210500e+04
736610 41.580183 41.580183 41.245573 41.363670 1.013671e+04
736613 41.580183 41.658917 41.511293 41.560500 1.131768e+04
736614 41.403038 41.403038 40.655088 40.851914 1.761622e+04
736615 40.802707 40.920807 40.773183 40.871597 1.161293e+04
736616 40.536988 40.832234 40.359840 40.694450 3.011488e+04
736617 40.783024 40.989698 40.625561 40.635404 3.011488e+04
736620 40.615719 40.704294 40.566513 40.586197 6.298537e+03
736621 40.763340 41.029060 40.763340 40.871597 1.899402e+04
736622 40.950331 41.127477 40.851913 41.097950 1.367963e+04
736623 41.097950 41.137317 40.871597 41.058587 1.279390e+04
736624 41.068427 41.393196 41.019220 41.363670 7.184268e+03
736627 41.540817 41.708124 41.422721 41.511294 1.486061e+04
736628 41.481770 41.481770 41.088110 41.196367 9.447805e+03
736629 40.979853 41.127477 40.851913 40.910964 8.266829e+03
736630 40.842073 40.842073 40.556670 40.586197 4.035000e+03
736631 40.438573 40.861756 40.163013 40.556670 4.044841e+04
736634 40.586197 40.704294 40.448413 40.458257 5.294707e+04
736635 40.517304 40.546831 39.867767 40.241744 6.829976e+04
736636 40.379525 40.468098 40.113804 40.113804 1.505744e+04
736637 40.212222 40.320478 39.838245 39.877611 3.749598e+04
736638 39.848088 40.241744 39.720148 39.907134 1.249866e+04
736641 40.409051 40.979854 40.409051 40.901124 2.352110e+04
736642 40.635404 41.186523 40.409050 40.930647 7.282683e+03
736643 40.586198 41.914793 40.231904 41.737647 9.123037e+04
736644 41.845903 42.259243 41.698280 41.983683 5.540744e+04
736645 42.131307 42.298611 41.904955 42.210037 5.324232e+04
736648 42.131307 42.544647 42.131307 42.347817 4.162939e+04
736649 42.436390 42.524963 42.150991 42.367500 1.554951e+04
736650 42.367499 42.446233 42.150990 42.219880 1.269549e+04
736651 42.318293 42.485596 42.200197 42.485596 4.940415e+04
736652 42.613536 42.682427 42.475757 42.584013 1.584476e+04
736655 42.564330 42.731633 42.436390 42.623380 1.761622e+04
736656 42.810367 42.820206 42.574169 42.820206 2.519415e+04
736657 42.741476 43.164660 42.741476 43.164660 1.663207e+04
736659 43.253233 43.253233 43.095770 43.184343 1.338439e+04
736662 43.115454 43.115454 42.869417 42.908780 7.676342e+03
736663 42.908779 43.154816 42.820206 42.948146 6.377268e+04
736664 43.105609 43.154816 42.839890 42.928463 1.377805e+04
736665 43.036720 43.036720 42.318293 42.446233 1.348280e+04
736666 42.485596 42.643064 42.426551 42.436390 2.460366e+04
736669 42.633221 43.026880 42.613537 42.977670 3.572451e+04
736670 42.987512 43.302439 42.928462 43.282756 1.702573e+04
736671 43.233549 43.696100 43.085926 43.696100 1.338439e+04
736672 43.764990 43.991344 43.528794 43.892926 1.919085e+04
736673 43.942137 44.079916 43.853563 44.011026 2.165122e+04
736676 43.833879 43.853562 43.371329 43.489426 2.844183e+04
736677 43.578000 43.735463 43.509109 43.646889 2.617829e+04
736678 43.538636 43.794512 43.430379 43.450063 3.887378e+04
736679 43.469743 43.794514 43.469743 43.568160 1.003829e+04
736680 43.341806 43.774830 43.341806 43.459903 1.692732e+04
736683 43.459903 43.863403 43.312279 43.686256 2.627671e+04
736684 43.794512 43.961815 43.745306 43.912609 1.102244e+04
736685 43.912609 43.991342 43.814195 43.981499 6.889024e+03
736686 43.774829 43.774829 43.479585 43.577999 8.070000e+03
736687 43.349998 43.810001 43.349998 43.779999 5.900000e+03
736691 43.660000 43.990002 43.660000 43.889999 9.100000e+03
736692 43.840000 43.900002 43.380001 43.410000 1.060000e+04
736693 43.470001 43.669998 43.430000 43.560001 2.020000e+04
736694 43.650002 43.650002 43.310001 43.430000 2.240000e+04
736698 43.730000 44.000000 43.459999 43.660000 1.940000e+04
736699 43.840000 44.369999 43.759998 44.349998 1.630000e+04
736700 44.310001 44.310001 44.020000 44.090000 7.200000e+03
736701 44.270000 44.349998 44.000000 44.150002 4.410000e+04
736704 44.110001 44.110001 43.830002 43.869999 5.610000e+04
736705 43.919998 44.200001 43.919998 44.049999 2.650000e+04
736706 44.080002 44.080002 43.660000 43.860001 1.050000e+04
736707 43.840000 43.900002 43.540001 43.900002 1.300000e+04
736708 44.060001 44.340000 44.020000 44.150002 7.600000e+03
736712 44.040001 44.090000 43.750000 43.860001 1.350000e+04
736713 43.950001 44.029999 43.790001 43.950001 6.700000e+03
736714 43.860001 44.110001 43.680000 43.779999 1.350000e+04
736715 43.840000 44.090000 43.840000 44.060001 2.100000e+04
736718 44.009998 44.110001 43.689999 44.000000 1.090000e+04
736719 44.020000 44.509998 44.020000 44.430000 1.010000e+04
736720 44.669998 44.759998 44.509998 44.520000 2.960000e+04
736721 44.540001 44.700001 44.520000 44.689999 9.000000e+03
736722 44.500000 44.599998 44.439999 44.590000 8.000000e+03
736725 44.410000 44.410000 43.889999 44.200001 6.700000e+03
736726 44.070000 44.380001 43.950001 44.380001 9.400000e+03
736727 44.500000 44.599998 44.160000 44.330002 1.190000e+04
736728 44.259998 44.590000 44.259998 44.490002 3.380000e+04
736729 44.650002 45.150002 44.650002 45.090000 1.960000e+04
736732 44.980000 45.090000 44.799999 44.849998 9.800000e+03
736733 44.840000 45.139999 44.840000 44.880001 1.280000e+04
736734 44.709999 44.869999 44.639999 44.799999 7.000000e+03
736735 44.799999 45.270000 44.799999 45.200001 8.420000e+04
736736 45.279999 45.500000 45.240002 45.340000 1.440000e+04
736739 45.540001 45.709999 45.459999 45.570000 2.440000e+04
736740 45.509998 45.689999 45.340000 45.650002 1.480000e+04
736741 45.580002 45.869999 45.529999 45.830002 1.250000e+04
736742 45.820000 45.820000 45.439999 45.660000 1.820000e+04
736743 45.650002 45.709999 45.509998 45.650002 1.070000e+04
736747 45.770000 46.270000 45.770000 46.270000 2.470000e+04
736748 46.169998 46.320000 46.090000 46.270000 8.500000e+03
736749 46.320000 46.320000 45.869999 46.020000 7.200000e+03
736750 45.459999 45.900002 45.439999 45.900002 1.650000e+04
736753 45.849998 45.930000 45.759998 45.830002 6.000000e+03
736754 45.810001 45.810001 45.529999 45.639999 4.930000e+04
736755 46.000000 46.290001 45.950001 46.180000 1.250000e+04
736756 46.180000 46.180000 45.830002 45.830002 1.280000e+04
736757 45.770000 46.009998 45.740002 45.939999 1.020000e+04
736760 45.820000 45.820000 45.540001 45.740002 1.020000e+04
736761 45.650002 45.660000 45.459999 45.470001 1.310000e+04
736762 45.490002 45.689999 45.279999 45.279999 1.340000e+04
736763 45.349998 45.389999 45.000000 45.250000 4.300000e+03
736764 45.369999 45.410000 45.160000 45.250000 1.320000e+04
