736034 31.730000 32.529999 31.650000 31.920000 2.137400e+06
736035 32.000000 32.450001 31.600000 32.049999 1.595200e+06
736036 31.549999 32.250000 30.799999 32.020000 2.270100e+06
736039 31.719999 31.930000 30.980000 31.639999 1.979000e+06
736040 31.320000 34.439999 31.320000 34.230000 3.707600e+06
736041 33.900002 34.840000 33.650002 34.580002 2.420300e+06
736042 34.500000 35.349998 34.250000 34.700001 2.180000e+06
736043 34.750000 35.250000 34.160000 34.880001 1.808900e+06
736046 34.639999 36.150002 34.400002 35.790001 2.551900e+06
736047 35.709999 36.400002 35.509998 36.029999 2.037000e+06
736048 36.040001 36.090000 34.150002 34.799999 2.927700e+06
736049 34.419998 35.099998 34.119999 34.590000 1.561600e+06
736050 34.480000 34.950001 33.910000 34.480000 1.220500e+06
736053 34.720001 34.820000 32.799999 33.119999 3.062200e+06
736054 32.900002 33.980000 32.320000 33.389999 1.713700e+06
736055 33.320000 34.290001 33.220001 33.810001 1.671700e+06
736056 33.740002 34.709999 33.689999 33.889999 1.448200e+06
736060 33.660000 34.480000 33.279999 34.189999 1.712400e+06
736061 34.090000 34.529999 33.830002 33.919998 1.368400e+06
736062 34.000000 34.669998 33.980000 34.119999 1.492100e+06
736063 34.240002 34.360001 33.820000 34.130001 1.271000e+06
736064 34.130001 34.790001 34.000000 34.540001 1.409500e+06
736067 34.740002 35.599998 34.700001 35.220001 1.712300e+06
736068 35.360001 35.630001 34.520000 35.070000 1.181000e+06
736069 35.160000 35.660000 34.770000 35.590000 1.481200e+06
736070 35.740002 36.480000 35.419998 35.990002 1.820300e+06
736071 35.509998 35.639999 34.599998 34.820000 1.826400e+06
736074 35.439999 35.500000 34.500000 35.250000 1.826800e+06
736075 35.439999 35.990002 35.279999 35.849998 1.315900e+06
736076 35.930000 36.700001 35.930000 36.240002 1.452500e+06
736077 36.230000 36.820000 36.000000 36.490002 1.479300e+06
736078 36.490002 36.959999 36.060001 36.360001 1.163900e+06
736081 36.380001 36.799999 35.459999 35.650002 1.288700e+06
736082 35.529999 37.840000 35.529999 37.730000 3.170900e+06
736083 37.410000 38.009998 36.759998 37.119999 2.122800e+06
736084 37.099998 37.490002 35.009998 35.400002 2.535700e+06
736085 35.419998 36.820000 35.299999 36.259998 1.496300e+06
736088 36.580002 37.060001 36.180000 36.439999 1.311500e+06
736089 36.230000 36.980000 35.650002 35.919998 2.107000e+06
736090 35.950001 36.279999 34.360001 34.639999 3.059000e+06
736091 35.230000 35.680000 32.880001 34.279999 4.531000e+06
736092 34.709999 37.490002 34.570000 37.099998 4.317700e+06
736095 37.250000 40.080002 37.220001 39.090000 5.988500e+06
736096 38.619999 39.000000 37.930000 38.790001 2.133500e+06
736097 39.020000 39.599998 38.849998 38.990002 1.738700e+06
736098 39.160000 39.490002 38.490002 38.730000 1.953000e+06
736099 38.680000 39.330002 38.070000 38.849998 1.508400e+06
736102 39.119999 40.009998 36.840000 37.060001 6.697600e+06
736103 37.450001 37.779999 34.650002 34.959999 6.378700e+06
736104 34.990002 35.220001 33.130001 33.310001 6.389000e+06
736105 34.049999 35.169998 33.509998 34.029999 4.711900e+06
736106 33.880001 34.549999 33.299999 33.709999 2.750600e+06
736110 33.349998 33.750000 32.689999 33.310001 2.617100e+06
736111 33.369999 33.669998 32.610001 33.259998 2.174200e+06
736112 33.869999 34.480000 33.299999 33.689999 2.392800e+06
736113 33.509998 33.900002 32.549999 32.660000 2.368700e+06
736116 33.000000 33.110001 31.950001 32.349998 2.390600e+06
736117 32.049999 32.570000 30.600000 32.169998 3.318300e+06
736118 32.299999 32.450001 31.760000 32.060001 1.833700e+06
736119 32.009998 32.330002 31.120001 31.520000 2.381100e+06
736120 31.459999 33.360001 31.270000 33.160000 2.945600e+06
736123 33.599998 33.599998 31.930000 32.200001 2.638000e+06
736124 31.959999 32.070000 30.719999 31.230000 2.770800e+06
736125 31.420000 32.799999 31.410000 32.540001 2.315700e+06
736126 32.630001 33.599998 32.369999 33.410000 2.098300e+06
736127 33.259998 33.650002 32.750000 32.779999 1.388000e+06
736130 32.200001 33.500000 31.870001 33.180000 1.483700e+06
736131 32.900002 33.320000 32.630001 32.720001 1.176500e+06
736132 32.750000 33.490002 32.750000 33.240002 1.355600e+06
736133 33.220001 33.310001 32.849998 33.200001 1.434200e+06
736134 33.139999 33.430000 32.060001 32.310001 2.370700e+06
736137 32.500000 32.590000 31.770000 32.029999 1.504000e+06
736138 31.980000 32.939999 31.860001 32.860001 1.109700e+06
736139 32.689999 32.730000 32.009998 32.360001 1.527800e+06
736140 32.570000 32.570000 32.110001 32.139999 1.017600e+06
736141 32.000000 32.070000 29.600000 29.750000 4.184100e+06
736144 28.240000 30.120001 27.600000 28.250000 3.466200e+06
736145 28.610001 29.469999 28.170000 28.600000 1.974700e+06
736146 29.129999 29.299999 27.200001 27.250000 2.991500e+06
736147 27.280001 27.799999 26.610001 27.400000 2.230200e+06
736151 26.250000 26.690001 25.500000 25.840000 2.805300e+06
736152 25.730000 26.559999 24.230000 26.260000 3.902700e+06
736153 24.950001 25.900000 24.270000 24.570000 2.892000e+06
736154 25.750000 26.530001 25.510000 25.639999 3.128500e+06
736155 26.559999 26.860001 25.500000 25.830000 2.040500e+06
736158 26.450001 26.799999 26.059999 26.440001 2.115300e+06
736159 26.370001 27.379999 26.370001 26.639999 1.751700e+06
736160 26.570000 27.090000 26.010000 26.230000 1.539900e+06
736161 26.490000 26.900000 26.350000 26.860001 1.345100e+06
736162 26.920000 27.059999 26.490000 26.549999 1.287600e+06
736165 26.809999 27.209999 26.250000 26.360001 1.523200e+06
736166 26.469999 26.530001 25.790001 26.139999 1.627400e+06
736167 25.990000 25.990000 25.180000 25.840000 1.483500e+06
736168 25.790001 26.500000 25.480000 25.670000 1.668700e+06
736169 25.680000 25.750000 25.020000 25.250000 1.631300e+06
736172 24.700001 25.389999 23.650000 24.790001 1.808000e+06
736173 24.870001 26.090000 24.570000 25.740000 1.657400e+06
736174 25.750000 27.389999 25.430000 27.209999 2.021800e+06
736175 27.260000 27.600000 26.510000 26.770000 1.768900e+06
736176 26.730000 27.480000 26.500000 26.860001 1.266500e+06
736179 26.750000 26.940001 24.600000 24.750000 3.715700e+06
736180 25.010000 25.030001 23.889999 24.570000 2.478500e+06
736181 25.559999 27.209999 25.410000 26.549999 3.012400e+06
736182 26.770000 26.889999 25.160000 25.730000 2.354200e+06
736183 25.690001 25.930000 24.690001 25.049999 1.687700e+06
736186 25.340000 26.010000 25.129999 25.950001 1.227700e+06
736187 25.830000 25.900000 24.520000 24.870001 1.805800e+06
736188 24.379999 24.740000 23.260000 24.290001 3.076500e+06
736189 24.450001 25.070000 24.350000 24.549999 1.674300e+06
736190 24.680000 25.540001 24.570000 24.740000 1.670000e+06
736193 24.760000 24.990000 23.730000 24.230000 3.192600e+06
736194 24.530001 25.000000 23.670000 24.690001 3.162200e+06
736195 21.450001 21.629999 19.540001 20.200001 1.515610e+07
736196 19.969999 19.990000 18.540001 18.780001 4.807900e+06
736197 18.129999 18.830000 17.360001 17.400000 5.265700e+06
736200 14.510000 17.559999 14.160000 16.280001 4.525400e+06
736201 18.150000 18.590000 16.740000 17.110001 4.767800e+06
736202 17.500000 17.690001 16.330000 17.200001 4.075400e+06
736203 17.950001 18.240000 17.379999 18.230000 2.969200e+06
736204 18.110001 19.320000 18.000000 18.830000 2.598300e+06
736207 18.510000 19.330000 18.430000 18.719999 1.793400e+06
736208 18.100000 18.650000 17.870001 18.010000 2.005900e+06
736209 18.309999 18.430000 17.700001 18.420000 1.426800e+06
736210 18.580000 19.250000 18.250000 18.590000 1.492100e+06
736211 18.389999 18.799999 18.080000 18.320000 1.185400e+06
736215 18.559999 19.209999 18.500000 18.860001 1.608000e+06
736216 19.360001 19.850000 18.870001 19.180000 2.195400e+06
736217 19.160000 19.770000 19.080000 19.370001 1.407500e+06
736218 19.170000 19.459999 18.690001 18.959999 1.315500e+06
736221 18.920000 19.030001 18.510000 18.719999 1.312500e+06
736222 18.590000 19.200001 18.520000 19.129999 1.491500e+06
736223 19.209999 19.990000 19.209999 19.709999 1.473000e+06
736224 19.629999 20.940001 19.559999 20.500000 2.328200e+06
736225 19.680000 19.990000 19.059999 19.080000 2.545700e+06
736228 19.270000 19.540001 18.830000 19.040001 1.269500e+06
736229 18.580000 18.770000 18.160000 18.209999 1.559000e+06
736230 18.180000 18.379999 17.070000 17.160000 1.750600e+06
736231 17.049999 17.430000 16.150000 17.180000 2.422200e+06
736232 17.510000 17.950001 16.860001 17.030001 1.589200e+06
736235 16.959999 17.000000 15.500000 15.720000 3.019200e+06
736236 15.850000 16.330000 15.600000 15.860000 2.312500e+06
736237 16.190001 16.719999 16.120001 16.620001 1.606800e+06
736238 16.730000 17.000000 16.049999 16.670000 1.697600e+06
736239 16.480000 18.990000 16.270000 18.770000 3.476000e+06
736242 18.990000 19.799999 18.410000 19.540001 2.888100e+06
736243 19.530001 20.490000 18.959999 19.420000 2.590900e+06
736244 19.879999 20.969999 19.580000 20.309999 2.282400e+06
736245 20.110001 20.730000 19.620001 20.600000 2.043100e+06
736246 20.799999 21.240000 20.299999 21.120001 1.990100e+06
736249 21.420000 21.450001 20.219999 20.639999 1.871500e+06
736250 20.290001 21.150000 20.059999 20.590000 1.064900e+06
736251 20.709999 21.430000 20.660000 21.129999 1.638200e+06
736252 21.330000 21.980000 21.049999 21.600000 2.354300e+06
736253 21.520000 21.750000 21.150000 21.700001 1.317600e+06
736256 21.430000 22.440001 21.200001 21.740000 1.710400e+06
736257 21.740000 22.299999 21.350000 21.650000 1.240000e+06
736258 21.730000 21.900000 20.700001 20.730000 1.374200e+06
736259 20.900000 21.570000 20.740000 21.020000 2.188300e+06
736260 21.200001 21.250000 20.260000 20.680000 1.967300e+06
736263 22.000000 22.750000 21.530001 21.660000 4.055900e+06
736264 21.490000 21.610001 20.469999 20.650000 1.958200e+06
736265 20.680000 21.799999 20.570000 21.670000 1.471600e+06
736266 21.790001 22.070000 21.270000 21.440001 1.255800e+06
736267 21.150000 21.900000 20.490000 21.830000 2.047400e+06
736270 21.830000 22.840000 21.520000 22.650000 1.876800e+06
736271 22.719999 23.700001 22.580000 23.230000 1.962100e+06
736272 23.730000 24.000000 22.549999 23.250000 2.013900e+06
736273 23.150000 23.410000 22.510000 22.850000 1.384100e+06
736274 22.840000 23.650000 22.629999 23.570000 1.539900e+06
736277 23.639999 23.959999 22.830000 23.030001 2.443200e+06
736278 24.799999 24.879999 20.809999 22.250000 1.204480e+07
736279 22.469999 23.290001 21.730000 22.830000 3.335700e+06
736280 22.070000 23.120001 21.700001 21.879999 2.723100e+06
736281 21.600000 22.240000 21.209999 21.309999 2.207800e+06
736284 21.150000 21.629999 20.530001 21.540001 2.777400e+06
736285 22.040001 22.040001 20.090000 20.209999 3.386100e+06
736286 20.219999 21.280001 20.219999 21.180000 2.555000e+06
736287 20.980000 21.150000 20.400000 20.570000 2.005800e+06
736288 20.860001 21.040001 20.500000 20.900000 2.013600e+06
736291 20.670000 21.389999 20.549999 21.129999 1.500800e+06
736292 21.020000 21.950001 20.850000 21.850000 1.703900e+06
736293 21.900000 22.620001 21.690001 22.309999 2.000200e+06
736295 22.100000 22.540001 21.870001 22.500000 8.712000e+05
736298 22.549999 23.240000 22.510000 23.030001 1.652800e+06
736299 23.250000 23.660000 23.030001 23.459999 2.114700e+06
736300 23.389999 24.040001 23.299999 23.879999 3.132200e+06
736301 23.990000 24.980000 23.809999 24.150000 2.326500e+06
736302 24.280001 24.670000 23.290001 24.600000 2.637200e+06
736305 24.459999 24.780001 23.940001 24.160000 1.670000e+06
736306 23.530001 24.180000 22.910000 24.100000 1.415200e+06
736307 24.080000 24.830000 23.510000 23.620001 1.832800e+06
736308 23.080000 24.330000 22.540001 24.190001 2.020100e+06
736309 23.559999 24.110001 23.299999 23.459999 1.362200e+06
736312 23.850000 24.879999 23.309999 24.639999 2.468700e+06
736313 25.000000 25.969999 24.660000 25.400000 3.062600e+06
736314 27.000000 29.500000 26.290001 27.280001 7.435700e+06
736315 27.870001 27.879999 26.290001 26.559999 2.827400e+06
736316 26.270000 27.600000 26.059999 27.070000 3.255900e+06
736319 27.600000 28.650000 27.110001 28.500000 2.720700e+06
736320 28.280001 28.280001 27.260000 27.920000 2.324400e+06
736321 28.070000 29.129999 28.010000 28.930000 1.992700e+06
736322 28.969999 29.830000 28.860001 29.330000 1.282900e+06
736326 29.100000 29.590000 28.580000 29.270000 1.458500e+06
736327 29.400000 29.620001 28.059999 28.940001 1.756100e+06
736328 28.549999 29.129999 28.230000 28.639999 1.617900e+06
736329 28.500000 29.059999 28.350000 28.959999 1.303300e+06
736333 27.790001 28.110001 27.309999 27.980000 2.740000e+06
736334 28.459999 28.799999 27.240000 27.500000 2.006400e+06
736335 26.770000 27.559999 26.629999 27.280001 2.246000e+06
736336 25.920000 26.070000 22.809999 22.990000 4.681100e+06
736337 24.440001 24.500000 23.410000 23.500000 1.885900e+06
736340 23.730000 23.809999 21.860001 22.360001 2.705500e+06
736341 22.650000 23.100000 21.040001 21.719999 3.296800e+06
736342 22.120001 22.580000 20.320000 20.629999 2.746000e+06
736343 20.469999 20.590000 18.840000 20.280001 3.295500e+06
736344 18.969999 19.320000 17.870001 18.790001 3.185200e+06
736348 19.799999 20.200001 18.590000 18.740000 3.583800e+06
736349 17.790001 18.450001 16.809999 18.110001 3.655600e+06
736350 18.040001 19.700001 18.040001 19.030001 2.690900e+06
736351 20.160000 20.750000 19.520000 19.959999 3.036400e+06
736354 19.670000 20.370001 19.370001 19.389999 1.874500e+06
736355 19.559999 20.309999 19.209999 20.160000 1.925000e+06
736356 20.100000 20.719999 19.639999 19.870001 2.498300e+06
736357 20.389999 20.750000 19.170000 19.379999 1.989600e+06
736358 19.450001 20.230000 19.320000 20.170000 1.612400e+06
736361 20.180000 20.469999 19.670000 20.410000 1.585900e+06
736362 20.020000 20.190001 19.150000 19.459999 1.558300e+06
736363 19.690001 19.889999 18.410000 19.190001 2.279600e+06
736364 19.260000 20.410000 19.020000 20.120001 2.056600e+06
736365 20.000000 20.139999 19.309999 19.440001 1.940200e+06
736368 19.030001 19.160000 18.049999 18.370001 2.191600e+06
736369 17.950001 18.330000 17.209999 17.770000 2.578300e+06
736370 17.160000 17.940001 17.010000 17.389999 2.571200e+06
736371 16.709999 17.200001 15.620000 15.800000 3.637100e+06
736372 16.250000 16.760000 15.790000 16.389999 2.275100e+06
736376 18.170000 19.480000 18.059999 19.290001 4.630200e+06
736377 19.670000 19.990000 19.129999 19.240000 3.035500e+06
736378 19.680000 19.760000 18.990000 19.410000 1.853300e+06
736379 19.260000 19.990000 19.080000 19.780001 2.035700e+06
736382 20.200001 21.100000 20.190001 21.000000 2.239500e+06
736383 20.990000 21.049999 20.180000 20.420000 1.473700e+06
736384 20.000000 21.889999 19.510000 21.809999 2.720100e+06
736385 21.559999 21.750000 20.879999 21.580000 2.087300e+06
736386 22.139999 23.150000 22.049999 22.379999 2.528000e+06
736389 22.330000 22.920000 22.100000 22.770000 1.923000e+06
736390 23.270000 23.280001 22.440001 22.799999 1.794100e+06
736391 22.860001 23.559999 22.670000 23.480000 2.335800e+06
736392 23.379999 23.540001 21.610001 22.540001 4.147100e+06
736393 22.940001 23.170000 22.080000 22.540001 2.665000e+06
736396 22.540001 23.040001 22.350000 22.730000 1.734700e+06
736397 22.620001 22.690001 21.129999 21.360001 2.520200e+06
736398 21.940001 22.000000 20.879999 21.760000 2.701900e+06
736399 20.020000 20.750000 18.549999 18.889999 1.143090e+07
736400 19.270000 19.959999 18.799999 19.850000 3.415200e+06
736403 19.500000 20.040001 19.180000 19.600000 1.767200e+06
736404 19.379999 19.799999 19.200001 19.760000 2.125000e+06
736405 19.760000 20.420000 19.559999 20.110001 2.037600e+06
736406 19.969999 21.410000 19.770000 20.969999 3.031300e+06
736407 21.299999 21.350000 20.459999 20.540001 1.743900e+06
736410 20.440001 20.600000 19.900000 20.129999 1.473200e+06
736411 19.879999 20.049999 19.510000 19.830000 1.543600e+06
736412 19.770000 19.920000 18.750000 18.760000 2.254400e+06
736413 18.360001 18.930000 17.950001 18.850000 1.473300e+06
736417 18.879999 18.900000 18.320000 18.629999 1.041800e+06
736418 18.440001 19.290001 18.200001 19.270000 1.597500e+06
736419 19.410000 19.920000 19.200001 19.410000 1.490600e+06
736420 19.370001 19.600000 19.190001 19.280001 1.050300e+06
736421 19.040001 19.180000 18.750000 19.010000 1.046200e+06
736424 19.110001 19.320000 17.920000 17.990000 2.910300e+06
736425 17.639999 18.410000 17.549999 17.980000 2.312100e+06
736426 17.969999 18.290001 17.510000 17.830000 2.586400e+06
736427 17.680000 17.889999 17.020000 17.320000 2.377800e+06
736428 17.590000 17.740000 17.190001 17.320000 1.485600e+06
736431 17.480000 17.709999 17.230000 17.240000 1.196800e+06
736432 17.330000 17.900000 17.260000 17.500000 1.715100e+06
736433 17.830000 18.600000 17.770000 18.400000 2.090400e+06
736434 18.400000 18.600000 17.980000 18.360001 1.256800e+06
736435 18.240000 18.440001 17.910000 18.020000 1.655600e+06
736438 17.660000 18.750000 17.660000 18.540001 1.945200e+06
736439 18.700001 18.870001 18.129999 18.180000 1.650100e+06
736440 18.230000 19.139999 18.219999 18.920000 2.940700e+06
736441 19.059999 19.209999 18.719999 18.959999 1.361100e+06
736442 18.980000 19.540001 18.879999 19.040001 1.646800e+06
736445 18.879999 19.330000 18.270000 18.290001 1.578600e+06
736446 18.440001 18.740000 18.180000 18.740000 9.930000e+05
736447 18.650000 19.190001 18.580000 18.990000 1.317000e+06
736448 18.700001 19.049999 18.559999 18.690001 1.443800e+06
736449 18.700001 18.950001 17.719999 17.910000 2.598300e+06
736452 17.910000 18.049999 17.180000 17.520000 1.989000e+06
736453 17.250000 17.350000 16.299999 16.570000 3.312400e+06
736454 16.500000 17.070000 16.209999 16.370001 2.052500e+06
736455 16.660000 16.719999 16.090000 16.120001 1.453100e+06
736456 16.070000 16.400000 15.530000 15.900000 2.559900e+06
736459 15.860000 16.160000 15.210000 15.460000 2.404600e+06
736460 15.100000 15.620000 15.020000 15.460000 3.545600e+06
736461 17.559999 18.459999 17.170000 17.379999 7.977500e+06
736462 17.430000 17.809999 16.520000 17.040001 3.291600e+06
736463 16.940001 17.500000 16.700001 16.910000 1.746500e+06
736466 16.959999 17.639999 16.950001 17.500000 1.378500e+06
736467 17.400000 17.690001 17.180000 17.400000 1.494600e+06
736468 17.299999 17.670000 17.209999 17.400000 1.633800e+06
736469 17.309999 17.540001 17.000000 17.379999 1.426400e+06
736470 17.430000 18.219999 17.420000 18.059999 2.117600e+06
736473 18.040001 18.860001 18.040001 18.540001 1.990400e+06
736474 18.799999 19.270000 18.750000 19.139999 2.317500e+06
736475 19.280001 19.600000 19.209999 19.559999 2.089500e+06
736476 19.650000 19.650000 18.610001 18.820000 2.100300e+06
736477 18.799999 19.040001 18.639999 18.719999 1.466600e+06
736481 18.620001 18.900000 18.450001 18.680000 1.475100e+06
736482 18.490000 18.760000 18.090000 18.660000 1.388100e+06
736483 18.320000 18.540001 18.000000 18.059999 2.136100e+06
736484 17.879999 17.980000 17.270000 17.510000 2.442600e+06
736487 17.580000 18.270000 17.469999 18.230000 1.624000e+06
736488 18.270000 18.480000 18.049999 18.240000 1.407100e+06
736489 18.320000 18.320000 17.910000 18.070000 1.644000e+06
736490 17.930000 18.059999 17.670000 17.889999 1.539900e+06
736491 17.490000 17.620001 16.350000 16.379999 3.777100e+06
736494 16.170000 16.440001 15.770000 15.850000 2.304800e+06
736495 15.850000 16.309999 15.510000 15.860000 1.964400e+06
736496 15.800000 16.490000 15.710000 15.730000 2.156500e+06
736497 15.510000 15.830000 15.260000 15.630000 2.010100e+06
736498 15.730000 16.070000 15.650000 15.760000 1.636200e+06
736501 16.070000 16.360001 15.960000 16.090000 1.482000e+06
736502 16.129999 16.200001 15.730000 15.840000 1.460100e+06
736503 15.950000 16.330000 15.820000 15.830000 1.222300e+06
736504 16.090000 16.250000 15.850000 16.250000 1.205500e+06
736505 15.000000 15.630000 14.500000 14.830000 4.348600e+06
736508 14.720000 14.850000 13.560000 13.800000 3.336900e+06
736509 14.300000 14.560000 14.150000 14.520000 1.868500e+06
736510 14.800000 15.020000 14.550000 14.880000 1.697400e+06
736511 14.880000 15.170000 14.740000 15.120000 1.351300e+06
736512 14.940000 15.400000 14.860000 15.260000 1.052100e+06
736516 14.960000 15.010000 14.520000 14.820000 1.681600e+06
736517 14.530000 15.180000 14.460000 15.090000 1.344200e+06
736518 15.080000 15.290000 14.650000 14.840000 1.380700e+06
736519 15.010000 15.190000 14.850000 15.030000 1.676200e+06
736522 15.190000 15.820000 15.130000 15.670000 1.703500e+06
736523 15.770000 16.160000 15.680000 15.890000 1.835000e+06
736524 15.880000 15.880000 15.060000 15.240000 2.100600e+06
736525 15.370000 15.410000 14.860000 14.960000 3.589000e+06
736526 15.000000 15.000000 14.320000 14.560000 3.310600e+06
736529 14.540000 14.850000 14.110000 14.780000 3.315000e+06
736530 14.810000 14.890000 14.330000 14.410000 1.832300e+06
736531 14.460000 14.980000 14.440000 14.760000 1.913700e+06
736532 14.820000 15.110000 14.550000 14.620000 1.481600e+06
736533 14.660000 14.690000 14.310000 14.580000 1.531900e+06
736536 14.600000 14.810000 14.420000 14.780000 1.191000e+06
736537 14.730000 15.170000 14.630000 14.890000 1.581400e+06
736538 14.980000 15.180000 14.770000 14.880000 1.410600e+06
736539 14.840000 14.850000 14.320000 14.390000 1.980800e+06
736540 14.280000 14.360000 14.070000 14.200000 1.414200e+06
736543 14.230000 15.460000 14.040000 14.770000 5.378000e+06
736544 14.850000 14.930000 14.320000 14.380000 1.529600e+06
736545 14.090000 14.430000 13.780000 14.230000 2.240400e+06
736546 14.250000 14.450000 14.000000 14.200000 1.293000e+06
736547 14.220000 14.680000 14.200000 14.570000 1.622600e+06
736550 14.580000 14.910000 14.550000 14.660000 1.204000e+06
736551 14.720000 14.750000 14.410000 14.450000 1.343100e+06
736552 13.850000 13.900000 13.000000 13.160000 5.582700e+06
736553 13.320000 13.360000 12.880000 13.090000 2.226900e+06
736554 13.090000 13.200000 12.740000 12.910000 2.758800e+06
736557 12.960000 13.370000 12.870000 13.250000 2.262200e+06
736558 13.150000 13.270000 13.000000 13.080000 1.355900e+06
736559 12.900000 13.080000 12.120000 12.210000 5.974100e+06
736560 13.250000 14.850000 13.060000 14.350000 1.258730e+07
736561 14.080000 14.240000 13.700000 13.900000 4.904300e+06
736564 13.720000 13.840000 13.210000 13.370000 3.243900e+06
736565 13.430000 13.590000 13.330000 13.460000 1.654000e+06
736566 13.000000 13.450000 12.810000 12.890000 3.202200e+06
736567 12.860000 13.150000 12.690000 12.980000 1.805300e+06
736568 12.980000 13.520000 12.950000 13.130000 1.775700e+06
736571 13.100000 13.290000 13.040000 13.090000 9.478000e+05
736572 13.050000 13.520000 13.050000 13.180000 1.484400e+06
736573 13.080000 13.170000 12.780000 12.890000 2.325100e+06
736574 12.950000 13.180000 12.810000 12.970000 1.937500e+06
736575 12.820000 13.220000 12.820000 13.140000 1.762800e+06
736579 13.160000 13.770000 13.140000 13.670000 1.830600e+06
736580 13.410000 13.730000 13.380000 13.420000 1.526600e+06
736581 13.350000 13.730000 13.030000 13.670000 1.564200e+06
736582 13.500000 13.770000 13.040000 13.040000 1.712400e+06
736585 12.910000 13.170000 12.750000 13.020000 1.322000e+06
736586 12.870000 12.970000 12.420000 12.660000 2.201100e+06
736587 12.500000 12.680000 11.930000 12.120000 2.811700e+06
736588 12.090000 12.290000 12.060000 12.140000 1.897800e+06
736589 12.050000 12.110000 11.720000 11.850000 2.563300e+06
736592 11.870000 12.170000 11.860000 12.020000 1.400400e+06
736593 12.200000 12.200000 11.840000 12.040000 1.117900e+06
736594 12.090000 12.480000 12.050000 12.370000 2.412500e+06
736595 12.500000 12.580000 12.200000 12.560000 1.254400e+06
736596 12.690000 13.200000 12.480000 12.960000 2.179100e+06
736599 12.870000 12.940000 12.560000 12.670000 9.173000e+05
736600 12.600000 13.280000 12.600000 13.170000 1.313400e+06
736601 13.320000 13.870000 13.270000 13.610000 2.197700e+06
736602 13.680000 14.290000 13.630000 14.120000 2.809600e+06
736603 13.940000 14.170000 13.680000 13.740000 1.908200e+06
736606 13.680000 14.130000 13.660000 13.980000 1.527400e+06
736607 14.000000 14.120000 13.680000 13.770000 1.131900e+06
736608 13.930000 14.850000 13.880000 14.710000 3.021000e+06
736609 14.840000 15.080000 14.460000 14.840000 2.050400e+06
736610 14.810000 14.810000 14.250000 14.350000 1.677700e+06
736613 14.480000 14.760000 14.420000 14.660000 1.631300e+06
736614 14.670000 14.830000 14.120000 14.520000 1.721000e+06
736615 14.400000 14.840000 14.320000 14.710000 1.233700e+06
736616 14.520000 15.280000 14.270000 15.090000 2.079500e+06
736617 15.200000 15.450000 14.820000 14.990000 1.435300e+06
736620 15.000000 15.030000 14.600000 14.700000 8.487000e+05
736621 14.930000 14.990000 14.750000 14.870000 6.465000e+05
736622 14.890000 15.650000 14.750000 15.530000 2.468400e+06
736623 15.360000 15.790000 15.280000 15.700000 1.294400e+06
736624 15.650000 15.940000 15.540000 15.750000 1.054000e+06
736627 15.920000 15.950000 15.350000 15.460000 8.847000e+05
736628 15.460000 15.560000 15.090000 15.220000 7.663000e+05
736629 15.050000 15.490000 15.040000 15.300000 7.348000e+05
736630 15.350000 15.500000 14.940000 14.990000 9.067000e+05
736631 14.910000 15.120000 14.700000 14.760000 8.097000e+05
736634 14.560000 14.760000 14.260000 14.440000 8.488000e+05
736635 14.520000 14.840000 14.370000 14.660000 8.783000e+05
736636 14.520000 14.750000 14.370000 14.420000 8.799000e+05
736637 14.200000 14.390000 12.740000 12.870000 3.080600e+06
736638 12.910000 12.910000 12.080000 12.300000 3.137800e+06
736641 12.710000 12.990000 12.650000 12.760000 1.717200e+06
736642 13.990000 13.990000 12.700000 13.310000 1.630800e+06
736643 11.580000 12.400000 10.250000 11.520000 8.049600e+06
736644 11.970000 11.970000 10.950000 11.510000 3.326100e+06
736645 11.300000 11.780000 11.060000 11.780000 1.716500e+06
736648 11.750000 12.180000 11.600000 11.900000 1.096000e+06
736649 11.990000 12.010000 11.520000 11.730000 1.135300e+06
736650 12.050000 12.080000 11.630000 11.810000 1.129700e+06
736651 11.450000 11.980000 11.270000 11.680000 1.704700e+06
736652 11.580000 11.750000 11.450000 11.700000 1.254600e+06
736655 11.500000 11.730000 10.520000 10.680000 5.759000e+06
736656 10.570000 10.930000 10.360000 10.650000 2.773000e+06
736657 10.530000 10.840000 10.360000 10.830000 1.709300e+06
736659 10.820000 11.730000 10.820000 11.580000 1.840700e+06
736662 11.570000 11.690000 11.440000 11.520000 1.313900e+06
736663 11.440000 11.600000 11.200000 11.370000 1.425000e+06
736664 11.570000 11.630000 11.260000 11.530000 1.193700e+06
736665 11.660000 11.700000 11.180000 11.280000 1.283700e+06
736666 11.240000 11.390000 11.020000 11.070000 1.252600e+06
736669 11.330000 11.990000 11.110000 11.790000 2.217000e+06
736670 11.640000 12.200000 11.640000 11.990000 1.553500e+06
736671 12.050000 13.250000 11.880000 12.720000 2.824000e+06
736672 12.570000 12.840000 12.440000 12.650000 1.243800e+06
736673 12.660000 13.210000 12.580000 12.780000 1.278800e+06
736676 13.000000 13.110000 12.520000 12.680000 9.555000e+05
736677 12.720000 12.770000 12.120000 12.410000 1.398400e+06
736678 12.340000 12.490000 12.070000 12.160000 1.081700e+06
736679 12.090000 12.310000 11.870000 12.220000 8.528000e+05
736680 12.290000 12.740000 12.170000 12.500000 1.472900e+06
736683 12.620000 12.790000 12.420000 12.710000 1.085800e+06
736684 12.750000 12.880000 12.350000 12.530000 1.029700e+06
736685 12.520000 12.700000 12.320000 12.320000 5.756000e+05
736686 12.310000 12.640000 12.230000 12.570000 9.345000e+05
736687 12.470000 12.630000 12.300000 12.330000 4.757000e+05
736691 12.370000 13.370000 12.370000 13.120000 2.034800e+06
736692 13.190000 13.260000 12.390000 12.420000 1.645000e+06
736693 12.420000 12.680000 12.090000 12.170000 9.491000e+05
736694 12.190000 12.390000 12.060000 12.180000 9.030000e+05
736698 12.350000 12.750000 12.230000 12.670000 1.082100e+06
736699 12.650000 12.990000 12.650000 12.850000 9.723000e+05
736700 12.850000 12.980000 12.570000 12.720000 6.961000e+05
736701 12.650000 12.890000 12.520000 12.700000 6.448000e+05
736704 12.680000 12.770000 12.480000 12.610000 4.934000e+05
736705 12.670000 12.770000 12.490000 12.580000 3.811000e+05
736706 12.540000 13.170000 12.540000 12.840000 1.129000e+06
736707 12.830000 12.860000 12.130000 12.400000 1.552900e+06
736708 12.430000 12.950000 12.380000 12.450000 1.208700e+06
736712 12.490000 12.900000 12.400000 12.630000 1.147200e+06
736713 12.670000 12.810000 12.330000 12.440000 8.306000e+05
736714 12.450000 12.730000 12.420000 12.490000 7.747000e+05
736715 12.600000 12.720000 12.440000 12.540000 7.133000e+05
736718 12.490000 12.700000 12.220000 12.630000 1.063000e+06
736719 12.650000 12.850000 12.470000 12.490000 9.516000e+05
736720 12.490000 12.850000 12.450000 12.580000 1.025000e+06
736721 12.580000 12.800000 12.480000 12.530000 8.413000e+05
736722 12.500000 12.730000 12.500000 12.580000 8.080000e+05
736725 12.500000 12.570000 11.680000 11.750000 2.124100e+06
736726 11.700000 11.720000 11.210000 11.710000 1.563500e+06
736727 11.810000 11.970000 11.650000 11.960000 8.463000e+05
736728 11.890000 12.050000 11.700000 11.850000 7.550000e+05
736729 11.820000 12.240000 11.820000 12.160000 9.833000e+05
736732 12.120000 12.230000 11.890000 12.100000 5.872000e+05
736733 12.130000 12.180000 11.820000 12.020000 8.923000e+05
736734 11.930000 11.990000 11.750000 11.950000 7.974000e+05
736735 11.920000 12.120000 11.740000 12.020000 1.051500e+06
736736 12.090000 12.540000 12.020000 12.470000 1.349200e+06
736739 12.470000 13.270000 12.470000 13.110000 1.644300e+06
736740 13.080000 13.670000 12.870000 13.630000 1.290500e+06
736741 13.640000 13.880000 13.490000 13.790000 1.180700e+06
736742 13.660000 13.940000 13.260000 13.410000 9.319000e+05
736743 13.270000 14.290000 13.160000 14.120000 1.862000e+06
736747 14.300000 15.850000 14.150000 15.360000 3.884700e+06
736748 14.970000 14.990000 13.980000 14.080000 3.538200e+06
736749 14.300000 14.790000 14.110000 14.700000 1.888800e+06
736750 14.400000 14.930000 14.260000 14.800000 1.441200e+06
736753 14.740000 15.150000 14.500000 15.130000 1.143600e+06
736754 14.930000 15.000000 14.450000 14.720000 1.455600e+06
736755 14.940000 14.980000 14.330000 14.450000 1.113900e+06
736756 14.450000 14.930000 14.380000 14.670000 1.354000e+06
736757 14.650000 14.740000 14.470000 14.500000 6.957000e+05
736760 14.540000 14.540000 13.540000 13.740000 1.592400e+06
736761 13.720000 13.720000 13.320000 13.380000 1.076900e+06
736762 13.340000 13.680000 13.230000 13.430000 1.039100e+06
736763 13.390000 13.550000 13.170000 13.280000 6.568000e+05
736764 13.400000 13.530000 13.270000 13.470000 7.110000e+05
