736034 37.024232 37.239377 36.828647 37.122023 6.153103e+05
736035 37.444740 38.266196 37.444740 38.168402 9.631581e+05
736036 38.031493 38.197742 37.698998 38.119507 7.565226e+05
736039 38.217302 38.393324 37.943480 38.060830 7.188725e+05
736040 37.943480 38.324871 37.826130 38.217302 6.972604e+05
736041 38.070611 38.647586 37.777234 38.588910 8.426778e+05
736042 38.588911 38.862732 38.354211 38.843173 5.103789e+05
736043 39.116990 39.400589 39.068095 39.312576 1.126863e+06
736046 39.293018 39.909111 39.273459 39.860212 9.242367e+05
736047 39.889552 40.466528 39.605953 40.358955 1.042370e+06
736048 40.231823 40.525201 39.733084 40.055797 1.201772e+06
736049 39.821097 40.368733 39.459262 40.251383 8.712332e+05
736050 40.182929 40.417633 39.928670 40.349174 5.605465e+05
736053 40.652332 41.239085 40.358955 41.151076 7.846868e+05
736054 41.297763 41.913856 40.975050 41.894297 7.947595e+05
736055 41.894297 42.207233 41.522685 42.168115 6.176573e+05
736056 42.148556 42.402819 41.992089 42.207233 3.880405e+05
736060 42.060542 42.891781 42.060542 42.725532 5.772690e+05
736061 42.803768 42.970014 42.099661 42.305024 6.878723e+05
736062 42.441937 42.842885 42.305023 42.647300 4.684260e+05
736063 42.539726 42.608181 40.867476 41.258644 1.198251e+06
736064 41.327099 41.327099 40.515424 41.239086 1.060853e+06
736067 41.395557 41.708493 41.327098 41.395557 5.190825e+05
736068 41.464011 41.649815 40.877254 41.014163 5.254390e+05
736069 41.219530 41.552025 40.671890 40.818581 8.499144e+05
736070 40.887035 41.160853 40.691451 40.828359 1.011761e+06
736071 40.583878 41.072840 40.574101 40.867477 6.409319e+05
736074 40.495865 41.776947 40.339397 41.698711 1.119137e+06
736075 41.894297 42.001870 41.395558 41.806284 6.814180e+05
736076 41.806284 41.913857 41.395557 41.728048 4.766405e+05
736077 41.630257 41.835620 41.327098 41.356439 5.660229e+05
736078 41.512908 41.679153 40.730569 41.444453 4.733156e+05
736081 41.512907 41.786725 41.160853 41.268426 7.851758e+05
736082 41.336880 41.737829 41.327099 41.649816 7.825354e+05
736083 41.659593 42.422377 41.659593 42.217010 9.643316e+05
736084 41.874738 42.217010 41.346658 41.552025 1.830284e+06
736085 39.116991 39.586394 35.303082 36.095203 5.526351e+06
736088 35.674696 37.865248 35.547564 37.219818 2.242186e+06
736089 36.955778 37.073128 36.290789 36.642842 1.579153e+06
736090 35.889839 36.095202 35.449772 35.684476 1.789309e+06
736091 35.567123 35.919177 34.784784 35.175955 1.436376e+06
736092 35.371536 35.743149 35.127055 35.557345 1.095960e+06
736095 35.606241 36.007190 35.371537 35.459550 5.485180e+05
736096 35.234628 35.361759 34.863020 35.156396 6.629352e+05
736097 35.136836 35.811603 34.833679 35.479109 9.410570e+05
736098 35.694253 35.958293 35.518227 35.801826 4.813346e+05
736099 35.762708 35.977853 35.488891 35.625799 5.013820e+05
736102 35.655136 36.007190 35.439996 35.889840 4.749781e+05
736103 35.889840 36.183216 35.576904 36.065866 4.537571e+05
736104 36.016971 36.378802 35.919176 36.300566 4.537571e+05
736105 36.339684 36.916659 36.320124 36.750414 4.000690e+05
736106 36.750414 36.838424 36.349461 36.417920 3.535198e+05
736110 36.329907 36.672179 36.075643 36.574388 3.573337e+05
736111 36.496152 36.936218 36.320125 36.642842 5.107701e+05
736112 36.628129 36.824264 35.990694 36.392770 3.826585e+05
736113 36.314314 36.461416 35.990694 36.000499 4.922978e+05
736116 36.157407 37.118465 35.922047 36.736004 5.037716e+05
736117 36.539868 37.579383 36.177020 36.284895 8.013078e+05
736118 36.382960 36.873296 36.029921 36.804650 3.739305e+05
736119 36.569291 36.569291 36.039726 36.196634 4.353207e+05
736120 36.147601 36.363350 35.500357 36.265281 4.069792e+05
736123 36.157407 36.431998 35.912239 35.931852 3.550036e+05
736124 35.843591 36.196635 35.676879 35.892624 2.798840e+05
736125 36.137792 36.804651 35.863206 36.579096 6.361625e+05
736126 36.579096 36.990980 36.118182 36.206439 5.209334e+05
736127 36.216248 37.059628 36.206440 36.667357 2.741961e+05
736130 36.157406 36.157406 34.235289 34.980598 9.437995e+05
736131 34.902146 35.010021 34.529490 34.588331 5.095576e+05
736132 34.696206 35.225766 34.323549 34.411810 5.680057e+05
736133 34.490262 34.794273 34.392197 34.460843 4.293386e+05
736134 34.509876 34.725625 34.166642 34.490262 8.386714e+05
736137 34.813886 34.882533 34.431424 34.617750 3.594166e+05
736138 34.813886 34.951179 34.529490 34.804081 4.913171e+05
736139 34.804081 34.951179 34.333354 34.431424 3.974667e+05
736140 34.470652 34.637364 33.901859 34.313744 4.014875e+05
736141 34.352969 34.666783 34.196061 34.451038 5.957588e+05
736144 34.117609 34.245093 32.872153 33.136936 7.000043e+05
736145 33.293844 33.313457 32.901573 33.176164 6.015447e+05
736146 33.480169 33.597849 32.342589 32.754474 6.955912e+05
736147 32.744665 32.999643 32.519111 32.783893 4.718998e+05
736151 32.381816 32.803507 32.273942 32.715246 3.820701e+05
736152 32.754474 32.852540 31.705154 32.401431 4.231603e+05
736153 31.999356 32.195491 31.567858 32.175877 8.529892e+05
736154 32.332785 32.332785 31.695347 31.714960 4.839621e+05
736155 31.950322 32.195491 31.862062 32.107230 3.675562e+05
736158 32.205296 32.656405 32.009161 32.617177 3.628490e+05
736159 32.558339 33.313457 32.519111 33.254616 4.625834e+05
736160 33.342876 33.342876 32.813312 32.842735 4.490501e+05
736161 33.058480 33.156549 32.322975 32.519111 7.396234e+05
736162 32.626985 33.342877 32.577953 33.293844 3.656929e+05
736165 33.254616 33.254616 32.558339 32.636791 4.879828e+05
736166 32.558339 32.617177 32.018970 32.058194 4.884731e+05
736167 31.881671 32.244523 31.832639 32.068002 3.236220e+05
736168 32.224910 32.470079 31.969933 31.989547 4.444409e+05
736169 32.058194 32.058194 31.048102 31.155976 4.640544e+05
736172 31.087330 31.214817 30.577380 30.851967 4.297308e+05
736173 30.901001 31.616894 30.587186 31.499210 4.363013e+05
736174 31.518824 32.293557 31.518824 32.136649 4.015855e+05
736175 31.920900 32.009161 31.656119 31.930709 3.584359e+05
736176 31.969933 32.381818 31.656119 32.293557 4.704288e+05
736179 32.372008 32.803507 32.009160 32.489692 3.993300e+05
736180 32.479883 33.058480 32.372008 33.029061 6.632290e+05
736181 33.176164 34.107800 33.176164 33.960701 7.207945e+05
736182 35.323836 37.294987 33.646886 34.911951 1.141503e+06
736183 34.911951 35.922046 34.764853 35.902433 8.017981e+05
736186 36.186830 36.951753 36.137792 36.902720 7.336414e+05
736187 36.490835 36.902719 35.971079 36.804650 6.677401e+05
736188 36.628128 36.892911 35.902433 36.892911 6.412620e+05
736189 37.069432 38.187399 37.020400 37.981459 5.177953e+05
736190 38.108947 38.638512 37.991268 38.560056 5.486865e+05
736193 38.530637 38.922904 38.108948 38.922904 5.241696e+05
736194 38.726772 39.040587 38.246241 38.373729 6.061539e+05
736195 38.226627 38.393343 37.765709 37.903007 5.158339e+05
736196 37.628416 37.755904 37.138080 37.157693 4.933765e+05
736197 36.539868 36.873297 35.667071 35.686684 6.651904e+05
736200 34.058767 36.010307 33.980316 35.264994 9.282068e+05
736201 35.980886 36.284895 35.294418 35.392483 8.910393e+05
736202 36.010307 36.392769 34.960988 36.186829 6.979448e+05
736203 36.284895 37.079241 35.814172 36.951753 9.030036e+05
736204 36.785036 37.344024 36.579096 37.304796 6.446943e+05
736207 37.167503 38.020686 37.079241 37.853970 6.864710e+05
736208 37.209878 37.485215 36.059359 36.236362 7.153855e+05
736209 36.521532 36.757538 36.147859 36.698536 4.768253e+05
736210 36.846040 37.731051 36.796870 37.455715 4.209712e+05
736211 36.905038 37.239377 36.600203 36.875539 4.869538e+05
736215 37.485214 37.976888 37.337714 37.957220 3.988458e+05
736216 38.262060 38.989739 38.222725 38.478397 6.230491e+05
736217 38.448893 38.891401 38.104724 38.793068 5.024907e+05
736218 38.665233 39.068405 38.419396 39.019238 4.573550e+05
736221 39.088072 39.560079 38.940568 39.392911 4.526350e+05
736222 39.589577 39.963250 39.363408 39.904252 6.154773e+05
736223 39.855081 40.926930 39.756748 40.877764 5.286477e+05
736224 40.700761 41.044935 40.346755 40.543426 5.226493e+05
736225 39.992750 40.248422 39.255239 39.383075 7.203022e+05
736228 39.501076 40.356591 39.383075 40.081251 3.987475e+05
736229 39.501076 39.628912 38.832403 39.117571 5.042607e+05
736230 39.166741 39.166741 38.458730 38.625897 6.049555e+05
736231 38.321061 38.871734 37.711382 38.753733 4.554867e+05
736232 39.127406 39.510911 38.812735 38.871734 4.562733e+05
736235 38.852066 38.920905 37.780217 37.937557 3.668870e+05
736236 37.976888 38.183394 37.249213 37.544216 4.627634e+05
736237 38.045723 38.930737 37.868719 38.852067 7.245306e+05
736238 38.999571 39.245408 38.271891 38.842235 3.608886e+05
736239 38.419396 38.616065 38.134224 38.468562 6.513695e+05
736242 38.743902 39.333909 38.478398 39.186405 1.155729e+06
736243 39.206072 39.471576 38.891401 39.176573 4.179228e+05
736244 39.333909 40.582761 39.333909 40.484424 6.288509e+05
736245 40.494259 41.202271 40.248422 41.172768 4.331647e+05
736246 41.330103 41.634942 41.044935 41.054767 3.338465e+05
736249 41.015432 41.654610 40.897431 41.457939 3.940274e+05
736250 41.320271 41.664441 41.064598 41.221934 3.644287e+05
736251 41.221934 41.644774 40.690929 40.887600 3.948141e+05
736252 41.133437 41.703777 40.779431 41.507106 4.644351e+05
736253 41.556272 41.929945 41.300603 41.703776 2.902842e+05
736256 41.546441 41.979113 41.516941 41.939782 2.897926e+05
736257 41.575940 42.264284 41.575940 41.821777 4.000258e+05
736258 41.841444 42.175782 40.592593 40.622095 6.177390e+05
736259 40.553261 41.615275 40.258254 41.123601 4.777103e+05
736260 41.123601 42.028283 41.084267 41.733276 4.335580e+05
736263 41.497275 42.038115 41.251438 41.939782 4.078926e+05
736264 41.733276 41.802110 41.094102 41.418605 3.525302e+05
736265 41.507105 42.067613 41.044935 42.018447 4.541100e+05
736266 41.929945 42.038115 40.484423 40.995765 5.477247e+05
736267 40.897431 41.634942 40.356591 41.094102 6.133140e+05
736270 41.418605 42.578955 39.648580 41.890611 1.309327e+06
736271 42.008616 42.677293 41.762779 42.077450 5.973837e+05
736272 42.303619 42.362621 41.792278 41.900447 4.582400e+05
736273 41.890611 42.195451 41.625111 41.762779 4.585350e+05
736274 41.644774 41.870948 41.546441 41.831613 2.163365e+05
736277 41.841444 41.920114 41.359606 41.369438 3.235214e+05
736278 41.300603 41.595607 40.917099 41.497274 2.480986e+05
736279 41.644773 41.939781 41.025267 41.084266 4.692535e+05
736280 40.681094 41.172767 40.209087 40.277921 4.008125e+05
736281 40.179589 40.346756 38.498066 38.606230 6.469445e+05
736284 38.606229 39.078239 38.252227 39.068404 5.787985e+05
736285 39.038905 39.432241 38.488228 38.547231 4.445715e+05
736286 38.625897 39.265074 38.517728 39.215908 5.571648e+05
736287 39.324077 40.189420 39.265074 40.110754 7.458692e+05
736288 40.386090 40.622095 40.110754 40.297589 3.507601e+05
736291 40.307426 40.700762 39.973087 40.130422 3.778022e+05
736292 39.992750 40.661426 39.796083 40.454924 3.068045e+05
736293 40.415589 41.094102 40.317256 40.917099 3.042478e+05
736295 41.005601 41.595608 41.005601 41.418605 1.859511e+05
736298 41.762778 41.861112 41.241602 41.290772 3.790805e+05
736299 41.433714 41.798467 41.206977 41.699883 3.020531e+05
736300 41.699882 41.906902 41.187260 41.226693 2.472419e+05
736301 41.463290 41.630877 40.457761 40.556340 3.430629e+05
736302 40.704213 41.305560 40.438043 41.305560 2.954481e+05
736305 41.068963 41.226693 40.447900 40.566200 2.857871e+05
736306 40.359176 40.507049 39.885986 40.359176 2.377781e+05
736307 40.300031 40.723930 39.521237 39.639534 2.340320e+05
736308 39.600100 40.112723 39.156487 39.314217 2.886460e+05
736309 38.673438 38.880457 37.776348 37.943938 3.276842e+05
736312 37.884787 38.081951 37.421454 38.022801 5.487034e+05
736313 38.229821 39.659250 38.229821 39.471947 4.965539e+05
736314 39.678967 39.856414 38.387551 39.195917 4.222236e+05
736315 39.264928 39.343791 38.131241 38.141098 2.100767e+05
736316 38.081951 38.279115 37.667908 37.667908 6.215550e+05
736319 37.983368 38.328404 37.086278 37.451032 4.330676e+05
736320 37.717198 37.717198 37.056705 37.184862 3.902833e+05
736321 37.460888 38.081951 37.263724 37.845354 5.816296e+05
736322 37.845355 38.052374 37.648192 37.727058 1.518152e+05
736326 37.667908 37.963651 37.421455 37.884788 2.570014e+05
736327 38.141098 38.486135 37.924221 38.357978 2.658737e+05
736328 38.249538 38.466417 38.062235 38.121381 2.193434e+05
736329 37.904506 38.042518 37.303159 37.313015 2.059363e+05
736333 36.898975 36.898975 35.982169 36.386352 4.168017e+05
736334 36.514509 36.603232 35.548412 35.587842 4.259697e+05
736335 35.232954 35.331533 33.645794 34.020400 9.077365e+05
736336 33.300757 33.665510 32.906434 33.172604 8.844713e+05
736337 33.566927 33.773946 32.117785 32.531824 7.397540e+05
736340 32.788133 34.710469 32.561397 34.552739 1.132107e+06
736341 35.193520 35.469547 34.503450 35.094936 7.813553e+05
736342 35.094936 35.696283 34.966783 35.173803 1.174399e+06
736343 35.272382 35.390683 34.059833 34.621746 5.696027e+05
736344 33.576786 34.345719 33.399340 34.099266 4.725001e+05
736348 34.454160 34.690753 33.921820 34.552739 4.638249e+05
736349 34.000688 34.947067 33.773947 34.562600 5.726587e+05
736350 34.769620 35.124513 34.237281 34.266853 3.431615e+05
736351 34.789336 35.380822 34.533023 35.380822 5.408169e+05
736354 35.292098 35.489262 34.582316 35.035789 3.202906e+05
736355 35.272383 36.997555 35.272383 36.967982 9.107925e+05
736356 36.751101 36.839824 34.996355 35.144229 4.076336e+05
736357 35.538552 35.686426 34.947066 35.242809 5.068064e+05
736358 35.173802 35.972312 35.085079 35.942735 5.899104e+05
736361 35.715999 36.514508 35.508978 36.425785 4.641207e+05
736362 35.804723 36.051176 34.217564 34.562600 7.821439e+05
736363 34.937206 35.193519 33.576786 34.010543 6.191890e+05
736364 33.892246 34.148556 33.192316 33.626077 6.140628e+05
736365 33.557070 34.128839 32.867000 33.054303 6.055848e+05
736368 32.541680 33.842957 32.482534 33.537353 5.602374e+05
736369 33.320472 34.828769 33.123309 34.365436 6.042047e+05
736370 34.740047 36.061036 34.710469 35.607559 5.472247e+05
736371 34.947066 36.682095 34.947066 35.489262 3.950152e+05
736372 36.011742 36.672239 35.607559 36.534225 4.309974e+05
736376 36.908832 36.958125 36.080748 36.632805 4.836398e+05
736377 36.898974 37.224291 36.346918 36.790535 5.274099e+05
736378 36.760962 36.898975 35.577986 35.735716 5.864601e+05
736379 35.706143 36.396209 35.262526 36.080749 3.391196e+05
736382 36.553942 37.313014 36.327201 37.194718 8.029445e+05
736383 38.653720 39.028330 37.224291 38.160814 1.510857e+06
736384 38.298828 38.752305 37.914362 38.703011 7.620333e+05
736385 39.117054 39.767690 38.949464 39.728257 7.179675e+05
736386 39.945137 40.171874 38.910034 39.511381 5.772920e+05
736389 39.560671 39.856414 38.634005 38.742444 7.262483e+05
736390 38.747387 39.508497 38.599117 38.777040 8.056886e+05
736391 38.658427 38.984615 38.460736 38.836349 5.760708e+05
736392 38.885771 39.261384 38.183970 38.885771 5.012449e+05
736393 39.123001 39.389880 38.648540 39.389880 4.469788e+05
736396 39.172423 39.370115 37.857777 38.035700 7.095121e+05
736397 37.867663 38.352004 37.758934 38.006047 7.604175e+05
736398 38.174083 38.786927 38.164200 38.658427 3.716586e+05
736399 38.846231 38.875887 37.739164 38.095008 3.389408e+05
736400 38.411314 38.757271 38.213622 38.648540 6.586067e+05
736403 37.956626 38.490388 35.732605 35.762257 2.149887e+06
736404 35.782027 36.661750 35.366874 36.098331 1.320080e+06
736405 36.137870 36.770480 36.108214 36.414636 6.582113e+05
736406 36.305907 36.464058 35.248261 35.890757 1.020974e+06
736407 36.039023 36.582672 35.900640 36.444289 9.628528e+05
736410 36.493711 36.661750 36.325675 36.612328 9.482237e+05
736411 36.533250 37.116438 36.424519 36.533250 5.974215e+05
736412 36.493711 36.790250 36.167523 36.167523 4.262213e+05
736413 36.078562 36.147754 35.356991 35.584335 4.983784e+05
736417 35.584335 35.851218 35.011030 35.179069 8.696416e+05
736418 35.188951 36.266367 35.060455 36.236714 6.284589e+05
736419 36.375098 36.533250 35.604105 36.177406 6.287554e+05
736420 36.216945 36.829785 36.147754 36.592558 4.783128e+05
736421 36.246597 36.424518 35.702948 35.811679 4.565668e+05
736424 35.712834 35.782026 34.912186 35.159299 4.803885e+05
736425 34.704613 34.783687 34.111537 34.694725 4.941280e+05
736426 34.665073 35.525026 34.358650 35.426182 6.516876e+05
736427 35.900641 35.920410 34.991265 35.633757 8.876315e+05
736428 35.673296 35.959949 35.436066 35.683179 3.973584e+05
736431 35.791909 35.900640 35.198839 35.218608 7.847334e+05
736432 35.297683 35.584335 35.090108 35.505257 4.378850e+05
736433 35.742487 37.630434 35.564565 37.561242 5.890196e+05
736434 37.640320 37.679855 36.602441 36.641980 5.268458e+05
736435 36.632096 36.839671 36.118100 36.810019 4.143598e+05
736438 36.543135 36.829784 36.444288 36.553019 3.023680e+05
736439 36.622210 36.889093 35.979718 36.108214 4.015099e+05
736440 36.157641 37.482165 36.029141 36.839672 8.136951e+05
736441 36.978055 37.057133 35.989601 36.039023 3.485288e+05
736442 35.979718 36.365214 35.841331 35.989601 5.869438e+05
736445 35.950062 36.029140 35.406413 35.475604 7.139601e+05
736446 35.693065 37.027476 35.544795 36.849554 1.410919e+06
736447 36.325676 36.434406 35.129648 35.505257 1.180510e+06
736448 35.406413 35.505256 34.763916 35.080225 6.718520e+05
736449 35.179068 35.544795 33.261470 34.141193 1.166968e+06
736452 34.576112 34.615650 33.528349 33.894080 9.923087e+05
736453 33.686506 33.834772 33.063779 33.409736 6.695786e+05
736454 33.301006 33.567889 32.787009 33.004470 7.209782e+05
736455 33.093431 33.251583 32.618973 32.628856 6.070094e+05
736456 32.609091 32.875970 32.401513 32.678282 4.002249e+05
736459 32.787008 32.925395 32.441051 32.767243 4.743589e+05
736460 32.747473 32.964930 32.510243 32.905626 4.260236e+05
736461 32.698052 32.984701 32.016016 32.016016 5.036172e+05
736462 32.016015 32.371860 31.679941 31.788672 5.619359e+05
736463 31.699712 31.917173 31.531675 31.600866 5.623313e+05
736466 31.600865 31.936941 31.571213 31.699711 5.929734e+05
736467 31.561328 31.729363 30.879295 30.918834 6.131379e+05
736468 30.918834 31.462483 30.632182 30.839758 4.002249e+05
736469 30.691488 30.988025 30.325761 30.889180 6.071083e+05
736470 30.918834 31.462483 30.918834 31.324100 6.025614e+05
736473 31.245023 31.254908 30.493798 30.592644 5.478011e+05
736474 30.780449 31.175832 30.731027 30.988025 4.784116e+05
736475 31.126409 31.274676 30.859525 31.057217 5.921826e+05
736476 31.037448 31.195599 30.938601 31.136293 3.875727e+05
736477 31.254908 31.689828 31.165947 31.620635 6.982437e+05
736481 31.724765 31.923106 31.546256 31.863605 5.571420e+05
736482 31.704930 31.744598 31.149574 31.457003 5.423656e+05
736483 31.387584 31.675180 31.357834 31.526424 5.138043e+05
736484 31.357833 31.496672 31.070237 31.199158 5.124159e+05
736487 31.238828 31.308247 31.050402 31.060320 4.549960e+05
736488 31.179326 31.486755 31.080154 31.288412 3.796261e+05
736489 31.298329 31.754516 31.298329 31.655345 5.314567e+05
736490 31.635512 31.873521 31.367749 31.784267 3.703041e+05
736491 31.516506 31.615675 30.901646 30.931398 6.580979e+05
736494 30.772726 30.792558 30.187618 30.306621 4.084849e+05
736495 30.147947 30.485128 29.701679 30.435544 6.079175e+05
736496 30.504962 30.921480 30.326455 30.356207 3.536434e+05
736497 30.118198 30.465294 29.909938 30.376040 2.463405e+05
736498 30.445462 30.742973 30.147948 30.703304 6.330077e+05
736501 30.980983 31.605761 30.792558 30.812393 6.457016e+05
736502 30.921481 31.169408 30.653719 30.971066 3.640563e+05
736503 30.961148 31.387584 30.742973 30.971066 3.836921e+05
736504 31.367748 31.367748 30.931399 31.199158 4.615413e+05
736505 29.751264 30.772726 29.632258 30.485129 1.415863e+06
736508 30.138029 30.316538 29.047152 29.295079 7.419965e+05
736509 29.781018 30.990901 29.533090 29.721513 1.492423e+06
736510 29.850435 30.247119 29.225657 29.285162 8.892653e+05
736511 29.304995 29.691763 29.156239 29.572757 7.670868e+05
736512 29.741347 30.673554 29.652094 30.485129 4.321867e+05
736516 30.237202 30.376040 29.424000 29.483503 3.784361e+05
736517 29.304994 29.810765 29.185990 29.691762 3.961877e+05
736518 29.781017 30.653720 29.741348 29.909938 3.995595e+05
736519 30.296704 30.782643 30.177700 30.544631 6.328094e+05
736522 30.742973 31.318164 30.584300 30.594217 3.947993e+05
736523 30.792558 31.337998 30.742973 30.832227 3.413462e+05
736524 31.050403 31.099990 30.395876 30.544631 6.699985e+05
736525 30.762807 31.070237 30.663636 30.772725 5.898684e+05
736526 30.921481 30.921481 30.455377 30.614052 7.265259e+05
736529 30.623967 30.852062 30.227284 30.742973 7.654009e+05
736530 30.514881 30.534716 29.493421 29.602509 9.725689e+05
736531 29.671928 29.880186 29.513255 29.552922 6.043474e+05
736532 29.622344 30.058693 29.622344 30.009109 4.633264e+05
736533 29.939690 30.058693 29.731430 29.939690 4.252447e+05
736536 29.939690 30.296703 29.919855 30.019026 5.270932e+05
736537 30.316539 32.329706 30.316539 32.121448 1.697905e+06
736538 32.379295 32.835480 32.379295 32.528048 1.091376e+06
736539 32.418960 32.498298 31.645428 32.409044 5.861991e+05
736540 32.339625 32.775975 32.329705 32.716475 5.727118e+05
736543 32.706558 32.706558 32.210703 32.537968 3.899399e+05
736544 32.418961 32.418961 31.764433 31.794186 7.154187e+05
736545 31.655345 32.042112 31.556174 31.774351 8.207382e+05
736546 33.222245 35.909774 33.023902 34.164369 2.217362e+06
736547 34.630470 34.769312 33.807353 33.866858 8.793482e+05
736550 33.985861 34.194120 33.430503 33.460257 8.273827e+05
736551 33.440422 33.688349 33.232160 33.430503 5.775712e+05
736552 33.539592 33.628846 33.331334 33.549511 4.266331e+05
736553 33.737934 34.005696 33.648680 33.876773 5.341344e+05
736554 33.847023 33.847023 33.341249 33.648680 3.866673e+05
736557 33.658596 34.075116 33.658596 33.668515 5.464316e+05
736558 33.668515 33.975942 33.371004 33.400753 4.721526e+05
736559 33.361084 33.460258 32.835480 33.053657 4.201870e+05
736560 33.123077 33.499923 33.073487 33.470173 3.843863e+05
736561 33.400753 33.678431 33.271830 33.509842 3.330158e+05
736564 33.410670 33.490007 33.202412 33.351169 4.692766e+05
736565 33.490007 33.906523 33.390834 33.876773 4.126500e+05
736566 33.906523 34.481715 33.777603 34.283373 5.324485e+05
736567 34.134615 34.194120 33.321414 33.856938 3.666347e+05
736568 33.936276 34.055280 33.658596 33.668515 4.708633e+05
736571 33.638762 33.837105 33.351169 33.777604 3.555276e+05
736572 33.678431 33.946193 33.420588 33.728015 3.715933e+05
736573 33.732990 34.180642 33.663355 33.812574 3.557333e+05
736574 33.872258 34.091111 33.464398 33.782728 3.304659e+05
736575 33.971739 33.991631 33.663355 33.981685 2.650094e+05
736579 34.140850 34.479075 34.001581 34.479075 4.170118e+05
736580 34.429337 34.807355 34.429337 34.687978 4.927145e+05
736581 34.568605 34.986411 34.469129 34.787458 5.686163e+05
736582 34.598447 34.867038 34.071215 34.071215 6.039309e+05
736585 33.872259 35.065996 33.653410 34.946623 6.696859e+05
736586 34.837196 35.145579 34.170691 34.369648 5.336000e+05
736587 34.270172 34.578551 33.892155 34.290068 5.216626e+05
736588 34.697928 35.026204 34.508918 34.916777 3.618015e+05
736589 34.876988 35.016257 34.548710 34.777508 4.653581e+05
736592 34.996360 35.374377 34.777507 34.896884 4.180066e+05
736593 35.056050 35.225160 34.827246 35.036153 3.683670e+05
736594 35.284848 35.931453 35.205263 35.921507 6.697854e+05
736595 36.130410 36.846652 36.070721 36.757122 8.497411e+05
736596 36.518373 37.204774 36.468635 37.005817 6.358634e+05
736599 36.786964 36.876495 36.190097 36.209994 7.377288e+05
736600 36.030933 36.717330 35.931453 36.528323 3.758279e+05
736601 36.747172 37.672317 36.607902 37.622579 7.240009e+05
736602 37.602684 37.801641 36.607904 36.946129 6.545653e+05
736603 37.075451 37.960805 36.836703 37.821536 5.264376e+05
736606 37.741952 38.100073 37.552945 37.990647 4.050744e+05
736607 37.811586 38.189603 37.393780 37.612633 3.437960e+05
736608 37.761848 38.418402 37.672317 37.990647 4.887354e+05
736609 38.070231 38.269188 37.672318 38.060281 4.656565e+05
736610 38.239343 38.398507 37.841433 38.179658 6.802306e+05
736613 38.269189 39.005324 38.269189 38.398507 4.611800e+05
736614 38.189603 38.866055 38.110023 38.408457 7.237025e+05
736615 38.448249 38.816316 38.259238 38.259238 4.737142e+05
736616 37.930962 38.010542 37.204774 37.383834 6.705812e+05
736617 37.552946 37.771799 36.160252 36.160252 9.145013e+05
736620 36.130410 36.259732 35.533543 35.712604 8.063687e+05
736621 36.050829 36.160251 35.434062 35.792184 7.863736e+05
736622 35.792185 36.259732 35.633020 36.170202 5.599617e+05
736623 36.140360 36.150306 35.752393 35.941403 3.913465e+05
736624 35.712604 36.239835 35.473855 35.961299 6.081090e+05
736627 36.200043 36.816806 36.200043 36.468635 3.573250e+05
736628 36.339312 36.448738 35.354482 35.384324 6.036325e+05
736629 35.235106 35.861819 35.185368 35.742446 5.595638e+05
736630 35.722549 35.812080 34.886934 35.145579 4.180066e+05
736631 33.931947 34.847143 33.384818 34.130903 1.127683e+06
736634 34.270172 36.956079 33.723044 36.558165 1.550066e+06
736635 36.458689 37.055555 34.966519 35.314690 8.307408e+05
736636 35.215214 35.861818 34.717824 34.767562 6.177584e+05
736637 35.016257 35.165471 34.319910 34.369648 2.636167e+05
736638 34.419386 35.215214 34.369648 34.568605 3.839851e+05
736641 33.325131 34.867039 33.325131 34.170692 1.148175e+06
736642 34.071215 34.916776 34.071215 34.518867 6.368582e+05
736643 34.021477 35.613123 33.474349 35.215214 7.946303e+05
736644 35.563385 37.105293 35.563385 36.607903 6.994298e+05
736645 36.657641 37.005817 36.110513 36.856598 4.817720e+05
736648 37.254512 37.831482 36.906336 37.105293 5.402650e+05
736649 36.956079 38.100073 36.956079 37.204774 5.840353e+05
736650 37.304251 37.851379 37.304251 37.652422 3.375289e+05
736651 37.801640 38.348768 37.552945 38.199554 3.482725e+05
736652 38.199554 38.398506 37.801640 38.249292 3.907496e+05
736655 38.249292 38.597463 37.930962 38.100073 2.705802e+05
736656 38.199554 38.716836 38.100073 38.547725 3.680686e+05
736657 38.398506 39.094853 38.398506 38.547725 5.985591e+05
736659 38.647202 39.492768 38.497988 39.144592 2.858003e+05
736662 39.144591 39.443029 38.468141 38.597463 4.028859e+05
736663 38.647201 39.542505 38.497987 39.045115 7.152468e+05
736664 39.199720 39.279518 37.952910 38.202272 4.401740e+05
736665 38.202272 39.628624 38.152401 38.202272 5.073022e+05
736666 38.252143 38.451634 37.753419 37.853167 4.125446e+05
736669 38.302021 38.451635 37.903039 38.002782 4.025702e+05
736670 38.102529 38.401763 37.603805 37.853167 6.132313e+05
736671 37.903039 38.850616 37.803296 38.700997 1.054702e+06
736672 38.750868 39.099978 38.252144 38.651125 7.287358e+05
736673 38.700996 39.099978 38.651125 38.900487 7.328253e+05
736676 38.551382 38.950358 37.803296 38.551382 5.976711e+05
736677 38.700996 39.848063 38.381813 38.850615 9.550568e+05
736678 38.950359 39.149849 38.351892 38.501506 6.468453e+05
736679 38.451634 39.199720 38.252143 39.099977 3.053189e+05
736680 39.299468 39.648573 38.750867 38.850615 6.320830e+05
736683 38.850615 39.449082 38.750867 39.299468 4.274066e+05
736684 39.498954 40.107399 39.399211 39.698445 3.576850e+05
736685 39.798192 39.848064 38.900487 39.399211 3.713500e+05
736686 39.299468 39.548830 38.800744 38.900487 3.006309e+05
736687 38.900487 39.249592 38.850615 39.050106 1.949014e+05
736691 39.050106 39.578752 39.050106 39.349340 1.549037e+05
736692 39.399211 39.598702 38.551382 38.900487 1.911111e+05
736693 38.950359 39.279519 38.601254 38.700997 3.769358e+05
736694 38.950359 39.399211 38.601254 38.750868 3.244700e+05
736698 39.149850 39.149850 38.002782 38.700997 4.505474e+05
736699 38.800745 39.249593 38.321966 38.950359 5.505915e+05
736700 38.800744 38.900487 38.152400 38.601253 3.018279e+05
736701 38.551382 38.850615 38.212248 38.601253 2.998330e+05
736704 38.401762 38.531432 37.055209 37.055209 4.737880e+05
736705 37.055209 37.304571 36.606357 36.656228 5.449061e+05
736706 36.706100 37.005334 36.107633 36.456738 5.704407e+05
736707 36.356994 36.506608 35.309674 35.309674 5.881953e+05
736708 35.309675 36.257247 35.259798 36.157504 1.107068e+06
736712 35.808399 36.885641 35.808399 36.157504 7.798051e+05
736713 36.207375 36.327068 35.509161 36.157504 8.208003e+05
736714 36.057762 36.257247 35.359547 35.509161 5.315403e+05
736715 35.559038 35.858271 34.960566 35.010437 6.349757e+05
736718 34.910694 35.359547 34.810951 35.160056 6.166226e+05
736719 35.110184 36.107633 35.110184 36.007885 5.340339e+05
736720 36.307123 36.706100 36.207375 36.406866 5.668499e+05
736721 36.356994 36.506608 35.559036 35.559036 3.047205e+05
736722 35.608908 35.758522 35.259798 35.359546 3.838181e+05
736725 35.359546 35.389468 34.711202 34.910693 3.216771e+05
736726 34.761074 36.556485 34.761074 36.157504 7.814011e+05
736727 36.307124 36.606357 35.608909 36.007885 4.371816e+05
736728 35.908142 36.107632 35.259798 35.459289 5.907887e+05
736729 35.608908 36.107633 35.608908 35.908142 3.354419e+05
736732 35.858271 36.107633 35.738578 35.908142 2.764927e+05
736733 35.908142 36.057761 34.491767 34.611460 1.651974e+06
736734 35.160055 35.758522 34.960564 35.559036 4.749251e+06
736735 35.559037 35.808399 35.060313 35.209927 2.725727e+06
736736 35.309675 36.406866 35.309675 35.808399 1.005528e+07
736739 35.858270 36.805847 35.658780 36.755971 9.342102e+05
736740 36.755971 38.302020 36.706099 37.853167 1.173299e+06
736741 37.753420 38.601254 37.504058 38.501506 1.193048e+06
736742 38.302020 38.551382 37.404314 37.603805 1.230153e+06
736743 39.349340 41.793090 38.950359 40.496403 2.630870e+06
736747 40.596149 41.593598 40.296916 40.795640 1.135296e+06
736748 40.895384 42.092323 39.997678 41.842961 2.328843e+06
736749 41.892832 42.271863 41.693341 42.042451 1.326706e+06
736750 41.793090 41.793090 41.094875 41.443980 9.430875e+05
736753 41.294365 41.344237 40.446531 41.045003 1.544050e+06
736754 40.849998 41.000000 40.150002 40.450001 8.626000e+05
736755 41.049999 41.700001 40.700001 41.599998 9.302000e+05
736756 41.500000 41.650002 40.950001 41.150002 8.622000e+05
736757 41.099998 41.299999 40.650002 40.950001 5.577000e+05
736760 40.700001 40.900002 40.330002 40.549999 7.126000e+05
736761 40.549999 40.779999 40.150002 40.349998 2.709000e+05
736762 40.549999 40.849998 40.330002 40.549999 3.577000e+05
736763 40.549999 40.650002 40.099998 40.200001 2.691000e+05
736764 40.549999 41.049999 40.490002 40.650002 6.584000e+05
