736034 30.009277 30.325793 29.898067 30.188921 2.583296e+06
736035 30.248803 30.488328 30.000721 30.120483 3.424719e+06
736036 30.000721 30.000721 29.256478 29.444675 6.127264e+06
736039 29.649985 29.684204 29.436122 29.513113 4.927920e+06
736040 29.393351 30.111931 29.393351 30.052049 5.259322e+06
736041 30.009276 30.223140 29.744084 30.043492 6.377228e+06
736042 30.000720 30.129039 29.769747 29.821076 2.770896e+06
736043 29.786858 30.240246 29.778304 30.197474 7.971107e+06
736046 30.248802 30.496884 30.111930 30.214583 4.822186e+06
736047 30.291574 30.445556 30.103374 30.103374 2.859093e+06
736048 30.171811 30.197474 29.632875 29.632875 2.421701e+06
736049 29.564441 29.718423 29.470341 29.564441 3.628830e+06
736050 29.590103 29.615766 29.128158 29.170930 2.962774e+06
736053 29.307803 29.436123 29.119606 29.136715 4.095907e+06
736054 29.401904 29.786858 29.170930 29.555885 5.887994e+06
736055 29.521665 30.471218 29.444675 30.368565 7.067834e+06
736056 30.411337 30.513991 30.300128 30.308684 3.131384e+06
736060 30.223140 30.462666 30.180365 30.265912 2.856955e+06
736061 30.419893 30.642310 30.291574 30.291574 2.025113e+06
736062 30.214584 30.531100 29.872401 30.368565 2.749510e+06
736063 30.377118 30.727854 30.265912 30.685082 2.218958e+06
736064 30.796291 30.830510 30.539657 30.642310 2.377901e+06
736067 30.599537 30.693638 30.368565 30.437003 1.556496e+06
736068 30.428447 30.625200 30.360013 30.522547 1.781052e+06
736069 30.539656 31.121364 30.505437 30.958826 3.590078e+06
736070 30.890391 30.890391 30.000720 30.180364 3.949795e+06
736071 29.992167 30.009277 29.538775 29.667094 3.294861e+06
736074 29.846738 30.334346 29.769747 30.129039 2.258053e+06
736075 30.231692 31.224017 30.231692 31.052926 5.076940e+06
736076 31.070037 31.121365 30.830511 31.027264 3.081768e+06
736077 30.984492 31.480652 30.967383 31.360890 2.646257e+06
736078 31.377999 31.540534 31.052926 31.147027 2.174646e+06
736081 31.266789 31.283899 30.839063 31.044373 3.343365e+06
736082 31.010154 31.651743 30.847619 31.463543 3.008883e+06
736083 31.292456 31.326672 30.873283 31.061483 2.536673e+06
736084 30.916053 31.206908 30.633756 30.762072 3.572969e+06
736085 30.933164 30.993046 30.702191 30.916054 2.114422e+06
736088 30.924612 31.129918 30.719301 30.813401 2.235126e+06
736089 30.821954 30.916054 30.291574 30.377118 3.401365e+06
736090 30.522546 30.967382 29.034058 29.538775 8.030133e+06
736091 29.555884 29.932286 29.273587 29.641432 3.304870e+06
736092 29.906620 30.146149 29.769747 29.898067 2.978001e+06
736095 29.846738 29.898067 29.299249 29.427569 3.716514e+06
736096 29.350578 29.992167 29.136714 29.940839 4.091715e+06
736097 29.863848 30.052049 29.273587 29.384793 4.592155e+06
736098 29.453231 29.513112 29.265030 29.376240 2.323152e+06
736099 29.427569 29.598657 29.384793 29.513113 2.319902e+06
736102 29.530222 29.701313 29.393350 29.427569 2.409981e+06
736103 29.410459 29.444674 28.871523 29.051167 4.584028e+06
736104 29.136714 29.564441 29.076833 29.393350 3.944834e+06
736105 29.453230 29.496003 29.170929 29.299249 3.668523e+06
736106 29.299249 29.393350 28.931404 29.042614 4.213874e+06
736110 29.008396 29.085387 28.657660 28.743204 3.543199e+06
736111 28.931405 29.102495 28.751760 29.034058 2.788775e+06
736112 28.957067 29.145269 28.931406 29.136715 3.398114e+06
736113 29.180174 29.380097 28.693402 28.893329 4.730370e+06
736116 28.893329 29.006327 28.554324 28.571710 4.186751e+06
736117 28.536943 28.789018 28.432633 28.649941 3.999431e+06
736118 28.597789 28.823788 28.493478 28.676020 3.778733e+06
736119 28.563019 28.945480 28.441326 28.536943 4.152242e+06
736120 28.458713 28.493479 27.971940 27.971940 3.369932e+06
736123 27.989325 28.111017 27.858939 28.006710 3.288311e+06
736124 28.058861 28.058861 27.667707 27.876323 2.683063e+06
736125 27.876324 28.250095 27.876324 28.041477 2.774420e+06
736126 28.137093 28.536943 28.076247 28.450018 3.227725e+06
736127 28.389171 28.728172 28.284864 28.302249 2.681064e+06
736130 28.206633 28.250094 27.911094 28.137093 2.594576e+06
736131 28.024096 28.137093 27.728554 28.006710 2.959567e+06
736132 28.111017 28.241404 27.798093 27.998016 2.798237e+06
736133 28.024095 28.241403 28.024095 28.128402 3.245371e+06
736134 28.111017 28.337016 28.024095 28.215324 3.593151e+06
736137 28.371786 28.649941 28.250094 28.380481 3.030844e+06
736138 28.493479 28.693402 28.241404 28.293555 4.407449e+06
736139 28.302250 28.389172 27.389553 27.711169 9.882926e+06
736140 27.398245 27.502552 25.981393 26.007471 1.458887e+07
736141 26.033549 26.285625 25.451162 26.068317 1.350467e+07
736144 26.155241 26.363857 25.642393 25.668471 5.877410e+06
736145 25.903162 25.955318 25.529393 25.538084 4.762531e+06
736146 25.633700 25.746702 25.538084 25.703239 4.140247e+06
736147 25.711931 25.807548 25.625008 25.738009 3.179657e+06
736151 25.581546 25.746702 25.390314 25.598932 4.278107e+06
736152 25.668471 26.024857 25.416392 25.972701 3.937715e+06
736153 25.798855 25.946625 25.546777 25.633701 5.737638e+06
736154 25.842317 25.937933 25.512008 25.633701 3.747353e+06
736155 25.920548 26.111780 25.746702 25.868394 3.203735e+06
736158 25.955318 26.103088 25.738010 26.077010 3.413394e+06
736159 26.016163 26.155241 25.859701 26.059625 4.020814e+06
736160 25.946625 26.050932 25.581547 25.790163 4.845717e+06
736161 25.903162 26.537704 25.859701 26.502934 5.123524e+06
736162 26.511626 27.059243 26.502934 26.894090 7.833881e+06
736165 26.894091 26.946244 26.476857 26.511627 4.772093e+06
736166 26.398628 26.416011 25.790163 25.833624 4.036982e+06
736167 25.816240 25.903162 25.303392 25.372931 4.103739e+06
736168 25.390314 25.512008 25.120853 25.173006 5.102575e+06
736169 25.251237 25.251237 24.347234 24.364620 5.667925e+06
736172 24.303772 24.599311 23.903925 24.442851 5.070414e+06
736173 24.625391 24.747082 24.321159 24.529774 3.894341e+06
736174 24.442852 24.495005 24.147312 24.477620 5.631765e+06
736175 24.442852 24.529773 24.225543 24.477620 4.837633e+06
736176 24.703621 25.259930 24.668851 24.860083 6.019443e+06
736179 24.981776 25.233854 24.686236 25.120853 5.538496e+06
736180 25.103467 25.112160 24.660160 24.712313 4.421183e+06
736181 24.912237 25.129546 24.686236 24.825313 4.944983e+06
736182 23.921311 24.390697 23.017308 24.277697 1.174170e+07
736183 24.251619 24.399389 23.756156 24.034311 6.697359e+06
736186 24.182080 25.033928 24.095156 24.999160 5.105009e+06
736187 24.877469 25.138238 24.425466 24.547159 3.957447e+06
736188 24.329850 24.816620 24.025617 24.799237 4.610763e+06
736189 24.816621 24.877469 24.121234 24.312465 5.081801e+06
736190 24.329851 24.668851 24.329851 24.573236 3.317256e+06
736193 24.425466 24.842698 24.303773 24.703621 2.861865e+06
736194 24.608004 24.868775 24.382003 24.442851 4.131815e+06
736195 24.338543 24.807930 24.269004 24.660160 3.271535e+06
736196 24.477620 24.538466 24.077773 24.086464 3.268927e+06
736197 23.982156 24.295081 23.564925 23.564925 5.002527e+06
736200 22.391459 23.199847 21.565686 22.478383 8.803511e+06
736201 23.112923 23.112923 21.869919 21.878611 6.154174e+06
736202 22.391460 23.052077 22.026381 22.921693 7.741569e+06
736203 23.182462 23.295461 22.791306 23.243308 6.643031e+06
736204 23.208540 23.704002 23.139001 23.504079 4.159457e+06
736207 23.451924 23.721387 23.304154 23.504079 4.788521e+06
736208 23.104231 23.165077 22.400152 22.513152 5.385337e+06
736209 22.930383 23.608386 22.695692 23.469309 8.844800e+06
736210 23.398351 23.895057 23.398351 23.744271 4.459169e+06
736211 23.398351 23.416091 23.132260 23.220957 5.272789e+06
736215 23.593486 24.010363 23.549136 23.912795 8.507669e+06
736216 24.161149 24.409501 23.850707 23.921665 5.154378e+06
736217 23.948274 24.054712 23.673313 23.753141 6.946153e+06
736218 23.699921 23.708792 23.158870 23.309655 5.374436e+06
736221 23.300785 23.318525 22.892776 23.123390 3.282865e+06
736222 23.318525 23.540268 22.892776 23.478178 4.831077e+06
736223 23.513658 23.620094 23.141129 23.176607 4.376946e+06
736224 23.087911 23.407220 22.715383 23.096781 5.002174e+06
736225 22.848428 22.928256 22.537988 22.733121 7.391768e+06
736228 22.812948 23.123390 22.795211 22.954864 3.679519e+06
736229 22.768601 22.875039 22.467030 22.511378 4.649425e+06
736230 22.555726 22.919385 22.307374 22.307374 3.591709e+06
736231 22.174329 22.431552 22.005803 22.192068 6.024410e+06
736232 22.413811 22.706512 22.245286 22.493639 5.091758e+06
736235 22.351724 22.369462 21.784060 21.828410 6.118696e+06
736236 21.908237 22.023542 21.544578 21.899367 4.683129e+06
736237 22.094501 22.378332 22.023543 22.280766 4.898664e+06
736238 22.280767 22.351725 21.713103 21.819540 3.954304e+06
736239 21.597796 21.863888 21.384923 21.863888 4.409410e+06
736242 22.014674 22.795211 21.996934 22.741991 3.571043e+06
736243 22.724253 22.945996 22.635555 22.724253 4.752580e+06
736244 22.954865 23.220958 22.883907 23.114520 3.450769e+06
736245 23.061302 23.549136 22.901647 23.513658 3.259892e+06
736246 23.495919 23.575747 22.715384 22.812949 4.453226e+06
736249 22.830688 22.963733 22.600075 22.937126 3.141481e+06
736250 22.866168 23.105649 22.768600 22.866168 2.962047e+06
736251 22.928256 23.398351 22.928256 23.220957 3.079837e+06
736252 23.336262 23.957144 23.291914 23.930535 3.690518e+06
736253 24.054712 24.063580 23.602356 23.779749 3.633308e+06
736256 23.708792 23.974885 23.628964 23.877317 3.931508e+06
736257 23.868447 24.232106 23.806359 24.170018 2.364050e+06
736258 24.347413 24.391761 24.099060 24.125670 2.650542e+06
736259 24.320803 24.817508 24.311933 24.755420 3.672157e+06
736260 24.906206 24.986034 24.702203 24.852988 3.145828e+06
736263 24.870727 25.181166 24.790900 25.119079 3.743027e+06
736264 25.003774 25.101339 24.418372 24.515937 3.222285e+06
736265 24.648985 25.092471 24.569157 24.941686 2.739949e+06
736266 24.861858 24.923945 24.595765 24.906206 2.691964e+06
736267 24.959424 25.145689 24.737681 25.021512 3.300250e+06
736270 25.110209 25.243255 24.844118 25.198907 4.264922e+06
736271 25.012644 25.305345 24.923945 25.269865 3.968939e+06
736272 25.305345 25.367432 24.799769 24.852988 5.505886e+06
736273 25.056991 26.050402 25.012643 25.464998 6.602539e+06
736274 25.518217 25.518217 24.852987 25.340822 4.691556e+06
736277 25.278735 25.606916 25.198908 25.553696 3.915100e+06
736278 25.438390 25.527088 25.163429 25.367432 2.899781e+06
736279 25.438390 25.527088 25.154560 25.216647 3.416443e+06
736280 25.083601 25.101339 24.755420 24.835248 3.245257e+06
736281 24.835248 25.012644 24.542547 24.569157 3.973994e+06
736284 24.613505 25.260995 24.560287 25.260995 2.986527e+06
736285 25.234387 25.252125 24.879596 24.950554 3.641912e+06
736286 25.056991 25.287604 24.986034 25.269865 3.361096e+06
736287 25.287605 25.394041 25.207777 25.252125 3.395688e+06
736288 25.405826 25.414868 24.537868 24.619240 5.240381e+06
736291 24.601158 24.845272 24.393211 24.691570 3.751202e+06
736292 24.510746 24.818148 24.447458 24.619240 3.227715e+06
736293 24.574033 24.574033 24.375126 24.393209 2.685965e+06
736295 24.465539 24.583077 24.420334 24.465539 1.474985e+06
736298 24.465539 24.528827 24.311838 24.348004 4.154712e+06
736299 24.402251 24.519788 24.058686 24.438417 5.011548e+06
736300 24.501705 24.501705 23.923066 23.932107 3.857527e+06
736301 24.040603 24.230467 23.778406 23.923066 5.884026e+06
736302 23.950190 24.230467 23.877860 24.149096 4.984695e+06
736305 24.140056 24.592117 23.950190 24.528827 4.877195e+06
736306 24.275674 24.402251 23.923065 23.995397 5.855998e+06
736307 23.950190 24.483622 23.760326 23.850736 4.777290e+06
736308 23.859777 24.031561 23.443882 23.498129 4.618707e+06
736309 23.217851 23.217851 22.467430 22.521677 5.381062e+06
736312 22.530719 22.530719 21.888791 22.042492 5.777339e+06
736313 22.160029 22.991821 22.160029 22.910450 6.340698e+06
736314 23.064151 23.760326 23.055109 23.615666 6.151646e+06
736315 23.606624 23.678954 22.955655 22.964697 3.954991e+06
736316 22.865244 22.973738 22.584965 22.702502 7.913146e+06
736319 22.865245 22.991821 22.584966 22.747708 5.062812e+06
736320 22.783874 22.874285 22.331813 22.765791 4.757128e+06
736321 22.892368 23.534295 22.892368 23.525253 3.678963e+06
736322 23.498129 23.516211 23.181685 23.389635 1.431135e+06
736326 23.272099 23.389636 23.027985 23.362511 2.919319e+06
736327 23.507171 23.669912 23.272099 23.398675 3.126182e+06
736328 23.335386 23.398675 22.928533 22.946614 2.506497e+06
736329 22.874284 22.910450 22.684419 22.747708 2.921128e+06
736333 22.467429 22.810996 22.404142 22.702502 4.465458e+06
736334 22.702503 22.774832 22.395100 22.594007 3.872806e+06
736335 22.313730 22.512637 22.205234 22.349894 3.691892e+06
736336 22.069617 22.331813 21.852628 21.897833 4.432729e+06
736337 22.033453 22.196193 21.608514 21.671802 3.921719e+06
736340 21.861668 21.988245 21.545226 21.807422 4.494752e+06
736341 22.015369 22.033452 21.066040 21.156453 5.440463e+06
736342 21.246866 21.409607 20.794805 20.812887 6.253450e+06
736343 20.885217 21.680844 20.812887 21.599472 6.490420e+06
736344 21.047960 21.337278 20.577815 21.057001 6.220178e+06
736348 21.283032 21.337278 20.858094 20.993711 4.069543e+06
736349 20.586857 20.704392 19.836436 20.107672 7.500505e+06
736350 20.225209 20.858093 20.225209 20.451239 9.556388e+06
736351 20.858093 21.545226 20.858093 21.518101 5.710525e+06
736354 21.400566 21.852627 21.237824 21.481937 6.895467e+06
736355 21.545226 22.358936 21.536185 22.205234 4.781630e+06
736356 22.042493 22.639215 21.906875 22.268523 5.810792e+06
736357 22.458388 22.603048 22.006327 22.440306 4.418444e+06
736358 22.521678 22.991821 22.467430 22.982780 4.394123e+06
736361 22.783874 23.570459 22.612089 23.416758 4.315645e+06
736362 23.190728 23.190728 22.521677 22.792913 3.901105e+06
736363 22.973738 23.706076 22.720583 23.579500 4.413110e+06
736364 23.660871 24.140057 23.615666 23.995397 5.173567e+06
736365 23.914025 24.447457 23.832655 24.058685 7.806008e+06
736368 23.760325 23.959231 22.937574 23.172644 8.399383e+06
736369 22.883326 23.055110 22.196193 22.431265 9.305314e+06
736370 22.657295 23.127440 22.150988 22.232359 6.371619e+06
736371 23.597582 25.089383 22.937574 24.673488 1.359890e+07
736372 24.863353 25.975423 24.664447 25.866929 9.651501e+06
736376 26.129124 26.355154 25.668020 26.147206 5.351317e+06
736377 26.355154 26.978998 25.993506 26.879545 6.419808e+06
736378 26.978998 27.855996 26.843381 27.412977 7.453400e+06
736379 27.412977 27.440101 26.617351 26.879545 5.886647e+06
736382 27.232154 27.286400 26.870503 27.114617 4.950972e+06
736383 26.852423 26.897628 26.246661 26.445567 6.160777e+06
736384 26.291866 27.241193 26.083918 27.132699 6.438071e+06
736385 27.259276 27.675173 26.951874 27.494348 4.250006e+06
736386 27.566678 27.566678 26.942833 27.277359 4.366728e+06
736389 27.277359 27.865038 27.141740 27.657090 5.775350e+06
736390 27.937367 28.362305 27.747503 28.136275 6.254444e+06
736391 27.989060 29.102365 27.906252 28.660724 5.934932e+06
736392 28.697528 29.093166 28.605519 28.863144 4.943078e+06
736393 28.872344 29.461201 28.697529 29.065563 5.789834e+06
736396 28.927551 29.350790 28.761934 29.231179 4.689318e+06
736397 29.433598 29.433598 28.485907 28.991956 5.106945e+06
736398 29.074763 29.148370 28.449104 29.010358 3.870716e+06
736399 29.028758 29.461200 28.835541 29.175972 6.037706e+06
736400 29.396795 29.424397 28.872343 29.323188 3.798397e+06
736403 29.286384 29.498005 29.148370 29.396795 3.245516e+06
736404 29.221977 29.378392 28.587117 28.817139 5.146877e+06
736405 28.899947 29.626817 28.614720 29.599212 4.889713e+06
736406 29.065563 29.083966 28.292690 28.798737 7.294822e+06
736407 28.945950 29.194375 28.826340 29.166773 7.281296e+06
736410 29.166773 29.451997 29.010358 29.166773 3.284344e+06
736411 29.166773 29.525606 29.074763 29.093166 3.752025e+06
736412 29.056362 29.093166 28.421501 28.541113 4.697046e+06
736413 28.403101 28.669925 28.228283 28.669925 4.983930e+06
736417 28.807937 28.835541 28.329494 28.596318 2.905452e+06
736418 28.614720 29.102366 28.412300 29.065563 3.121949e+06
736419 28.844742 29.479603 28.844742 29.323188 3.368440e+06
736420 29.359991 29.893643 29.157572 29.405994 6.263679e+06
736421 29.277184 29.626818 28.863145 29.608415 5.722576e+06
736424 29.626816 30.086860 29.580813 29.654418 4.772310e+06
736425 29.645219 29.829234 29.249582 29.534806 4.849965e+06
736426 29.580813 29.921244 29.387594 29.893643 3.526327e+06
736427 29.783230 29.866038 29.221977 29.323188 5.248639e+06
736428 29.571610 29.691222 29.194375 29.332387 3.563683e+06
736431 29.580813 29.792432 29.405994 29.516407 2.687575e+06
736432 29.525607 29.829234 29.396796 29.442799 3.247541e+06
736433 29.470400 29.718824 29.148370 29.617614 3.044477e+06
736434 29.516408 29.709625 29.277183 29.525607 3.113208e+06
736435 29.488803 29.709625 29.442799 29.682020 2.720607e+06
736438 29.553208 29.810836 29.405994 29.645219 2.750601e+06
736439 29.820035 30.307680 29.663622 30.096060 3.292625e+06
736440 30.059256 30.289278 29.948846 30.178868 3.649619e+06
736441 30.068459 30.142064 28.771135 28.881545 4.000540e+06
736442 28.863145 29.065563 28.780337 28.881545 3.827748e+06
736445 28.817139 28.927551 28.531912 28.688327 3.420793e+06
736446 28.890746 29.185173 28.568715 28.909148 2.907476e+06
736447 28.899947 29.093166 28.734331 29.056362 4.070007e+06
736448 28.881544 29.157572 28.734331 28.853943 3.092414e+06
736449 28.835540 28.899946 28.476707 28.476707 4.931301e+06
736452 28.697529 28.982755 28.384698 28.964353 7.125433e+06
736453 28.495107 28.522711 27.814243 28.136274 6.991008e+06
736454 28.025863 28.752733 28.016664 28.485907 6.124838e+06
736455 27.041369 27.105775 25.826855 25.946467 1.888157e+07
736456 25.909663 26.388108 25.403616 26.259297 8.690226e+06
736459 26.259297 26.259297 25.587631 25.955666 5.573062e+06
736460 26.277696 26.489318 26.029274 26.434112 5.451058e+06
736461 26.489319 26.516921 26.001672 26.047675 3.591653e+06
736462 26.222492 26.415710 25.983270 26.185688 3.625881e+06
736463 26.158087 26.250097 25.633638 25.652038 3.784228e+06
736466 25.661238 25.928064 25.560030 25.596833 3.554666e+06
736467 25.560030 25.744046 25.201194 25.256401 4.778106e+06
736468 25.293204 25.403616 24.612340 24.731950 5.410758e+06
736469 24.731950 24.943572 24.520330 24.768754 6.014612e+06
736470 24.961972 25.035579 24.695148 24.897566 4.182166e+06
736473 24.842361 24.925169 24.750352 24.759553 3.669585e+06
736474 24.989576 25.072383 24.805557 25.026380 3.811370e+06
736475 25.118387 25.376012 24.934370 25.007977 3.676669e+06
736476 25.007976 25.148789 24.735743 24.998589 3.653380e+06
736477 25.017365 25.270824 25.017365 25.167562 2.978709e+06
736481 25.289599 25.552444 25.223888 25.458572 5.683776e+06
736482 25.392858 25.589994 25.205111 25.252048 3.756547e+06
736483 25.205112 25.486733 25.045526 25.458572 3.460188e+06
736484 25.392859 25.787129 25.383473 25.674481 4.240185e+06
736487 25.665093 25.881003 25.477345 25.486733 4.071494e+06
736488 25.411634 25.758968 25.402245 25.618157 4.857499e+06
736489 25.721418 25.768356 25.364697 25.383473 4.275669e+06
736490 25.383472 25.467957 25.139401 25.345922 3.037380e+06
736491 25.242660 25.430409 24.970427 25.308372 5.223419e+06
736494 25.045527 25.514896 25.045527 25.242661 5.327338e+06
736495 25.252049 25.317760 24.932878 25.045527 5.282090e+06
736496 25.130013 26.265885 25.120625 25.561832 8.534723e+06
736497 25.411634 25.702641 25.308371 25.571219 6.638003e+06
736498 25.439796 25.796517 25.421022 25.777741 9.938512e+06
736501 25.993652 26.218949 25.871615 25.881003 4.050091e+06
736502 25.946713 26.472408 25.871614 26.359759 4.440606e+06
736503 26.275273 26.547508 26.190786 26.209561 4.415166e+06
736504 26.538120 26.979326 26.444246 26.772804 3.265024e+06
736505 26.247110 26.500570 26.031201 26.218949 6.757692e+06
736508 26.059363 26.115687 24.942265 25.176949 7.316617e+06
736509 25.486733 26.200174 25.421021 26.134462 4.494677e+06
736510 26.425471 26.716479 26.209561 26.707093 7.077802e+06
736511 26.735255 27.251562 26.547508 27.232786 5.153765e+06
736512 27.223398 27.598893 27.073200 27.570732 3.770628e+06
736516 27.561345 27.589505 27.026265 27.157687 3.398794e+06
736517 27.138912 27.702154 26.885451 27.692767 4.092897e+06
736518 27.720931 27.927452 27.401760 27.580118 3.350168e+06
736519 27.786641 28.378046 27.664605 28.368658 4.788314e+06
736522 28.312335 28.640893 28.302947 28.471920 4.548654e+06
736523 28.706604 29.100874 28.603342 28.856802 5.236749e+06
736524 28.791091 29.175974 28.622118 28.988225 3.706794e+06
736525 29.138425 29.410658 29.110262 29.382495 4.101346e+06
736526 29.598406 29.626566 29.260459 29.401270 4.288530e+06
736529 28.744155 29.100874 28.359270 29.025775 4.611925e+06
736530 28.922512 28.931900 28.471919 28.622117 4.429153e+06
736531 28.725379 28.725379 28.368658 28.678441 3.756360e+06
736532 28.631506 28.875577 28.603343 28.762928 3.351013e+06
736533 28.866189 29.138424 28.744154 29.007000 2.146612e+06
736536 28.960064 29.082100 28.847415 28.988225 2.932899e+06
736537 28.950676 29.166586 28.697217 28.753540 2.343090e+06
736538 28.960063 28.960063 28.424984 28.828639 4.875335e+06
736539 28.715991 29.072710 28.631505 28.941288 3.255355e+06
736540 28.875576 29.570242 28.866189 29.513919 5.837541e+06
736543 29.504532 29.513920 28.950676 29.119649 7.523702e+06
736544 29.119649 29.175974 28.509471 28.715992 6.269455e+06
736545 28.687829 28.744155 28.396821 28.640893 6.166100e+06
736546 27.880516 28.697217 27.364209 28.396821 7.517976e+06
736547 28.396821 28.434371 27.983775 28.049487 4.496930e+06
736550 28.171523 28.490694 28.171523 28.424983 3.413908e+06
736551 28.481306 28.500082 28.218459 28.302946 2.708259e+06
736552 28.302947 28.509470 28.237235 28.481307 3.826296e+06
736553 28.565793 28.687828 28.378046 28.556406 3.687644e+06
736554 28.518856 28.650280 28.058874 28.124586 3.001990e+06
736557 28.190299 28.302947 28.068262 28.180911 2.139853e+06
736558 28.180911 28.218459 27.598893 27.617668 2.986219e+06
736559 27.664604 27.692767 27.082588 27.458083 3.691868e+06
736560 27.523794 27.561345 27.157686 27.345433 4.125941e+06
736561 27.260949 27.289110 26.932390 27.073200 4.394607e+06
736564 27.091976 27.411147 26.923003 27.157687 4.337063e+06
736565 27.354821 27.523794 27.242173 27.317272 2.569889e+06
736566 27.382983 27.439308 27.157686 27.270334 3.032405e+06
736567 27.345433 27.617668 27.270334 27.364209 3.313932e+06
736568 27.448695 27.673992 26.829128 26.998101 3.987383e+06
736571 27.120136 27.223398 26.885452 26.988714 3.765559e+06
736572 26.988714 27.082588 26.716479 26.819741 4.642059e+06
736573 26.838878 26.972835 26.523126 26.599672 4.279486e+06
736574 26.676217 26.752763 26.350899 26.542263 4.277189e+06
736575 26.714491 26.886719 26.570967 26.733628 2.916587e+06
736579 26.752763 27.049379 26.714491 26.953697 2.863101e+06
736580 26.953697 27.192902 26.867583 27.173766 3.072166e+06
736581 27.173766 27.202471 27.011106 27.125925 3.257216e+06
736582 27.125924 27.690451 26.657082 26.657082 6.705796e+06
736585 26.437012 26.896289 26.236080 26.829311 4.565958e+06
736586 26.599671 26.637945 26.006442 26.255217 4.302928e+06
736587 26.293489 26.484854 26.140397 26.245648 2.830377e+06
736588 26.207373 26.398739 25.776805 25.815077 7.267260e+06
736589 25.795941 25.834214 25.365371 25.728963 6.807220e+06
736592 25.815078 26.073420 25.652417 25.872488 4.264559e+06
736593 26.073420 26.102126 25.566303 25.595009 3.200955e+06
736594 25.681123 26.025580 25.499327 25.757669 4.111276e+06
736595 25.910760 26.523126 25.786374 26.417877 4.875012e+06
736596 26.274352 26.427446 26.140398 26.236080 3.687499e+06
736599 26.207375 26.303058 26.044715 26.130829 2.255901e+06
736600 26.149967 26.322195 25.929897 26.169103 2.722065e+06
736601 26.169102 26.379603 25.958600 26.360466 2.486017e+06
736602 26.303058 26.542264 26.111695 26.331763 2.498264e+06
736603 26.494423 26.609240 26.236080 26.245648 3.218178e+06
736606 26.255218 26.370035 26.149967 26.331763 2.916779e+06
736607 26.331762 26.360466 25.738532 25.910760 4.154907e+06
736608 25.958600 26.092557 25.681123 25.862920 4.618009e+06
736609 25.834215 25.862920 25.518463 25.805509 3.378828e+06
736610 25.939466 27.824406 25.843783 26.561400 1.293596e+07
736613 26.676218 26.924992 26.503992 26.637946 2.983565e+06
736614 26.685786 26.886719 26.370034 26.446580 5.179186e+06
736615 26.456149 26.590105 26.322194 26.379603 2.468985e+06
736616 26.245649 26.427446 25.920329 26.207375 2.631837e+06
736617 26.303057 26.446580 26.130828 26.159534 1.916803e+06
736620 26.140398 26.417877 26.025580 26.188240 2.983469e+06
736621 26.303057 26.781468 26.264785 26.695354 3.607604e+06
736622 26.781469 27.087651 26.685785 26.963265 3.132925e+06
736623 26.924992 26.963266 26.570968 26.762332 4.149358e+06
736624 26.647514 27.106789 26.628377 26.991969 4.583755e+06
736627 27.058948 27.441676 26.953697 27.097220 3.055805e+06
736628 27.097220 27.355562 27.058948 27.221608 3.244012e+06
736629 27.192903 27.192903 26.848446 27.030243 3.147277e+06
736630 27.087651 32.005722 26.618809 29.661505 3.504421e+07
736631 28.905615 29.661506 28.522886 29.077843 1.471880e+07
736634 29.077843 29.077843 25.307963 25.432349 6.883727e+07
736635 25.355803 25.355803 23.805749 23.891863 3.455556e+07
736636 23.920569 23.997114 23.126406 23.135974 2.021460e+07
736637 22.868063 23.155111 21.872969 22.006923 2.874152e+07
736638 22.284403 22.542744 21.930378 22.054764 2.069933e+07
736641 22.351380 22.437494 22.035628 22.313106 2.084620e+07
736642 22.667132 23.317772 22.600155 23.116838 1.469316e+07
736643 22.868064 23.365612 22.734109 23.241226 9.979853e+06
736644 23.547409 23.576112 22.781949 22.781949 1.439990e+07
736645 22.801087 22.954178 22.561881 22.772381 9.141389e+06
736648 23.375181 23.403884 22.982883 23.260361 1.175514e+07
736649 23.442158 23.710069 23.011587 23.652658 1.220351e+07
736650 23.633523 23.719637 23.365612 23.461294 8.335266e+06
736651 23.585681 23.757909 23.212520 23.212520 8.374495e+06
736652 23.394317 23.757909 23.260360 23.719637 9.432167e+06
736655 23.863160 24.456389 23.786615 24.437254 1.056514e+07
736656 24.705163 24.781709 24.140638 24.150206 9.926175e+06
736657 24.130651 24.247978 23.788441 23.856883 8.661515e+06
736659 24.032877 24.277312 23.974212 24.111096 3.858851e+06
736662 24.111097 24.287090 24.013322 24.091541 7.340196e+06
736663 24.101319 24.169760 23.651559 23.671112 8.177827e+06
736664 23.710223 23.768887 22.996472 22.996472 1.277311e+07
736665 23.016027 23.280015 22.722703 23.211574 1.032719e+07
736666 23.231129 23.436454 23.064913 23.387568 5.839266e+06
736669 23.348456 23.671111 23.172465 23.651558 9.764798e+06
736670 23.690668 23.710223 23.231130 23.475565 5.870651e+06
736671 23.641780 23.915546 23.465787 23.739555 6.621263e+06
736672 23.798219 23.944880 23.495120 23.592892 7.031425e+06
736673 23.592892 23.710222 23.524451 23.583117 7.785459e+06
736676 23.710222 23.856883 23.328904 23.397345 7.068482e+06
736677 23.602670 23.895994 23.534229 23.886216 1.055951e+07
736678 23.856883 23.905771 23.289793 23.338681 8.416004e+06
736679 23.319126 23.456010 22.986694 23.436454 9.561526e+06
736680 23.485342 23.651559 23.270238 23.632003 1.113051e+07
736683 23.680888 23.768885 23.504897 23.651558 5.758504e+06
736684 23.622225 23.876438 23.504897 23.592892 6.457980e+06
736685 23.563562 23.661337 23.240907 23.240907 6.102474e+06
736686 23.280015 23.416900 23.143132 23.338681 5.875148e+06
736687 23.319126 23.602670 23.240907 23.524451 6.367246e+06
736691 23.504898 23.778664 23.426677 23.602670 3.869606e+06
736692 23.632003 23.700445 23.416901 23.495120 4.954410e+06
736693 23.495120 23.641780 23.328904 23.495120 4.455371e+06
736694 23.485342 23.641780 23.152910 23.250685 6.816224e+06
736698 23.807997 24.863957 23.720000 24.785738 1.698962e+07
736699 24.922620 25.079059 24.775959 24.912843 1.021133e+07
736700 24.951954 25.098615 24.590190 24.932399 7.745372e+06
736701 24.922622 24.951954 24.756406 24.815069 5.608519e+06
736704 24.863956 24.942176 24.629299 24.668408 6.612365e+06
736705 24.785737 24.795516 24.531524 24.639077 8.090808e+06
736706 24.746627 24.785738 24.384865 24.678186 5.443085e+06
736707 24.619522 24.639078 24.345754 24.619522 7.177402e+06
736708 24.678186 24.824846 24.463083 24.697741 5.194836e+06
736712 24.697741 24.951954 24.482639 24.903066 7.581307e+06
736713 25.020396 25.118171 24.854180 24.903066 5.711768e+06
736714 25.000841 25.059504 24.834625 24.932399 4.267058e+06
736715 25.059505 25.245277 24.951954 24.991063 4.758177e+06
736718 24.991063 25.255054 24.873736 25.235498 4.340975e+06
736719 25.000840 25.137723 24.932398 25.000840 5.529224e+06
736720 25.206167 25.274608 24.971509 25.118170 7.322499e+06
736721 25.079060 25.587486 24.834625 25.479933 7.483337e+06
736722 25.479933 25.567931 25.225720 25.382159 4.825250e+06
736725 25.431047 25.470156 24.981285 25.235498 4.772061e+06
736726 25.352827 25.470155 25.030172 25.284386 1.106412e+07
736727 25.372383 25.704815 24.863957 24.942176 8.636192e+06
736728 24.932399 25.000841 24.511970 24.697741 6.052804e+06
736729 24.893288 24.922621 24.717296 24.854179 5.112022e+06
736732 24.932398 24.961732 24.433751 24.492414 6.211589e+06
736733 24.551080 24.560858 24.199093 24.326198 5.888153e+06
736734 24.296867 24.306646 23.710223 23.886216 1.336719e+07
736735 23.886215 24.296867 23.475564 23.876438 9.953307e+06
736736 23.856883 23.974212 23.680889 23.944880 5.751660e+06
736739 23.993768 24.228426 23.964435 24.071987 6.409777e+06
736740 24.111096 24.150207 23.915547 23.993768 4.852431e+06
736741 23.935102 23.974212 23.749332 23.856883 5.474959e+06
736742 23.905771 23.905771 23.671111 23.739555 5.047980e+06
736743 23.700444 23.749332 23.563561 23.739555 5.008968e+06
736747 23.759109 24.159983 23.749333 24.120874 6.694398e+06
736748 24.189315 24.375086 24.091540 24.277312 6.288440e+06
736749 24.335975 24.414195 24.013321 24.159982 6.451136e+06
736750 24.081763 24.179538 23.886216 24.032877 5.921787e+06
736753 24.023099 24.179538 23.905771 24.062210 6.572571e+06
736754 24.081763 24.150207 23.651559 23.720000 1.274173e+07
736755 23.920000 24.150000 23.410000 24.040001 1.473580e+07
736756 23.930000 23.990000 23.530001 23.530001 1.000310e+07
736757 23.629999 23.639999 23.379999 23.480000 8.418900e+06
736760 23.379999 23.420000 22.959999 23.100000 8.104800e+06
736761 23.030001 23.090000 22.370001 22.500000 1.156730e+07
736762 22.549999 22.700001 22.400000 22.450001 7.260900e+06
736763 22.400000 22.860001 22.400000 22.730000 7.974800e+06
736764 22.780001 23.150000 22.750000 23.139999 6.380200e+06
