736034 5.880000 6.010000 5.820000 5.990000 4.650000e+04
736035 6.000000 6.135000 5.800000 5.920000 9.220000e+04
736036 5.940000 6.000000 5.900000 5.900000 4.040000e+04
736039 5.930000 5.930000 5.550000 5.660000 2.148000e+05
736040 5.600000 6.050000 5.170000 5.880000 2.252000e+05
736041 5.870000 5.940000 5.665000 5.920000 5.990000e+04
736042 5.950000 6.400000 5.850000 6.080000 2.051000e+05
736043 6.110000 6.110000 5.740000 5.760000 1.363000e+05
736046 5.780000 6.030000 5.730000 6.000000 1.537000e+05
736047 5.960000 5.975000 5.760000 5.820000 7.650000e+04
736048 5.850000 5.948000 5.710000 5.710000 1.604000e+05
736049 5.710000 5.816000 5.640000 5.740000 4.940000e+04
736050 5.730000 5.760000 5.680000 5.720000 5.910000e+04
736053 5.740000 5.870000 5.710000 5.780000 4.360000e+04
736054 5.770000 5.996000 5.670000 5.860000 2.284000e+05
736055 5.810000 5.870000 5.680000 5.810000 7.050000e+04
736056 5.800000 5.880000 5.770000 5.780000 3.290000e+04
736060 5.770000 5.888000 5.770000 5.790000 3.680000e+04
736061 5.810000 5.886000 5.670000 5.770000 1.315000e+05
736062 5.790000 5.896000 5.750000 5.850000 6.730000e+04
736063 5.860000 5.860000 5.760000 5.810000 1.059000e+05
736064 5.850000 5.850000 5.710000 5.710000 8.810000e+04
736067 5.740000 6.020000 5.650000 5.660000 1.375000e+05
736068 5.610000 5.709000 5.610000 5.620000 9.250000e+04
736069 5.660000 5.770000 5.610000 5.640000 5.620000e+04
736070 5.610000 5.830000 5.600000 5.770000 9.050000e+04
736071 5.740000 5.740000 5.590000 5.710000 8.040000e+04
736074 5.690000 5.860000 5.600000 5.830000 6.980000e+04
736075 5.830000 5.940000 5.770000 5.770000 1.027000e+05
736076 5.800000 5.860000 5.680000 5.840000 2.280000e+04
736077 5.800000 5.880000 5.750000 5.860000 3.220000e+04
736078 5.830000 5.860000 5.700000 5.730000 6.530000e+04
736081 5.710000 5.770000 5.650000 5.720000 8.130000e+04
736082 5.700000 5.750000 5.640000 5.720000 3.810000e+04
736083 5.640000 5.680000 5.550000 5.610000 3.360000e+04
736084 5.530000 5.580000 5.430000 5.510000 1.134000e+05
736085 5.500000 5.630000 5.410000 5.500000 5.440000e+04
736088 5.520000 5.530000 5.260000 5.390000 5.690000e+04
736089 5.240000 5.450000 5.080000 5.450000 1.865000e+05
736090 5.420000 5.490000 5.250000 5.280000 7.270000e+04
736091 5.280000 5.420000 5.200000 5.370000 5.500000e+04
736092 5.400000 5.400000 5.280000 5.300000 3.910000e+04
736095 5.190000 5.280000 4.921000 5.170000 1.308000e+05
736096 5.130000 5.250000 5.130000 5.220000 8.210000e+04
736097 5.210000 5.290000 5.200000 5.220000 3.660000e+04
736098 5.240000 5.350000 5.210000 5.230000 9.760000e+04
736099 5.220000 5.350000 5.210000 5.220000 6.240000e+04
736102 5.220000 5.310000 5.170000 5.230000 1.401000e+05
736103 5.220000 5.490000 5.200000 5.430000 1.558000e+05
736104 5.450000 5.500000 5.360000 5.360000 5.880000e+04
736105 5.400000 5.430000 5.360000 5.400000 7.300000e+04
736106 5.400000 5.450000 5.390000 5.420000 9.430000e+04
736110 5.400000 5.450000 5.380000 5.420000 1.056000e+05
736111 5.450000 5.450000 5.219000 5.240000 9.960000e+04
736112 5.250000 5.400000 5.230000 5.360000 5.010000e+04
736113 5.370000 5.430000 5.210000 5.400000 9.610000e+04
736116 5.450000 5.460000 5.230000 5.260000 7.760000e+04
736117 5.260000 5.310000 5.210000 5.240000 8.460000e+04
736118 5.260000 5.620000 5.250000 5.550000 1.013000e+05
736119 5.550000 5.700000 5.450000 5.450000 9.010000e+04
736120 5.460000 5.490000 5.375000 5.470000 7.040000e+04
736123 5.550000 5.620000 5.480000 5.560000 8.820000e+04
736124 5.540000 5.630000 5.402000 5.480000 8.440000e+04
736125 5.550000 5.650000 5.300000 5.550000 1.195000e+05
736126 5.560000 5.630000 5.470000 5.590000 6.290000e+04
736127 5.600000 5.680000 5.412000 5.600000 6.930000e+04
736130 5.660000 5.750000 5.424000 5.690000 2.482000e+05
736131 5.720000 5.720000 5.470000 5.480000 8.810000e+04
736132 5.510000 5.510000 5.350000 5.370000 6.770000e+04
736133 5.390000 5.390000 5.242000 5.360000 8.120000e+04
736134 5.380000 5.410000 5.230000 5.370000 1.557000e+05
736137 5.400000 5.544000 5.220000 5.370000 7.450000e+04
736138 5.340000 5.450000 5.310000 5.370000 8.730000e+04
736139 5.340000 5.480000 5.200000 5.220000 8.330000e+04
736140 5.260000 5.290000 5.120000 5.260000 9.400000e+04
736141 5.290000 5.400000 5.210000 5.250000 2.579800e+06
736144 5.250000 5.250000 4.830000 4.920000 1.492000e+05
736145 4.880000 5.160000 4.680000 5.060000 1.049000e+05
736146 5.050000 5.089000 4.810000 4.870000 1.572000e+05
736147 4.830000 4.950000 4.720000 4.730000 7.940000e+04
736151 4.750000 4.820000 4.690000 4.790000 6.160000e+04
736152 4.790000 4.790000 4.510000 4.510000 1.263000e+05
736153 4.480000 4.600000 4.210000 4.320000 1.244000e+05
736154 4.120000 4.470000 4.120000 4.290000 1.984000e+05
736155 4.280000 4.555000 4.280000 4.450000 2.253000e+05
736158 4.510000 4.690000 4.460000 4.660000 8.230000e+04
736159 4.660000 4.840000 4.660000 4.790000 5.950000e+04
736160 4.770000 4.820000 4.700000 4.710000 6.070000e+04
736161 4.750000 4.755000 4.610000 4.700000 5.220000e+04
736162 4.730000 4.910000 4.700000 4.870000 4.570000e+04
736165 4.950000 4.950000 4.610000 4.620000 5.100000e+04
736166 4.560000 5.150000 4.560000 5.080000 1.464000e+05
736167 5.040000 5.310000 4.960000 5.110000 1.747000e+05
736168 5.130000 5.460000 5.020000 5.030000 1.099000e+05
736169 5.050000 5.160000 4.930000 5.050000 1.084000e+05
736172 5.070000 5.140000 5.010000 5.080000 7.290000e+04
736173 5.120000 5.550000 5.000000 5.480000 1.102000e+05
736174 5.490000 5.490000 5.250000 5.420000 6.990000e+04
736175 5.430000 5.840000 5.350000 5.730000 1.032000e+05
736176 5.750000 5.860000 5.590000 5.770000 1.600000e+05
736179 5.795000 5.900000 5.740000 5.870000 7.240000e+04
736180 5.850000 5.850000 5.750000 5.800000 6.200000e+04
736181 5.830000 5.850000 5.590000 5.630000 6.220000e+04
736182 5.580000 5.700000 5.360000 5.470000 5.640000e+04
736183 5.470000 5.830000 5.420000 5.630000 7.660000e+04
736186 5.660000 5.670000 5.320000 5.500000 5.490000e+04
736187 5.550000 6.020000 5.480000 5.910000 1.324000e+05
736188 5.870000 5.880000 5.560000 5.600000 6.530000e+04
736189 5.650000 5.660000 5.420000 5.430000 2.870000e+04
736190 5.400000 5.560000 5.260000 5.530000 4.750000e+04
736193 5.520000 5.640000 5.520000 5.560000 1.142000e+05
736194 5.570000 5.570000 5.320000 5.440000 5.260000e+04
736195 5.330000 5.420000 5.220000 5.410000 5.730000e+04
736196 5.420000 5.460000 5.130000 5.180000 1.328000e+05
736197 5.110000 5.240000 4.580000 4.700000 2.366000e+05
736200 4.510000 5.010000 4.510000 4.850000 6.730000e+04
736201 5.120000 5.150000 4.850000 4.930000 1.171000e+05
736202 4.900000 5.180000 4.860000 5.130000 4.060000e+04
736203 5.150000 5.150000 4.870000 4.920000 3.800000e+04
736204 4.910000 5.340000 4.870000 5.320000 4.690000e+04
736207 5.250000 5.330000 5.120000 5.190000 4.040000e+04
736208 5.090000 5.260000 5.090000 5.160000 4.000000e+04
736209 5.170000 5.570000 5.150000 5.530000 4.920000e+04
736210 5.510000 5.570000 5.350000 5.360000 2.480000e+04
736211 5.380000 5.380000 5.130000 5.240000 2.430000e+04
736215 5.300000 5.340000 5.260000 5.310000 2.570000e+04
736216 5.330000 5.600000 5.240000 5.550000 7.670000e+04
736217 5.530000 5.540000 5.220000 5.250000 4.520000e+04
736218 5.300000 5.320000 5.250000 5.310000 1.780000e+04
736221 5.320000 5.330000 5.210000 5.260000 2.960000e+04
736222 5.200000 5.380000 5.200000 5.340000 2.670000e+04
736223 5.300000 5.340000 5.280000 5.300000 5.930000e+04
736224 5.300000 5.480000 5.300000 5.460000 5.800000e+04
736225 5.360000 5.390000 5.245000 5.320000 3.180000e+04
736228 5.320000 5.320000 5.180000 5.270000 3.660000e+04
736229 5.190000 5.265000 5.190000 5.220000 2.730000e+04
736230 5.210000 5.340000 5.210000 5.340000 1.079000e+05
736231 5.270000 5.340000 5.145000 5.320000 5.270000e+04
736232 5.320000 5.320000 5.160000 5.230000 5.640000e+04
736235 5.200000 5.340000 5.050000 5.320000 8.210000e+04
736236 5.350000 5.350000 5.020000 5.100000 5.140000e+04
736237 5.150000 5.200000 5.020000 5.170000 7.050000e+04
736238 5.120000 5.350000 5.120000 5.270000 9.370000e+04
736239 5.250000 5.780000 5.220000 5.740000 6.860000e+04
736242 5.730000 6.290000 5.730000 6.220000 1.015000e+05
736243 6.240000 6.520000 6.240000 6.460000 7.770000e+04
736244 6.520000 6.660000 6.130000 6.590000 1.217000e+05
736245 6.610000 6.750000 6.500000 6.540000 5.960000e+04
736246 6.580000 6.780000 6.580000 6.620000 3.180000e+04
736249 6.670000 6.670000 6.408000 6.480000 3.430000e+04
736250 6.390000 6.590000 6.320000 6.420000 5.690000e+04
736251 6.370000 6.550000 6.370000 6.420000 2.710000e+04
736252 6.400000 6.580000 6.400000 6.510000 2.580000e+04
736253 6.540000 6.850000 6.528000 6.730000 5.920000e+04
736256 6.700000 6.930000 6.540000 6.600000 4.430000e+04
736257 6.570000 6.670000 6.280000 6.330000 4.990000e+04
736258 6.360000 6.360000 6.150000 6.240000 2.310000e+04
736259 6.220000 6.550000 6.220000 6.420000 3.580000e+04
736260 6.510000 6.510000 6.300000 6.320000 2.480000e+04
736263 6.290000 6.365000 6.230000 6.250000 4.580000e+04
736264 6.270000 6.310000 6.150000 6.160000 8.960000e+04
736265 6.160000 6.260000 6.050000 6.100000 3.910000e+04
736266 6.090000 6.460000 5.890000 6.270000 1.438000e+05
736267 6.320000 6.360000 6.210000 6.260000 2.280000e+04
736270 6.510000 6.880000 6.510000 6.710000 1.730000e+04
736271 6.670000 6.860000 6.600000 6.615000 2.390000e+04
736272 6.660000 6.660000 6.520000 6.560000 1.450000e+04
736273 6.580000 6.772000 6.580000 6.680000 2.720000e+04
736274 6.680000 6.680000 6.430000 6.450000 6.860000e+04
736277 6.257000 6.840000 6.257000 6.640000 6.470000e+04
736278 6.530000 6.820000 6.420000 6.670000 9.070000e+04
736279 6.950000 6.950000 6.290000 6.390000 5.310000e+04
736280 6.310000 6.350000 6.250000 6.250000 1.940000e+04
736281 6.250000 6.310000 6.140000 6.180000 4.710000e+04
736284 6.120000 6.310000 5.960000 6.270000 3.500000e+04
736285 6.300000 6.780000 6.270000 6.570000 9.870000e+04
736286 6.610000 6.610000 6.385000 6.470000 1.370000e+04
736287 6.520000 6.520000 6.250000 6.410000 2.390000e+04
736288 6.370000 6.600000 6.370000 6.480000 2.190000e+04
736291 6.520000 6.700000 6.520000 6.700000 1.990000e+04
736292 6.610000 6.760000 6.551000 6.710000 3.950000e+04
736293 6.750000 6.890000 6.610000 6.700000 5.190000e+04
736295 6.730000 6.860000 6.730000 6.860000 3.600000e+03
736298 6.860000 7.000000 6.800000 6.990000 3.120000e+04
736299 7.000000 7.050000 6.940000 7.000000 3.160000e+04
736300 7.000000 7.530000 6.950000 7.525000 1.513000e+05
736301 7.510000 7.690000 7.220000 7.550000 5.970000e+04
736302 7.600000 7.669000 7.280000 7.420000 2.790000e+04
736305 7.490000 7.490000 7.070000 7.100000 3.060000e+04
736306 7.100000 7.100000 7.000000 7.040000 2.190000e+04
736307 7.016000 7.120000 6.997000 7.120000 3.250000e+04
736308 7.120000 7.250000 7.060000 7.140000 6.810000e+04
736309 7.150000 7.160000 7.000000 7.005000 2.900000e+04
736312 7.040000 7.170000 6.960000 7.020000 3.260000e+04
736313 7.120000 7.170000 6.870000 6.970000 6.850000e+04
736314 7.020000 7.192000 6.900000 7.020000 6.870000e+04
736315 6.900000 7.030000 6.900000 7.020000 4.190000e+04
736316 6.970000 7.100000 6.954000 7.000000 6.580000e+04
736319 7.020000 7.030000 6.950000 6.990000 4.720000e+04
736320 7.010000 7.010000 6.800000 6.890000 1.840000e+04
736321 6.980000 7.360000 6.950000 7.320000 6.700000e+04
736322 7.290000 7.440000 7.120000 7.360000 2.020000e+04
736326 7.260000 7.340000 7.140000 7.220000 5.340000e+04
736327 7.250000 7.440000 6.838000 7.000000 6.640000e+04
736328 6.960000 6.970000 6.710000 6.770000 4.780000e+04
736329 6.750000 7.060000 6.550000 7.040000 7.120000e+04
736333 6.750000 6.920000 6.610000 6.910000 2.530000e+04
736334 6.900000 7.080000 6.720000 6.760000 3.470000e+04
736335 6.750000 6.930000 6.690000 6.860000 2.460000e+04
736336 6.830000 7.253000 6.760000 7.010000 4.750000e+04
736337 7.000000 7.160000 6.940000 7.060000 3.960000e+04
736340 7.100000 7.100000 6.720000 6.720000 7.340000e+04
736341 6.720000 6.760000 6.290000 6.590000 5.120000e+04
736342 6.760000 6.760000 6.320000 6.410000 4.770000e+04
736343 6.470000 6.730000 6.180000 6.500000 8.700000e+04
736344 6.410000 6.640000 6.280000 6.610000 5.150000e+04
736348 6.650000 6.860000 6.320000 6.520000 5.690000e+04
736349 6.530000 7.070000 6.430000 7.020000 6.960000e+04
736350 6.970000 7.300000 6.970000 7.230000 1.115000e+05
736351 7.280000 7.750000 7.224000 7.660000 1.190000e+05
736354 7.660000 7.760000 7.020000 7.030000 7.390000e+04
736355 7.170000 7.620000 7.050000 7.500000 1.196000e+05
736356 7.450000 7.450000 7.010000 7.210000 9.060000e+04
736357 7.310000 7.440000 7.020000 7.320000 8.930000e+04
736358 7.250000 7.790000 7.100000 7.340000 2.548000e+05
736361 7.250000 7.720000 7.230000 7.540000 6.240000e+04
736362 7.490000 7.639000 7.135000 7.240000 8.210000e+04
736363 7.330000 7.840000 7.240000 7.720000 1.158000e+05
736364 7.770000 8.000000 7.590000 7.770000 8.970000e+04
736365 7.770000 7.770000 7.265000 7.420000 9.210000e+04
736368 7.500000 7.540000 7.190000 7.440000 8.420000e+04
736369 7.340000 7.680000 7.230000 7.270000 6.150000e+04
736370 7.270000 7.500000 7.200000 7.500000 1.115000e+05
736371 8.000000 8.230000 7.335000 7.470000 3.057000e+05
736372 7.490000 7.700000 6.710000 6.720000 2.479000e+05
736376 6.880000 7.290000 6.800000 7.290000 1.314000e+05
736377 7.350000 8.100000 7.310000 8.060000 2.122000e+05
736378 8.160000 8.190000 7.910000 8.110000 1.389000e+05
736379 8.190000 8.720000 8.080000 8.640000 4.252000e+05
736382 8.750000 8.950000 8.540000 8.740000 3.679000e+05
736383 8.840000 8.890000 8.420000 8.620000 1.558000e+05
736384 8.550000 9.030000 8.500000 9.030000 3.376000e+05
736385 9.060000 9.190000 8.880000 9.140000 3.219000e+05
736386 9.220000 9.220000 8.610000 8.800000 2.185000e+05
736389 8.830000 9.090000 8.830000 8.930000 1.335000e+05
736390 9.100000 9.100000 8.770000 9.010000 1.568000e+05
736391 9.000000 9.100000 8.930000 8.990000 1.046000e+05
736392 8.990000 9.100000 8.810000 8.940000 1.654000e+05
736393 8.970000 9.030000 8.710000 8.930000 1.881000e+05
736396 8.930000 8.976000 8.410000 8.440000 2.256000e+05
736397 8.470000 8.900000 8.310000 8.690000 2.306000e+05
736398 8.800000 9.310000 8.800000 9.250000 2.714000e+05
736399 9.300000 9.400000 9.130000 9.230000 1.628000e+05
736400 9.270000 9.420000 8.870000 9.050000 2.214000e+05
736403 9.110000 9.190000 9.025000 9.060000 2.027000e+05
736404 8.300000 8.550000 7.910000 8.050000 4.065000e+05
736405 8.030000 8.450000 7.920000 8.320000 2.941000e+05
736406 8.340000 8.450000 8.240000 8.280000 3.579000e+05
736407 8.350000 8.540000 8.155000 8.300000 2.556000e+05
736410 8.230000 8.500000 8.100000 8.400000 1.135000e+05
736411 8.310000 8.540000 8.230000 8.390000 2.450000e+05
736412 8.300000 8.340000 8.065000 8.170000 1.658000e+05
736413 8.060000 8.350000 8.053000 8.260000 9.220000e+04
736417 8.290000 8.320000 8.030000 8.210000 1.698000e+05
736418 8.190000 8.300000 8.105000 8.160000 1.145000e+05
736419 8.200000 8.260000 7.985000 8.160000 1.480000e+05
736420 8.190000 8.220000 7.980000 8.080000 1.511000e+05
736421 7.990000 8.235000 7.990000 8.140000 1.019000e+05
736424 8.090000 8.230000 8.030000 8.150000 1.113000e+05
736425 8.070000 8.160000 7.840000 7.980000 1.055000e+05
736426 8.030000 8.240000 8.010000 8.160000 9.390000e+04
736427 8.110000 8.230000 8.010000 8.130000 7.460000e+04
736428 8.150000 8.150000 7.980000 8.080000 1.715000e+05
736431 8.070000 8.180000 7.730000 7.780000 2.351000e+05
736432 7.750000 8.180000 7.750000 8.130000 2.653000e+05
736433 8.150000 8.200000 7.890000 8.010000 1.878000e+05
736434 8.050000 8.120000 7.952000 7.990000 6.520000e+04
736435 7.980000 8.190000 7.820000 8.160000 7.660000e+04
736438 8.080000 8.250000 8.020000 8.190000 7.000000e+04
736439 8.210000 8.360000 8.090000 8.190000 7.000000e+04
736440 8.180000 8.300000 8.180000 8.280000 7.120000e+04
736441 8.240000 8.380000 7.980000 8.040000 7.250000e+04
736442 8.020000 8.340000 7.950000 8.250000 1.091000e+05
736445 8.150000 8.270000 7.880000 7.970000 1.247000e+05
736446 7.950000 8.120000 7.950000 8.080000 5.700000e+04
736447 8.060000 8.140000 7.910000 8.000000 5.460000e+04
736448 7.931000 8.120000 7.931000 8.110000 6.230000e+04
736449 8.100000 8.400000 8.090000 8.350000 1.070000e+05
736452 8.330000 8.380000 8.090000 8.130000 5.330000e+04
736453 8.050000 8.240000 8.050000 8.220000 6.490000e+04
736454 8.200000 8.250000 8.130000 8.230000 4.950000e+04
736455 8.220000 8.250000 7.900000 7.970000 6.850000e+04
736456 7.890000 8.000000 7.830000 7.950000 5.010000e+04
736459 7.960000 8.220000 7.960000 8.080000 7.770000e+04
736460 7.840000 7.870000 7.000000 7.140000 3.928000e+05
736461 7.180000 7.255000 6.530000 6.600000 3.202000e+05
736462 6.650000 6.910000 5.830000 6.130000 5.163000e+05
736463 6.080000 6.250000 5.960000 6.000000 1.235000e+05
736466 6.020000 6.340000 5.960000 6.230000 9.270000e+04
736467 6.250000 6.310000 5.950000 5.980000 1.889000e+05
736468 5.970000 6.070000 5.750000 5.950000 2.030000e+05
736469 5.930000 6.170000 5.500000 5.630000 1.946000e+05
736470 5.710000 5.880000 5.550000 5.860000 9.030000e+04
736473 5.755000 6.040000 5.710000 5.990000 1.393000e+05
736474 6.000000 6.150000 5.780000 6.060000 1.272000e+05
736475 6.090000 6.170000 5.870000 6.000000 6.560000e+04
736476 6.030000 6.050000 5.830000 5.940000 5.390000e+04
736477 5.950000 6.060000 5.870000 5.930000 6.550000e+04
736481 5.940000 6.260000 5.750000 5.770000 2.757000e+05
736482 5.780000 6.020000 5.650000 5.680000 1.120000e+05
736483 5.660000 5.890000 5.400000 5.850000 2.414000e+05
736484 5.850000 5.960000 5.830000 5.890000 1.152000e+05
736487 5.910000 6.260000 5.910000 6.100000 2.787000e+05
736488 6.100000 6.175000 5.955000 5.990000 1.103000e+05
736489 6.020000 6.055000 5.750000 5.750000 3.427000e+05
736490 5.745000 5.745000 5.340000 5.460000 3.515000e+05
736491 5.390000 5.570000 5.370000 5.510000 2.294000e+05
736494 5.530000 5.540000 5.380000 5.400000 3.042000e+05
736495 5.440000 5.500000 5.270000 5.280000 2.382000e+05
736496 5.280000 5.340000 5.080000 5.210000 2.734000e+05
736497 5.200000 5.340000 5.070000 5.250000 1.327000e+05
736498 5.290000 5.320000 5.170000 5.220000 1.456000e+05
736501 5.310000 5.315000 5.180000 5.220000 1.027000e+05
736502 5.230000 5.250000 5.020000 5.150000 1.163000e+05
736503 5.150000 5.202000 5.100000 5.160000 6.910000e+04
736504 5.170000 5.330000 5.100000 5.170000 8.490000e+04
736505 5.020000 5.090000 4.910000 4.930000 1.012000e+05
736508 4.900000 4.993000 4.850000 4.860000 1.297000e+05
736509 4.880000 5.010000 4.850000 4.980000 1.058000e+05
736510 5.040000 5.050000 4.900000 4.920000 1.083000e+05
736511 4.930000 5.090000 4.850000 5.050000 1.489000e+05
736512 5.050000 5.100000 4.850000 4.960000 1.933000e+05
736516 4.920000 4.930000 4.820000 4.840000 1.286000e+05
736517 4.830000 4.878000 4.480000 4.780000 1.831000e+05
736518 4.800000 5.076000 4.750000 4.950000 2.151000e+05
736519 4.970000 4.970000 4.820000 4.850000 6.890000e+04
736522 4.890000 5.070000 4.840000 4.880000 7.830000e+04
736523 4.920000 5.210000 4.880000 5.190000 1.446000e+05
736524 5.190000 5.240000 5.080000 5.150000 7.180000e+04
736525 5.200000 5.230000 5.080000 5.140000 9.020000e+04
736526 5.140000 5.220000 5.000000 5.140000 6.890000e+04
736529 5.140000 5.340000 5.100000 5.170000 5.410000e+04
736530 5.050000 5.180000 5.020000 5.130000 3.810000e+04
736531 5.120000 5.212000 5.090000 5.130000 3.330000e+04
736532 5.210000 5.260000 5.120000 5.210000 5.610000e+04
736533 5.240000 5.270000 5.100000 5.240000 4.260000e+04
736536 5.250000 5.320000 5.170000 5.220000 2.370000e+04
736537 5.250000 5.440000 5.210000 5.260000 1.830000e+04
736538 5.380000 5.400000 5.050000 5.160000 1.111000e+05
736539 5.160000 5.260000 4.900000 4.995000 1.008000e+05
736540 4.960000 5.130000 4.910000 4.950000 4.390000e+04
736543 5.100000 5.100000 4.860000 4.870000 6.020000e+04
736544 4.900000 5.100000 4.900000 5.060000 6.180000e+04
736545 5.030000 5.080000 4.920000 5.000000 6.030000e+04
736546 4.990000 5.050000 4.910000 5.030000 2.540000e+04
736547 5.020000 5.050000 4.910000 4.940000 7.040000e+04
736550 4.980000 5.030000 4.860000 4.980000 5.890000e+04
736551 4.500000 4.550000 4.010000 4.270000 4.200000e+05
736552 4.310000 4.457000 4.240000 4.410000 1.002000e+05
736553 4.480000 4.480000 4.281000 4.300000 7.780000e+04
736554 4.260000 4.430000 4.200000 4.250000 1.122000e+05
736557 4.410000 4.465000 4.240000 4.450000 2.072000e+05
736558 4.470000 4.560000 4.370000 4.480000 1.377000e+05
736559 4.480000 4.550000 4.480000 4.530000 7.450000e+04
736560 4.500000 4.950000 4.484000 4.900000 1.590000e+05
736561 4.860000 4.970000 4.660000 4.810000 5.660000e+04
736564 4.720000 5.110000 4.720000 5.040000 8.070000e+04
736565 5.110000 5.249000 4.990000 5.120000 6.570000e+04
736566 5.130000 5.130000 4.990000 5.060000 8.960000e+04
736567 5.010000 5.140000 4.995000 5.140000 2.110000e+04
736568 5.140000 5.180000 5.040000 5.050000 1.450000e+04
736571 5.060000 5.190000 4.950000 5.180000 2.370000e+04
736572 5.240000 5.240000 5.130000 5.150000 3.270000e+04
736573 5.010000 5.210000 4.980000 5.050000 2.070000e+04
736574 5.050000 5.130000 5.000000 5.090000 2.040000e+04
736575 5.070000 5.270000 5.040000 5.230000 2.950000e+04
736579 5.230000 5.330000 5.210000 5.270000 2.180000e+04
736580 5.265000 5.310000 5.200000 5.230000 5.390000e+04
736581 5.250000 5.300000 5.240000 5.280000 3.890000e+04
736582 5.280000 5.290000 4.970000 5.150000 4.830000e+04
736585 5.040000 5.250000 5.040000 5.240000 2.080000e+04
736586 5.120000 5.250000 5.100000 5.200000 2.610000e+04
736587 5.200000 5.530000 5.200000 5.510000 5.590000e+04
736588 5.510000 5.600000 5.340000 5.570000 2.140000e+05
736589 5.510000 5.720000 5.470000 5.700000 8.890000e+04
736592 5.670000 5.690000 5.470000 5.640000 5.470000e+04
736593 5.620000 5.850000 5.490000 5.700000 6.350000e+04
736594 5.690000 5.920000 5.690000 5.770000 1.079000e+05
736595 5.810000 6.000000 5.800000 5.970000 9.060000e+04
736596 5.910000 6.140000 5.880000 5.990000 3.690000e+04
736599 5.930000 6.000000 5.900000 5.990000 3.450000e+04
736600 5.940000 6.000000 5.720000 5.950000 3.830000e+04
736601 5.920000 6.060000 5.690000 5.750000 6.270000e+04
736602 5.780000 5.890000 5.610000 5.830000 2.940000e+04
736603 5.820000 5.900000 5.680000 5.830000 7.260000e+04
736606 5.870000 6.287000 5.830000 6.010000 3.158000e+05
736607 5.970000 6.000000 5.850000 5.950000 6.770000e+04
736608 5.930000 6.040000 5.850000 6.040000 2.670000e+04
736609 5.990000 6.140000 5.770000 5.900000 3.340000e+04
736610 5.870000 5.950000 5.550000 5.730000 9.560000e+04
736613 5.700000 5.900000 5.650000 5.880000 4.280000e+04
736614 5.830000 5.830000 5.441000 5.610000 8.160000e+04
736615 5.790000 5.790000 5.100000 5.390000 9.230000e+04
736616 5.400000 5.470000 5.210000 5.370000 4.510000e+04
736617 5.430000 5.600000 5.360000 5.540000 2.310000e+04
736620 5.500000 5.740000 5.360000 5.710000 4.300000e+04
736621 5.690000 5.785000 5.550000 5.560000 1.680000e+04
736622 5.438000 5.630000 5.438000 5.580000 3.140000e+04
736623 5.390000 5.750000 5.388000 5.680000 3.410000e+04
736624 5.620000 5.620000 5.510000 5.540000 1.270000e+04
736627 5.600000 5.610000 5.500000 5.520000 2.950000e+04
736628 5.500000 5.508000 5.280000 5.370000 3.390000e+04
736629 5.340000 5.380000 4.960000 5.180000 4.000000e+04
736630 5.170000 5.550000 4.720000 4.900000 9.270000e+04
736631 4.850000 4.930000 4.630000 4.700000 9.430000e+04
736634 4.720000 4.750000 4.600000 4.740000 9.030000e+04
736635 4.760000 4.760000 4.670000 4.700000 1.890000e+04
736636 4.980000 4.980000 4.610000 4.700000 4.070000e+04
736637 4.700000 4.700000 4.550000 4.600000 2.460000e+04
736638 4.990000 4.990000 4.600000 4.600000 4.570000e+04
736641 4.650000 4.893000 4.600000 4.610000 4.430000e+04
736642 4.600000 4.850000 4.520000 4.770000 8.520000e+04
736643 4.620000 4.790000 4.520000 4.690000 8.810000e+04
736644 4.620000 5.060000 4.300000 4.980000 1.595000e+05
736645 5.030000 5.570000 5.030000 5.370000 8.470000e+04
736648 5.400000 5.540000 5.330000 5.330000 1.250000e+05
736649 5.300000 5.540000 5.300000 5.520000 7.570000e+04
736650 5.460000 5.600000 5.383000 5.570000 4.380000e+04
736651 5.500000 5.650000 5.400000 5.550000 6.560000e+04
736652 5.610000 5.700000 5.500000 5.700000 6.860000e+04
736655 5.700000 5.840000 5.700000 5.800000 1.031000e+05
736656 5.830000 6.110000 5.752000 5.950000 1.290000e+05
736657 6.000000 6.000000 5.790000 5.990000 9.620000e+04
736659 6.000000 6.030000 5.720000 6.000000 2.140000e+04
736662 6.020000 6.050000 5.940000 5.980000 2.070000e+04
736663 5.900000 6.040000 5.900000 6.010000 4.840000e+04
736664 6.080000 6.100000 6.000000 6.100000 2.970000e+04
736665 6.100000 6.280000 6.060000 6.260000 9.580000e+04
736666 6.180000 6.300000 5.930000 6.220000 8.610000e+04
736669 6.200000 6.490000 6.200000 6.420000 8.950000e+04
736670 6.500000 6.740000 6.330000 6.710000 8.910000e+04
736671 6.700000 6.950000 6.580000 6.950000 1.124000e+05
736672 6.950000 7.090000 6.440000 6.950000 1.564000e+05
736673 6.950000 7.170000 6.800000 6.990000 9.740000e+04
736676 6.890000 7.390000 6.890000 7.330000 1.012000e+05
736677 7.300000 7.300000 6.780000 6.980000 1.091000e+05
736678 6.910000 6.910000 6.400000 6.410000 5.380000e+04
736679 6.400000 6.500000 6.310000 6.420000 6.540000e+04
736680 6.400000 6.450000 6.140000 6.290000 6.560000e+04
736683 6.290000 6.380000 6.070000 6.340000 3.700000e+04
736684 6.360000 6.650000 6.210000 6.570000 6.490000e+04
736685 6.600000 6.600000 6.290000 6.330000 2.030000e+04
736686 6.350000 6.540000 6.200000 6.500000 3.200000e+04
736687 6.480000 6.700000 6.350000 6.660000 4.520000e+04
736691 6.610000 6.750000 6.580000 6.700000 3.240000e+04
736692 6.670000 6.900000 6.670000 6.870000 7.850000e+04
736693 6.900000 6.940000 6.800000 6.930000 3.720000e+04
736694 6.850000 6.940000 6.750000 6.930000 3.910000e+04
736698 6.900000 6.900000 6.770000 6.810000 3.240000e+04
736699 6.820000 6.900000 6.510000 6.870000 4.610000e+04
736700 6.790000 6.880000 6.710000 6.820000 2.430000e+04
736701 6.720000 6.768000 6.590000 6.650000 1.590000e+04
736704 6.660000 6.660000 6.491000 6.590000 2.070000e+04
736705 6.550000 6.670000 6.500000 6.660000 2.680000e+04
736706 6.660000 6.660000 6.390000 6.390000 1.370000e+04
736707 6.420000 6.730000 6.270000 6.640000 1.856000e+05
736708 6.700000 6.880000 6.570000 6.710000 1.510000e+04
736712 6.740000 6.740000 6.500000 6.580000 4.150000e+04
736713 6.530000 6.755000 6.450000 6.680000 2.770000e+04
736714 6.720000 6.720000 6.230000 6.340000 2.940000e+04
736715 6.370000 6.530000 6.320000 6.430000 8.200000e+03
736718 6.430000 6.500000 6.340000 6.450000 1.500000e+04
736719 6.510000 6.520000 6.350000 6.470000 3.250000e+04
736720 6.470000 6.600000 6.460000 6.590000 1.030000e+04
736721 6.690000 6.730000 6.590000 6.590000 1.850000e+04
736722 6.560000 6.719000 6.560000 6.650000 1.140000e+04
736725 6.590000 6.600000 6.450000 6.540000 1.500000e+04
736726 6.540000 6.570000 6.310000 6.500000 1.800000e+04
736727 6.580000 6.580000 6.260000 6.350000 6.000000e+03
736728 6.270000 6.320000 5.920000 6.160000 2.870000e+04
736729 6.140000 6.350000 5.990000 6.010000 2.050000e+04
736732 5.990000 6.325000 5.732000 6.300000 2.500000e+04
736733 6.240000 6.300000 6.140000 6.260000 1.550000e+04
736734 6.240000 6.260000 6.160000 6.220000 1.420000e+04
736735 6.250000 6.250000 6.130000 6.140000 1.060000e+04
736736 6.150000 6.160000 6.020000 6.160000 1.230000e+04
736739 6.090000 6.250000 5.980000 6.010000 1.130000e+04
736740 6.010000 6.300000 6.010000 6.290000 2.900000e+04
736741 6.220000 6.300000 5.935000 6.065000 4.360000e+04
736742 6.050000 6.160000 6.000000 6.060000 2.540000e+04
736743 5.990000 6.100000 5.990000 6.100000 4.230000e+04
736747 6.100000 6.110000 6.050000 6.090000 6.190000e+04
736748 5.738000 6.450000 5.738000 6.360000 7.970000e+04
736749 6.300000 6.430000 6.180000 6.430000 8.880000e+04
736750 6.340000 6.510000 6.130000 6.500000 4.370000e+04
736753 6.450000 6.450000 6.300000 6.370000 2.540000e+04
736754 6.257000 6.390000 6.250000 6.320000 2.080000e+04
736755 6.379000 6.530000 6.370000 6.490000 4.360000e+04
736756 6.469000 6.700000 6.469000 6.510000 3.100000e+04
736757 6.420000 6.680000 6.260000 6.340000 1.170000e+04
736760 6.364000 6.700000 6.260000 6.330000 1.510000e+04
736761 6.270000 6.300000 6.060000 6.190000 5.390000e+04
736762 6.150000 6.150000 5.940000 6.080000 2.420000e+04
736763 5.960000 6.250000 5.940000 6.080000 1.680000e+04
736764 6.270000 6.270000 5.950000 5.960000 2.190000e+04
