736034 44.419998 44.419998 44.419998 44.419998 0.000000e+00
736035 44.349998 44.700001 44.349998 44.700001 2.000000e+02
736036 46.000000 46.000000 46.000000 46.000000 1.000000e+02
736039 46.000000 46.000000 46.000000 46.000000 0.000000e+00
736040 45.779999 45.779999 45.779999 45.779999 0.000000e+00
736041 46.009998 46.009998 46.009998 46.009998 0.000000e+00
736042 45.169998 45.169998 45.169998 45.169998 0.000000e+00
736043 45.930000 45.930000 45.930000 45.930000 0.000000e+00
736046 45.240002 45.240002 45.240002 45.240002 0.000000e+00
736047 44.740002 44.740002 44.740002 44.740002 0.000000e+00
736048 44.950001 44.950001 44.950001 44.950001 0.000000e+00
736049 44.459999 44.459999 44.459999 44.459999 0.000000e+00
736050 43.810001 43.810001 43.810001 43.810001 0.000000e+00
736053 43.810001 43.810001 43.810001 43.810001 0.000000e+00
736054 45.599998 45.599998 44.900002 45.000000 1.040000e+04
736055 45.139999 46.000000 45.139999 46.000000 4.000000e+02
736056 46.000000 46.000000 46.000000 46.000000 0.000000e+00
736060 46.000000 46.000000 46.000000 46.000000 0.000000e+00
736061 46.000000 46.000000 46.000000 46.000000 0.000000e+00
736062 44.279999 44.279999 44.279999 44.279999 1.000000e+02
736063 44.279999 44.279999 44.279999 44.279999 0.000000e+00
736064 44.279999 44.279999 44.279999 44.279999 0.000000e+00
736067 43.849998 43.849998 43.799999 43.799999 3.000000e+02
736068 43.590000 43.590000 43.590000 43.590000 3.000000e+02
736069 43.590000 43.590000 43.590000 43.590000 0.000000e+00
736070 43.590000 43.590000 43.590000 43.590000 0.000000e+00
736071 43.590000 43.590000 43.590000 43.590000 0.000000e+00
736074 42.000000 42.000000 42.000000 42.000000 7.000000e+02
736075 42.000000 42.000000 42.000000 42.000000 0.000000e+00
736076 41.840000 42.009998 41.830002 41.830002 6.000000e+02
736077 41.250000 41.250000 41.250000 41.250000 2.000000e+02
736078 41.250000 41.250000 41.250000 41.250000 0.000000e+00
736081 41.250000 41.250000 41.250000 41.250000 0.000000e+00
736082 41.619999 41.619999 41.619999 41.619999 8.000000e+02
736083 41.619999 41.619999 41.619999 41.619999 0.000000e+00
736084 41.799999 42.799999 41.799999 42.799999 3.000000e+03
736085 41.990002 42.000000 40.930000 40.930000 5.800000e+03
736088 40.930000 40.930000 40.930000 40.930000 0.000000e+00
736089 40.930000 40.930000 40.930000 40.930000 0.000000e+00
736090 40.930000 40.930000 40.930000 40.930000 0.000000e+00
736091 31.680000 31.680000 31.680000 31.680000 0.000000e+00
736092 31.680000 31.680000 31.680000 31.680000 0.000000e+00
736095 31.680000 31.680000 31.680000 31.680000 0.000000e+00
736096 31.680000 31.680000 31.680000 31.680000 0.000000e+00
736097 40.320000 40.540001 40.320000 40.540001 1.900000e+03
736098 40.540001 40.540001 40.540001 40.540001 0.000000e+00
736099 40.540001 40.540001 40.540001 40.540001 0.000000e+00
736102 40.540001 40.540001 40.540001 40.540001 0.000000e+00
736103 41.380001 41.380001 41.380001 41.380001 3.000000e+02
736104 42.980000 42.980000 42.980000 42.980000 3.000000e+02
736105 42.980000 42.980000 42.980000 42.980000 0.000000e+00
736106 42.980000 42.980000 42.980000 42.980000 0.000000e+00
736110 42.980000 42.980000 42.980000 42.980000 0.000000e+00
736111 42.980000 42.980000 42.980000 42.980000 0.000000e+00
736112 42.980000 42.980000 42.980000 42.980000 0.000000e+00
736113 42.980000 42.980000 42.980000 42.980000 0.000000e+00
736116 42.980000 42.980000 42.980000 42.980000 0.000000e+00
736117 42.980000 42.980000 42.980000 42.980000 0.000000e+00
736118 42.980000 42.980000 42.980000 42.980000 0.000000e+00
736119 42.980000 42.980000 42.980000 42.980000 0.000000e+00
736120 43.310001 43.310001 36.009998 40.000000 1.500000e+03
736123 40.000000 40.000000 40.000000 40.000000 0.000000e+00
736124 40.000000 40.000000 40.000000 40.000000 0.000000e+00
736125 40.000000 40.000000 40.000000 40.000000 0.000000e+00
736126 40.000000 40.000000 40.000000 40.000000 0.000000e+00
736127 40.000000 40.000000 40.000000 40.000000 0.000000e+00
736130 40.000000 40.000000 40.000000 40.000000 0.000000e+00
736131 42.970001 43.480000 42.970001 43.480000 2.000000e+02
736132 43.480000 43.480000 43.480000 43.480000 1.000000e+02
736133 43.480000 43.480000 43.480000 43.480000 0.000000e+00
736134 43.310001 43.310001 43.310001 43.310001 8.000000e+02
736137 43.310001 43.310001 43.310001 43.310001 0.000000e+00
736138 43.310001 43.310001 43.310001 43.310001 0.000000e+00
736139 43.310001 43.310001 43.310001 43.310001 0.000000e+00
736140 43.310001 43.310001 43.310001 43.310001 0.000000e+00
736141 43.310001 43.310001 43.310001 43.310001 0.000000e+00
736144 43.310001 43.310001 43.310001 43.310001 0.000000e+00
736145 43.310001 43.310001 43.310001 43.310001 0.000000e+00
736146 43.310001 43.310001 43.310001 43.310001 0.000000e+00
736147 43.310001 43.310001 43.310001 43.310001 0.000000e+00
736151 39.049999 39.049999 39.049999 39.049999 0.000000e+00
736152 44.000000 44.000000 44.000000 44.000000 6.000000e+02
736153 44.000000 44.000000 44.000000 44.000000 0.000000e+00
736154 44.000000 44.000000 44.000000 44.000000 0.000000e+00
736155 44.000000 44.000000 44.000000 44.000000 0.000000e+00
736158 44.000000 44.000000 44.000000 44.000000 0.000000e+00
736159 44.000000 44.000000 44.000000 44.000000 0.000000e+00
736160 44.000000 44.000000 44.000000 44.000000 0.000000e+00
736161 43.799999 44.759998 43.799999 44.759998 1.000000e+03
736162 44.759998 44.759998 44.759998 44.759998 0.000000e+00
736165 45.119999 45.939999 45.099998 45.650002 2.500000e+03
736166 45.950001 46.000000 45.950001 46.000000 2.100000e+03
736167 47.540001 47.540001 47.520000 47.520000 4.000000e+02
736168 48.290001 48.290001 46.060001 46.060001 4.400000e+03
736169 46.060001 46.060001 46.060001 46.060001 0.000000e+00
736172 48.509998 48.759998 47.180000 47.200001 1.700000e+03
736173 47.200001 47.200001 47.200001 47.200001 0.000000e+00
736174 47.200001 47.200001 47.200001 47.200001 0.000000e+00
736175 47.200001 47.200001 47.200001 47.200001 0.000000e+00
736176 47.200001 47.200001 47.200001 47.200001 0.000000e+00
736179 47.570000 47.570000 47.570000 47.570000 6.000000e+02
736180 47.570000 47.570000 47.570000 47.570000 0.000000e+00
736181 49.830002 49.830002 49.830002 49.830002 2.000000e+02
736182 49.830002 49.830002 49.830002 49.830002 0.000000e+00
736183 49.830002 49.830002 49.830002 49.830002 0.000000e+00
736186 49.830002 49.830002 49.830002 49.830002 0.000000e+00
736187 50.169998 50.220001 50.169998 50.220001 3.000000e+02
736188 50.220001 50.220001 50.220001 50.220001 0.000000e+00
736189 47.740002 47.860001 47.740002 47.860001 5.000000e+02
736190 47.040001 47.040001 47.040001 47.040001 3.000000e+02
736193 47.040001 47.040001 47.040001 47.040001 0.000000e+00
736194 48.900002 48.900002 48.900002 48.900002 3.000000e+02
736195 50.910000 50.910000 48.889999 48.889999 1.700000e+03
736196 48.759998 48.759998 48.759998 48.759998 1.000000e+02
736197 49.000000 49.000000 49.000000 49.000000 3.000000e+02
736200 49.000000 49.000000 49.000000 49.000000 0.000000e+00
736201 49.000000 49.000000 49.000000 49.000000 0.000000e+00
736202 49.950001 49.950001 49.950001 49.950001 4.000000e+02
736203 50.970001 50.970001 50.970001 50.970001 1.000000e+02
736204 50.970001 50.970001 50.970001 50.970001 0.000000e+00
736207 50.970001 50.970001 50.970001 50.970001 0.000000e+00
736208 53.849998 53.849998 53.000000 53.000000 7.000000e+02
736209 53.000000 53.000000 53.000000 53.000000 0.000000e+00
736210 50.180000 50.180000 47.150002 47.150002 5.000000e+02
736211 47.189999 47.189999 47.189999 47.189999 1.000000e+02
736215 47.419998 47.419998 47.419998 47.419998 1.000000e+02
736216 47.599998 48.090000 47.599998 48.090000 5.000000e+02
736217 48.090000 48.090000 48.090000 48.090000 0.000000e+00
736218 48.090000 48.090000 48.090000 48.090000 0.000000e+00
736221 48.090000 48.090000 48.090000 48.090000 0.000000e+00
736222 48.090000 48.090000 48.090000 48.090000 0.000000e+00
736223 48.090000 48.090000 48.090000 48.090000 0.000000e+00
736224 48.090000 48.090000 48.090000 48.090000 0.000000e+00
736225 48.090000 48.090000 48.090000 48.090000 0.000000e+00
736228 48.090000 48.090000 48.090000 48.090000 0.000000e+00
736229 48.090000 48.090000 48.090000 48.090000 0.000000e+00
736230 48.090000 48.090000 48.090000 48.090000 0.000000e+00
736231 48.090000 48.090000 48.090000 48.090000 0.000000e+00
736232 50.259998 50.259998 50.259998 50.259998 1.000000e+02
736235 49.970001 49.970001 49.360001 49.360001 3.000000e+02
736236 49.360001 49.360001 49.360001 49.360001 0.000000e+00
736237 49.360001 49.360001 49.360001 49.360001 0.000000e+00
736238 49.360001 49.360001 49.360001 49.360001 0.000000e+00
736239 49.240002 49.240002 47.689999 49.240002 4.000000e+02
736242 46.779999 46.779999 46.720001 46.720001 3.000000e+02
736243 46.720001 46.720001 46.720001 46.720001 0.000000e+00
736244 46.720001 46.720001 46.720001 46.720001 0.000000e+00
736245 46.720001 46.720001 46.720001 46.720001 0.000000e+00
736246 46.720001 46.720001 46.720001 46.720001 0.000000e+00
736249 46.720001 46.720001 46.720001 46.720001 0.000000e+00
736250 46.720001 46.720001 46.720001 46.720001 0.000000e+00
736251 46.720001 46.720001 46.720001 46.720001 0.000000e+00
736252 46.720001 46.720001 46.720001 46.720001 0.000000e+00
736253 49.209999 49.209999 49.209999 49.209999 1.000000e+02
736256 49.209999 49.209999 49.209999 49.209999 0.000000e+00
736257 49.209999 49.209999 49.209999 49.209999 0.000000e+00
736258 49.209999 49.209999 49.209999 49.209999 0.000000e+00
736259 49.209999 49.209999 49.209999 49.209999 0.000000e+00
736260 50.000000 50.000000 50.000000 50.000000 2.000000e+02
736263 50.000000 50.000000 50.000000 50.000000 0.000000e+00
736264 50.000000 50.000000 50.000000 50.000000 0.000000e+00
736265 48.669998 48.669998 48.669998 48.669998 2.000000e+02
736266 48.500000 48.500000 48.500000 48.500000 3.000000e+02
736267 48.500000 48.500000 48.500000 48.500000 0.000000e+00
736270 48.500000 48.500000 48.500000 48.500000 1.000000e+02
736271 48.500000 48.500000 48.500000 48.500000 0.000000e+00
736272 48.500000 48.500000 48.500000 48.500000 0.000000e+00
736273 48.500000 48.500000 48.500000 48.500000 0.000000e+00
736274 48.500000 48.500000 48.500000 48.500000 0.000000e+00
736277 48.549999 48.549999 48.549999 48.549999 2.000000e+02
736278 48.549999 48.549999 48.549999 48.549999 0.000000e+00
736279 48.549999 48.549999 48.549999 48.549999 0.000000e+00
736280 48.549999 48.549999 48.549999 48.549999 0.000000e+00
736281 48.549999 48.549999 48.549999 48.549999 0.000000e+00
736284 51.950001 52.299999 51.950001 52.299999 4.000000e+02
736285 52.299999 52.299999 52.299999 52.299999 0.000000e+00
736286 52.299999 52.299999 52.299999 52.299999 0.000000e+00
736287 51.279999 51.279999 51.279999 51.279999 1.000000e+02
736288 51.279999 51.279999 51.279999 51.279999 0.000000e+00
736291 51.250000 51.250000 51.250000 51.250000 2.000000e+02
736292 51.250000 51.250000 51.250000 51.250000 0.000000e+00
736293 51.250000 51.250000 51.250000 51.250000 0.000000e+00
736295 51.250000 51.250000 51.250000 51.250000 2.000000e+02
736298 51.250000 51.250000 51.250000 51.250000 0.000000e+00
736299 51.250000 51.250000 51.250000 51.250000 0.000000e+00
736300 51.250000 51.250000 51.250000 51.250000 0.000000e+00
736301 51.250000 51.250000 51.250000 51.250000 0.000000e+00
736302 51.250000 51.250000 51.250000 51.250000 0.000000e+00
736305 51.250000 51.250000 51.250000 51.250000 0.000000e+00
736306 51.250000 51.250000 51.250000 51.250000 0.000000e+00
736307 51.250000 51.250000 51.250000 51.250000 0.000000e+00
736308 51.250000 51.250000 51.250000 51.250000 0.000000e+00
736309 51.250000 51.250000 51.250000 51.250000 0.000000e+00
736312 51.250000 51.250000 51.250000 51.250000 0.000000e+00
736313 51.250000 51.250000 51.250000 51.250000 0.000000e+00
736314 51.250000 51.250000 51.250000 51.250000 1.000000e+02
736315 59.299999 59.299999 59.299999 59.299999 1.000000e+02
736316 52.790001 52.790001 52.790001 52.790001 3.000000e+02
736319 52.790001 52.790001 52.790001 52.790001 0.000000e+00
736320 56.049999 56.049999 56.000000 56.000000 8.000000e+02
736321 56.000000 56.000000 56.000000 56.000000 0.000000e+00
736322 56.000000 56.000000 56.000000 56.000000 0.000000e+00
736326 56.000000 56.000000 56.000000 56.000000 0.000000e+00
736327 57.430000 57.430000 57.430000 57.430000 2.000000e+02
736328 57.430000 57.430000 57.430000 57.430000 0.000000e+00
736329 57.000000 57.980000 57.000000 57.980000 6.000000e+02
736333 57.980000 57.980000 57.980000 57.980000 0.000000e+00
736334 59.000000 59.000000 59.000000 59.000000 1.000000e+02
736335 70.000000 70.000000 70.000000 70.000000 2.000000e+02
736336 70.000000 70.000000 63.000000 63.000000 2.200000e+03
736337 63.000000 63.000000 63.000000 63.000000 1.000000e+02
736340 63.000000 63.000000 63.000000 63.000000 0.000000e+00
736341 63.000000 63.000000 63.000000 63.000000 0.000000e+00
736342 63.000000 63.000000 63.000000 63.000000 0.000000e+00
736343 63.000000 63.000000 63.000000 63.000000 0.000000e+00
736344 56.900002 56.900002 56.900002 56.900002 1.000000e+02
736348 56.900002 56.900002 56.900002 56.900002 0.000000e+00
736349 56.900002 56.900002 56.900002 56.900002 0.000000e+00
736350 65.000000 66.629997 65.000000 66.629997 3.000000e+02
736351 66.629997 66.629997 66.629997 66.629997 0.000000e+00
736354 66.629997 66.629997 66.629997 66.629997 0.000000e+00
736355 66.629997 66.629997 66.629997 66.629997 0.000000e+00
736356 66.629997 66.629997 66.629997 66.629997 0.000000e+00
736357 66.629997 66.629997 66.629997 66.629997 0.000000e+00
736358 66.629997 66.629997 66.629997 66.629997 0.000000e+00
736361 66.629997 66.629997 66.629997 66.629997 0.000000e+00
736362 66.629997 66.629997 66.629997 66.629997 0.000000e+00
736363 66.629997 66.629997 66.629997 66.629997 0.000000e+00
736364 66.629997 66.629997 66.629997 66.629997 0.000000e+00
736365 66.629997 66.629997 66.629997 66.629997 0.000000e+00
736368 66.629997 66.629997 66.629997 66.629997 0.000000e+00
736369 66.629997 66.629997 66.629997 66.629997 0.000000e+00
736370 57.799999 57.799999 57.799999 57.799999 4.000000e+02
736371 57.799999 57.799999 57.799999 57.799999 0.000000e+00
736372 57.799999 57.799999 57.799999 57.799999 0.000000e+00
736376 60.000000 60.000000 60.000000 60.000000 1.000000e+02
736377 60.000000 60.000000 60.000000 60.000000 0.000000e+00
736378 60.000000 60.000000 60.000000 60.000000 0.000000e+00
736379 60.000000 60.000000 60.000000 60.000000 0.000000e+00
736382 60.000000 60.000000 60.000000 60.000000 0.000000e+00
736383 60.000000 60.000000 60.000000 60.000000 0.000000e+00
736384 60.000000 60.000000 60.000000 60.000000 0.000000e+00
736385 60.000000 60.000000 60.000000 60.000000 0.000000e+00
736386 60.000000 60.000000 60.000000 60.000000 0.000000e+00
736389 60.000000 60.000000 60.000000 60.000000 2.000000e+02
736390 60.000000 60.000000 60.000000 60.000000 0.000000e+00
736391 57.000000 57.000000 57.000000 57.000000 2.000000e+02
736392 57.000000 57.000000 57.000000 57.000000 1.000000e+02
736393 53.000000 53.000000 53.000000 53.000000 3.000000e+02
736396 53.000000 53.000000 53.000000 53.000000 0.000000e+00
736397 45.000000 53.000000 45.000000 53.000000 1.500000e+03
736398 46.439999 46.439999 46.439999 46.439999 3.000000e+02
736399 49.000000 50.000000 48.759998 50.000000 1.500000e+03
736400 50.000000 50.000000 50.000000 50.000000 0.000000e+00
736403 50.000000 50.000000 50.000000 50.000000 0.000000e+00
736404 50.000000 50.000000 50.000000 50.000000 0.000000e+00
736405 51.500000 55.119999 51.500000 53.439999 2.500000e+03
736406 53.439999 53.439999 53.439999 53.439999 0.000000e+00
736407 50.230000 55.419998 50.230000 55.419998 5.000000e+02
736410 56.000000 56.000000 56.000000 56.000000 9.000000e+02
736411 56.000000 56.000000 56.000000 56.000000 0.000000e+00
736412 56.000000 56.000000 56.000000 56.000000 0.000000e+00
736413 56.000000 56.000000 56.000000 56.000000 0.000000e+00
736417 56.000000 56.000000 56.000000 56.000000 0.000000e+00
736418 56.000000 56.000000 56.000000 56.000000 0.000000e+00
736419 56.000000 56.000000 56.000000 56.000000 0.000000e+00
736420 54.049999 56.000000 54.049999 56.000000 3.000000e+02
736421 56.000000 56.000000 56.000000 56.000000 0.000000e+00
736424 56.000000 56.000000 56.000000 56.000000 0.000000e+00
736425 54.000000 54.000000 54.000000 54.000000 2.000000e+02
736426 59.810001 69.000000 59.810001 60.200001 7.000000e+02
736427 60.200001 60.200001 60.200001 60.200001 0.000000e+00
736428 58.520000 59.500000 54.869999 59.500000 6.000000e+02
736431 59.500000 59.500000 59.500000 59.500000 0.000000e+00
736432 59.500000 59.500000 59.500000 59.500000 0.000000e+00
736433 59.500000 59.500000 59.500000 59.500000 0.000000e+00
736434 59.500000 59.500000 59.500000 59.500000 0.000000e+00
736435 59.500000 59.500000 59.500000 59.500000 0.000000e+00
736438 62.029999 62.029999 62.029999 62.029999 2.000000e+02
736439 62.029999 62.029999 62.029999 62.029999 0.000000e+00
736440 62.029999 62.029999 62.029999 62.029999 0.000000e+00
736441 62.029999 62.029999 62.029999 62.029999 0.000000e+00
736442 62.029999 62.029999 62.029999 62.029999 0.000000e+00
736445 62.029999 62.029999 62.029999 62.029999 0.000000e+00
736446 62.029999 62.029999 62.029999 62.029999 0.000000e+00
736447 62.029999 62.029999 62.029999 62.029999 0.000000e+00
736448 62.029999 62.029999 62.029999 62.029999 0.000000e+00
736449 62.029999 62.029999 62.029999 62.029999 0.000000e+00
736452 62.029999 62.029999 62.029999 62.029999 0.000000e+00
736453 62.029999 62.029999 62.029999 62.029999 0.000000e+00
736454 62.029999 62.029999 62.029999 62.029999 0.000000e+00
736455 62.029999 62.029999 62.029999 62.029999 0.000000e+00
736456 62.029999 62.029999 62.029999 62.029999 0.000000e+00
736459 62.029999 62.029999 62.029999 62.029999 0.000000e+00
736460 62.029999 62.029999 62.029999 62.029999 0.000000e+00
736461 62.029999 62.029999 62.029999 62.029999 0.000000e+00
736462 38.700001 51.400002 38.700001 51.400002 7.000000e+02
736463 51.400002 51.400002 51.400002 51.400002 0.000000e+00
736466 45.000000 50.000000 45.000000 50.000000 1.100000e+03
736467 50.000000 50.000000 50.000000 50.000000 0.000000e+00
736468 50.000000 50.000000 50.000000 50.000000 0.000000e+00
736469 50.000000 50.000000 50.000000 50.000000 1.000000e+02
736470 50.000000 50.000000 50.000000 50.000000 0.000000e+00
736473 50.000000 50.000000 50.000000 50.000000 0.000000e+00
736474 50.000000 50.000000 50.000000 50.000000 0.000000e+00
736475 50.000000 50.000000 50.000000 50.000000 0.000000e+00
736476 50.000000 50.000000 50.000000 50.000000 0.000000e+00
736477 50.000000 50.000000 50.000000 50.000000 0.000000e+00
736481 50.000000 50.000000 50.000000 50.000000 0.000000e+00
736482 50.000000 50.000000 50.000000 50.000000 0.000000e+00
736483 50.000000 50.000000 50.000000 50.000000 0.000000e+00
736484 50.000000 50.000000 50.000000 50.000000 0.000000e+00
736487 50.000000 50.000000 50.000000 50.000000 0.000000e+00
736488 50.000000 50.000000 50.000000 50.000000 0.000000e+00
736489 50.000000 50.000000 50.000000 50.000000 0.000000e+00
736490 50.000000 50.000000 50.000000 50.000000 0.000000e+00
736491 50.000000 50.000000 50.000000 50.000000 0.000000e+00
736494 50.000000 50.000000 50.000000 50.000000 0.000000e+00
736495 50.000000 50.000000 50.000000 50.000000 0.000000e+00
736496 50.000000 50.000000 50.000000 50.000000 0.000000e+00
736497 40.160000 47.400002 40.160000 47.400002 3.000000e+02
736498 47.400002 47.400002 47.400002 47.400002 0.000000e+00
736501 47.400002 47.400002 47.400002 47.400002 0.000000e+00
736502 47.400002 47.400002 47.400002 47.400002 0.000000e+00
736503 47.400002 47.400002 47.400002 47.400002 0.000000e+00
736504 49.000000 49.389999 45.000000 45.000000 4.000000e+02
736505 45.000000 45.000000 45.000000 45.000000 1.000000e+02
736508 45.000000 45.000000 45.000000 45.000000 0.000000e+00
736509 45.000000 45.000000 45.000000 45.000000 0.000000e+00
736510 45.000000 45.000000 45.000000 45.000000 0.000000e+00
736511 49.500000 49.500000 49.500000 49.500000 3.000000e+02
736512 49.500000 49.500000 49.500000 49.500000 0.000000e+00
736516 49.500000 49.500000 49.500000 49.500000 0.000000e+00
736517 49.500000 49.500000 49.500000 49.500000 0.000000e+00
736518 49.500000 49.500000 49.500000 49.500000 0.000000e+00
736519 49.500000 49.500000 49.500000 49.500000 0.000000e+00
736522 49.500000 49.500000 49.500000 49.500000 0.000000e+00
736523 49.500000 49.500000 49.500000 49.500000 0.000000e+00
736524 63.650002 63.650002 63.650002 63.650002 4.000000e+02
736525 63.650002 63.650002 63.650002 63.650002 1.000000e+02
736526 63.650002 63.650002 63.650002 63.650002 0.000000e+00
736529 63.650002 63.650002 63.650002 63.650002 0.000000e+00
736530 63.650002 63.650002 63.650002 63.650002 0.000000e+00
736531 63.650002 63.650002 63.650002 63.650002 0.000000e+00
736532 63.650002 63.650002 63.650002 63.650002 0.000000e+00
736533 63.650002 63.650002 63.650002 63.650002 0.000000e+00
736536 63.650002 63.650002 63.650002 63.650002 0.000000e+00
736537 63.650002 63.650002 63.650002 63.650002 0.000000e+00
736538 63.650002 63.650002 63.650002 63.650002 0.000000e+00
736539 63.650002 63.650002 63.650002 63.650002 0.000000e+00
736540 51.000000 51.000000 51.000000 51.000000 2.000000e+02
736543 55.000000 55.430000 55.000000 55.430000 3.000000e+02
736544 55.430000 55.430000 55.430000 55.430000 0.000000e+00
736545 55.430000 55.430000 55.430000 55.430000 0.000000e+00
736546 55.430000 55.430000 55.430000 55.430000 0.000000e+00
736547 55.430000 55.430000 55.430000 55.430000 0.000000e+00
736550 55.000000 55.000000 55.000000 55.000000 1.000000e+02
736551 55.000000 55.000000 55.000000 55.000000 0.000000e+00
736552 55.000000 55.000000 55.000000 55.000000 0.000000e+00
736553 55.000000 55.000000 55.000000 55.000000 0.000000e+00
736554 55.000000 55.000000 55.000000 55.000000 0.000000e+00
736557 50.000000 50.000000 50.000000 50.000000 1.000000e+02
736558 52.500000 52.910000 52.500000 52.910000 4.000000e+02
736559 52.910000 52.910000 52.910000 52.910000 0.000000e+00
736560 52.910000 52.910000 52.910000 52.910000 0.000000e+00
736561 52.910000 52.910000 52.910000 52.910000 0.000000e+00
736564 52.910000 52.910000 52.910000 52.910000 0.000000e+00
736565 52.910000 52.910000 52.910000 52.910000 0.000000e+00
736566 52.910000 52.910000 52.910000 52.910000 0.000000e+00
736567 52.910000 52.910000 52.910000 52.910000 0.000000e+00
736568 52.910000 52.910000 52.910000 52.910000 0.000000e+00
736571 52.910000 52.910000 52.910000 52.910000 0.000000e+00
736572 55.000000 55.000000 55.000000 55.000000 1.000000e+02
736573 55.000000 55.000000 55.000000 55.000000 0.000000e+00
736574 55.000000 55.000000 55.000000 55.000000 0.000000e+00
736575 55.000000 55.000000 55.000000 55.000000 0.000000e+00
736579 55.000000 55.000000 55.000000 55.000000 0.000000e+00
736580 55.000000 55.000000 55.000000 55.000000 0.000000e+00
736581 55.000000 55.000000 55.000000 55.000000 0.000000e+00
736582 55.000000 55.000000 55.000000 55.000000 0.000000e+00
736585 55.000000 55.000000 55.000000 55.000000 0.000000e+00
736586 55.000000 55.000000 55.000000 55.000000 0.000000e+00
736587 55.000000 55.000000 55.000000 55.000000 0.000000e+00
736588 55.000000 55.000000 55.000000 55.000000 0.000000e+00
736589 57.000000 57.000000 57.000000 57.000000 3.000000e+02
736592 57.000000 57.000000 57.000000 57.000000 0.000000e+00
736593 52.020000 52.020000 52.020000 52.020000 1.000000e+02
736594 54.980000 54.980000 54.980000 54.980000 1.000000e+02
736595 54.980000 54.980000 54.980000 54.980000 0.000000e+00
736596 54.980000 54.980000 54.980000 54.980000 0.000000e+00
736599 54.980000 54.980000 54.980000 54.980000 0.000000e+00
736600 52.000000 52.000000 52.000000 52.000000 1.000000e+02
736601 52.000000 52.000000 52.000000 52.000000 0.000000e+00
736602 53.000000 53.000000 53.000000 53.000000 1.000000e+02
736603 53.000000 53.000000 53.000000 53.000000 0.000000e+00
736606 53.000000 53.000000 53.000000 53.000000 0.000000e+00
736607 53.000000 53.000000 53.000000 53.000000 0.000000e+00
736608 53.000000 53.000000 53.000000 53.000000 0.000000e+00
736609 53.000000 53.000000 53.000000 53.000000 0.000000e+00
736610 53.000000 53.000000 53.000000 53.000000 0.000000e+00
736613 53.000000 53.000000 53.000000 53.000000 0.000000e+00
736614 53.000000 53.000000 53.000000 53.000000 0.000000e+00
736615 53.000000 53.000000 53.000000 53.000000 0.000000e+00
736616 53.000000 53.000000 53.000000 53.000000 0.000000e+00
736617 53.000000 53.000000 53.000000 53.000000 0.000000e+00
736620 53.000000 53.000000 53.000000 53.000000 0.000000e+00
736621 53.000000 53.000000 53.000000 53.000000 0.000000e+00
736622 53.000000 53.000000 53.000000 53.000000 0.000000e+00
736623 53.000000 53.000000 53.000000 53.000000 0.000000e+00
736624 53.000000 53.000000 53.000000 53.000000 0.000000e+00
736627 53.000000 53.000000 53.000000 53.000000 0.000000e+00
736628 53.000000 53.000000 53.000000 53.000000 0.000000e+00
736629 53.000000 53.000000 53.000000 53.000000 0.000000e+00
736630 53.000000 53.000000 53.000000 53.000000 0.000000e+00
736631 53.000000 53.000000 53.000000 53.000000 0.000000e+00
736634 48.000000 48.000000 48.000000 48.000000 2.000000e+02
736635 48.000000 48.000000 48.000000 48.000000 0.000000e+00
736636 48.000000 48.000000 48.000000 48.000000 0.000000e+00
736637 48.000000 48.000000 48.000000 48.000000 0.000000e+00
736638 48.000000 48.000000 48.000000 48.000000 0.000000e+00
736641 48.000000 48.000000 48.000000 48.000000 0.000000e+00
736642 48.000000 48.000000 48.000000 48.000000 0.000000e+00
736643 48.000000 48.000000 48.000000 48.000000 0.000000e+00
736644 48.000000 48.000000 48.000000 48.000000 0.000000e+00
736645 48.000000 48.000000 48.000000 48.000000 0.000000e+00
736648 48.099998 48.099998 48.099998 48.099998 2.000000e+02
736649 48.099998 48.099998 48.099998 48.099998 0.000000e+00
736650 48.099998 48.099998 48.099998 48.099998 1.000000e+02
736651 48.099998 48.099998 48.099998 48.099998 0.000000e+00
736652 48.099998 48.099998 48.099998 48.099998 0.000000e+00
736655 48.000000 48.000000 48.000000 48.000000 1.000000e+02
736656 48.000000 48.000000 48.000000 48.000000 0.000000e+00
736657 48.000000 48.000000 48.000000 48.000000 0.000000e+00
736659 48.000000 48.000000 48.000000 48.000000 0.000000e+00
736662 48.000000 48.000000 48.000000 48.000000 3.000000e+02
736663 48.000000 48.000000 48.000000 48.000000 0.000000e+00
736664 48.000000 48.000000 48.000000 48.000000 0.000000e+00
736665 45.000000 46.500000 45.000000 46.500000 6.000000e+02
736666 50.000000 50.000000 50.000000 50.000000 3.000000e+02
736669 50.000000 50.000000 50.000000 50.000000 0.000000e+00
736670 50.000000 50.000000 50.000000 50.000000 0.000000e+00
736671 50.000000 50.000000 50.000000 50.000000 0.000000e+00
736672 50.000000 50.000000 50.000000 50.000000 0.000000e+00
736673 50.000000 50.000000 50.000000 50.000000 2.000000e+02
736676 50.000000 50.000000 50.000000 50.000000 0.000000e+00
736677 50.000000 50.000000 50.000000 50.000000 0.000000e+00
736678 50.000000 50.000000 50.000000 50.000000 0.000000e+00
736679 50.000000 50.000000 50.000000 50.000000 0.000000e+00
736680 50.000000 50.000000 50.000000 50.000000 0.000000e+00
736683 45.340000 45.340000 45.340000 45.340000 2.000000e+02
736684 45.340000 45.340000 45.340000 45.340000 0.000000e+00
736685 45.340000 45.340000 45.340000 45.340000 0.000000e+00
736686 49.369999 54.299999 49.369999 54.299999 1.000000e+03
736687 54.299999 54.299999 54.299999 54.299999 0.000000e+00
736691 54.299999 54.299999 54.299999 54.299999 0.000000e+00
736692 54.299999 54.299999 54.299999 54.299999 0.000000e+00
736693 54.299999 54.299999 54.299999 54.299999 0.000000e+00
736694 54.299999 54.299999 54.299999 54.299999 0.000000e+00
736698 54.299999 54.299999 54.299999 54.299999 0.000000e+00
736699 54.299999 54.299999 54.299999 54.299999 0.000000e+00
736700 54.299999 54.299999 54.299999 54.299999 0.000000e+00
736701 54.299999 54.299999 54.299999 54.299999 0.000000e+00
736704 54.299999 54.299999 54.299999 54.299999 0.000000e+00
736705 54.299999 54.299999 54.299999 54.299999 0.000000e+00
736706 54.299999 54.299999 54.299999 54.299999 0.000000e+00
736707 54.299999 54.299999 54.299999 54.299999 0.000000e+00
736708 54.299999 54.299999 54.299999 54.299999 0.000000e+00
736712 54.299999 54.299999 54.299999 54.299999 0.000000e+00
736713 54.299999 54.299999 54.299999 54.299999 0.000000e+00
736714 54.299999 54.299999 54.299999 54.299999 0.000000e+00
736715 54.299999 54.299999 54.299999 54.299999 0.000000e+00
736718 44.000000 44.000000 44.000000 44.000000 1.000000e+02
736719 44.000000 44.000000 44.000000 44.000000 0.000000e+00
736720 44.000000 44.000000 44.000000 44.000000 0.000000e+00
736721 45.549999 48.049999 45.000000 48.049999 6.000000e+02
736722 49.000000 49.000000 49.000000 49.000000 5.000000e+02
736725 52.000000 52.000000 52.000000 52.000000 5.000000e+02
736726 52.000000 52.000000 52.000000 52.000000 0.000000e+00
736727 52.000000 52.000000 52.000000 52.000000 0.000000e+00
736728 52.000000 52.000000 52.000000 52.000000 0.000000e+00
736729 52.000000 52.000000 52.000000 52.000000 0.000000e+00
736732 52.000000 52.000000 52.000000 52.000000 0.000000e+00
736733 52.000000 52.000000 52.000000 52.000000 0.000000e+00
736734 52.000000 52.000000 52.000000 52.000000 0.000000e+00
736735 52.000000 52.000000 52.000000 52.000000 0.000000e+00
736736 52.000000 52.000000 52.000000 52.000000 0.000000e+00
736739 52.000000 52.000000 52.000000 52.000000 0.000000e+00
736740 52.000000 52.000000 52.000000 52.000000 0.000000e+00
736741 52.000000 52.000000 52.000000 52.000000 0.000000e+00
736742 52.000000 52.000000 52.000000 52.000000 0.000000e+00
736743 51.000000 51.009998 51.000000 51.009998 7.000000e+02
736747 51.009998 51.009998 51.009998 51.009998 0.000000e+00
736748 51.009998 51.009998 51.009998 51.009998 0.000000e+00
736749 51.009998 51.009998 51.009998 51.009998 0.000000e+00
736750 51.009998 51.009998 51.009998 51.009998 0.000000e+00
736753 51.009998 51.009998 51.009998 51.009998 0.000000e+00
736754 50.000000 50.000000 50.000000 50.000000 1.000000e+02
736755 50.000000 50.000000 50.000000 50.000000 0.000000e+00
736756 50.000000 50.000000 50.000000 50.000000 0.000000e+00
736757 50.000000 50.000000 50.000000 50.000000 0.000000e+00
736760 50.000000 50.000000 50.000000 50.000000 0.000000e+00
736761 50.000000 50.000000 50.000000 50.000000 0.000000e+00
736762 50.000000 50.000000 50.000000 50.000000 0.000000e+00
736763 50.000000 50.000000 50.000000 50.000000 0.000000e+00
736764 50.000000 50.000000 50.000000 50.000000 0.000000e+00
