736034 18.479644 18.479644 17.808335 17.957515 9.137261e+03
736035 17.985488 18.600855 17.882926 18.199933 1.053582e+04
736036 18.106695 18.265199 17.826984 18.265199 3.449782e+03
736039 18.479644 18.703412 18.283846 18.395730 6.526615e+03
736040 18.871242 18.871242 17.985488 18.218581 4.102444e+03
736041 18.218581 18.554235 18.218581 18.237227 4.848343e+03
736042 18.218581 18.684768 18.134667 18.143989 5.501004e+03
736043 18.088048 18.498292 18.060078 18.190609 9.510211e+03
736046 18.181285 18.470320 18.116019 18.283847 7.645463e+03
736047 18.321141 18.498292 18.162637 18.246551 4.195681e+03
736048 18.143989 18.339788 18.097371 18.209257 1.118848e+03
736049 18.218581 18.470320 18.116019 18.302493 5.128055e+03
736050 18.554235 18.554235 18.088048 18.190609 2.237697e+03
736053 18.274522 18.386406 18.078722 18.162637 6.060428e+03
736054 18.339788 18.358437 18.078723 18.134667 2.517409e+03
736055 18.134667 18.358437 18.134667 18.246551 2.797121e+03
736056 18.181285 18.339789 18.078723 18.255875 4.102444e+03
736060 18.218581 18.442350 18.134667 18.209257 7.738701e+03
736061 18.460996 18.460996 18.190609 18.321141 3.449782e+03
736062 18.143989 18.330465 18.143989 18.171961 5.873954e+03
736063 18.237226 18.255875 18.143989 18.143989 2.797121e+03
736064 18.339789 18.339789 18.134668 18.265199 2.330934e+03
736067 18.311817 18.349113 18.181285 18.190609 1.137496e+04
736068 18.181285 18.293171 18.181285 18.283847 3.636257e+03
736069 18.321142 18.339789 18.199933 18.274523 2.144459e+03
736070 18.274522 18.414378 18.246551 18.414378 4.568630e+03
736071 18.181285 18.498292 18.181285 18.283847 3.356545e+03
736074 18.414379 18.544910 18.414379 18.544910 4.009206e+03
736075 18.554234 18.554234 18.414378 18.414378 2.890358e+03
736076 18.488968 18.544909 18.255874 18.339788 4.009206e+03
736077 18.274521 18.516939 18.274521 18.395730 1.771510e+03
736078 18.395731 18.544910 18.339788 18.526264 3.822732e+03
736081 18.647472 18.647472 18.339789 18.544910 9.416973e+03
736082 18.647472 18.647472 18.339788 18.386406 1.491798e+03
736083 18.638148 18.647472 18.377082 18.600854 1.305323e+03
736084 18.600854 18.600854 18.600854 18.600854 0.000000e+00
736085 18.395730 18.880565 18.395730 18.684767 3.915969e+03
736088 18.656796 18.796652 18.647473 18.666120 2.144459e+03
736089 18.973802 18.973802 18.666119 18.768679 5.594241e+03
736090 18.647472 18.927183 18.647472 18.927183 6.992802e+03
736091 18.927182 18.927182 18.787327 18.824623 2.517409e+03
736092 18.815299 18.917861 18.815299 18.917861 1.025611e+03
736095 18.852592 18.973802 18.703413 18.824623 6.899564e+03
736096 18.852594 18.973803 18.703414 18.703414 3.543020e+03
736097 18.936506 19.113658 18.694089 18.945831 4.941580e+03
736098 18.703414 19.113659 18.703414 18.936507 1.771510e+03
736099 18.750034 19.095011 18.750034 19.095011 2.797121e+02
736102 19.197572 19.430665 18.703413 19.122982 4.475393e+03
736103 18.750033 19.318779 18.750033 19.188248 3.263307e+03
736104 19.020421 19.384047 18.833947 18.833947 3.356545e+03
736105 18.833947 19.188248 18.833947 19.188248 2.703883e+03
736106 19.365399 19.365399 18.833947 19.188248 3.822732e+03
736110 18.843269 18.955155 18.843269 18.927183 3.170070e+03
736111 18.852593 19.057717 18.843269 18.871241 2.703883e+03
736112 19.031327 19.210247 18.692324 18.692324 9.322620e+03
736113 18.974827 19.426832 18.814742 19.426832 2.542533e+03
736116 18.908909 19.577502 18.795906 18.899492 3.484211e+03
736117 18.833575 19.530417 18.739407 18.842992 5.367569e+03
736118 18.880658 19.021912 18.701741 18.880658 2.052860e+04
736119 18.814742 18.927743 18.767658 18.927743 9.416788e+03
736120 18.833575 19.144329 18.805324 19.144329 1.412518e+03
736123 18.927743 19.144329 18.833575 19.144329 2.316530e+04
736124 18.814742 19.003078 18.814742 19.003078 4.049219e+03
736125 19.003077 19.473917 18.767658 19.021912 4.369389e+04
736126 18.777075 19.285580 18.777075 18.908909 3.051039e+04
736127 19.351497 19.445666 18.918326 18.927743 4.143387e+03
736130 19.247915 19.247915 18.814741 18.833575 3.992718e+04
736131 19.445667 19.445667 18.786492 18.852409 3.211125e+04
736132 18.842991 19.116077 18.748824 18.861826 4.783728e+04
736133 18.852409 19.304415 18.833576 19.276164 2.297696e+04
736134 18.955992 19.247914 18.955992 19.247914 2.448365e+03
736137 19.172580 19.304414 18.984243 19.257331 4.708394e+03
736138 19.285581 19.304414 19.068994 19.134912 7.627598e+03
736139 19.144329 19.521000 19.144329 19.229080 2.730868e+03
736140 19.426832 19.473917 19.068995 19.200829 2.825036e+03
736141 19.068995 19.210247 18.890075 19.021912 1.892774e+04
736144 18.974826 19.426831 18.852408 18.937160 6.685919e+03
736145 18.833575 19.125495 18.833575 18.927743 1.582020e+04
736146 18.946577 19.144329 18.833575 18.880658 4.331722e+03
736147 18.880658 19.021912 18.833575 18.880658 2.071693e+03
736151 18.880659 19.012496 18.880659 18.993661 2.354197e+03
736152 18.993661 19.012496 18.833576 18.965410 3.672547e+03
736153 18.927743 18.965409 18.833575 18.927743 3.578379e+03
736154 18.974826 18.974826 18.795906 18.899492 1.600854e+03
736155 18.974827 18.974827 18.842991 18.908909 1.789190e+03
736158 19.068995 19.068995 18.852409 18.974827 9.887627e+03
736159 18.861826 18.974827 18.852408 18.908909 4.425890e+03
736160 18.927742 19.021911 18.871242 18.937160 2.316530e+04
736161 19.021912 19.238497 18.908910 19.200829 7.250926e+03
736162 19.087829 19.398583 19.087829 19.398583 2.354197e+03
736165 19.247915 19.436248 19.229080 19.408000 2.636701e+03
736166 18.852409 19.436249 18.852409 19.068995 4.520058e+03
736167 18.927744 18.965410 18.927744 18.965410 4.708394e+02
736168 19.021912 19.181997 18.965409 19.012495 1.092347e+04
736169 18.908909 19.068995 18.908909 19.050161 3.484211e+03
736172 18.927743 19.068995 18.927743 19.068995 1.130015e+03
736173 18.974826 19.050161 18.937160 18.937160 1.789190e+03
736174 18.899493 19.059578 18.890075 18.974827 3.013372e+03
736175 18.927743 19.050161 18.927743 19.021912 1.695022e+03
736176 19.021912 19.050162 18.974827 18.993661 3.107540e+03
736179 19.021912 19.021912 18.955992 19.012495 3.484211e+03
736180 19.068995 19.068995 19.068995 19.068995 7.533430e+02
736181 19.031327 19.031327 18.974827 18.974827 8.475109e+02
736182 18.974827 19.021912 18.871243 18.871243 2.071693e+03
736183 19.068995 19.068995 18.955993 19.031327 1.506686e+03
736186 19.068995 19.068995 18.984243 19.050161 6.309248e+03
736187 19.003078 19.134913 18.937161 19.003078 6.120912e+03
736188 18.955992 19.144329 18.955992 19.144329 9.416788e+02
736189 19.116078 19.116078 18.946578 18.955993 2.071693e+03
736190 19.021912 19.059579 18.984244 18.993661 1.035847e+03
736193 19.003077 19.097246 18.984244 19.012495 4.990897e+03
736194 18.946578 19.106663 18.946578 19.021912 3.672547e+03
736195 19.031327 19.125495 19.021912 19.059578 1.883358e+03
736196 19.050162 19.068995 19.031327 19.031327 7.156759e+03
736197 19.050162 19.068995 19.031327 19.031327 2.448365e+03
736200 18.974827 19.125494 18.871243 19.097246 5.367569e+03
736201 19.294998 19.294998 18.880658 19.068995 2.448365e+04
736202 19.021912 19.351497 18.908909 18.918326 2.128194e+04
736203 19.078412 19.483335 18.871244 18.955993 1.195932e+04
736204 19.027345 19.312754 19.027345 19.141510 4.376289e+03
736207 19.217620 19.493516 19.217620 19.322269 8.086622e+03
736208 19.312754 19.588652 19.312754 19.407892 4.851973e+03
736209 19.312754 19.740870 19.312754 19.531570 2.949238e+03
736210 19.464973 19.645734 19.322268 19.388864 5.422793e+03
736211 19.322268 19.398378 19.312755 19.388864 2.663828e+03
736215 19.598166 19.598166 19.312754 19.379352 3.424922e+03
736216 19.474487 19.560110 19.379352 19.379352 1.712461e+03
736217 19.550597 19.607681 19.360325 19.522057 4.756837e+03
736218 19.445947 19.484001 19.445947 19.484001 4.756836e+02
736221 19.464973 19.645734 19.464973 19.645734 6.659571e+02
736222 19.645733 19.645733 19.417405 19.541084 4.471426e+03
736223 19.493515 19.740870 19.464973 19.484001 2.188145e+03
736224 19.417406 19.645734 19.417406 19.645734 1.236777e+03
736225 19.407892 19.674275 19.407892 19.674275 5.137383e+03
736228 19.407891 19.664760 19.407891 19.531570 2.949238e+03
736229 19.531571 19.626706 19.398378 19.512543 1.997871e+03
736230 19.455461 19.645734 19.331783 19.379352 5.422793e+03
736231 19.417406 19.464974 19.284215 19.284215 9.513673e+02
736232 19.284215 19.503029 19.284215 19.503029 1.617324e+03
736235 19.379352 19.493515 19.360323 19.455461 1.522188e+03
736236 19.484001 19.636218 19.455461 19.531570 4.756836e+03
736237 19.626706 19.626706 19.284215 19.398378 2.378418e+03
736238 19.360324 19.455461 19.293729 19.293729 4.090879e+03
736239 19.569625 19.569625 19.274701 19.274701 5.708204e+02
736242 19.360324 19.360324 19.360324 19.360324 1.902735e+02
736243 19.398377 19.560109 19.398377 19.541084 7.610938e+02
736244 19.579138 19.626705 19.312754 19.369838 3.044375e+03
736245 19.341297 19.598166 19.322268 19.474487 4.851973e+03
736246 19.312755 19.474487 19.312755 19.474487 8.562305e+02
736249 19.388863 19.617193 19.379352 19.569624 3.520059e+03
736250 19.464974 19.645735 19.417406 19.636220 1.331914e+03
736251 19.550597 19.550597 19.407893 19.522057 2.093008e+03
736252 19.388864 19.645734 19.388864 19.493515 2.188145e+03
736253 19.541085 19.541085 19.522057 19.522057 2.854102e+02
736256 19.531571 19.598165 19.379352 19.550596 7.325528e+03
736257 19.455462 19.560110 19.369839 19.398378 1.522188e+03
736258 19.360325 19.560111 19.360325 19.522057 6.944981e+03
736259 19.541084 19.588652 19.322268 19.493515 2.283281e+03
736260 19.426919 19.645734 19.341296 19.341296 4.090879e+03
736263 19.350810 19.636219 19.350810 19.617194 4.661700e+03
736264 19.598166 19.645734 19.503029 19.503029 2.568692e+03
736265 19.531570 19.531570 19.312754 19.455461 7.515801e+03
736266 19.484001 19.617194 19.484001 19.550596 1.236777e+03
736267 19.322268 19.607680 19.322268 19.436433 7.610938e+02
736270 19.407892 19.645734 19.398378 19.617194 4.186016e+03
736271 19.636219 19.645734 19.407892 19.579138 1.236777e+03
736272 19.645735 19.740871 19.522057 19.522057 2.378418e+03
736273 19.607680 19.607680 19.322268 19.541084 2.188145e+03
736274 19.417406 19.693303 19.322268 19.407892 3.520059e+03
736277 19.522056 19.693303 19.322268 19.607680 3.424922e+03
736278 19.674275 19.674275 19.426920 19.426920 1.236777e+03
736279 19.655248 19.693304 19.512543 19.512543 8.562306e+02
736280 19.693303 19.693303 19.455462 19.588652 2.283281e+03
736281 19.636220 19.645734 19.588652 19.626706 2.188145e+03
736284 19.788438 19.788438 19.617194 19.759898 3.995742e+03
736285 19.750384 19.788438 19.645734 19.664761 2.283281e+03
736286 19.702815 19.797952 19.683790 19.759898 6.279024e+03
736287 19.845522 19.978712 19.826493 19.921631 1.997871e+03
736288 19.912116 19.912116 19.655247 19.883575 1.236777e+03
736291 19.959686 20.245097 19.778927 20.073850 9.608810e+03
736292 20.102390 20.264123 20.073850 20.073850 4.186016e+03
736293 20.026279 20.035793 19.598165 19.978712 4.281153e+03
736295 19.897049 19.897049 19.858620 19.858620 2.209716e+03
736298 19.849012 20.463888 19.849012 19.964302 2.594014e+03
736299 19.925872 19.925872 19.839405 19.887443 2.594014e+03
736300 20.031554 20.473496 19.954694 20.050770 6.629147e+03
736301 20.185274 20.454283 19.983516 19.983516 7.493819e+03
736302 20.175666 20.377422 20.175666 20.271741 1.633268e+03
736305 20.223702 20.252526 20.175666 20.175666 5.284103e+03
736306 20.185273 20.540748 19.724116 20.002731 8.070266e+03
736307 19.810584 19.983516 19.810584 19.954695 3.362611e+03
736308 19.954693 20.108413 19.791367 19.800975 6.436998e+03
736309 19.925872 20.050770 19.512750 19.849012 1.450726e+04
736312 19.916264 19.964302 19.503142 19.800975 7.013445e+03
736313 20.166059 20.406245 19.791368 20.300562 4.131208e+03
736314 20.098806 20.271740 19.791367 19.877835 6.436998e+03
736315 19.887442 20.223702 19.849012 19.877835 5.668401e+03
736316 19.829797 20.435068 19.791368 19.791368 3.458686e+04
736319 19.916265 20.435068 19.733724 19.897049 4.611581e+03
736320 19.887443 20.338993 19.695293 19.983516 2.786163e+03
736321 19.945086 20.358208 19.858619 20.166058 2.209716e+03
736322 20.041163 20.540749 19.983517 19.993124 2.978313e+03
736326 20.118022 20.367816 20.031554 20.031554 2.497940e+03
736327 20.319777 20.367816 19.829796 20.079591 1.921492e+03
736328 20.127629 20.127629 19.887443 20.079591 9.991758e+03
736329 20.166058 20.290956 20.060375 20.166058 3.842984e+03
736333 20.012339 20.367816 20.012339 20.242918 4.419432e+03
736334 20.050770 20.415853 20.041163 20.214097 9.799609e+03
736335 20.358208 20.358208 20.156451 20.223702 2.786163e+03
736336 20.262134 20.271741 20.242919 20.271741 1.248970e+03
736337 20.271740 20.319777 20.223701 20.319777 4.995879e+03
736340 20.396638 20.646432 20.396638 20.550356 4.995879e+03
736341 20.608002 20.608002 20.281349 20.559964 2.594014e+03
736342 20.598395 20.608002 20.338993 20.387029 2.209716e+03
736343 20.463889 20.511927 20.415852 20.511927 2.209716e+03
736344 20.550356 20.608003 20.473496 20.531143 5.476252e+03
736348 20.473496 20.608002 20.435067 20.608002 3.170462e+03
736349 20.415852 20.608002 20.204489 20.608002 8.934938e+03
736350 20.223702 20.598395 20.194880 20.521535 5.572327e+03
736351 20.223702 20.608002 20.223702 20.608002 3.746909e+03
736354 20.511927 20.608003 20.511927 20.511927 3.362611e+03
736355 20.194881 20.636824 20.194881 20.329385 2.401865e+03
736356 20.406245 20.608002 20.223702 20.598395 1.633268e+03
736357 20.588787 21.184448 20.588787 21.078768 9.127087e+03
736358 20.944263 21.539926 20.905834 20.953870 4.803730e+03
736361 20.953870 21.597570 20.915441 21.463066 4.611581e+03
736362 20.992300 21.395814 20.857795 21.107589 5.188028e+03
736363 21.030729 21.366991 20.828973 21.366991 3.362611e+03
736364 20.713684 21.040338 20.194882 20.473497 1.268185e+04
736365 20.348600 20.684862 20.348600 20.665646 2.017567e+03
736368 20.608003 20.608003 20.204489 20.406245 2.209716e+03
736369 20.252525 20.588786 20.204489 20.559964 1.825417e+03
736370 20.684863 20.732899 20.319778 20.627216 3.170462e+03
736371 20.531142 20.627215 20.338992 20.396637 1.345044e+03
736372 20.598395 20.598395 20.175666 20.588787 1.633268e+03
736376 20.579179 20.780935 20.579179 20.617608 1.056821e+03
736377 20.281350 20.656040 20.281350 20.473497 4.419432e+03
736378 20.636823 20.838581 20.483104 20.800150 1.825417e+03
736379 20.934656 21.136412 20.800151 20.828973 4.131208e+03
736382 21.357384 21.395813 20.915440 21.386206 6.244849e+03
736383 20.963478 21.962654 20.963478 21.933831 7.013446e+03
736384 21.905008 22.077943 21.472673 21.616785 7.878117e+03
736385 22.039515 22.097158 21.943439 21.943439 6.244849e+03
736386 21.861034 22.190646 21.376311 21.405395 1.173031e+04
736389 21.415089 22.190646 21.415089 21.841647 6.010573e+03
736390 21.686536 22.200342 21.356924 22.151870 9.015860e+03
736391 21.783479 22.277898 21.725313 22.219731 6.301407e+03
736392 22.297287 22.297287 21.657452 21.890119 7.173910e+03
736393 22.006455 22.248816 21.618674 21.870730 8.337247e+03
736396 21.764091 22.297286 21.705922 22.006453 1.492949e+04
736397 21.899814 22.297287 21.715619 21.725313 6.592241e+03
736398 21.715618 21.754397 21.521730 21.570201 7.076965e+03
736399 21.492645 21.812563 21.492645 21.676841 6.398352e+03
736400 21.812564 22.268203 21.618673 21.735008 5.719739e+03
736403 21.967675 22.258508 21.851342 21.928898 5.235015e+03
736404 22.190646 22.229425 21.764091 22.210036 6.689186e+03
736405 22.122787 22.277898 21.957981 22.268203 3.490010e+03
736406 22.054925 22.258508 22.016147 22.229426 1.938895e+03
736407 22.277897 22.297286 21.347228 22.210036 4.168623e+03
736410 22.016146 22.297287 21.386006 22.297287 4.265568e+03
736411 22.161566 22.297287 21.793175 22.229426 1.357226e+04
736412 22.210037 22.219732 21.773785 22.103397 1.308754e+04
736413 21.977369 22.297286 21.861034 22.287592 7.367799e+03
736417 22.287591 22.297286 21.948284 22.277897 7.464744e+03
736418 22.277897 22.529954 22.025840 22.248815 1.657755e+04
736419 22.374843 22.374843 22.132481 22.297287 6.980020e+03
736420 22.297287 22.975901 22.200342 22.442704 1.289365e+04
736421 22.462093 22.782010 22.462093 22.588120 4.459457e+03
736424 22.529954 22.878955 22.529954 22.782010 6.301407e+03
736425 22.655983 23.043761 22.655983 22.782010 8.143357e+03
736426 22.782010 23.266734 22.772316 23.266734 1.037309e+04
736427 23.266733 23.751457 23.150399 23.732068 1.570505e+04
736428 23.576957 23.751458 23.509096 23.751458 1.396004e+04
736431 23.702986 24.139237 23.353984 23.615736 2.113395e+04
736432 23.499401 24.090764 23.499401 23.867792 1.221504e+04
736433 23.906569 23.935653 23.567261 23.906569 6.107518e+03
736434 23.858099 23.925959 23.702987 23.925959 5.816684e+03
736435 23.896874 24.139236 23.286123 23.867792 2.055228e+04
736438 23.867792 24.226486 22.888650 23.829013 1.017920e+04
736439 23.829014 24.119847 23.722374 23.955041 7.076965e+03
736440 23.887180 24.013209 23.557568 23.722374 1.173031e+04
736441 23.838707 23.867792 23.421845 23.625430 6.786131e+03
736442 23.654514 23.993820 23.460625 23.925959 1.570505e+04
736445 23.877485 24.236181 23.615736 24.236181 1.192420e+04
736446 24.187710 24.594878 23.741763 24.478543 2.006756e+04
736447 24.420377 24.478543 23.295818 24.478543 1.240892e+04
736448 24.420377 24.468848 23.392761 24.439764 7.173910e+03
736449 24.430072 25.079602 24.352516 24.817850 3.141009e+04
736452 24.672434 24.982656 24.216793 24.730600 2.443007e+04
736453 24.779071 25.011739 24.274961 24.856627 1.008225e+04
736454 24.430071 25.864852 24.003513 25.554630 1.783783e+04
736455 25.806688 27.173608 25.186240 26.795522 5.457988e+04
736456 26.417437 26.776134 25.729131 26.019964 1.871033e+04
736459 26.068435 26.650105 26.068435 26.407743 2.365451e+04
736460 26.911856 27.357800 26.310797 26.611328 5.167154e+04
736461 25.098988 26.950633 25.098988 25.380129 2.229729e+04
736462 25.205629 25.981186 24.817850 25.816380 1.822561e+04
736463 26.165381 26.756744 24.953572 25.447990 3.102231e+04
736466 25.118378 25.874548 25.108684 25.651573 2.375146e+04
736467 25.263795 26.000576 24.779071 24.934183 1.589894e+04
736468 25.515852 25.515852 24.420377 24.740294 2.452702e+04
736469 25.089294 25.089294 24.323432 24.556099 9.209749e+03
736470 24.575488 24.982656 24.216793 24.594878 2.190951e+04
736473 24.740293 25.176544 24.468848 24.837239 1.900117e+04
736474 25.040822 25.040822 24.517322 25.031128 2.181256e+04
736475 25.370434 25.370434 24.585183 25.011738 1.202115e+04
736476 24.808155 25.002046 24.400988 24.798461 9.015860e+03
736477 24.930394 24.930394 24.588346 24.910848 6.743227e+03
736481 24.764256 24.774029 24.431981 24.431981 1.123871e+04
736482 24.344026 24.451526 24.187661 24.187661 8.600057e+03
736483 24.099706 24.510163 22.946517 23.210382 1.182508e+04
736484 23.220155 23.435156 22.369921 23.112654 1.895922e+04
736487 22.897653 23.835840 22.741288 23.444929 1.602738e+04
736488 23.454701 23.982433 23.181062 23.601293 3.312977e+04
736489 23.562204 24.080161 22.809698 23.962888 1.514783e+04
736490 23.659929 23.659929 22.936743 23.210382 8.111418e+03
736491 23.200609 23.298337 22.653332 22.711969 7.915962e+03
736494 22.496968 23.161519 21.969238 22.135375 2.052286e+04
736495 21.949691 22.125601 21.744463 21.891055 1.837285e+04
736496 22.008329 23.425383 21.842191 22.037646 1.358418e+04
736497 21.969237 22.633787 21.607645 22.340604 5.316399e+04
736498 22.536059 23.523112 21.851965 21.998556 4.231619e+04
736501 22.203783 22.692423 21.861738 21.988783 2.169560e+04
736502 22.125601 22.770606 21.851965 22.614241 2.345470e+04
736503 22.975835 23.532884 22.115828 23.396066 2.482289e+04
736504 23.386292 25.692672 22.731515 23.356974 7.828007e+04
736505 23.073565 24.207208 22.037647 23.337428 6.218428e+05
736508 22.751062 24.158342 22.751062 23.933569 6.811636e+04
736509 24.060616 25.311533 24.001977 24.353799 2.746155e+04
736510 24.490617 25.037896 23.777205 24.842439 2.501835e+04
736511 25.272441 26.327903 24.783802 26.327903 4.163209e+04
736512 26.171539 26.738361 25.976082 26.298584 2.110923e+04
736516 25.643808 26.230175 24.998804 25.164941 1.798194e+04
736517 25.067213 26.699269 25.067213 26.366994 2.110923e+04
736518 26.464722 26.474495 25.331078 25.516762 2.032741e+04
736519 25.761081 26.679722 25.761081 26.611313 2.697291e+04
736522 26.562450 26.630859 25.067213 25.985855 3.967754e+04
736523 25.985854 26.581996 25.956535 26.327903 3.508432e+04
736524 26.357220 26.376767 25.585171 25.663353 3.342295e+04
736525 26.083584 26.142219 25.506988 25.594944 3.127294e+04
736526 25.839264 26.122674 25.546078 25.800172 3.469341e+04
736529 25.849038 25.907673 25.448353 25.546079 1.720012e+04
736530 25.487442 25.585170 25.262668 25.399487 1.759103e+04
736531 25.301759 25.634035 25.174714 25.585171 1.886149e+04
736532 25.653580 25.653580 25.213804 25.575398 2.755927e+04
736533 25.458124 25.643808 25.331079 25.506989 2.150014e+04
736536 25.506989 25.673126 25.487443 25.487443 1.680920e+04
736537 25.506988 25.526534 25.282214 25.389714 1.534328e+04
736538 25.233350 25.516762 25.184486 25.311532 1.329100e+04
736539 25.340851 26.581997 25.291986 26.044492 3.029566e+04
736540 25.897901 25.995629 25.252896 25.790399 3.635479e+04
736543 25.594945 25.800173 25.438580 25.458124 1.778648e+04
736544 25.497216 25.643808 25.477670 25.546079 1.075007e+04
736545 25.653580 25.653580 25.477670 25.653580 8.990969e+03
736546 25.653580 25.653580 25.438580 25.536306 7.622778e+03
736547 25.506988 25.653580 25.438580 25.604717 1.475692e+04
736550 25.487443 25.575398 25.243123 25.291986 5.472764e+03
736551 25.497215 25.506988 25.223576 25.438579 1.084780e+04
736552 25.458123 25.458123 24.764256 25.145395 9.675065e+03
736553 24.998803 25.321306 24.998803 25.301759 4.788668e+03
736554 25.164940 25.653580 25.164940 25.604717 1.710239e+04
736557 25.604717 25.604717 25.047666 25.272442 1.290009e+04
736558 25.116078 25.223577 24.041070 24.041070 2.228197e+04
736559 24.041070 25.399489 23.552431 24.246298 1.749330e+04
736560 24.041070 25.243123 24.041070 25.164941 1.954559e+04
736561 25.174713 25.204032 23.679476 24.510163 9.870520e+03
736564 24.490617 25.155168 24.490617 25.047666 1.133644e+04
736565 25.106305 25.360398 24.910848 24.930394 1.162962e+04
736566 24.891301 25.252895 24.598118 24.989030 1.055462e+04
736567 24.803346 25.243123 24.519936 25.155168 1.495237e+04
736568 25.184486 25.311532 24.216981 24.295163 1.856831e+04
736571 24.461300 24.774028 24.461300 24.549255 4.984124e+03
736572 24.665539 25.089275 24.320634 24.902043 2.473452e+04
736573 24.783790 24.842915 24.281215 24.517720 1.665392e+04
736574 24.330488 24.438884 23.492864 24.251653 8.967494e+03
736575 24.202380 25.020295 24.123546 24.980878 7.784968e+03
736579 24.330489 24.852770 24.330489 24.606410 1.133255e+04
736580 24.557139 24.675392 23.975730 24.340343 1.704809e+04
736581 24.251654 24.517720 23.709660 23.808205 1.832916e+04
736582 23.571700 24.074274 23.551991 23.749079 2.374908e+04
736585 23.650535 23.749079 23.305631 23.749079 2.246801e+04
736586 23.522428 23.532280 22.980436 23.394320 1.488013e+04
736587 23.354904 23.689953 22.960726 23.236650 1.113546e+04
736588 23.404175 23.404175 22.852330 23.000145 1.576702e+04
736589 23.118397 23.709660 22.980436 23.660389 6.671422e+04
736592 23.522429 24.458595 23.522429 23.916604 9.952934e+03
736593 23.768788 24.291070 23.768788 23.857476 9.657302e+03
736594 23.818059 24.655683 23.719516 24.389614 1.093837e+04
736595 24.478304 25.040004 24.320634 24.931605 1.015002e+04
736596 24.823208 25.355344 24.734517 25.177964 1.143109e+04
736599 25.079422 25.168111 24.645828 24.783789 7.883511e+03
736600 25.020294 25.020294 23.887040 24.320633 1.083983e+04
736601 24.251653 24.281215 23.758934 24.064419 1.340197e+04
736602 24.005294 24.044710 23.581554 23.611116 9.558758e+03
736603 23.620971 23.650535 23.207086 23.502719 9.460214e+03
736606 23.394321 23.394321 23.010000 23.010000 8.967495e+03
736607 23.108544 23.157815 22.280775 22.605970 1.133255e+04
736608 23.147961 23.226796 22.783350 22.842475 1.074128e+04
736609 22.684805 22.803056 22.517280 22.665096 5.025739e+03
736610 22.586260 22.645386 22.320192 22.330046 7.686424e+03
736613 22.704514 23.059271 22.665096 22.970581 7.883512e+03
736614 22.941020 22.941020 22.665096 22.793202 8.573319e+03
736615 22.812912 23.295776 22.812912 23.147961 3.941756e+03
736616 23.305631 23.581554 23.266215 23.404175 5.518458e+03
736617 23.404175 23.581554 22.872037 23.354904 4.828651e+03
736620 23.404175 23.591410 23.157815 23.374611 6.208265e+03
736621 23.404175 23.650534 23.098690 23.591409 4.927195e+03
736622 23.404175 23.620970 23.285921 23.384466 5.518458e+03
736623 23.187379 23.650534 23.187379 23.551990 1.911751e+04
736624 23.404175 23.404175 23.216940 23.236650 1.872334e+03
736627 23.581554 23.591409 23.345049 23.364756 3.843212e+03
736628 23.620970 23.640680 23.384466 23.384466 4.631563e+03
736629 23.423884 23.611116 23.236650 23.384466 6.898073e+03
736630 23.335195 23.335195 23.157816 23.167670 3.153405e+03
736631 23.157814 23.611115 23.157814 23.551990 2.759229e+03
736634 23.640680 23.640680 23.157815 23.207086 1.054420e+04
736635 23.236650 23.542135 22.901601 23.000145 6.799529e+03
736636 23.019855 23.019855 22.330046 22.369465 8.967494e+03
736637 22.349755 22.487717 21.797911 21.807763 6.898073e+03
736638 22.054122 22.054122 21.768346 21.768346 1.162818e+04
736641 21.945725 22.251211 21.768346 22.221647 7.587880e+03
736642 22.172376 22.270920 22.024560 22.251211 6.011177e+03
736643 21.965435 22.950874 21.965435 22.862184 1.300779e+04
736644 22.950874 23.414029 21.738782 23.404175 2.000441e+04
736645 23.266214 23.601263 22.615824 23.601263 3.123841e+04
736648 23.591410 24.389615 23.492865 23.916604 2.227092e+04
736649 23.985584 23.985584 23.059271 23.256359 1.005148e+04
736650 23.384466 23.926458 23.128250 23.877185 1.054420e+04
736651 23.936313 24.409323 23.906749 24.360050 6.602441e+03
736652 24.261508 25.365199 24.064419 25.168112 1.261362e+04
736655 25.237093 25.641122 25.158257 25.375053 1.310634e+04
736656 25.394762 25.394762 24.882334 25.266654 1.123400e+04
736657 25.315927 25.621412 24.665537 25.542577 6.503897e+03
736659 25.483452 25.483452 25.128693 25.365198 1.379614e+03
736662 25.256800 26.104278 25.256800 26.074714 1.271216e+04
736663 26.052861 26.380632 25.655563 26.023065 5.462857e+03
736664 25.943605 26.311106 25.327792 25.337724 1.370680e+04
736665 25.327792 26.201848 25.119211 25.347657 7.052052e+03
736666 25.913807 25.913807 25.129141 25.516509 3.575688e+03
736669 25.556238 25.764821 25.427116 25.685361 6.257454e+03
736670 25.427117 26.201848 25.427117 25.903875 7.350026e+03
736671 26.172052 26.420363 25.923740 26.350837 1.072706e+04
736672 26.569351 27.065974 25.456913 27.065974 2.274535e+04
736673 27.036176 27.661922 26.926921 27.334151 1.191896e+04
736676 27.522865 29.777536 27.522865 29.449765 2.731428e+04
736677 29.350441 29.747741 26.370700 29.102129 1.519668e+04
736678 28.804155 29.300779 28.287667 28.436653 1.976561e+04
736679 28.545911 29.211387 27.810909 28.347263 1.599127e+04
736680 28.575709 30.691325 27.046109 29.847064 1.095551e+05
736683 29.986119 30.204633 28.943208 29.340509 2.314265e+04
736684 29.727875 31.078691 29.380238 29.886794 2.006358e+04
736685 28.992874 29.698078 28.883615 29.320644 1.340883e+04
736686 29.092198 29.419969 28.307532 28.903480 1.847439e+04
736687 28.863750 29.290847 28.863750 29.102129 4.568935e+03
736691 29.072332 29.668281 28.903480 29.191521 7.250701e+03
736692 29.181588 29.489497 28.873683 29.151792 1.162099e+04
736693 29.390172 29.866930 29.171658 29.439833 1.023044e+04
736694 29.708010 29.817267 28.764425 29.131927 1.122369e+04
736698 28.943210 29.141860 28.476385 28.486317 1.003179e+04
736699 28.833953 29.410037 27.840707 28.675034 1.301153e+04
736700 28.396924 29.370306 27.999626 28.466451 8.144623e+03
736701 28.267800 28.853816 27.354015 28.089018 7.250701e+03
736704 27.900301 28.873682 27.642056 28.208207 8.045298e+03
736705 28.257871 28.367126 27.810909 28.287667 7.648000e+03
736706 28.089020 28.287668 27.165299 28.118815 1.559397e+04
736707 28.118814 28.118814 27.274554 27.413610 1.172031e+04
736708 27.493069 27.651988 27.493069 27.542731 3.377039e+03
736712 27.512936 28.208208 27.284487 27.741382 6.654753e+03
736713 27.830773 27.830773 27.016312 27.503003 7.846649e+03
736714 27.284487 27.284487 26.211781 26.579283 1.857371e+04
736715 26.410431 27.125568 25.566171 26.519689 9.733818e+03
736718 25.874076 26.450159 25.874076 26.291240 6.456104e+03
736719 26.162120 27.006380 26.013134 26.787864 5.860156e+03
736720 27.393745 27.800976 26.768001 27.493070 2.979740e+03
736721 27.185164 27.403677 26.768001 26.777931 2.880416e+03
736722 26.708404 27.016312 26.330971 26.718337 3.079065e+03
736725 28.128747 28.128747 25.705224 26.569350 4.767584e+03
736726 26.569350 26.619011 25.625765 26.142254 6.456104e+03
736727 26.032996 26.609081 25.645631 25.754888 3.377039e+03
736728 26.549486 26.549486 25.635698 25.874077 5.562182e+03
736729 25.834348 26.221714 25.834348 26.132321 4.270961e+03
736732 25.874076 27.234825 25.874076 25.933673 2.880416e+03
736733 25.893943 26.887190 25.893943 26.450160 2.185143e+03
736734 26.460093 26.619012 25.725091 26.420364 3.476364e+03
736735 26.579283 26.768001 26.579283 26.628944 1.986493e+03
736736 26.410430 27.135500 25.973402 26.658742 6.456104e+03
736739 26.519688 26.519688 25.834347 26.052861 8.243948e+03
736740 25.735023 25.973402 25.327792 25.794617 1.470005e+04
736741 25.576103 25.923739 25.347656 25.685361 3.675013e+03
736742 24.831168 25.387385 24.831168 25.069547 7.250701e+03
736743 25.139074 26.619011 25.139074 25.973402 6.654753e+03
736747 29.847063 30.611864 29.797402 30.403283 2.412596e+05
736748 30.373485 30.373485 30.194701 30.284093 6.962660e+04
736749 30.294025 30.641661 30.294025 30.462877 2.175210e+04
736750 30.323824 30.641662 30.303958 30.591999 9.435844e+03
736753 30.580000 30.799999 30.580000 30.750000 1.140000e+04
736754 30.600000 30.700001 30.320000 30.459999 1.710000e+04
736755 30.459999 30.590000 30.290001 30.400000 2.070000e+04
736756 30.299999 30.430000 30.290001 30.299999 2.490000e+04
736757 30.240000 30.480000 30.110001 30.440001 1.560000e+04
736760 30.309999 30.360001 30.290001 30.320000 7.900000e+03
736761 30.299999 30.400000 30.290001 30.340000 1.540000e+04
736762 30.299999 30.360001 30.290001 30.290001 1.020000e+04
736763 30.309999 30.440001 30.240000 30.270000 6.900000e+03
736764 30.400000 30.500000 30.290001 30.299999 1.380000e+04
