736034 22.419022 22.465844 22.381562 22.465844 2.837495e+04
736035 22.419022 22.475209 22.390927 22.390927 1.086302e+04
736036 22.478249 22.478249 22.393743 22.393743 8.356575e+03
736039 22.487638 22.487638 22.421910 22.440690 9.389410e+03
736040 22.450079 22.572142 22.450079 22.525194 4.544474e+04
736041 22.562753 22.694204 22.543974 22.619089 1.342686e+04
736042 22.675425 22.703593 22.628478 22.637868 1.183066e+04
736043 22.759930 22.778709 22.619089 22.731761 1.455359e+04
736046 22.628478 22.741150 22.590919 22.675425 2.274115e+05
736047 22.600310 22.872604 22.600310 22.703594 2.253458e+03
736048 22.656645 22.703593 22.637868 22.675425 1.568031e+04
736049 22.534584 22.750541 22.534584 22.666035 9.858881e+03
736050 22.534584 22.741150 22.534584 22.694204 3.286294e+03
736053 22.788098 22.844434 22.703593 22.722373 2.225290e+04
736054 22.797489 22.797489 22.722373 22.731761 4.225235e+03
736055 22.741150 22.769319 22.694204 22.694204 7.464581e+04
736056 22.684814 22.750540 22.684814 22.722373 8.168787e+03
736060 22.722373 22.769319 22.656645 22.675425 1.065698e+05
736061 22.553363 22.750540 22.553363 22.694204 5.445858e+03
736062 22.769319 22.769319 22.543973 22.694204 3.417745e+04
736063 22.731761 22.731761 22.619089 22.694204 4.225235e+03
736064 22.694204 22.712984 22.647258 22.694204 4.150119e+04
736067 22.722373 22.769319 22.722373 22.722373 2.122007e+04
736068 22.656646 22.835045 22.656646 22.759930 5.727540e+04
736069 22.813599 22.879506 22.804182 22.841845 1.195760e+04
736070 22.945415 22.945415 22.907752 22.907752 7.532348e+03
736071 22.936000 22.936000 22.860677 22.888921 6.120033e+03
736074 22.973661 22.973661 22.870092 22.926584 1.751271e+04
736075 22.992492 23.001907 22.870092 22.888921 2.231458e+04
736076 22.945415 22.973660 22.888921 22.898337 1.892502e+04
736077 22.917168 22.954829 22.888921 22.954829 6.684959e+03
736078 22.888921 22.954829 22.888921 22.926584 1.506470e+04
736081 22.898337 22.926583 22.870091 22.879505 2.109057e+04
736082 22.926584 22.954829 22.926584 22.926584 8.285583e+03
736083 22.888921 22.954829 22.888921 22.926584 2.146719e+04
736084 22.954829 22.954829 22.898337 22.917168 3.766174e+03
736085 22.917167 22.935999 22.888920 22.935999 1.063944e+04
736088 22.954829 23.001907 22.926584 23.001907 4.208699e+04
736089 22.992491 23.030152 22.945415 23.011323 2.495090e+04
736090 23.453847 23.453847 22.917167 23.048983 3.832082e+04
736091 23.105478 23.133723 23.020739 23.133723 7.419363e+04
736092 23.199630 23.199630 23.096062 23.133723 3.794420e+04
736095 23.086645 23.227877 23.086645 23.227877 1.243779e+05
736096 23.350277 23.350277 23.218462 23.274954 2.297366e+04
736097 23.284370 23.322032 23.256125 23.322032 2.570414e+04
736098 23.350277 23.350277 23.312616 23.340863 8.473891e+03
736099 23.315377 23.372013 23.296498 23.324815 3.115010e+03
736102 23.334255 23.381453 23.334255 23.381453 1.699096e+04
736103 23.362573 23.362573 23.287057 23.343694 1.623581e+04
736104 23.551363 23.551363 23.334254 23.400332 1.066655e+04
736105 23.287058 23.438089 23.287058 23.390893 1.340398e+04
736106 23.390893 23.400332 23.381452 23.400332 1.283762e+04
736110 23.466409 23.466409 23.324816 23.334255 1.321519e+04
736111 23.419209 23.475848 23.362574 23.456968 1.953017e+05
736112 23.513605 23.532484 23.428650 23.494725 9.552697e+04
736113 23.541923 23.541923 23.475847 23.513604 7.447705e+04
736116 23.607999 23.607999 23.400333 23.419210 6.749188e+04
736117 23.466409 23.541924 23.466409 23.532484 1.557505e+04
736118 23.532483 23.532483 23.485285 23.513604 4.578120e+04
736119 23.456967 23.494724 23.428649 23.475847 3.530344e+04
736120 23.475848 23.513604 23.438089 23.438089 1.689657e+04
736123 23.494725 23.551364 23.456969 23.532484 1.683049e+05
736124 23.560800 23.664635 23.438088 23.475847 2.274901e+05
736125 23.475848 23.475848 23.456968 23.456968 1.727415e+04
736126 23.504164 23.589119 23.456967 23.475847 3.492587e+04
736127 23.825105 23.825105 23.438089 23.438089 4.238301e+04
736130 23.675602 23.675602 23.401185 23.420110 6.046647e+04
736131 23.420111 23.476886 23.401185 23.467423 2.848264e+04
736132 23.476885 23.524200 23.429573 23.448499 2.782025e+04
736133 23.552587 23.552587 23.486349 23.543124 6.235900e+04
736134 23.543124 23.543124 23.353872 23.353872 9.349119e+04
736137 23.514736 23.514736 23.325483 23.382258 2.185877e+04
736138 23.382259 23.552587 23.372798 23.439036 3.851307e+04
736139 23.467422 23.467422 23.344408 23.410647 2.668473e+04
736140 23.476885 23.524200 23.382258 23.524200 8.620493e+04
736141 23.448499 23.533663 23.439036 23.514737 1.088207e+04
736144 23.363335 23.505274 23.353872 23.429573 1.391013e+04
736145 23.278170 23.486348 23.278170 23.410647 2.176414e+04
736146 23.562051 23.562051 23.401185 23.467423 1.816833e+04
736147 23.476885 23.533663 23.476885 23.495811 1.277461e+04
736151 23.562049 23.562049 23.401184 23.401184 1.466714e+04
736152 23.372798 23.533663 23.344409 23.448499 1.069282e+04
736153 23.467422 23.514737 23.382258 23.420110 4.731335e+04
736154 23.372797 23.457961 23.306556 23.457961 3.974322e+04
736155 23.647214 23.647214 23.439035 23.495811 5.829005e+04
736158 23.429572 23.514736 23.420109 23.486348 5.242319e+04
736159 23.524200 23.524200 23.401184 23.410647 8.327150e+04
736160 23.509315 23.537774 23.395467 23.395467 5.151557e+04
736161 23.490340 23.518802 23.433417 23.452390 9.107725e+03
736162 23.518802 23.528288 23.433417 23.452390 1.233338e+04
736165 23.528287 23.528287 23.367004 23.404954 2.941036e+04
736166 23.395467 23.471365 23.367005 23.433417 3.481807e+04
736167 23.385979 23.414441 23.348031 23.385979 4.999761e+04
736168 23.338544 23.357519 23.158287 23.177261 3.110857e+05
736169 23.158287 23.243672 23.120339 23.120339 4.534888e+04
736172 23.110851 23.186749 23.110851 23.148799 4.734119e+04
736173 23.148799 23.234184 23.148799 23.177261 4.373605e+05
736174 23.224697 23.319569 23.186749 23.281621 5.388737e+04
736175 23.329056 23.329056 23.196236 23.196236 5.246429e+04
736176 23.367005 23.367005 23.243672 23.253159 1.850007e+04
736179 23.385980 23.385980 23.262646 23.357519 1.160286e+05
736180 23.253159 23.376491 23.253159 23.319569 2.514111e+04
736181 23.253159 23.310082 23.205722 23.300594 3.282576e+04
736182 23.329057 23.329057 23.215209 23.253159 2.248469e+04
736183 23.310082 23.329057 23.243672 23.291107 1.290261e+04
736186 23.177261 23.291107 23.177261 23.253159 1.868981e+04
736187 22.902131 22.987517 22.579566 22.683926 1.023670e+05
736188 22.124180 22.351872 20.833918 22.124180 4.555760e+05
736189 21.507512 22.285463 21.507512 22.181103 1.417390e+05
736190 22.231523 22.260061 21.670265 22.193471 7.153661e+04
736193 22.212497 22.374215 21.803444 22.202984 7.676867e+04
736194 22.222011 22.260061 22.193471 22.202984 6.896814e+04
736195 22.079315 22.212496 22.079315 22.155420 6.468735e+04
736196 21.965163 22.164931 21.708316 22.126881 6.021632e+04
736197 21.879546 22.098341 21.879546 22.060291 1.157713e+05
736200 21.099494 22.031753 21.099494 21.765392 8.951589e+04
736201 21.061441 21.879547 21.061441 21.879547 6.135786e+04
736202 21.746368 21.860521 21.432444 21.803444 1.273770e+05
736203 21.841495 21.946137 21.708316 21.765392 8.456921e+04
736204 21.670266 21.965163 21.670266 21.965163 3.843190e+04
736207 21.908086 21.955649 21.812957 21.917599 2.825315e+04
736208 21.974675 21.974675 21.870034 21.927110 5.964555e+04
736209 21.908086 22.098342 21.908086 21.984189 8.304715e+04
736210 21.965162 22.050778 21.898572 22.050778 1.160567e+04
736211 21.689289 21.927111 21.413418 21.841495 1.246183e+04
736215 21.889060 22.088829 21.870035 21.965163 4.252242e+04
736216 21.889060 22.041265 21.870034 21.870034 5.079860e+04
736217 21.993702 22.431292 21.936623 22.250547 5.574528e+04
736218 22.107855 22.202983 22.022239 22.155420 3.415112e+04
736221 22.079316 22.250547 22.079316 22.183958 6.059683e+04
736222 22.361324 22.361324 22.218286 22.218286 4.558086e+04
736223 22.151537 22.285038 22.151537 22.285038 1.258718e+04
736224 22.227822 22.361324 22.142000 22.256430 5.292339e+04
736225 22.265966 22.370858 22.265966 22.294572 7.628596e+03
736228 22.313644 22.323180 22.285038 22.285038 3.337511e+03
736229 22.065714 22.275502 22.065714 22.218286 3.070510e+04
736230 22.170608 22.170608 21.932214 22.122930 3.375654e+04
736231 22.180144 22.304108 22.170609 22.304108 9.078030e+04
736232 22.389930 22.389930 22.189680 22.361324 9.917175e+03
736235 22.132465 22.494824 22.132465 22.428074 2.901727e+05
736236 22.447145 22.895324 22.447145 22.561573 3.585440e+04
736237 22.504360 22.590183 22.447146 22.466216 1.592470e+04
736238 22.504360 22.571110 22.409002 22.447146 9.154316e+03
736239 22.456680 22.532966 22.437611 22.466216 5.626090e+03
736242 22.418538 22.590182 22.418538 22.532966 9.821818e+03
736243 22.552037 22.571109 22.542501 22.561573 9.249673e+03
736244 22.676003 22.742752 22.580644 22.590181 4.519943e+04
736245 22.571109 22.609251 22.542500 22.590181 2.240900e+04
736246 22.637859 22.637859 22.590182 22.618787 1.859470e+04
736249 22.656931 22.742752 22.656931 22.714145 7.056451e+03
736250 22.819038 22.819038 22.637859 22.676003 3.728476e+04
736251 22.723681 22.723681 22.637860 22.666467 1.029861e+04
736252 22.732429 22.732429 22.646393 22.675070 2.466344e+04
736253 22.655953 22.675070 22.617714 22.617714 2.122203e+04
736256 22.589035 22.627274 22.541239 22.550798 1.424362e+04
736257 22.608155 22.655953 22.608155 22.627274 1.529516e+03
736258 22.636833 22.684630 22.627274 22.636833 3.059031e+03
736259 22.617715 22.636834 22.569918 22.598595 1.897556e+05
736260 22.474322 22.579477 22.474322 22.550798 9.463879e+03
736263 22.560357 22.655952 22.560357 22.646393 4.827534e+04
736264 22.923617 22.933177 22.589035 22.636833 2.858283e+04
736265 22.655952 22.665510 22.474321 22.569917 1.214053e+04
736266 22.569918 22.799344 22.569918 22.780225 1.835419e+04
736267 22.933176 22.942736 22.885380 22.885380 1.758943e+04
736270 22.780226 22.866261 22.780226 22.828022 1.280969e+04
736271 22.751545 22.866260 22.751545 22.847141 1.367005e+04
736272 22.914057 22.914057 22.799344 22.799344 6.309252e+03
736273 22.799343 22.875819 22.732428 22.732428 9.110178e+04
736274 22.522119 22.703750 22.522119 22.665511 2.418547e+04
736277 22.703750 22.703750 22.560358 22.560358 1.594520e+05
736278 22.560357 22.655952 22.560357 22.569917 8.259385e+04
736279 22.608155 22.665511 22.598595 22.627274 8.670443e+04
736280 22.675070 22.703750 22.474322 22.627274 2.445313e+05
736281 22.622480 22.689580 22.545793 22.564966 5.808993e+04
736284 22.382835 22.641652 22.382835 22.555380 8.531359e+04
736285 22.641653 22.651237 22.584136 22.651237 9.489939e+03
736286 22.622480 22.622480 22.564966 22.574550 4.505324e+03
736287 22.564966 22.641653 22.564966 22.584136 1.731195e+05
736288 22.593722 22.593722 22.478694 22.517036 1.648757e+05
736291 22.478694 22.517036 22.459522 22.488278 6.106152e+04
736292 22.449936 22.507451 22.449936 22.488278 1.524142e+04
736293 22.440350 22.564966 22.440350 22.536208 3.757632e+04
736295 22.517036 22.517036 22.373249 22.469108 1.397609e+05
736298 22.545794 22.574550 22.488278 22.545794 7.515265e+04
736299 22.574550 22.574550 22.363663 22.382835 3.259171e+04
736300 22.421177 22.440350 22.354077 22.373249 2.118461e+04
736301 22.373249 22.411591 22.363663 22.363663 1.303668e+04
736302 22.440350 22.440350 22.229463 22.229463 9.058578e+04
736305 22.181533 22.229464 22.162363 22.181533 3.211242e+04
736306 22.162362 22.191119 22.047332 22.085676 9.106507e+03
736307 22.018573 22.076090 21.980231 22.028160 6.710057e+03
736308 22.028160 22.143190 21.999404 22.047332 1.236568e+04
736309 21.798102 22.018574 21.395498 21.874788 8.713489e+04
736312 21.769342 21.874787 21.481770 21.788515 1.821301e+04
736313 21.857722 22.021126 21.742379 21.953842 7.737672e+04
736314 21.819275 22.049963 21.607809 21.944230 9.573567e+04
736315 21.761600 21.857721 21.761600 21.771213 1.134218e+04
736316 21.828885 21.973067 21.819275 21.915393 2.268436e+04
736319 21.857722 22.011514 21.838497 22.011514 1.132295e+05
736320 21.905784 22.088411 21.905784 22.078798 8.458573e+03
736321 21.992289 22.107634 21.992289 22.069185 3.739074e+04
736322 21.992289 22.059575 21.992289 21.992289 2.306884e+03
736326 21.963454 22.059575 21.848110 21.944230 5.574969e+03
736327 21.944230 22.001901 21.819275 21.944230 1.114994e+04
736328 21.886558 21.915393 21.819275 21.905783 4.229287e+03
736329 21.915393 21.934618 21.819275 21.934618 7.305131e+03
736333 21.819275 21.819275 21.627034 21.713542 1.932015e+04
736334 21.742379 21.742379 21.588585 21.713542 1.307234e+04
736335 21.473241 21.473241 21.377121 21.425182 2.037747e+04
736336 21.146433 21.463629 21.146433 21.357896 1.306273e+05
736337 21.223329 21.415570 21.223329 21.329062 6.324706e+04
736340 21.463630 21.771214 21.463630 21.713542 6.661126e+04
736341 21.828884 21.828884 21.742378 21.742378 1.537922e+04
736342 21.771214 21.905783 21.742379 21.761601 1.448531e+05
736343 21.723153 21.771213 21.607809 21.665482 5.507684e+04
736344 21.410979 21.709828 21.410979 21.565225 1.908768e+04
736348 21.343497 21.758028 21.343497 21.671266 6.256518e+04
736349 21.709827 21.709827 21.574863 21.661625 3.152359e+04
736350 21.565224 21.738746 21.555584 21.680906 8.020682e+04
736351 21.613425 21.661625 21.594144 21.661625 8.387011e+03
736354 21.574863 21.680907 21.401341 21.574863 1.598352e+05
736355 21.488103 21.690547 21.488103 21.690547 4.482713e+04
736356 21.690547 21.700187 21.565225 21.565225 1.619561e+04
736357 21.488103 21.642347 21.410979 21.574863 2.593225e+04
736358 21.536302 21.719468 21.536302 21.719468 4.665878e+04
736361 21.623065 21.700187 21.555585 21.613425 3.181280e+04
736362 21.488102 21.594144 21.488102 21.594144 3.277683e+03
736363 21.449541 21.651985 21.449541 21.651985 3.913939e+04
736364 21.468821 21.767669 21.468821 21.651985 9.100389e+04
736365 21.613424 21.729108 21.613424 21.680906 2.622146e+04
736368 21.680906 21.796590 21.661625 21.758028 3.964068e+05
736369 21.690548 21.786950 21.690548 21.786950 1.134657e+05
736370 21.690547 21.854431 21.690547 21.844791 3.489768e+04
736371 21.738747 21.864071 21.738747 21.835150 2.014811e+04
736372 21.723006 21.964695 21.723006 21.926026 5.800536e+03
736376 21.897023 21.984031 21.897023 21.974363 1.875507e+04
736377 21.984031 21.984031 21.848685 21.897023 1.244215e+05
736378 21.819683 21.964695 21.819683 21.906691 2.378220e+04
736379 21.829350 21.916358 21.829350 21.868021 8.024075e+03
736382 21.781013 21.955028 21.781013 21.945362 1.372794e+04
736383 21.897023 21.926026 21.887355 21.906691 4.930456e+04
736384 21.897023 21.926026 21.877687 21.906691 1.053764e+04
736385 21.848686 21.945362 21.848686 21.926026 3.016279e+04
736386 21.897023 21.906691 21.848686 21.906691 1.672488e+04
736389 21.887354 21.926026 21.519988 21.916358 1.508139e+04
736390 21.790681 21.945362 21.684337 21.906691 1.662820e+04
736391 21.877687 21.935694 21.877687 21.916358 2.165533e+04
736392 21.868021 22.022702 21.868021 22.022702 2.793925e+04
736393 21.964695 22.129043 21.964695 22.109710 1.517807e+04
736396 22.061371 22.129043 21.597328 22.100042 1.305121e+04
736397 22.032370 22.138712 22.032370 22.109710 9.474209e+03
736398 22.138712 22.148379 22.090374 22.109710 8.604128e+03
736399 22.100043 22.158047 22.100043 22.158047 1.353458e+04
736400 22.216053 22.274059 22.216053 22.235388 1.285785e+04
736403 22.148380 22.264391 22.148380 22.225720 5.220482e+03
736404 22.193721 22.242202 22.106459 22.213114 1.508669e+05
736405 22.135548 22.329465 22.135548 22.300377 4.653992e+03
736406 22.300377 22.465206 21.747715 22.445814 5.429657e+03
736407 22.445814 22.542772 22.445814 22.484598 9.017109e+03
736410 22.368247 22.474901 22.368247 22.445814 6.593155e+03
736411 22.445813 22.445813 22.387639 22.416727 4.944866e+03
736412 22.377943 22.416727 22.358550 22.368247 6.108364e+03
736413 22.290682 22.358551 22.290682 22.319769 8.823193e+03
736417 22.271288 22.377943 22.271288 22.339161 8.726234e+03
736418 22.290682 22.436118 22.290682 22.436118 1.939163e+03
736419 22.436118 22.436118 22.436118 22.436118 0.000000e+00
736420 22.600946 22.620339 22.552468 22.620339 2.743916e+04
736421 22.368247 22.659123 22.368247 22.552468 1.541635e+04
736424 22.465206 22.591251 22.465206 22.591251 9.501900e+03
736425 22.513684 22.571861 22.513684 22.562164 4.653992e+03
736426 22.562163 22.562163 22.513683 22.533076 1.551331e+03
736427 22.542772 22.562164 22.533076 22.542772 1.163498e+03
736428 22.552467 22.581556 22.552467 22.571860 1.163498e+03
736431 22.513684 22.639731 22.513684 22.620339 8.047527e+03
736432 22.649428 22.649428 22.600947 22.639731 8.435360e+03
736433 22.785168 22.785168 22.600946 22.610643 9.792774e+03
736434 22.591250 22.610643 22.571861 22.610643 4.750950e+03
736435 22.700083 22.700083 22.593145 22.593145 3.888665e+03
736438 22.680640 22.680640 22.612589 22.661196 2.819282e+03
736439 22.632033 22.700084 22.632033 22.661196 1.477693e+04
736440 22.700083 22.700083 22.612588 22.651474 5.735781e+03
736441 22.602867 22.651474 22.583423 22.593145 1.322146e+04
736442 22.554259 22.602866 22.515371 22.515371 4.180315e+03
736445 22.447319 22.612588 22.447319 22.515371 3.849778e+04
736446 22.661196 22.661196 22.563979 22.563979 3.528964e+04
736447 22.534815 22.661196 22.525093 22.563979 5.677451e+04
736448 22.622310 22.641754 22.593145 22.612588 2.187374e+04
736449 22.632032 22.641754 22.583423 22.602866 1.166600e+03
736452 22.641754 22.690362 22.612588 22.651474 9.818880e+03
736453 22.573700 22.612588 22.544537 22.602866 9.041146e+03
736454 22.612588 22.612588 22.476486 22.534815 2.527632e+03
736455 22.554259 22.622310 22.476486 22.534815 1.944333e+04
736456 22.602867 22.632033 22.476486 22.534815 3.480355e+04
736459 22.573701 22.651474 22.505650 22.573701 4.228923e+04
736460 22.641755 22.651474 22.534815 22.573701 1.429084e+04
736461 22.573701 22.748692 22.563979 22.738969 1.380476e+04
736462 22.583423 22.797301 22.554259 22.554259 9.430013e+03
736463 22.550358 22.618605 22.550358 22.560107 8.481977e+03
736466 22.560106 22.745346 22.530860 22.745346 1.871884e+04
736467 22.511360 22.764844 22.511360 22.608855 1.257672e+04
736468 22.735597 22.735597 22.589356 22.589356 2.934569e+04
736469 22.521110 22.647852 22.521110 22.579606 5.752145e+03
736470 22.540610 22.638102 22.540610 22.569857 3.022313e+03
736473 22.521110 22.657601 22.521110 22.579606 1.384415e+04
736474 22.521110 22.569857 22.511360 22.550357 9.554410e+03
736475 22.530860 22.618605 22.511360 22.579606 1.550154e+04
736476 22.521110 22.569857 22.521110 22.540610 1.072434e+03
736477 22.530860 22.628352 22.521110 22.599105 4.718709e+04
736481 22.599106 22.599106 22.462615 22.511361 4.747957e+04
736482 22.423616 22.569857 22.423616 22.511361 1.559904e+04
736483 22.501611 22.569857 22.452865 22.452865 2.437350e+04
736484 22.540610 22.784345 22.530860 22.667351 2.115619e+04
736487 22.589356 22.716097 22.589356 22.647852 4.679711e+03
736488 22.589356 22.716097 22.511361 22.540610 1.023687e+05
736489 22.550358 22.745347 22.550358 22.560107 4.640714e+04
736490 22.452866 22.550358 22.296875 22.511361 3.168554e+04
736491 22.374870 22.550357 22.374870 22.394367 6.239615e+03
736494 22.316371 22.501611 22.082387 22.501611 6.337109e+03
736495 22.384618 22.589356 22.179881 22.589356 4.201991e+04
736496 22.432961 22.648004 22.423186 22.638229 1.866970e+04
736497 22.423187 22.628455 22.423187 22.481834 1.427108e+04
736498 22.462284 22.618679 22.423186 22.432961 1.954942e+03
736501 22.481834 22.657779 22.432961 22.481834 3.323402e+03
736502 22.393861 22.648004 22.393861 22.638229 2.277507e+04
736503 22.589358 22.589358 22.501384 22.540482 2.639172e+03
736504 22.432962 22.569807 21.993099 22.530707 3.685066e+04
736505 21.993099 22.511159 21.631433 22.286339 5.962573e+03
736508 21.953999 22.286339 21.953999 22.247241 1.329361e+04
736509 22.041971 22.208141 22.041971 22.120169 5.864826e+03
736510 22.120168 22.432961 22.051745 22.061521 6.451309e+03
736511 22.061522 22.384087 22.061522 22.384087 8.894987e+03
736512 22.364537 22.393862 22.247241 22.286339 7.624274e+03
736516 22.129943 22.481834 22.129943 22.237466 5.952799e+04
736517 22.159269 22.364537 22.159269 22.247241 1.016570e+04
736518 22.198367 22.374312 22.198367 22.296114 1.339135e+04
736519 22.237466 22.305889 22.208141 22.247241 6.842297e+03
736522 22.198367 22.257016 22.169044 22.227692 1.143641e+04
736523 22.159268 22.344989 22.159268 22.276566 1.954942e+03
736524 22.227692 22.266791 22.227692 22.247241 1.075218e+03
736525 22.276566 22.325439 22.276566 22.325439 2.443678e+03
736526 22.193101 22.232313 21.918630 21.997051 5.420842e+04
736529 21.879419 22.291129 21.879419 22.281326 8.626294e+03
736530 22.202906 22.310734 21.928434 22.193102 1.127300e+04
736531 22.271523 22.467576 22.271523 22.467576 1.568417e+03
736532 22.398958 22.398958 22.398958 22.398958 5.881564e+02
736533 22.300931 22.310734 22.300931 22.310734 3.038808e+03
736536 22.291129 22.349944 22.291129 22.340143 9.802607e+02
736537 22.271523 22.428365 22.271523 22.428365 8.920373e+03
736538 22.477378 22.516588 22.222510 22.379352 1.274339e+03
736539 22.379353 22.487183 22.379353 22.477379 2.450652e+03
736540 22.516587 22.575405 22.506785 22.575405 4.705251e+03
736543 22.575405 22.575405 22.330340 22.496984 3.724991e+03
736544 22.379353 22.545997 22.379353 22.545997 2.940782e+03
736545 22.487182 22.487182 22.487182 22.487182 9.802607e+01
736546 22.389155 22.389155 22.389155 22.389155 4.901304e+02
736547 22.408762 22.477379 22.398958 22.477379 1.862495e+03
736550 22.447971 22.477379 22.408762 22.477379 1.862495e+03
736551 22.398958 22.575406 22.359746 22.516588 7.744060e+03
736552 22.585208 22.742050 22.545997 22.742050 2.548678e+03
736553 22.477378 22.673430 22.408761 22.536194 3.872030e+04
736554 22.536194 22.585208 22.536194 22.536194 1.176313e+03
736557 22.442805 22.609922 22.423144 22.482128 1.602355e+04
736558 22.550941 22.639414 22.550941 22.609922 2.359296e+03
736559 22.708226 22.708226 22.580430 22.609922 1.179648e+03
736560 22.609923 22.708227 22.609923 22.708227 8.847361e+02
736561 22.659073 22.659073 22.609922 22.609922 6.881281e+02
736564 22.639414 22.668903 22.560771 22.609922 1.612186e+04
736565 22.511619 22.639415 22.472298 22.570600 4.325376e+03
736566 22.570599 22.619752 22.550940 22.590261 4.521984e+03
736567 22.649245 22.737716 22.511618 22.560771 5.328077e+04
736568 22.570600 22.737717 22.462467 22.462467 5.298586e+04
736571 22.482128 22.649245 22.167553 22.413313 6.399591e+04
736572 22.364162 22.560771 22.324840 22.531279 3.185050e+04
736573 22.560771 22.688566 22.452636 22.600092 2.595226e+04
736574 22.600091 22.600091 22.364162 22.472297 7.274497e+03
736575 22.521449 22.619753 22.423144 22.423144 1.474560e+03
736579 22.511619 22.570600 22.442806 22.570600 6.193153e+03
736580 22.600092 22.836022 22.550941 22.570600 1.671168e+03
736581 22.619752 22.836021 22.531279 22.639414 2.005402e+04
736582 22.678734 22.855681 22.315010 22.550940 2.683699e+04
736585 22.403485 22.501787 22.403485 22.501787 1.671168e+03
736586 22.491956 22.491956 22.256027 22.482128 2.359296e+03
736587 22.482127 22.639414 22.482127 22.550940 1.140326e+04
736588 22.771758 22.771758 22.535169 22.761900 1.774423e+03
736589 22.554883 22.712612 22.495737 22.673179 4.633215e+03
736592 22.485878 22.574600 22.476020 22.535169 4.238899e+03
736593 22.466164 22.752042 22.407015 22.554883 7.807460e+04
736594 22.456306 22.584458 22.387299 22.554883 1.774423e+03
736595 22.574599 22.574599 22.574599 22.574599 3.943161e+02
736596 22.456306 22.515453 22.416874 22.485878 1.971581e+03
736599 22.426731 22.554882 22.426731 22.495736 3.450266e+03
736600 22.476019 22.554883 22.476019 22.525310 1.873002e+03
736601 22.574599 22.594315 22.574599 22.594315 1.084369e+03
736602 22.525310 22.643604 22.525310 22.643604 4.534636e+03
736603 22.623890 22.692894 22.554882 22.574599 5.816163e+03
736606 22.525310 22.673178 22.515452 22.515452 9.266429e+03
736607 22.495736 22.614032 22.476019 22.614032 1.873002e+03
736608 22.535169 22.554883 22.485878 22.485878 2.365897e+03
736609 22.604173 22.604173 22.485877 22.495736 9.562166e+03
736610 22.614032 22.683036 22.495736 22.505594 6.111900e+03
736613 22.584458 22.653464 22.505595 22.604174 1.888774e+05
736614 22.505594 22.623890 22.495736 22.545027 5.717584e+04
736615 22.564740 22.712611 22.545027 22.712611 2.645861e+05
736616 22.712612 22.722468 22.505595 22.673179 5.047247e+04
736617 22.709759 22.739420 22.650440 22.670213 2.273942e+03
736620 22.581232 22.709759 22.462591 22.462591 1.038104e+04
736621 22.502139 22.620778 22.502139 22.620778 9.590103e+03
736622 22.719647 22.719647 22.551572 22.670213 4.943352e+03
736623 22.699872 22.699872 22.699872 22.699872 6.920693e+02
736624 22.680100 22.680100 22.393384 22.571345 1.779607e+04
736627 22.571345 22.610893 22.403271 22.403271 8.205964e+03
736628 22.462591 22.541684 22.215423 22.353839 3.895361e+04
736629 22.462591 22.561459 22.403271 22.551571 3.460346e+03
736630 22.660325 22.660325 22.521912 22.601006 4.646751e+03
736631 22.541685 22.551572 22.413159 22.541685 2.768277e+03
736634 22.452704 22.482365 22.334064 22.472478 1.621419e+04
736635 22.610893 22.660326 22.245084 22.660326 4.646751e+03
736636 22.689987 22.689987 22.689987 22.689987 1.680740e+03
736637 22.689987 22.689987 22.512025 22.689987 4.844485e+03
736638 22.502139 22.689987 22.502139 22.689987 1.977341e+03
736641 22.561458 22.689986 22.363725 22.363725 1.364365e+04
736642 22.363726 22.591119 22.284632 22.581232 3.064878e+03
736643 22.729533 22.729533 22.432932 22.581232 1.265498e+04
736644 22.324178 22.680101 22.264858 22.264858 9.985571e+03
736645 22.245084 22.393384 22.245084 22.363725 1.047991e+04
736648 22.393385 22.719646 21.997917 21.997917 6.841599e+04
736649 22.159528 22.645352 22.000892 22.238846 3.837019e+04
736650 22.447055 22.714755 21.971147 22.714755 6.692475e+04
736651 22.337994 22.337994 22.248761 22.298334 4.759093e+03
736652 22.179359 22.575949 22.070295 22.159528 5.036707e+04
736655 22.080209 22.288420 21.911658 21.911658 9.121595e+03
736656 22.109953 22.278504 21.951316 22.278504 1.794575e+04
736657 22.000892 22.159527 21.990976 22.080209 4.759093e+03
736659 22.050465 22.080209 21.971146 21.990976 1.626023e+04
736662 22.010806 22.189270 21.990975 22.010806 8.328413e+03
736663 22.030634 22.199185 22.030634 22.080209 1.298836e+04
736664 22.209102 22.209102 22.030635 22.189271 6.642901e+03
736665 22.169443 22.209102 22.050465 22.189271 1.378154e+04
736666 22.179357 22.387567 22.169443 22.288419 5.254832e+03
736669 22.060379 22.447055 22.040550 22.298334 3.152899e+04
736670 22.169443 22.258676 22.020719 22.020719 1.982955e+04
736671 22.109953 22.278504 22.060380 22.268589 1.953211e+04
736672 22.129784 22.209102 22.119868 22.119868 6.841197e+03
736673 22.109952 22.119867 21.941401 21.941401 1.467387e+04
736676 21.961231 22.100039 21.931488 22.100039 2.002785e+04
736677 22.090125 22.139697 21.951316 21.981061 2.171336e+04
736678 22.010806 22.219015 21.921573 22.060379 6.999833e+04
736679 22.042483 22.102138 21.843632 21.923172 4.722679e+04
736680 21.793921 21.823749 21.237143 21.575187 1.384988e+05
736683 21.575187 21.863518 21.575187 21.674610 3.748316e+04
736684 21.585128 21.744210 21.376337 21.505588 1.938784e+05
736685 21.614956 21.714381 21.614956 21.694496 4.474117e+03
736686 21.704438 21.704438 21.535416 21.565244 4.275267e+03
736687 21.535417 21.595071 21.475762 21.515531 1.053903e+04
736691 21.376336 21.724323 21.376336 21.535416 7.953986e+03
736692 21.555301 21.575187 21.445934 21.455876 1.899014e+04
736693 21.575188 21.605014 21.575188 21.585128 1.690222e+03
736694 21.575187 22.161794 21.445934 21.445934 2.594988e+04
736698 21.575187 21.674610 21.435990 21.674610 1.411832e+04
736699 21.455876 21.843632 21.455876 21.823749 1.938784e+04
736700 21.644784 22.231391 21.505588 22.231391 2.445851e+04
736701 22.291044 22.291044 21.813806 21.853575 2.883320e+03
736704 21.873461 22.072312 21.684553 21.764093 3.502737e+05
736705 21.634841 21.684553 21.585128 21.624899 3.947165e+04
736706 21.714382 21.893346 21.525474 21.724324 5.090551e+04
736707 21.863518 22.022598 21.853576 22.022598 5.468365e+03
736708 22.094386 22.094386 21.775333 21.825184 2.991117e+03
736712 22.164177 22.164177 21.964770 21.964770 9.172759e+03
736713 22.094385 22.343645 21.785303 21.865066 5.483715e+03
736714 21.875037 21.944829 21.795274 21.815213 3.689044e+03
736715 21.845124 21.875037 21.825183 21.835154 1.724877e+04
736718 22.044534 22.044534 21.904946 21.944829 1.007009e+04
736719 21.855095 21.944828 21.785302 21.835154 1.954196e+04
736720 21.845124 21.914917 21.785302 21.914917 5.354099e+04
736721 21.964770 21.964770 21.705539 21.885007 2.692005e+03
736722 21.845125 21.845125 21.755392 21.765362 1.874433e+04
736725 21.765362 21.924888 21.735450 21.924888 1.296151e+04
736726 21.765362 21.885008 21.765362 21.815213 5.483715e+03
736727 21.765362 21.805245 21.765362 21.785303 1.445707e+04
736728 21.855095 21.914918 21.855095 21.875037 2.692005e+03
736729 21.845124 21.924888 21.845124 21.885007 1.694966e+03
736732 21.934858 22.224001 21.855095 22.134267 4.445797e+05
736733 22.114326 22.233970 22.094385 22.194089 7.338207e+04
736734 22.194088 22.233969 22.164177 22.214030 2.692005e+03
736735 22.224001 22.224001 22.134267 22.224001 4.985195e+02
736736 22.154206 22.214030 22.154206 22.164177 7.976312e+03
736739 22.124297 22.224001 22.064473 22.144236 1.904345e+04
736740 22.084415 22.224001 22.084415 22.224001 3.290229e+03
736741 22.110001 22.290001 22.090000 22.260000 5.500000e+03
736742 22.150000 22.230000 22.150000 22.219999 3.600000e+03
736743 22.150000 22.230000 22.150000 22.200001 1.500000e+03
736747 22.190001 22.219999 22.129999 22.160000 1.800000e+03
736748 22.120001 22.260000 22.120001 22.260000 1.200000e+03
736749 22.260000 22.299999 22.260000 22.299999 9.000000e+02
736750 22.299999 22.299999 22.299999 22.299999 0.000000e+00
736753 22.330000 22.379999 22.219999 22.219999 4.700000e+03
736754 22.190001 22.250000 22.190001 22.250000 6.800000e+03
736755 22.230000 22.250000 22.160000 22.219999 6.500000e+03
736756 22.209999 22.260000 22.139999 22.250000 1.900000e+03
736757 22.150000 22.299999 22.150000 22.160000 6.900000e+03
736760 22.000000 22.150000 21.990000 22.010000 3.589000e+05
736761 21.830000 22.020000 21.740000 21.940001 6.800000e+03
736762 21.879999 21.889999 21.750000 21.850000 2.100000e+03
736763 21.600000 21.780001 21.600000 21.780001 4.900000e+03
736764 21.780001 21.820000 21.770000 21.809999 1.700000e+03
