736333 24.983687 25.053586 24.913790 24.913790 1.497823e+03
736334 24.843890 24.848884 24.843890 24.848884 1.997097e+02
736335 25.263280 25.263280 25.183397 25.193383 2.995646e+02
736336 25.642730 25.662702 25.443020 25.662702 9.985487e+02
736337 25.652717 25.822470 25.652717 25.722614 4.593324e+03
736340 26.092077 26.092077 26.012193 26.012193 3.994195e+02
736341 25.762555 25.952280 25.762555 25.952280 4.992743e+02
736342 25.682672 25.682672 25.682672 25.682672 9.985487e+01
736343 26.461541 26.491498 26.002210 26.012193 7.189551e+03
736344 26.701192 26.811032 26.541424 26.541424 5.492018e+03
736348 26.311759 26.481512 26.311759 26.481512 2.596227e+03
736349 27.020726 27.420146 26.870945 27.160525 1.318084e+04
736350 26.711177 26.711177 26.461540 26.641279 6.490566e+03
736351 26.211903 26.211903 26.211903 26.211903 1.897243e+03
736354 26.361685 26.361685 26.361685 26.361685 1.997097e+02
736355 26.261830 26.261830 26.261830 26.261830 2.995646e+02
736356 26.231874 26.471526 26.211903 26.471526 8.387809e+03
736357 26.271815 26.271815 26.271815 26.271815 9.985487e+01
736358 26.042150 26.042150 25.722614 25.722614 2.496372e+03
736361 25.872396 25.872396 25.872396 25.872396 2.995646e+02
736362 26.221889 26.221889 26.221889 26.221889 9.985487e+01
736363 26.062121 26.471526 26.062121 26.471526 9.985487e+02
736364 26.221888 26.221888 26.112048 26.112048 9.985487e+01
736365 26.581367 26.611322 26.581367 26.611322 1.697533e+03
736368 26.860960 27.120583 26.850974 26.850974 6.690276e+03
736369 27.250395 27.250395 26.910888 26.990772 1.497823e+03
736370 26.681219 26.900902 26.681219 26.900902 3.994195e+03
736371 27.380206 27.380206 27.100611 27.100611 5.891437e+03
736372 26.960815 26.990772 26.721163 26.741135 5.991292e+03
736376 26.381656 26.511467 26.291787 26.291787 3.395066e+03
736377 25.972252 26.092077 25.802499 25.852425 3.295211e+03
736378 25.942295 25.962266 25.922323 25.962266 5.691728e+03
736379 26.042150 26.042150 26.042150 26.042150 1.997097e+02
736382 25.762556 25.762556 25.602788 25.602788 2.995646e+02
736383 25.682671 25.912339 25.682671 25.882382 8.287954e+03
736384 26.092077 26.251846 25.772541 25.772541 2.895791e+03
736385 25.692657 25.822470 25.487955 25.487955 1.318084e+04
736386 25.303224 25.522904 25.303224 25.522904 1.188273e+04
736389 25.582818 25.692657 25.443020 25.692657 6.989841e+03
736390 25.507926 25.507926 25.143456 25.173411 5.591873e+03
736391 25.152442 25.164426 24.973703 25.048593 1.620645e+05
736392 24.964716 25.135469 24.883834 25.023630 9.286503e+03
736393 24.973702 24.973702 24.724065 24.843890 1.997097e+04
736396 25.033615 25.033615 24.819927 24.843890 1.128360e+04
736397 24.903806 25.046597 24.903806 25.046597 2.296662e+03
736398 25.013644 25.013644 25.013644 25.013644 4.992744e+02
736399 24.868856 25.053587 24.863863 25.013644 1.188273e+04
736400 24.649174 24.773992 24.649174 24.764007 4.892889e+03
736403 24.654168 24.674137 24.622215 24.644182 2.894793e+05
736404 24.873847 24.873847 24.662155 24.662155 5.691727e+03
736405 24.644182 24.704095 24.564298 24.564298 6.490567e+03
736406 24.614224 24.641185 24.404530 24.444471 6.191002e+03
736407 24.284704 24.414516 24.284704 24.370579 9.885632e+03
736410 24.354601 24.404531 24.344616 24.344616 1.497823e+03
736411 24.444472 24.444472 24.294690 24.384559 9.685922e+03
736412 24.464443 24.524354 24.438481 24.494400 4.693179e+03
736413 24.624210 24.624210 24.551316 24.551316 1.447896e+04
736417 24.484414 24.524355 24.424500 24.439479 2.795936e+03
736418 24.583269 24.583269 24.344616 24.344616 2.596227e+03
736419 24.144908 24.254749 24.144908 24.214806 2.496372e+03
736420 24.214805 24.220797 24.210811 24.220797 9.985486e+02
736421 24.454458 24.454458 24.184849 24.184849 2.995646e+02
736424 24.214806 24.234777 24.124937 24.234777 4.094050e+03
736425 24.349610 24.394545 24.349610 24.394545 1.697533e+04
736426 24.454457 24.454457 24.204820 24.204820 2.116923e+04
736427 24.224791 24.467439 24.224791 24.424500 8.887083e+03
736428 24.284704 24.360594 24.274718 24.360594 3.295211e+03
736431 24.324647 24.324647 24.314661 24.324647 5.272337e+04
736432 24.333631 24.395542 24.302676 24.385557 1.098404e+03
736433 24.544327 24.544327 24.504386 24.504386 2.995646e+02
736434 24.504385 24.514369 24.394544 24.489406 3.295211e+03
736435 24.459452 24.474429 24.459452 24.474429 2.096952e+03
736438 24.704094 24.704094 23.336083 24.414516 3.295211e+03
736439 24.378568 24.424500 24.378568 24.424500 3.734572e+04
736440 24.344616 24.414516 24.344616 24.414516 5.591873e+03
736441 24.424499 24.424499 24.374573 24.374573 1.058462e+04
736442 24.434486 24.524355 24.434486 24.500390 7.888535e+03
736445 24.500390 24.514369 24.428496 24.428496 3.095501e+03
736446 24.544326 24.571287 24.474428 24.489406 3.494920e+03
736447 24.574284 24.773992 24.564297 24.753023 1.997097e+03
736448 24.714080 24.714080 24.624211 24.634196 3.994195e+03
736449 24.584270 24.584270 24.364588 24.364588 3.494920e+03
736452 24.304675 24.377569 24.304675 24.375571 1.797388e+03
736453 24.364588 24.364588 24.228785 24.228785 1.328070e+04
736454 24.164880 24.244764 24.164880 24.184849 1.447896e+04
736455 24.136920 24.184848 24.134922 24.164879 2.444447e+05
736456 24.184848 24.224791 24.184848 24.224791 1.397968e+03
736459 24.114951 24.214806 24.114951 24.214806 4.393614e+03
736460 24.143909 24.188844 24.114950 24.188844 1.597678e+03
736461 24.154894 24.154894 24.134922 24.134922 7.988390e+02
736462 24.134921 24.134921 23.947194 23.965168 1.018520e+04
736463 23.995126 23.995126 23.985140 23.995126 9.985487e+02
736466 24.045053 24.045053 23.945198 23.985140 5.392163e+03
736467 23.981146 24.052042 23.955183 23.955183 9.985487e+02
736468 23.965168 23.965168 23.955183 23.955183 2.184825e+05
736469 24.015095 24.025080 23.795415 23.795415 6.390712e+03
736470 23.905257 24.055038 23.905257 24.055038 2.895791e+03
736473 24.055039 24.104965 24.055039 24.104965 3.494921e+03
736474 24.103967 24.134922 24.103967 24.134922 3.994195e+02
736475 24.094978 24.114950 24.075009 24.114950 6.790131e+03
736476 24.102969 24.102969 24.102969 24.102969 1.098404e+03
736477 24.164878 24.224790 24.154893 24.154893 2.696081e+03
736481 24.241766 24.241766 24.224791 24.224791 4.992743e+02
736482 24.294689 24.294689 24.294689 24.294689 1.697533e+03
736483 24.294689 24.294689 24.294689 24.294689 0.000000e+00
736484 24.291694 24.314661 24.291694 24.314661 1.897243e+03
736487 24.254749 24.310667 24.254749 24.304675 1.497823e+03
736488 24.354602 24.360594 24.334633 24.358596 3.295211e+03
736489 24.373575 24.394544 24.364588 24.379567 1.068447e+04
736490 24.274717 24.336628 24.274717 24.336628 8.986938e+02
736491 24.267727 24.267727 24.194834 24.194834 3.694630e+03
736494 24.099973 24.104965 24.099973 24.104965 7.988390e+02
736495 24.028077 24.084995 24.005111 24.005111 9.286503e+03
736496 24.104964 24.164879 24.084995 24.124936 7.688825e+03
736497 24.114951 24.114951 24.085993 24.085993 5.991292e+02
736498 24.080999 24.080999 24.080999 24.080999 2.995646e+02
736501 24.250000 24.350000 24.250000 24.350000 4.400000e+03
736502 24.240000 24.250000 24.200001 24.202999 1.700000e+03
736503 24.250000 24.250000 24.250000 24.250000 1.000000e+02
736504 24.408001 24.420000 24.341000 24.384001 7.000000e+02
736505 24.319000 24.319000 24.129999 24.155001 2.300000e+03
736508 24.020000 24.020000 23.850000 23.879999 2.650000e+04
736509 23.995001 24.000000 23.930000 23.966000 8.200000e+03
736510 24.100000 24.120001 24.040001 24.100000 3.100000e+03
736511 24.209000 24.230000 24.209000 24.229000 6.000000e+02
736512 24.229000 24.229000 24.229000 24.229000 0.000000e+00
736516 24.110001 24.110001 24.065001 24.065001 3.000000e+02
736517 24.040001 24.080000 24.040001 24.080000 2.167000e+05
736518 24.209999 24.219999 24.200001 24.219999 3.000000e+02
736519 24.299999 24.370001 24.299999 24.370001 1.070000e+04
736522 24.450001 24.500000 24.427999 24.490000 5.300000e+03
736523 24.610001 24.629999 24.586000 24.629999 5.800000e+03
736524 24.629999 24.629999 24.629999 24.629999 1.000000e+02
736525 24.600000 24.628000 24.559999 24.622000 9.000000e+02
736526 24.584999 24.648001 24.584999 24.648001 1.100000e+03
736529 24.636999 24.636999 24.635000 24.635000 9.000000e+02
736530 24.700001 24.700001 24.700001 24.700001 1.000000e+02
736531 24.688999 24.715000 24.688999 24.715000 5.000000e+02
736532 24.724001 24.724001 24.719999 24.719999 1.100000e+03
736533 24.650000 24.664000 24.650000 24.664000 5.000000e+02
736536 24.693001 24.714001 24.670000 24.708000 9.000000e+02
736537 24.730000 24.735001 24.730000 24.735001 6.000000e+02
736538 24.729000 24.729000 24.580999 24.610001 2.400000e+03
736539 24.680000 24.680000 24.680000 24.680000 2.000000e+02
736540 24.677000 24.680000 24.670000 24.680000 1.100000e+03
736543 24.657000 24.660000 24.559999 24.600000 8.900000e+03
736544 24.520000 24.520000 24.384001 24.384001 3.200000e+03
736545 24.530001 24.540001 24.510000 24.540001 4.800000e+03
736546 24.450001 24.520000 24.450001 24.520000 2.000000e+02
736547 24.600000 24.600000 24.540001 24.559999 2.260000e+04
736550 24.680000 24.684000 24.660000 24.660000 4.000000e+02
736551 24.660000 24.660000 24.549999 24.549999 8.000000e+02
736552 24.431999 24.510000 24.431999 24.480000 1.200000e+03
736553 24.496000 24.496000 24.496000 24.496000 2.000000e+02
736554 24.580000 24.593000 24.580000 24.593000 4.000000e+02
736557 24.732000 24.732000 24.732000 24.732000 4.000000e+02
736558 24.740000 24.740000 24.677000 24.677000 2.000000e+02
736559 24.690001 24.690001 24.490000 24.490000 9.000000e+02
736560 24.627001 24.627001 24.627001 24.627001 1.000000e+03
736561 24.650000 24.667000 24.650000 24.667000 6.000000e+02
736564 24.667000 24.667000 24.667000 24.667000 0.000000e+00
736565 24.760000 24.790001 24.728001 24.736000 1.690000e+04
736566 24.740000 24.740000 24.690001 24.690001 3.000000e+03
736567 24.639999 24.639999 24.639999 24.639999 1.000000e+02
736568 24.719999 24.719999 24.719999 24.719999 3.000000e+02
736571 24.740000 24.740000 24.740000 24.740000 1.000000e+02
736572 24.750000 24.770000 24.740000 24.740000 7.100000e+03
736573 24.760000 24.760000 24.670000 24.693001 8.000000e+02
736574 24.750000 24.750000 24.600000 24.670000 6.200000e+03
736575 24.733999 24.733999 24.733999 24.733999 6.000000e+02
736579 24.790001 24.790001 24.611000 24.611000 8.000000e+02
736580 24.650000 24.737000 24.650000 24.722000 2.300000e+03
736581 24.740000 24.770000 24.740000 24.770000 8.000000e+02
736582 24.700001 24.700001 24.590000 24.590000 2.100000e+03
736585 24.629000 24.629000 24.594000 24.620001 1.350000e+04
736586 24.575001 24.575001 24.570000 24.570000 1.400000e+03
736587 24.459000 24.459000 24.459000 24.459000 4.000000e+02
736588 24.459000 24.459000 24.459000 24.459000 1.000000e+02
736589 24.459000 24.459000 24.459000 24.459000 1.000000e+02
736592 24.680000 24.680000 24.680000 24.680000 6.000000e+02
736593 24.658001 24.660000 24.658001 24.660000 3.000000e+02
736594 24.645000 24.650000 24.600000 24.600000 1.600000e+03
736595 24.709999 24.740000 24.690001 24.709999 3.500000e+03
736596 24.798000 24.798000 24.754000 24.754000 1.000000e+03
736599 24.740000 24.740000 24.740000 24.740000 5.000000e+02
736600 24.754999 24.760000 24.753000 24.760000 2.000000e+03
736601 24.790001 24.790001 24.790001 24.790001 2.000000e+02
736602 24.670000 24.750000 24.670000 24.750000 1.400000e+03
736603 24.730000 24.799999 24.730000 24.799999 8.800000e+03
736606 24.760000 24.760000 24.740000 24.740000 3.000000e+02
736607 24.570000 24.670000 24.570000 24.610001 4.160000e+04
736608 24.760000 24.790001 24.740000 24.760000 1.900000e+03
736609 24.760000 24.760000 24.760000 24.760000 0.000000e+00
736610 24.767000 24.767000 24.767000 24.767000 2.000000e+02
736613 24.770000 24.773001 24.750000 24.773001 1.000000e+03
736614 24.740000 24.740000 24.737000 24.737000 5.000000e+02
736615 24.700001 24.700001 24.700001 24.700001 8.000000e+02
736616 24.660000 24.660000 24.600000 24.648001 4.900000e+03
736617 24.600000 24.600000 24.596001 24.596001 6.000000e+02
736620 24.596001 24.596001 24.596001 24.596001 0.000000e+00
736621 24.687000 24.687000 24.650000 24.650000 6.000000e+02
736622 24.650000 24.650000 24.650000 24.650000 0.000000e+00
736623 24.650000 24.650000 24.650000 24.650000 0.000000e+00
736624 24.650000 24.650000 24.650000 24.650000 1.000000e+02
736627 24.770000 24.770000 24.770000 24.770000 2.000000e+02
736628 24.632000 24.635000 24.632000 24.635000 1.000000e+03
736629 24.524000 24.639999 24.520000 24.615999 1.100000e+03
736630 24.330000 24.379999 24.330000 24.379999 2.364000e+05
736631 24.389999 24.424999 24.389999 24.424999 6.000000e+02
736634 24.370001 24.370001 24.370001 24.370001 2.000000e+02
736635 24.660000 24.660000 24.407000 24.420000 8.600000e+03
736636 24.490000 24.490000 24.379999 24.415001 3.000000e+03
736637 24.360001 24.400000 24.320000 24.320000 4.600000e+03
736638 24.350000 24.350000 24.350000 24.350000 5.000000e+02
736641 24.209999 24.209999 24.170000 24.170000 2.300000e+03
736642 24.170000 24.170000 24.170000 24.170000 3.000000e+02
736643 24.070000 24.080000 23.802000 24.020000 3.000000e+03
736644 24.040001 24.181999 24.040001 24.049999 1.080000e+04
736645 24.219999 24.290001 24.219999 24.290001 4.000000e+02
736648 24.000000 24.610001 24.000000 24.610001 2.400000e+03
736649 24.530001 24.600000 24.510000 24.510000 1.300000e+03
736650 24.510000 24.510000 24.510000 24.510000 1.000000e+02
736651 24.670000 24.670000 24.610001 24.610001 6.000000e+02
736652 24.610001 24.610001 24.610001 24.610001 0.000000e+00
736655 24.610001 24.610001 24.610001 24.610001 6.000000e+02
736656 24.799999 24.809999 24.799999 24.809000 9.000000e+02
736657 24.818001 24.860001 24.770000 24.770000 3.200000e+03
736659 24.780001 24.860001 24.780001 24.860001 2.500000e+03
736662 24.700001 24.799999 24.700001 24.799999 3.700000e+03
736663 24.799999 24.799999 24.799999 24.799999 1.000000e+02
736664 24.610001 24.610001 24.610001 24.610001 1.000000e+03
736665 24.610001 24.634001 24.544001 24.558001 1.900000e+03
736666 24.540001 24.540001 24.540001 24.540001 7.000000e+02
736669 24.590000 24.667999 24.590000 24.667999 1.000000e+03
736670 24.730000 24.754999 24.730000 24.754999 1.800000e+03
736671 24.854000 24.854000 24.730000 24.730000 1.600000e+03
736672 24.959999 25.020000 24.445999 24.445999 4.500000e+03
736673 24.780001 24.952000 24.780001 24.952000 8.200000e+03
736676 24.952000 24.952000 24.952000 24.952000 1.000000e+02
736677 24.896999 24.896999 24.850000 24.850000 6.000000e+02
736678 24.790001 24.790001 24.719999 24.750000 1.600000e+03
736679 24.820000 24.889999 24.820000 24.889999 2.000000e+05
736680 24.850000 24.850000 24.840000 24.850000 2.070000e+04
736683 24.931999 24.931999 24.840000 24.850000 1.900000e+03
736684 24.830000 24.830000 24.830000 24.830000 3.000000e+02
736685 24.889999 24.905001 24.889999 24.905001 8.000000e+02
736686 24.830000 24.910000 24.830000 24.889999 2.100000e+04
736687 24.910000 24.910000 24.870001 24.900000 1.200000e+03
736691 24.923000 24.945000 24.916000 24.916000 7.000000e+02
736692 24.916000 24.916000 24.916000 24.916000 0.000000e+00
736693 24.837999 24.900000 24.837999 24.900000 4.000000e+02
736694 24.959999 24.959999 24.930000 24.930000 1.700000e+03
736698 24.879999 24.879999 24.879999 24.879999 8.000000e+02
736699 24.900000 24.985001 24.900000 24.985001 8.000000e+02
736700 24.900000 24.937000 24.900000 24.937000 2.200000e+03
736701 24.881001 24.881001 24.881001 24.881001 8.000000e+02
736704 24.840000 24.895000 24.840000 24.888000 3.200000e+03
736705 24.969999 24.986000 24.910000 24.959999 5.100000e+03
736706 24.945999 24.945999 24.945999 24.945999 7.000000e+02
736707 24.889999 24.889999 24.889999 24.889999 2.000000e+02
736708 25.010000 25.010000 24.973000 24.975000 1.200000e+03
736712 25.030001 25.030001 25.000000 25.000000 1.700000e+03
736713 24.964001 24.964001 24.964001 24.964001 2.000000e+02
736714 24.964001 24.964001 24.964001 24.964001 0.000000e+00
736715 24.959999 24.969000 24.910000 24.955999 6.300000e+03
736718 24.989000 24.989000 24.989000 24.989000 6.000000e+02
736719 25.049999 25.049999 25.049999 25.049999 2.000000e+02
736720 25.059999 25.146000 25.059999 25.105000 9.500000e+03
736721 25.100000 25.100000 25.052999 25.052999 1.100000e+03
736722 24.980000 24.980000 24.930000 24.945999 4.200000e+03
736725 24.889999 24.889999 24.863001 24.863001 3.600000e+03
736726 24.950001 24.950001 24.910000 24.950001 2.900000e+03
736727 24.950001 24.950001 24.950001 24.950001 1.000000e+02
736728 24.950001 24.950001 24.934000 24.934000 2.700000e+03
736729 24.934000 24.934000 24.934000 24.934000 0.000000e+00
736732 24.990000 24.990000 24.990000 24.990000 8.000000e+02
736733 24.965000 24.965000 24.920000 24.920000 6.000000e+02
736734 24.910000 24.974001 24.910000 24.974001 2.900000e+03
736735 25.070000 25.082001 25.040001 25.040001 1.700000e+03
736736 25.100000 25.100000 25.030001 25.065001 4.000000e+02
736739 25.000000 25.000000 24.979000 24.979000 1.200000e+03
736740 24.969999 25.030001 24.969999 25.030001 2.800000e+03
736741 24.990999 24.990999 24.990999 24.990999 3.000000e+02
736742 25.040001 25.040001 24.934999 24.934999 7.000000e+02
736743 25.056999 25.070000 25.044001 25.044001 1.900000e+03
736747 25.160000 25.160000 25.160000 25.160000 2.000000e+02
736748 25.193001 25.193001 25.145000 25.145000 9.000000e+02
736749 25.110001 25.110001 25.110001 25.110001 7.000000e+02
736750 25.150000 25.299999 25.150000 25.290001 2.500000e+03
736753 25.268000 25.268999 25.230000 25.264000 1.900000e+03
736754 25.219999 25.219999 25.139999 25.142000 2.900000e+03
736755 25.129999 25.129999 25.070000 25.070000 4.100000e+03
736756 25.030001 25.070000 25.030001 25.063999 2.400000e+03
736757 25.020000 25.020000 25.020000 25.020000 8.000000e+02
736760 25.004999 25.004999 25.004999 25.004999 2.000000e+02
736761 25.010000 25.010000 24.973000 24.980000 3.100000e+03
736762 25.049999 25.090000 25.049999 25.080000 8.000000e+02
736763 25.083000 25.083000 25.004999 25.004999 9.000000e+02
736764 25.059999 25.059999 24.990000 24.990000 1.200000e+03
