736034 29.061264 29.179917 29.043009 29.134282 4.408477e+04
736035 29.526753 29.590644 29.344211 29.380717 2.747312e+04
736036 29.216426 29.216426 28.896973 29.106900 3.933858e+04
736039 29.280320 29.298571 29.170790 29.243810 4.746186e+04
736040 29.207300 29.608900 29.134282 29.581519 7.630407e+04
736041 29.508502 30.366465 29.481117 30.193048 7.475243e+04
736042 29.864465 29.992247 29.654539 29.700174 7.922480e+04
736043 30.019492 30.495266 30.019492 30.394621 1.511496e+05
736046 30.467814 30.760598 30.449515 30.687404 5.901424e+04
736047 30.925289 30.934441 30.815496 30.870395 3.632349e+04
736048 30.888690 30.888690 30.339722 30.367170 4.986474e+04
736049 30.431216 30.476967 30.120134 30.202479 3.202323e+04
736050 30.229929 30.239077 30.065238 30.101837 6.157609e+04
736053 30.348870 30.586759 30.312275 30.559312 4.913278e+04
736054 30.412920 30.504413 30.303123 30.449515 5.178614e+04
736055 30.687405 30.842944 30.550160 30.769750 4.263664e+04
736056 31.007634 31.272971 30.989335 31.208925 3.266369e+04
736060 31.465109 31.785344 31.465109 31.593202 3.943432e+04
736061 31.510857 31.602354 31.391916 31.428511 3.010184e+04
736062 31.858538 31.931736 31.675548 31.776193 3.202323e+04
736063 31.858538 32.032377 31.849390 31.931736 5.361604e+04
736064 31.840239 31.904285 31.794492 31.904285 4.108123e+04
736067 32.023229 32.068976 31.785344 31.794492 4.602196e+04
736068 31.858539 32.050677 31.803640 31.977483 5.105418e+04
736069 31.876837 32.169621 31.867689 32.160473 4.629644e+04
736070 32.251967 32.572197 32.197069 32.480704 4.840082e+04
736071 31.940884 32.087276 31.876837 32.059828 4.464953e+04
736074 31.968331 32.041528 31.849390 31.931736 6.102713e+04
736075 32.096427 32.169621 31.922584 31.977483 5.096268e+04
736076 32.261114 32.508151 32.178769 32.471556 4.647943e+04
736077 32.297713 32.910731 32.297713 32.855833 7.072559e+04
736078 33.020524 33.230962 33.020524 33.157768 4.510701e+04
736081 33.395653 33.523745 33.368206 33.423101 4.949876e+04
736082 33.468851 33.633538 33.468851 33.542045 5.617789e+04
736083 33.212663 33.359054 33.148617 33.148617 4.181319e+04
736084 33.349908 33.349908 33.093719 33.185216 7.484286e+04
736085 33.313308 33.404802 33.148618 33.359055 5.736733e+04
736088 33.477999 33.560345 33.413953 33.523746 2.580157e+04
736089 33.423101 33.587792 33.404801 33.496299 5.114567e+04
736090 33.478000 33.478000 33.139470 33.221815 5.023072e+04
736091 32.883281 32.883281 32.627096 32.800935 3.668947e+04
736092 33.377355 33.450552 33.258410 33.322456 5.398202e+04
736095 33.194364 33.194364 32.837534 32.837534 1.884796e+04
736096 32.544751 32.929032 32.544751 32.837534 8.865860e+04
736097 33.020524 33.093718 32.773488 32.782639 3.623200e+04
736098 33.084571 33.194364 32.974778 33.194364 1.573713e+04
736099 33.075424 33.322456 33.066271 33.285861 4.126422e+04
736102 33.093719 33.139469 32.938179 32.956478 1.280929e+04
736103 32.965627 32.965627 32.800935 32.800935 5.407351e+04
736104 32.746041 32.947327 32.691143 32.837534 2.113533e+04
736105 32.681994 32.727740 32.617948 32.617948 2.571008e+04
736106 32.599648 32.599648 32.398358 32.544750 1.269035e+05
736110 32.297714 32.325165 31.986631 32.032378 5.142016e+04
736111 32.087277 32.343461 31.968332 32.334313 2.406317e+04
736112 31.922584 31.995782 31.785345 31.995782 2.525260e+04
736113 31.474262 31.538307 31.272971 31.291271 5.791630e+04
736116 31.501709 31.501709 31.172327 31.236373 5.315856e+04
736117 31.199773 31.584054 31.199773 31.510857 4.968175e+04
736118 31.373617 31.446811 31.282120 31.337018 5.370753e+04
736119 31.108280 31.135728 30.815496 30.824645 6.148460e+04
736120 30.705703 30.879543 30.614206 30.724003 5.599490e+04
736123 30.916141 30.916141 30.760598 30.861243 7.118306e+04
736124 30.733150 30.824644 30.568459 30.595907 5.773331e+04
736125 30.916142 31.117428 30.916142 30.980188 8.225395e+04
736126 30.870396 30.961889 30.778898 30.925290 4.400907e+04
736127 30.870395 30.870395 30.659953 30.760598 2.177580e+04
736130 30.367171 30.476967 30.358023 30.440368 3.870236e+04
736131 30.339722 30.422068 30.303124 30.385469 8.893308e+04
736132 30.422068 30.605058 30.156731 30.486114 4.364309e+04
736133 30.815496 31.044234 30.788050 30.870395 4.647943e+04
736134 30.710964 30.710964 30.515176 30.515176 3.617442e+04
736137 30.850816 30.944048 30.785553 30.878785 7.589170e+04
736138 31.009310 31.111867 31.009310 31.111867 2.330826e+04
736139 31.055929 31.111867 30.832169 30.832169 7.309471e+04
736140 30.906758 30.906758 30.701643 30.729612 4.987968e+04
736141 30.487208 30.748260 30.487208 30.664349 3.496239e+04
736144 30.431266 30.431266 30.132921 30.132921 8.913079e+04
736145 30.617732 30.664348 30.421944 30.515176 4.661652e+04
736146 30.664350 30.692319 30.347357 30.393973 1.184992e+05
736147 30.440593 30.533824 30.366004 30.421945 5.090525e+04
736151 29.825252 29.825252 29.433673 29.582846 4.316690e+04
736152 29.209914 29.321795 28.846306 29.321795 1.424601e+05
736153 28.743749 28.743749 28.426757 28.436080 9.397891e+04
736154 29.014126 29.247209 28.911569 28.911569 5.929622e+04
736155 29.489612 29.657432 29.359087 29.582846 3.430976e+04
736158 29.676080 29.834576 29.638788 29.834576 4.643006e+04
736159 29.713373 29.946454 29.704050 29.881191 5.575336e+04
736160 29.648108 29.750666 29.620139 29.638787 3.496239e+04
736161 29.983749 30.021043 29.862545 29.937133 6.768719e+04
736162 30.021042 30.039689 29.806604 29.825252 4.932028e+04
736165 29.582847 29.601493 29.387057 29.526907 2.741052e+04
736166 29.508260 29.657432 29.424350 29.592170 4.139547e+04
736167 29.331116 29.331116 29.116681 29.172622 8.633380e+04
736168 29.004802 29.107357 28.771720 28.809012 2.517292e+04
736169 28.538638 28.538638 28.165704 28.296231 4.661653e+04
736172 27.820742 27.904652 27.671569 27.699538 6.796689e+04
736173 27.886006 28.007210 27.764804 27.988562 6.712780e+04
736174 27.858034 28.193674 27.858034 28.147058 2.545262e+04
736175 27.895328 27.932620 27.699538 27.839389 6.544960e+04
736176 28.016530 28.128411 27.923299 28.128411 2.962946e+05
736179 27.634274 27.755478 27.438486 27.503749 2.089353e+05
736180 27.419840 27.643599 27.335930 27.373224 2.262766e+05
736181 27.410516 27.503749 27.177433 27.177433 1.749052e+05
736182 26.981646 27.037585 26.785855 26.860441 1.682857e+05
736183 26.767207 26.860440 26.720591 26.748562 7.859546e+04
736186 26.851117 27.196080 26.776531 27.158786 1.576571e+05
736187 26.757886 26.785855 26.524803 26.767207 2.599337e+05
736188 26.422246 26.478186 26.366307 26.450217 6.731426e+05
736189 26.431569 26.440893 26.254426 26.338336 2.152751e+05
736190 26.384952 26.422246 26.273073 26.273073 1.310857e+05
736193 26.058638 26.058638 25.872171 25.993373 1.367729e+05
736194 25.825556 25.825556 25.639089 25.732322 1.915939e+05
736195 25.480592 25.620441 25.126307 25.331419 1.762105e+05
736196 25.089014 25.368712 25.089014 25.284804 1.245594e+05
736197 24.911870 25.089014 24.557585 24.613525 3.246375e+05
736200 24.128712 24.184653 22.394578 23.532021 2.293533e+05
736201 23.998186 25.937434 23.681194 23.681194 2.071638e+05
736202 24.147359 24.548261 24.044804 24.510969 9.780147e+04
736203 24.939841 25.247510 24.818639 25.219539 2.318706e+05
736204 25.014427 25.294125 25.014427 25.135629 1.967217e+05
736207 25.042397 25.126307 24.827960 25.089013 2.151819e+05
736208 24.482999 24.855931 24.277887 24.371118 1.226947e+05
736209 24.641495 24.688111 24.333826 24.520291 6.451727e+04
736210 24.548262 24.744052 24.399089 24.548262 8.568117e+04
736211 24.203299 24.221947 23.802399 23.867661 9.155486e+04
736215 24.389766 24.389766 24.193977 24.343150 4.018344e+04
736216 24.781345 24.781345 24.333826 24.333826 5.528720e+04
736217 24.380442 24.744052 24.380442 24.706758 1.426466e+05
736218 24.669464 24.688112 24.501646 24.641495 3.095337e+04
736221 24.650819 24.781345 24.604201 24.762697 2.274886e+04
736222 24.734729 24.958488 24.734729 24.902547 6.582253e+04
736223 25.126308 25.331420 24.930518 25.303449 7.645110e+04
736224 25.238186 25.750969 25.154276 25.359390 4.792179e+04
736225 25.204112 25.241983 24.844323 24.882196 4.667779e+04
736228 24.768578 24.768578 24.560280 24.607620 3.465329e+04
736229 24.209959 24.257301 24.001661 24.172088 7.006402e+04
736230 24.011130 24.153151 23.774428 23.793362 7.877468e+04
736231 23.357829 23.670277 23.196872 23.660809 5.661930e+04
736232 23.812299 23.821768 23.566128 23.604001 4.090224e+04
736235 23.405169 23.405169 22.979105 22.979105 4.932886e+04
736236 22.998043 23.244211 22.969637 23.121127 5.273738e+04
736237 23.708150 23.727085 23.518787 23.679745 8.672789e+04
736238 23.906980 23.954319 23.604000 23.746022 4.194373e+04
736239 23.670277 24.380385 23.651341 24.361449 9.042046e+04
736242 24.503470 24.768578 24.503470 24.740173 1.003620e+05
736243 24.626556 24.844323 24.569749 24.778046 4.156501e+04
736244 25.213578 25.450281 25.118899 25.260920 5.368419e+04
736245 25.289323 25.753263 25.260920 25.686984 7.583957e+04
736246 25.838475 26.046773 25.772197 25.810070 4.554161e+04
736249 25.961560 25.961560 25.705921 25.715389 1.096407e+05
736250 25.450281 25.668049 25.374536 25.374536 6.248953e+04
736251 25.535494 25.734325 25.535494 25.668049 8.909492e+04
736252 25.971028 26.131986 25.847942 26.113050 4.071288e+04
736253 25.971027 26.037304 25.866878 26.018368 2.101921e+04
736256 25.772197 25.791134 25.649112 25.696452 5.273738e+04
736257 25.658581 25.762729 25.649112 25.696452 5.595654e+04
736258 25.488154 25.488154 25.317728 25.317728 5.917569e+04
736259 25.649113 25.876347 25.649113 25.857410 4.885545e+04
736260 25.923687 25.980497 25.791134 25.847942 8.284597e+04
736263 25.857409 25.857409 25.677517 25.677517 2.518517e+04
736264 25.459749 25.516560 25.355602 25.421878 1.925814e+05
736265 25.412409 25.554431 24.995812 25.156770 1.515845e+05
736266 24.796983 24.948472 24.796983 24.853791 2.291283e+04
736267 25.014749 25.081025 24.976875 25.043154 1.144695e+05
736270 25.223046 25.516559 25.223046 25.516559 3.834585e+04
736271 25.478687 25.904752 25.421878 25.857410 4.383735e+04
736272 26.046773 26.084644 25.734325 25.743794 7.432467e+04
736273 25.791134 25.895283 25.696452 25.829007 4.109160e+04
736274 25.213578 25.346133 25.090494 25.346133 4.895013e+04
736277 25.024217 25.024217 24.711770 24.749641 1.131439e+05
736278 24.692833 24.815917 24.617088 24.787514 1.374770e+05
736279 24.863258 24.872726 24.654961 24.759109 2.549762e+05
736280 24.494003 24.588682 24.370917 24.380385 6.135336e+04
736281 24.219427 24.266766 24.058469 24.058469 4.762460e+04
736284 24.096343 24.475066 24.096343 24.465598 1.934335e+05
736285 24.494003 24.531874 24.333045 24.408790 7.905872e+04
736286 24.351980 24.607620 24.351980 24.607620 8.019490e+04
736287 24.702301 24.882196 24.702301 24.844323 2.947423e+05
736288 24.976875 25.090493 24.910598 24.920067 2.022388e+05
736291 24.853790 24.901130 24.692833 24.730706 2.185240e+05
736292 24.550811 24.730706 24.494004 24.692833 3.588414e+04
736293 24.465599 24.465599 24.323578 24.399322 1.765803e+05
736295 24.257300 24.257300 24.115277 24.124746 8.805343e+03
736298 24.001660 24.001660 23.793361 23.897511 1.887941e+05
736299 24.077406 24.200491 24.077406 24.153151 5.018099e+04
736300 24.011130 24.115277 23.897512 23.916448 7.735447e+04
736301 24.086875 24.153150 23.906980 23.944853 5.046503e+04
736302 23.774427 24.086875 23.774427 24.011130 6.646614e+04
736305 23.888043 23.935385 23.660808 23.708150 2.218378e+05
736306 23.263148 23.348361 23.130595 23.310490 2.418156e+05
736307 23.367297 23.585064 23.130594 23.263148 2.128431e+05
736308 23.073787 23.073787 22.770806 22.770806 5.425228e+04
736309 22.344741 22.344741 22.060697 22.060697 8.426619e+04
736312 22.325806 22.363679 22.155380 22.363679 8.284597e+04
736313 22.846550 22.998042 22.808679 22.903361 1.596323e+05
736314 22.931763 23.310490 22.827616 23.168466 9.070450e+04
736315 23.225277 23.319956 23.035914 23.035914 5.747143e+04
736316 23.094007 23.094007 22.846401 22.846401 1.059943e+05
736319 22.865447 22.894018 22.646412 22.808308 9.875664e+04
736320 22.770215 22.941634 22.770215 22.903540 1.585630e+05
736321 23.055913 23.255903 23.055913 23.255903 8.390029e+04
736322 23.284474 23.313043 23.189240 23.217809 4.494998e+04
736326 23.151146 23.246380 23.132101 23.198764 2.044653e+05
736327 23.236856 23.236856 23.065435 23.084483 1.430400e+05
736328 22.770214 22.836877 22.655936 22.665457 2.333209e+05
736329 22.751167 22.751167 22.579748 22.589271 9.447115e+04
736333 21.932165 21.941688 21.770268 21.913117 6.704404e+04
736334 21.941689 21.970258 21.855979 21.922641 3.647425e+04
736335 21.541709 21.675035 21.484568 21.589325 4.123590e+04
736336 20.998880 21.227441 20.903649 20.913170 3.104596e+04
736337 21.189346 21.217917 20.808414 20.817938 6.247286e+04
736340 20.913170 20.960787 20.560809 20.732228 5.618748e+04
736341 20.951263 21.027449 20.694134 20.856030 2.655096e+05
736342 21.122683 21.170300 20.694135 20.703658 1.001851e+05
736343 20.798891 21.046497 20.627471 20.960787 1.725622e+05
736344 20.237016 20.322725 19.960839 20.151306 5.456852e+04
736348 20.627471 20.627471 20.303679 20.379865 1.851330e+05
736349 20.037028 20.122736 19.646571 19.998934 3.771228e+05
736350 19.808466 20.122735 19.694187 19.903700 2.923654e+05
736351 20.532238 20.589379 20.437005 20.579856 5.609225e+04
736354 20.541761 20.579856 20.341773 20.341773 3.352202e+04
736355 20.465575 20.703657 20.456051 20.665565 2.231310e+05
736356 20.713181 20.922693 20.598900 20.656042 1.517062e+05
736357 21.084589 21.170300 20.998880 21.141731 6.047297e+04
736358 21.694082 22.027396 21.665511 22.027396 1.062800e+05
736361 21.655988 21.989304 21.655988 21.970257 1.384688e+05
736362 21.541710 21.579802 21.265533 21.265533 4.485475e+04
736363 21.560755 21.922641 21.351243 21.922641 5.961587e+04
736364 22.179771 22.322620 21.989304 22.055967 3.237923e+04
736365 22.122630 22.122630 21.884548 21.922641 2.247499e+04
736368 21.684558 21.713127 21.456000 21.675035 3.409342e+04
736369 21.417906 21.675035 21.256010 21.427429 5.980634e+04
736370 21.694082 21.855978 21.617896 21.627417 3.818844e+04
736371 21.265532 21.417905 21.189345 21.332195 2.923654e+04
736372 21.408382 21.541710 21.322672 21.522662 3.580761e+04
736376 22.036918 22.217862 21.989303 22.122629 3.028410e+04
736377 22.208340 22.570227 22.208340 22.513085 2.558911e+05
736378 22.598795 22.674980 22.446422 22.455945 1.571345e+05
736379 22.113106 22.275002 22.084538 22.217863 5.685411e+04
736382 22.541656 22.732123 22.541656 22.713075 5.656841e+04
736383 22.474992 22.522608 22.303572 22.322620 2.733188e+04
736384 21.903594 22.236909 21.779792 22.227386 4.018833e+04
736385 22.313096 22.455945 22.227386 22.446422 6.094913e+04
736386 22.494040 22.494040 22.075014 22.075014 7.447222e+04
736389 22.351188 22.522608 22.322620 22.322620 4.990210e+04
736390 22.684504 23.103530 22.636888 23.084483 1.282789e+05
736391 22.903540 23.293995 22.903540 23.293995 3.285539e+04
736392 23.408276 23.741591 23.379705 23.732068 3.456959e+04
736393 23.913011 24.322513 23.913011 24.246325 3.495052e+04
736396 24.055860 24.493931 24.055860 24.322513 1.470588e+06
736397 24.160617 24.198709 23.922534 24.074907 1.561821e+05
736398 24.198709 24.341558 24.160617 24.246325 1.159938e+05
736399 24.236804 24.332035 23.922535 24.274896 2.721760e+05
736400 24.598689 24.798679 24.598689 24.798679 6.742498e+04
736403 24.655827 24.760585 24.493931 24.646304 3.552192e+04
736404 24.036813 24.036813 23.808254 23.932056 5.886353e+05
736405 23.770160 24.436792 23.770160 24.436792 5.285432e+04
736406 24.789155 25.170086 24.741538 25.093900 4.799744e+05
736407 25.134965 25.278210 25.134965 25.240012 3.743505e+04
736410 25.134965 25.402358 25.134965 25.402358 4.908576e+04
736411 25.154064 25.373709 25.115864 25.278210 6.723030e+04
736412 24.896220 24.896220 24.619278 24.667026 2.845828e+04
736413 24.437832 24.676576 24.380534 24.676576 3.867652e+04
736417 24.781625 24.896221 24.714774 24.886670 1.833554e+04
736418 24.781624 25.201812 24.657476 25.182714 8.279641e+04
736419 25.545604 25.688850 25.450106 25.450106 1.013229e+05
736420 25.641101 25.707950 25.497856 25.536054 1.543241e+05
736421 25.058566 25.574254 25.039466 25.574254 4.411988e+04
736424 25.497856 25.497856 25.201812 25.220912 1.334101e+05
736425 24.733875 24.810273 24.638376 24.676576 5.109121e+04
736426 24.409182 24.724324 24.342334 24.714774 9.110470e+04
736427 24.370983 24.409181 24.160888 24.218188 6.961774e+04
736428 24.819822 24.953518 24.800722 24.877120 4.058647e+04
736431 25.278210 25.469206 25.249563 25.278210 3.896301e+04
736432 25.488306 25.755697 25.316409 25.727050 5.452912e+04
736433 26.023092 26.099490 25.946694 26.099490 4.822628e+04
736434 26.061292 26.061292 25.956244 26.023092 1.095357e+05
736435 25.956244 26.032642 25.927594 25.984892 3.905851e+04
736438 25.803448 26.099490 25.803448 26.032642 3.915401e+04
736439 26.185438 26.414632 26.185438 26.328684 3.867652e+04
736440 26.290486 26.443283 26.156788 26.347784 5.624808e+04
736441 26.185438 26.185438 25.898946 25.946694 3.094122e+04
736442 25.860746 25.927594 25.736600 25.774798 2.511586e+04
736445 25.765249 25.860746 25.641102 25.669750 7.496560e+04
736446 25.803447 25.946694 25.793898 25.937144 3.905851e+04
736447 25.774799 26.080390 25.717500 26.032642 3.017724e+04
736448 25.793898 26.070840 25.698400 25.822548 2.024549e+05
736449 25.822548 25.889396 25.631552 25.822548 1.883212e+05
736452 25.918044 25.918044 25.650653 25.755698 4.564785e+04
736453 25.182714 25.182714 24.943970 24.982168 4.736680e+04
736454 24.838922 24.838922 24.504680 24.504680 5.510211e+04
736455 24.772074 24.772074 24.418732 24.504680 1.948151e+04
736456 24.342334 24.590628 24.342334 24.495130 2.893577e+04
736459 24.409181 24.447381 23.998542 24.189538 3.609809e+04
736460 24.447381 24.581078 24.409181 24.581078 8.623432e+04
736461 24.523780 24.686126 24.504680 24.590628 3.361515e+04
736462 24.638376 24.638376 24.351884 24.466482 4.765329e+04
736463 24.189538 24.313684 23.903047 23.931694 3.705306e+04
736466 24.027192 24.103591 24.008092 24.046292 4.564785e+04
736467 24.046291 24.132239 23.912596 23.941244 6.971324e+04
736468 23.826648 24.065392 23.645202 23.769348 5.452912e+04
736469 23.568803 23.607001 23.368257 23.501956 4.278292e+04
736470 23.778898 23.950794 23.778898 23.855296 1.260568e+04
736473 23.836196 23.874396 23.769347 23.778898 1.976800e+04
736474 24.055843 24.103590 24.017643 24.084490 2.750330e+04
736475 24.132240 24.237286 24.103590 24.122690 2.702582e+04
736476 24.361434 24.361434 24.189538 24.304136 3.648008e+04
736477 24.189538 24.265936 24.036742 24.074940 1.394265e+04
736481 24.113140 24.275486 24.103591 24.170438 3.141871e+04
736482 24.103590 24.285036 24.065392 24.265936 2.540236e+04
736483 24.160888 24.390084 24.141790 24.380534 2.683482e+04
736484 24.752974 24.943970 24.647926 24.915320 6.866276e+04
736487 24.963068 25.259112 24.963068 25.240012 5.720305e+04
736488 25.354608 25.478756 25.316410 25.431006 5.109121e+04
736489 25.622002 25.727050 25.583804 25.660202 4.612533e+04
736490 25.345060 25.392808 25.230462 25.354608 5.156870e+04
736491 25.029916 25.029916 24.714774 24.819822 8.757128e+04
736494 24.523780 24.848472 24.504680 24.638376 8.212792e+04
736495 24.619278 24.638376 24.361434 24.476030 4.469287e+04
736496 24.657477 24.829372 24.561978 24.686126 2.263293e+04
736497 24.323234 24.552428 24.094040 24.542880 2.062748e+04
736498 24.657293 24.725166 24.570028 24.705774 4.372961e+04
736501 25.277847 25.413592 25.219670 25.268150 3.771800e+04
736502 25.452378 25.568733 25.306936 25.529947 3.073678e+04
736503 25.617212 25.694781 25.520250 25.559036 2.569478e+04
736504 25.830526 26.228068 25.801440 26.208678 2.239809e+04
736505 24.773647 25.161495 24.647598 24.696078 1.053001e+05
736508 24.540938 24.540938 24.094917 24.308232 8.076888e+04
736509 25.113013 25.209975 24.967571 25.171189 7.960534e+04
736510 25.646301 25.840223 25.646301 25.772350 9.637967e+04
736511 25.966275 26.169893 25.879010 26.111716 3.703927e+04
736512 26.189284 26.334726 26.169892 26.247461 8.639264e+04
736516 25.879010 25.879010 25.743262 25.830527 4.692934e+04
736517 25.462074 25.685085 25.297240 25.655996 4.402049e+04
736518 25.743261 25.840223 25.529946 25.568732 2.840970e+04
736519 25.917792 26.189284 25.917792 26.169892 4.508707e+04
736522 26.431688 26.586827 26.431688 26.470472 5.982521e+04
736523 26.741965 26.897103 26.693485 26.800141 8.416253e+04
736524 26.780750 26.858319 26.606220 26.761357 4.576580e+04
736525 27.110418 27.246165 27.061938 27.168596 2.579174e+04
736526 27.081329 27.168595 27.052241 27.129810 8.484126e+04
736529 27.013457 27.372214 27.013457 27.333430 6.273405e+04
736530 27.149203 27.246165 26.974673 27.071634 4.731718e+04
736531 27.187989 27.352821 27.168595 27.284948 2.239809e+04
736532 27.217075 27.343126 27.158899 27.255861 2.753705e+04
736533 27.265557 27.420695 27.236468 27.391606 2.870059e+04
736536 27.352821 27.391607 27.197683 27.284948 3.306385e+04
736537 27.362517 27.459479 27.294645 27.362517 8.193242e+04
736538 27.537049 27.634010 27.168595 27.498265 2.530694e+04
736539 27.498265 27.527351 27.323733 27.507961 1.493206e+04
736540 27.566137 27.886109 27.546744 27.866717 7.349677e+04
736543 27.876413 27.915199 27.769755 27.779452 7.582384e+04
736544 27.692186 27.740669 27.362517 27.498265 1.719126e+05
736545 27.323734 27.750365 27.323734 27.730972 3.238512e+04
736546 27.866718 28.109122 27.818238 28.002463 4.789895e+04
736547 28.060642 28.322436 28.060642 28.254563 4.799591e+04
736550 28.380613 28.564839 28.380613 28.487270 7.262412e+04
736551 28.632713 28.749066 28.613320 28.671497 9.579790e+04
736552 28.836331 28.836331 28.642409 28.749066 5.953432e+04
736553 28.555144 28.884813 28.555144 28.884813 1.238198e+05
736554 28.729673 28.865420 28.613321 28.710283 5.255310e+04
736557 28.768459 28.972077 28.768459 28.933293 8.726529e+04
736558 28.729673 28.768459 28.613320 28.652104 7.020008e+04
736559 28.370916 28.545448 28.157602 28.477575 1.151902e+05
736560 28.584232 28.671497 28.487270 28.584232 9.221033e+04
736561 28.303045 28.487270 28.186691 28.487270 4.993514e+04
736564 28.099425 28.099425 27.905503 27.963679 5.662548e+04
736565 28.215778 28.225475 27.701882 27.740668 6.777604e+04
736566 27.527351 27.730971 27.410998 27.672795 4.208126e+04
736567 27.701884 27.779453 27.595225 27.730972 1.868447e+05
736568 27.808540 28.060641 27.236468 27.372214 4.915945e+04
736571 27.333430 27.614618 27.333430 27.575834 2.278594e+04
736572 27.575835 27.614618 27.391607 27.449783 2.656743e+04
736573 27.314036 27.314036 27.003760 27.091026 7.388461e+04
736574 26.984369 27.217076 26.935889 27.217076 3.665142e+04
736575 27.537048 27.575834 27.391606 27.537048 4.227519e+04
736579 27.963679 28.332131 27.953983 28.312741 6.622466e+04
736580 28.312742 28.312742 28.138210 28.206083 3.810585e+04
736581 28.225475 28.273955 28.002462 28.021855 3.946330e+04
736582 27.624314 27.624314 27.100723 27.158899 3.519700e+04
736585 26.741964 27.410998 26.741964 27.343126 1.016156e+05
736586 26.906799 26.984368 26.548041 26.645003 6.893958e+04
736587 26.751661 26.916496 26.674092 26.722572 4.120861e+04
736588 26.906800 27.187989 26.722572 27.120114 4.198430e+04
736589 26.909371 27.018719 26.770202 26.978955 4.373891e+04
736592 27.346761 27.575396 27.287118 27.346761 2.843029e+04
736593 27.585337 27.585337 27.376584 27.396463 4.016027e+04
736594 27.714564 28.122133 27.555513 28.062488 3.847036e+04
736595 28.291122 28.360709 28.062488 28.122133 1.329066e+05
736596 27.992904 28.052547 27.804030 27.804030 3.379825e+04
736599 27.625101 27.654922 27.456109 27.466048 1.779378e+04
736600 27.555513 27.764268 27.436226 27.734446 7.753716e+04
736601 27.754327 27.923319 27.505811 27.913378 5.536949e+04
736602 27.804030 27.813972 27.287118 27.366643 7.624488e+04
736603 27.505811 27.575396 27.396463 27.515752 2.624335e+04
736606 27.555513 27.794089 27.446168 27.714564 3.409647e+04
736607 27.774209 27.794089 27.306996 27.376583 1.467242e+05
736608 27.724504 27.883555 27.684742 27.813971 3.479232e+04
736609 27.475988 27.744387 27.475988 27.704625 5.715880e+04
736610 27.764268 27.853734 27.436226 27.654921 2.692925e+05
736613 27.714564 27.883555 27.714564 27.794089 2.446397e+05
736614 27.287118 27.306997 26.978955 27.108185 2.250566e+05
736615 27.038601 27.187710 26.969014 27.098244 3.966324e+04
736616 26.859668 27.128067 26.680736 27.038601 5.169144e+04
736617 27.257295 27.316939 27.038602 27.058481 5.020034e+04
736620 27.118126 27.197652 27.098244 27.098244 4.701933e+04
736621 27.545573 27.664862 27.446169 27.644980 5.606533e+04
736622 27.674802 27.804030 27.585336 27.774210 2.276412e+04
736623 27.505811 27.684743 27.505811 27.605218 1.829082e+04
736624 27.376583 27.535634 27.336820 27.535634 3.767511e+04
736627 27.794089 27.794089 27.664862 27.744387 1.013948e+04
736628 27.813971 28.022726 27.784150 27.943201 3.459350e+04
736629 27.744387 27.893496 27.644979 27.714564 3.707867e+04
736630 27.744387 27.784151 27.545573 27.565455 2.773445e+04
736631 27.436227 27.515752 27.207593 27.346761 4.344069e+04
736634 27.654921 27.843794 27.654921 27.754328 3.181012e+04
736635 27.674801 27.674801 27.138005 27.277176 7.435615e+04
736636 27.267235 27.396463 27.038601 27.118126 7.843182e+04
736637 27.128067 27.247354 26.988897 27.048540 6.043922e+04
736638 26.800023 26.909371 26.680736 26.710559 6.153270e+04
736641 27.247354 27.575396 27.247354 27.545573 1.164052e+05
736642 27.485930 27.893497 27.416346 27.764269 4.125375e+04
736643 26.899430 27.187711 26.730439 26.969015 2.935477e+05
736644 26.481922 26.561447 25.746314 25.885484 7.475378e+04
736645 25.438154 25.507738 24.921239 25.428213 1.225684e+05
736648 25.199577 25.259221 24.961002 25.179696 8.489325e+04
736649 25.398389 25.716492 25.398389 25.577322 4.641295e+05
736650 25.199577 25.388451 25.199577 25.358628 5.258610e+04
736651 25.507738 25.577322 25.209519 25.259221 1.777390e+05
736652 25.328806 25.497797 25.249281 25.358628 1.779378e+05
736655 25.577322 25.716492 25.527619 25.666788 5.864990e+04
736656 26.034594 26.074356 25.905363 26.034594 7.465437e+04
736657 25.676729 25.796018 25.597204 25.766195 4.532942e+04
736659 25.786077 25.825839 25.786077 25.786077 5.169144e+03
736662 25.935187 26.163822 25.935187 26.054474 6.262617e+04
736663 25.965009 26.084296 25.925245 25.994830 9.125527e+04
736664 25.974948 25.994830 25.875543 25.915305 1.172004e+05
736665 25.597204 25.656847 25.338747 25.398390 8.191105e+04
736666 25.507738 25.646907 25.438154 25.517679 4.970331e+04
736669 25.636968 25.835780 25.636968 25.776136 4.016027e+04
736670 25.945127 26.064414 25.875543 26.004771 6.014100e+04
736671 26.243348 26.611152 26.243348 26.561448 5.288432e+04
736672 26.511745 26.680736 26.422279 26.631034 8.210987e+04
736673 26.531627 26.581330 26.471981 26.541568 1.192879e+05
736676 26.491864 26.531628 26.372577 26.462043 3.389766e+04
736677 26.591270 26.859668 26.591270 26.809964 6.282498e+04
736678 26.481922 26.591270 25.965009 26.034594 1.454319e+05
736679 26.094237 26.173763 25.935187 26.134001 1.182939e+05
736680 26.070000 26.100000 25.920000 25.990000 1.567000e+05
736683 26.080000 26.080000 25.850000 25.860001 6.360000e+04
736684 25.900000 25.959999 25.850000 25.920000 8.570000e+04
736685 25.950001 26.020000 25.860001 25.860001 9.820000e+04
736686 25.650000 25.750000 25.570000 25.709999 1.058000e+05
736687 25.780001 25.860001 25.690001 25.830000 4.650000e+04
736691 25.850000 25.969999 25.850000 25.940001 1.848000e+05
736692 26.070000 26.200001 25.990000 26.129999 1.612000e+05
736693 26.370001 26.650000 26.340000 26.629999 1.455000e+05
736694 26.600000 26.620001 26.410000 26.459999 4.200000e+04
736698 26.730000 26.870001 26.670000 26.780001 2.030000e+05
736699 26.980000 27.110001 26.950001 27.040001 1.253000e+05
736700 27.160000 27.320000 27.080000 27.260000 1.193000e+05
736701 27.150000 27.200001 27.040001 27.120001 7.050000e+04
736704 27.030001 27.219999 27.030001 27.150000 5.860000e+04
736705 27.270000 27.420000 27.219999 27.280001 8.290000e+04
736706 27.180000 27.559999 27.059999 27.549999 4.540000e+04
736707 27.830000 28.059999 27.809999 28.020000 1.148000e+05
736708 27.889999 28.070000 27.889999 28.000000 1.133000e+05
736712 27.940001 28.010000 27.879999 27.950001 4.120000e+04
736713 27.850000 27.900000 27.680000 27.709999 5.680000e+04
736714 27.750000 27.750000 27.580000 27.670000 9.540000e+04
736715 27.809999 27.879999 27.709999 27.879999 4.970000e+04
736718 28.010000 28.280001 28.010000 28.270000 6.000000e+04
736719 28.280001 28.450001 28.280001 28.379999 5.790000e+04
736720 28.410000 28.629999 28.410000 28.620001 8.110000e+04
736721 28.500000 28.650000 28.469999 28.580000 5.820000e+04
736722 28.490000 28.549999 28.400000 28.480000 6.200000e+04
736725 28.360001 28.379999 28.230000 28.350000 5.210000e+04
736726 28.510000 28.590000 28.420000 28.520000 7.650000e+04
736727 28.530001 28.620001 28.430000 28.490000 5.300000e+04
736728 28.490000 28.590000 28.450001 28.590000 6.100000e+04
736729 28.690001 28.870001 28.690001 28.740000 7.620000e+04
736732 28.670000 28.690001 28.510000 28.559999 4.970000e+04
736733 28.559999 28.559999 28.360001 28.430000 7.710000e+04
736734 28.450001 28.639999 28.330000 28.610001 8.760000e+04
736735 28.830000 28.900000 28.770000 28.900000 1.177000e+05
736736 28.930000 29.160000 28.889999 29.090000 9.970000e+04
736739 29.180000 29.309999 29.129999 29.240000 9.780000e+04
736740 29.190001 29.320000 29.000000 29.260000 8.020000e+04
736741 29.290001 29.600000 29.180000 29.549999 8.220000e+04
736742 29.490000 29.500000 29.280001 29.330000 8.950000e+04
736743 29.190001 29.280001 29.100000 29.280001 7.230000e+04
736747 29.209999 29.350000 29.200001 29.270000 7.630000e+04
736748 29.240000 29.459999 29.230000 29.430000 7.260000e+04
736749 29.629999 29.730000 29.559999 29.580000 6.000000e+04
736750 29.440001 29.440001 29.260000 29.340000 4.500000e+04
736753 29.389999 29.459999 29.260000 29.320000 4.300000e+04
736754 29.200001 29.280001 29.010000 29.010000 8.580000e+04
736755 29.270000 29.580000 29.270000 29.500000 3.011000e+05
736756 29.230000 29.230000 28.990000 29.020000 5.640000e+04
736757 29.299999 29.459999 29.170000 29.420000 6.830000e+04
736760 29.420000 29.420000 29.270000 29.340000 3.760000e+04
736761 29.459999 29.480000 29.299999 29.340000 5.590000e+04
736762 29.320000 29.360001 28.990000 28.990000 6.740000e+04
736763 28.980000 28.980000 28.610001 28.740000 2.820000e+04
736764 29.059999 29.120001 28.959999 29.100000 4.290000e+04
