736034 24.599112 24.599112 24.599112 24.599112 0.000000e+00
736035 24.599112 24.599112 24.599112 24.599112 0.000000e+00
736036 24.599112 24.599112 24.599112 24.599112 0.000000e+00
736039 24.599112 24.599112 24.599112 24.599112 0.000000e+00
736040 24.230584 24.230584 24.230584 24.230584 2.763945e+02
736041 25.013702 25.013702 25.013702 25.013702 1.842630e+02
736042 23.263205 23.954191 23.263205 23.281631 5.527890e+02
736043 22.940744 22.940744 22.940744 22.940744 9.213150e+01
736046 22.940744 22.940744 22.940744 22.940744 0.000000e+00
736047 22.940744 22.940744 22.940744 22.940744 0.000000e+00
736048 22.940744 22.940744 22.940744 22.940744 0.000000e+00
736049 23.438254 23.438254 23.438254 23.438254 9.213150e+01
736050 23.438254 23.438254 23.438254 23.438254 0.000000e+00
736053 23.125007 23.954190 23.125007 23.954190 5.251495e+03
736054 23.125007 23.125007 23.125007 23.125007 3.685260e+02
736055 22.940744 22.940744 22.940744 22.940744 2.763945e+02
736056 22.940744 22.940744 22.940744 22.940744 0.000000e+00
736060 23.806780 23.806780 23.143434 23.143434 1.842630e+02
736061 23.143434 23.143434 23.143434 23.143434 0.000000e+00
736062 23.143434 23.143434 23.143434 23.143434 0.000000e+00
736063 23.143434 23.143434 23.143434 23.143434 0.000000e+00
736064 23.143434 23.143434 23.143434 23.143434 0.000000e+00
736067 23.143434 23.143434 23.143434 23.143434 0.000000e+00
736068 23.143434 23.143434 23.143434 23.143434 0.000000e+00
736069 23.143434 23.143434 23.143434 23.143434 0.000000e+00
736070 23.106581 23.769927 22.176053 23.769927 1.289841e+03
736071 23.917337 23.917337 23.917337 23.917337 1.842630e+02
736074 22.480086 23.125007 22.480086 23.125007 3.685260e+02
736075 23.125007 23.125007 23.125007 23.125007 0.000000e+00
736076 23.125007 23.125007 23.125007 23.125007 0.000000e+00
736077 22.157625 22.157625 22.157625 22.157625 2.763945e+02
736078 22.986811 22.986811 22.940744 22.940744 5.527890e+02
736081 23.005235 23.005235 22.480087 22.876252 1.566236e+03
736082 22.756482 22.784120 22.387954 22.645923 3.316734e+03
736083 22.516940 22.820973 22.424808 22.738055 3.132471e+03
736084 22.691988 23.723862 22.691988 23.567238 1.621514e+04
736085 23.585665 24.027896 23.419828 23.419828 1.593875e+04
736088 23.576451 23.631730 23.355335 23.401401 2.671814e+03
736089 23.410615 23.410615 23.309269 23.309269 1.381973e+03
736090 23.309269 23.355336 23.069729 23.069729 1.022660e+04
736091 23.032875 23.060516 22.894678 22.894678 1.658367e+03
736092 22.848612 23.171073 22.848612 22.848612 3.224603e+03
736095 22.802546 23.106580 22.793333 22.793333 3.777391e+03
736096 22.756482 23.023662 22.618282 23.023662 1.013447e+03
736097 22.710416 22.802547 22.710416 22.738055 2.026893e+03
736098 22.710415 22.756482 22.710415 22.756482 8.291835e+02
736099 22.691989 22.691989 22.664350 22.664350 2.026893e+03
736102 22.627496 22.627496 21.208672 22.010215 6.633468e+03
736103 22.111561 22.185266 21.881232 21.927297 1.013447e+03
736104 22.111560 22.286611 21.945724 22.222119 3.500997e+03
736105 21.540344 22.111560 21.512705 22.111560 7.370520e+02
736106 22.176052 22.581431 22.157625 22.157625 8.291835e+02
736110 22.572218 22.572218 22.572218 22.572218 9.213150e+01
736111 22.572218 22.572218 22.572218 22.572218 0.000000e+00
736112 21.973363 21.973363 21.835167 21.835167 1.474104e+03
736113 21.743035 22.047069 21.420575 21.743035 1.658367e+03
736116 22.019429 22.111560 22.019429 22.111560 5.527890e+02
736117 22.341890 22.341890 21.927297 21.927297 3.685260e+02
736118 21.743034 22.268184 21.743034 22.268184 3.685260e+02
736119 21.663325 22.286797 21.560963 22.286797 7.444441e+02
736120 21.886658 21.979714 20.956102 21.216657 8.933330e+03
736123 21.402769 21.402769 21.216657 21.337630 3.722221e+02
736124 21.402769 21.402769 21.049159 21.216657 2.512499e+03
736125 21.216658 21.393464 19.346243 20.956103 1.098055e+04
736126 21.858741 21.858741 21.291101 21.291101 4.652776e+02
736127 21.598185 21.598185 21.356242 21.402769 1.768055e+03
736130 23.384851 23.384851 21.402769 21.635408 4.466665e+03
736131 21.644713 23.059158 21.644713 22.463601 1.581944e+03
736132 22.472907 22.472907 21.709852 21.961102 2.419443e+03
736133 21.914573 23.254573 21.914573 23.254573 1.395833e+03
736134 23.217353 23.263879 21.840129 21.840129 8.095830e+03
736137 23.161517 23.161517 22.398463 23.114990 1.302777e+03
736138 23.096379 23.096379 22.016935 22.714851 1.488888e+03
736139 22.714851 22.714851 22.714851 22.714851 0.000000e+00
736140 22.798602 22.798602 21.989018 22.733463 1.768055e+03
736141 22.798601 22.798601 22.351935 22.351935 6.513886e+02
736144 22.351935 22.351935 22.351935 22.351935 0.000000e+00
736145 22.258879 23.077767 22.054158 22.277491 2.698610e+03
736146 22.752074 22.752074 22.752074 22.752074 1.116666e+03
736147 22.621795 23.254574 22.621795 23.003323 3.256943e+03
736151 23.226655 23.226655 22.714851 22.714851 3.722221e+02
736152 22.677630 22.714851 22.677630 22.677630 1.302777e+03
736153 23.226656 23.226656 23.226656 23.226656 2.791665e+02
736154 21.942491 22.519436 21.942491 22.519436 3.722221e+02
736155 22.109991 22.370547 22.109991 22.370547 5.583331e+02
736158 22.370547 22.370547 22.370547 22.370547 1.861110e+02
736159 22.370547 22.370547 22.370547 22.370547 0.000000e+00
736160 22.137908 22.324018 22.137908 22.324018 1.302777e+03
736161 23.031240 23.031240 23.031240 23.031240 2.791665e+02
736162 23.031240 23.031240 23.031240 23.031240 0.000000e+00
736165 22.277491 22.277491 22.137908 22.137908 1.395833e+03
736166 21.923879 22.193741 21.923879 22.193741 7.444441e+02
736167 22.193741 22.193741 22.193741 22.193741 0.000000e+00
736168 21.877352 21.923879 21.877352 21.923879 2.791666e+02
736169 21.989018 22.147212 21.989018 22.147212 7.444441e+02
736172 22.147212 22.147212 22.147212 22.147212 0.000000e+00
736173 22.147212 22.147212 22.147212 22.147212 0.000000e+00
736174 22.147212 22.147212 22.147212 22.147212 0.000000e+00
736175 22.147212 22.147212 22.147212 22.147212 0.000000e+00
736176 21.923879 22.286797 21.914573 22.212353 1.302777e+03
736179 22.212353 22.212353 22.212353 22.212353 0.000000e+00
736180 22.212353 22.212353 22.212353 22.212353 0.000000e+00
736181 21.914573 23.142907 21.914573 22.361241 3.536110e+03
736182 22.361241 22.361241 22.361241 22.361241 0.000000e+00
736183 21.905269 21.905269 21.877351 21.905269 8.374996e+02
736186 21.728463 21.868046 21.681934 21.868046 4.931942e+03
736187 21.681934 21.821519 21.644713 21.821519 6.513886e+02
736188 21.821519 21.821519 21.821519 21.821519 0.000000e+00
736189 21.821519 21.821519 21.821519 21.821519 0.000000e+00
736190 21.533046 21.533046 21.495825 21.495825 1.861110e+02
736193 22.324018 22.324018 22.324018 22.324018 3.722221e+02
736194 22.324018 22.324018 22.324018 22.324018 0.000000e+00
736195 21.402769 22.286797 21.402769 22.286797 5.583331e+02
736196 22.286797 22.286797 22.286797 22.286797 0.000000e+00
736197 22.286797 22.286797 22.286797 22.286797 0.000000e+00
736200 22.286797 22.286797 22.286797 22.286797 0.000000e+00
736201 22.286797 22.286797 22.286797 22.286797 0.000000e+00
736202 22.286797 22.286797 22.286797 22.286797 0.000000e+00
736203 21.681935 21.681935 21.681935 21.681935 2.791666e+02
736204 21.681934 21.681934 21.681934 21.681934 9.402400e+01
736207 21.907592 21.907592 21.907592 21.907592 3.760960e+02
736208 21.907592 22.340103 21.907592 22.340103 2.820720e+02
736209 22.274288 22.274288 21.484485 21.484485 2.820720e+02
736210 22.105043 22.105043 22.086238 22.086238 3.760960e+02
736211 22.377712 22.377712 22.293090 22.293090 1.880480e+02
736215 21.437472 21.644326 21.437472 21.644326 2.820720e+02
736216 21.691338 21.907592 21.475083 21.907592 4.701200e+02
736217 21.907592 21.907592 21.907592 21.907592 0.000000e+00
736218 21.992214 21.992214 21.484485 21.484485 3.760960e+02
736221 21.691337 21.691337 21.691337 21.691337 4.701200e+02
736222 21.973411 22.217871 21.625521 21.625521 1.034264e+03
736223 21.540899 21.860581 21.540899 21.860581 5.641440e+02
736224 21.719544 21.851178 21.625520 21.851178 1.880480e+03
736225 21.719544 22.001616 21.719544 22.001616 3.008768e+03
736228 21.766556 21.785361 21.766556 21.766556 5.641440e+02
736229 22.076835 22.076835 22.076835 22.076835 9.402400e+01
736230 22.076835 22.076835 22.076835 22.076835 0.000000e+00
736231 21.766557 21.775959 21.766557 21.775959 7.521920e+02
736232 21.907592 21.992213 21.813569 21.898191 4.795224e+03
736235 21.860581 21.860581 21.437472 21.860581 1.034264e+03
736236 22.048630 22.048630 21.512691 21.512691 1.880480e+02
736237 21.653728 21.653728 21.531496 21.531496 2.820720e+02
736238 22.048629 22.048629 22.039227 22.039227 1.128288e+03
736239 22.039227 22.039227 22.039227 22.039227 0.000000e+00
736242 21.531496 21.531496 21.531496 21.531496 1.880480e+02
736243 21.531496 21.606715 21.531496 21.606715 1.316336e+03
736244 21.606715 21.606715 21.606715 21.606715 0.000000e+00
736245 22.029824 22.029824 22.029824 22.029824 9.402400e+01
736246 21.663132 21.663132 21.625521 21.625521 2.820720e+02
736249 21.634922 21.813569 21.634922 21.813569 2.914744e+03
736250 21.663131 21.775958 21.663131 21.766556 1.128288e+03
736251 21.719545 21.719545 21.719545 21.719545 1.880480e+02
736252 21.757153 21.964008 21.757153 21.964008 2.632672e+03
736253 21.907592 21.907592 21.907592 21.907592 1.128288e+03
736256 22.565761 22.565761 22.565761 22.565761 2.820720e+02
736257 22.105043 22.330701 22.095641 22.330701 1.692432e+03
736258 22.114446 22.330701 22.095641 22.330701 1.034264e+03
736259 22.330701 22.330701 22.330701 22.330701 0.000000e+00
736260 22.217871 22.330701 22.217871 22.330701 5.641440e+02
736263 22.330701 22.330701 22.330701 22.330701 0.000000e+00
736264 22.311896 22.603371 22.311896 22.603371 1.504384e+03
736265 22.885442 22.885442 22.885442 22.885442 8.462160e+02
736266 23.035881 23.035881 22.565761 22.847832 6.581680e+02
736267 23.383770 23.383770 22.913650 23.299148 1.128288e+03
736270 23.383770 23.383770 23.383770 23.383770 2.820720e+02
736271 23.383770 23.383770 23.383770 23.383770 0.000000e+00
736272 23.383770 23.383770 23.383770 23.383770 0.000000e+00
736273 22.603370 22.782015 22.603370 22.782015 4.701200e+02
736274 22.612771 23.496598 22.612771 23.496598 3.760960e+02
736277 23.073492 23.506001 23.073492 23.289746 1.034264e+03
736278 23.477793 23.506001 23.477793 23.506001 1.880480e+02
736279 23.506001 23.506001 23.506001 23.506001 0.000000e+00
736280 23.506001 23.506001 23.506001 23.506001 0.000000e+00
736281 23.506001 23.506001 23.506001 23.506001 0.000000e+00
736284 23.506001 23.506001 23.506001 23.506001 0.000000e+00
736285 23.317952 23.506001 23.073492 23.506001 6.581680e+02
736286 23.299149 23.506001 23.270941 23.270941 2.632672e+03
736287 23.270941 23.506001 23.270941 23.506001 4.701200e+02
736288 23.506001 23.506001 23.506001 23.506001 0.000000e+00
736291 23.270941 23.270941 23.270941 23.270941 1.880480e+02
736292 23.393171 23.393171 23.393171 23.393171 4.701200e+02
736293 23.393171 23.393171 23.393171 23.393171 0.000000e+00
736295 23.269751 23.269751 23.269751 23.269751 2.848195e+02
736298 23.269751 23.696979 23.269751 23.696979 6.645788e+02
736299 23.298234 23.640016 23.269751 23.279245 1.424097e+03
736300 23.269751 23.269751 23.269751 23.269751 1.898796e+02
736301 23.269751 23.269751 23.269751 23.269751 0.000000e+00
736302 23.269751 23.269751 23.269751 23.269751 0.000000e+00
736305 23.269751 23.269751 23.269751 23.269751 4.746991e+02
736306 23.269751 23.269751 23.269751 23.269751 0.000000e+00
736307 23.734956 23.734956 23.070376 23.070376 1.898796e+03
736308 23.022907 23.022907 22.339341 22.339341 2.848195e+02
736309 22.339341 22.339341 22.339341 22.339341 0.000000e+00
736312 22.329846 22.329846 22.310858 22.310858 2.848195e+02
736313 22.396304 22.776063 22.139966 22.139966 1.167760e+04
736314 23.564064 23.573558 23.146328 23.146328 1.139278e+03
736315 23.184304 23.640015 22.196929 22.263389 3.038074e+03
736316 22.946955 22.946955 22.946955 22.946955 3.797593e+02
736319 22.415294 23.089366 22.263390 22.367822 3.892533e+03
736320 22.367822 22.766570 22.367822 22.586185 1.139278e+03
736321 23.184304 23.184304 22.263389 22.263389 7.595186e+02
736322 22.595677 22.595677 22.500739 22.500739 1.898796e+02
736326 23.013412 23.212787 22.481749 22.491244 1.329157e+03
736327 23.260257 23.260257 22.548208 22.548208 2.848195e+02
736328 22.548207 22.643147 22.472255 22.491244 1.708917e+03
736329 23.355196 23.355196 22.785557 22.785557 8.544584e+02
736333 23.307725 23.355196 22.652642 22.795051 9.493982e+02
736334 23.355196 23.355196 22.766569 22.785557 1.044338e+03
736335 22.785557 23.070376 22.785557 23.070376 2.278556e+03
736336 23.070376 23.070376 23.070376 23.070376 0.000000e+00
736337 23.070376 23.070376 23.070376 23.070376 0.000000e+00
736340 23.070376 23.070376 23.070376 23.070376 0.000000e+00
736341 22.738088 22.880497 22.738088 22.880497 2.848195e+02
736342 22.709606 22.785558 22.643148 22.643148 2.373496e+03
736343 22.633654 22.633654 22.633654 22.633654 1.898796e+02
736344 22.510231 22.823534 22.510231 22.823534 6.645787e+02
736348 22.472256 22.472256 22.472256 22.472256 3.797593e+02
736349 22.310858 22.310858 22.310858 22.310858 1.898796e+02
736350 22.310858 22.310858 22.310858 22.310858 0.000000e+00
736351 22.310858 22.310858 22.310858 22.310858 0.000000e+00
736354 22.671629 22.671629 22.671629 22.671629 3.797593e+02
736355 22.671629 22.671629 22.671629 22.671629 0.000000e+00
736356 22.671629 22.671629 22.671629 22.671629 0.000000e+00
736357 22.671629 22.671629 22.671629 22.671629 0.000000e+00
736358 22.083003 22.757075 22.083003 22.757075 9.493982e+02
736361 22.491244 22.491244 22.491244 22.491244 9.493982e+01
736362 22.643148 22.643148 22.519725 22.519725 3.797593e+02
736363 22.519725 22.519725 22.519725 22.519725 0.000000e+00
736364 22.984930 22.984930 22.083003 22.462762 1.044338e+03
736365 22.462762 22.462762 22.462762 22.462762 0.000000e+00
736368 22.757074 22.766569 22.453268 22.453268 3.038074e+03
736369 22.453268 22.453268 22.453268 22.453268 0.000000e+00
736370 22.472256 22.472256 22.453268 22.453268 9.493982e+02
736371 22.453268 22.453268 21.836159 21.836159 2.088676e+03
736372 21.589315 21.589315 21.579821 21.579821 4.746991e+02
736376 22.785557 22.785557 22.700111 22.700111 4.746991e+02
736377 22.700111 22.700111 22.700111 22.700111 0.000000e+00
736378 22.700111 22.700111 22.700111 22.700111 0.000000e+00
736379 21.598809 21.598809 21.598809 21.598809 5.696389e+02
736382 22.434280 22.434280 21.617798 21.617798 6.645788e+02
736383 21.617798 21.617798 21.617798 21.617798 0.000000e+00
736384 22.120978 22.206424 22.120978 22.206424 3.797593e+02
736385 22.206424 22.206424 22.206424 22.206424 0.000000e+00
736386 22.456041 22.456041 22.456041 22.456041 0.000000e+00
736389 22.456041 22.456041 22.456041 22.456041 0.000000e+00
736390 22.868872 22.868872 22.868872 22.868872 4.800351e+02
736391 23.041684 23.272101 23.041684 23.272101 1.344098e+03
736392 21.697586 23.070487 21.697586 23.070487 5.760421e+02
736393 23.070487 23.070487 23.070487 23.070487 0.000000e+00
736396 22.859271 22.859271 22.859271 22.859271 2.880211e+02
736397 22.859271 22.859271 22.859271 22.859271 0.000000e+00
736398 22.859271 22.859271 22.859271 22.859271 0.000000e+00
736399 22.859271 22.859271 22.859271 22.859271 0.000000e+00
736400 23.195295 23.195295 22.888073 22.916876 4.800351e+02
736403 23.041685 23.041685 23.041685 23.041685 1.248091e+03
736404 23.281702 23.281702 23.281702 23.281702 6.720491e+02
736405 23.281702 23.281702 23.281702 23.281702 9.600702e+01
736406 23.281702 23.281702 23.281702 23.281702 0.000000e+00
736407 23.281702 23.281702 23.281702 23.281702 0.000000e+00
736410 23.281702 24.020956 22.840071 24.001755 7.104519e+03
736411 24.001755 24.001755 24.001755 24.001755 0.000000e+00
736412 24.001755 24.001755 24.001755 24.001755 0.000000e+00
736413 24.001755 24.001755 24.001755 24.001755 1.920140e+02
736417 24.001755 24.001755 24.001755 24.001755 0.000000e+00
736418 24.001755 24.001755 24.001755 24.001755 0.000000e+00
736419 24.001755 24.001755 24.001755 24.001755 0.000000e+00
736420 24.001755 24.001755 22.628855 24.001755 1.536112e+03
736421 23.310505 23.310505 22.676859 22.676859 5.760421e+02
736424 23.032084 23.204897 22.849670 22.849670 6.720491e+02
736425 22.801667 23.406510 22.801667 23.406510 5.760421e+02
736426 23.406510 23.406510 23.406510 23.406510 0.000000e+00
736427 24.001755 24.001755 22.667258 22.667258 3.840281e+02
736428 22.667258 22.667258 22.667258 22.667258 0.000000e+00
736431 22.667258 22.667258 22.667258 22.667258 0.000000e+00
736432 24.001755 24.001755 24.001755 24.001755 6.720491e+02
736433 22.888074 22.888074 22.888074 22.888074 3.840281e+02
736434 23.137692 23.137692 23.137692 23.137692 1.920140e+02
736435 24.001755 24.001755 24.001755 24.001755 9.600702e+02
736438 24.001755 24.001755 24.001755 24.001755 0.000000e+00
736439 23.848144 23.848144 23.848144 23.848144 4.800351e+02
736440 23.848143 23.848143 23.070487 23.070487 9.600702e+02
736441 23.281702 23.281702 22.993682 22.993682 1.056077e+03
736442 23.041685 23.320106 23.041685 23.041685 1.344098e+03
736445 23.291303 23.291303 23.291303 23.291303 1.920140e+02
736446 23.540922 23.540922 23.540922 23.540922 3.840281e+02
736447 23.089687 23.089687 23.089687 23.089687 1.920140e+02
736448 23.089687 23.089687 23.089687 23.089687 0.000000e+00
736449 23.089687 23.089687 23.089687 23.089687 0.000000e+00
736452 23.089687 23.089687 23.089687 23.089687 0.000000e+00
736453 23.281702 23.761737 23.233699 23.233699 7.680561e+02
736454 24.001755 24.001755 24.001755 24.001755 3.840281e+02
736455 24.001755 24.001755 24.001755 24.001755 0.000000e+00
736456 24.001755 24.001755 24.001755 24.001755 0.000000e+00
736459 23.675331 23.761737 23.233699 23.761737 7.680561e+02
736460 23.761737 23.761737 23.761737 23.761737 0.000000e+00
736461 23.560123 23.560123 23.560123 23.560123 1.920140e+03
736462 23.780939 23.780939 23.780939 23.780939 3.840281e+02
736463 23.560124 23.579324 23.540922 23.540922 7.680562e+02
736466 23.041685 23.588925 22.801667 23.252899 1.123282e+04
736467 23.406510 23.406510 23.406510 23.406510 3.840281e+02
736468 23.233699 23.233699 23.233699 23.233699 2.880211e+02
736469 22.936076 22.936076 22.936076 22.936076 4.800351e+02
736470 22.936076 22.936076 22.936076 22.936076 0.000000e+00
736473 22.936076 22.936076 22.936076 22.936076 0.000000e+00
736474 23.358508 23.358508 23.339306 23.339306 6.720492e+02
736475 22.849670 23.320106 22.849670 23.320106 5.760421e+02
736476 23.320106 23.320106 23.320106 23.320106 0.000000e+00
736477 23.572425 23.572425 23.572425 23.572425 0.000000e+00
736481 23.698584 23.805335 23.698584 23.805335 7.763664e+02
736482 23.785926 24.028540 23.785926 24.028540 8.734122e+02
736483 23.717993 23.717993 23.717993 23.717993 3.881832e+02
736484 23.717993 23.717993 23.717993 23.717993 0.000000e+00
736487 23.717993 23.717993 23.717993 23.717993 0.000000e+00
736488 23.717993 23.717993 23.717993 23.717993 0.000000e+00
736489 24.028540 24.028540 24.028540 24.028540 1.940916e+02
736490 23.553015 23.824742 23.533606 23.824742 8.734122e+02
736491 23.892676 23.892676 23.892676 23.892676 1.940916e+02
736494 23.892676 23.989720 23.892676 23.989720 1.940916e+02
736495 23.776220 23.776220 23.698583 23.776220 9.704580e+02
736496 23.785925 23.785925 23.640357 23.737401 1.649779e+03
736497 23.737401 23.737401 23.737401 23.737401 0.000000e+00
736498 23.776221 24.028540 23.776221 24.028540 3.299557e+03
736501 24.028540 24.028540 24.028540 24.028540 0.000000e+00
736502 24.018835 24.077062 24.018835 24.077062 2.232053e+03
736503 23.950903 23.950903 23.950903 23.950903 3.881832e+02
736504 24.018835 24.261449 23.640357 23.640357 3.202511e+03
736505 24.028540 24.028540 23.533606 23.533606 3.105466e+03
736508 22.941626 22.941626 22.931921 22.931921 4.852290e+02
736509 23.776220 23.776220 23.290991 23.485084 7.763664e+02
736510 23.455970 23.591833 23.455970 23.591833 1.940916e+02
736511 23.058081 24.106175 23.058081 23.232764 1.843870e+03
736512 23.232764 23.232764 23.232764 23.232764 0.000000e+00
736516 23.630651 23.873266 23.543310 23.815039 4.270015e+03
736517 23.805334 24.261449 23.397742 23.931493 8.054801e+03
736518 24.222630 24.222630 23.155128 23.688879 8.734122e+02
736519 23.688879 23.688879 23.688879 23.688879 0.000000e+00
736522 23.378332 23.650062 23.290991 23.572425 4.658198e+03
736523 23.193945 23.611242 23.193945 23.388037 2.426145e+03
736524 23.397742 23.824742 23.058081 23.290991 5.822748e+03
736525 23.446265 23.669469 23.048377 23.048377 2.037962e+03
736526 23.232765 23.698584 23.232765 23.485084 2.232053e+03
736529 23.164833 23.630652 23.164833 23.436560 3.105466e+03
736530 23.504491 23.582128 23.504491 23.533606 6.793206e+02
736531 23.630651 23.912083 23.543310 23.640357 3.590694e+03
736532 23.582128 23.582128 23.582128 23.582128 1.940916e+02
736533 24.057654 24.057654 23.640357 23.640357 7.763664e+02
736536 23.640357 23.640357 23.640357 23.640357 0.000000e+00
736537 23.873266 23.873266 23.873266 23.873266 9.704580e+01
736538 23.349218 24.009130 23.349218 23.504491 5.628656e+03
736539 23.572425 23.630652 23.329811 23.630652 8.734122e+02
736540 23.630652 23.630652 23.630652 23.630652 0.000000e+00
736543 23.727698 24.067357 23.727698 23.853857 1.261595e+03
736544 23.727699 23.737401 23.290992 23.630652 2.037962e+03
736545 23.630652 23.630652 23.630652 23.630652 0.000000e+00
736546 23.630652 23.630652 23.630652 23.630652 0.000000e+00
736547 23.630652 23.630652 23.630652 23.630652 0.000000e+00
736550 23.630652 23.630652 23.630652 23.630652 2.911374e+02
736551 23.553015 23.611243 23.300696 23.300696 1.552733e+03
736552 23.562721 23.562721 23.533606 23.533606 6.793206e+02
736553 24.135291 24.135291 24.135291 24.135291 9.704580e+01
736554 24.135291 24.135291 24.135291 24.135291 0.000000e+00
736557 23.853857 23.853857 23.853857 23.853857 3.881832e+02
736558 23.853857 23.853857 23.853857 23.853857 0.000000e+00
736559 23.853857 23.853857 23.853857 23.853857 0.000000e+00
736560 24.115880 24.164403 24.086766 24.164403 4.852290e+02
736561 24.154698 24.212927 24.154698 24.212927 3.493649e+03
736564 24.212927 24.212927 24.212927 24.212927 0.000000e+00
736565 23.824742 24.018835 23.776221 23.950903 1.067504e+03
736566 23.844152 23.844152 23.087196 23.087196 9.995717e+03
736567 23.310400 23.766516 22.902808 22.902808 5.240473e+03
736568 22.902808 22.902808 22.563148 22.650489 2.135008e+03
736571 24.144994 24.144994 22.563148 22.611670 6.696160e+03
736572 22.817766 23.485125 22.572414 23.308471 3.925637e+03
736573 23.867875 23.867875 23.808990 23.808990 3.925637e+02
736574 23.092562 23.720663 23.063119 23.642150 7.458711e+03
736575 23.642150 23.642150 23.642150 23.642150 0.000000e+00
736579 23.377169 24.329137 23.377169 23.907131 6.084738e+03
736580 23.583266 24.319323 23.553823 24.289880 2.944228e+03
736581 23.848245 24.289880 23.612707 24.280066 2.846087e+03
736582 24.260437 24.270252 24.230997 24.270252 1.079550e+03
736585 24.270252 24.348764 24.270252 24.348764 1.275832e+03
736586 24.280066 24.476349 23.651964 23.946387 9.421529e+03
736587 23.661779 24.476349 23.661779 23.750106 1.668396e+03
736588 23.494940 24.044528 22.935536 24.044528 3.729355e+03
736589 23.936572 23.936572 22.857024 22.857024 6.379161e+03
736592 23.053305 23.102376 23.053305 23.082747 1.373973e+03
736593 23.141632 23.593081 22.984607 23.239773 5.397751e+03
736594 23.239773 23.239773 23.239773 23.239773 0.000000e+00
736595 23.239773 23.239773 23.239773 23.239773 0.000000e+00
736596 23.190701 23.710848 23.043490 23.553823 5.495892e+03
736599 23.779547 24.230996 23.514566 23.544009 3.827496e+03
736600 23.730477 23.946387 23.730477 23.916946 2.355382e+03
736601 24.299694 24.397836 24.172110 24.378207 6.869865e+02
736602 23.612708 23.612708 23.612708 23.612708 8.832684e+02
736603 23.838433 24.162298 23.593081 24.162298 2.257241e+03
736606 23.701035 24.123041 23.701035 24.093598 7.851275e+02
736607 24.034714 24.535233 23.926758 24.123041 4.318201e+03
736608 23.828619 23.828619 23.828619 23.828619 2.944228e+02
736609 25.192777 25.192777 24.535233 24.535233 2.159101e+03
736610 25.604969 25.604969 24.692258 24.702072 2.355382e+03
736613 24.584302 24.859098 24.584302 24.859098 1.668396e+03
736614 24.859098 24.859098 24.859098 24.859098 0.000000e+00
736615 25.320360 25.320360 25.241847 25.241847 5.888456e+02
736616 25.281104 25.320359 25.281104 25.320359 9.814093e+02
736617 25.320359 25.320359 25.320359 25.320359 0.000000e+00
736620 25.182963 25.182963 25.182963 25.182963 4.907047e+02
736621 25.281103 25.320359 25.261475 25.261475 1.472114e+03
736622 25.104450 25.104450 24.417463 24.535233 6.869865e+02
736623 24.535233 24.535233 24.535233 24.535233 0.000000e+00
736624 24.054342 24.054342 24.054342 24.054342 1.962819e+02
736627 24.054342 24.054342 24.054342 24.054342 0.000000e+00
736628 23.612707 24.064157 23.573452 23.573452 9.814093e+02
736629 25.222220 25.222220 24.770771 24.770771 2.944228e+02
736630 24.770771 24.770771 24.770771 24.770771 0.000000e+00
736631 24.770771 24.770771 24.770771 24.770771 0.000000e+00
736634 25.271290 25.271290 25.271290 25.271290 2.944228e+02
736635 25.271290 25.271290 25.271290 25.271290 0.000000e+00
736636 24.486163 24.486163 24.486163 24.486163 9.814093e+01
736637 24.486163 24.486163 24.486163 24.486163 0.000000e+00
736638 24.986680 25.025938 24.957239 24.957239 6.869865e+02
736641 24.957239 24.957239 24.957239 24.957239 0.000000e+00
736642 24.957239 24.957239 24.957239 24.957239 0.000000e+00
736643 23.671593 23.671593 23.671593 23.671593 4.907046e+02
736644 24.653003 24.653003 24.653003 24.653003 3.925637e+02
736645 24.466534 24.466534 24.466534 24.466534 2.944228e+02
736648 24.819842 24.819842 24.819842 24.819842 3.925637e+02
736649 24.927796 25.025937 24.780585 24.780585 2.944228e+03
736650 25.025938 25.025938 24.859098 24.859098 8.832684e+02
736651 25.025937 25.025937 25.016123 25.025937 2.453523e+03
736652 24.535232 25.025937 24.535232 25.025937 8.832684e+02
736655 25.516642 25.516642 25.516642 25.516642 5.888456e+02
736656 25.516642 25.516642 25.516642 25.516642 0.000000e+00
736657 25.516642 25.516642 25.506828 25.506828 7.851274e+02
736659 29.442279 29.442279 29.442279 29.442279 7.851274e+02
736662 28.460870 28.951575 27.764070 28.460870 6.869865e+03
736663 28.748056 28.748056 25.876219 25.876219 4.951439e+02
736664 26.103987 26.103987 26.103987 26.103987 4.951439e+02
736665 26.113889 26.143597 25.400881 25.400881 1.089317e+03
736666 25.400881 25.400881 25.400881 25.400881 0.000000e+00
736669 25.400881 25.400881 25.400881 25.400881 0.000000e+00
736670 28.718346 28.718346 28.718346 28.718346 2.970863e+02
736671 28.223201 28.223201 26.153500 26.480295 9.902878e+02
736672 26.737770 26.737770 25.727676 25.747482 2.376691e+03
736673 25.816802 25.816802 25.816802 25.816802 2.970863e+02
736676 26.252529 28.193492 26.242626 26.242626 1.584460e+03
736677 26.836799 27.282428 26.836799 27.282428 8.912590e+02
736678 27.282428 27.282428 27.282428 27.282428 0.000000e+00
736679 27.282428 27.282428 27.282428 27.282428 0.000000e+00
736680 27.272527 27.272527 26.609034 27.252720 6.932015e+02
736683 27.242817 27.252720 27.213108 27.242817 1.386403e+03
736684 27.252720 27.728058 27.252720 27.728058 1.089317e+03
736685 27.728058 27.728058 27.728058 27.728058 0.000000e+00
736686 29.431352 29.441256 28.916405 29.213490 1.287374e+03
736687 28.718346 28.718346 28.718346 28.718346 9.902878e+02
736691 28.500484 28.965918 26.351559 28.965918 5.941727e+02
736692 28.965918 28.965918 28.965918 28.965918 0.000000e+00
736693 28.965918 28.965918 28.965918 28.965918 0.000000e+00
736694 28.965918 28.965918 28.965918 28.965918 0.000000e+00
736698 28.351939 28.480677 28.351939 28.480677 3.961151e+02
736699 30.698921 30.698921 30.698921 30.698921 9.902878e+01
736700 28.163785 29.074850 28.124173 29.074850 4.951439e+02
736701 29.045140 29.154073 28.272715 29.154073 1.119025e+04
736704 28.074659 28.530190 26.737770 26.737770 3.069892e+03
736705 27.520098 28.233104 26.757575 27.094274 4.159209e+03
736706 27.094274 27.094274 27.094274 27.094274 0.000000e+00
736707 26.757576 26.985342 26.757576 26.985342 6.932014e+02
736708 26.539712 26.539712 26.292140 26.341655 1.089317e+03
736712 26.341655 26.341655 26.341655 26.341655 0.000000e+00
736713 26.549615 26.549615 26.549615 26.549615 1.980576e+02
736714 26.876409 26.886313 26.737770 26.737770 1.881547e+03
736715 27.737961 27.737961 26.836799 26.836799 8.912590e+02
736718 26.242626 26.242626 26.242626 26.242626 4.951439e+02
736719 25.856415 25.995054 25.856415 25.995054 1.980576e+02
736720 26.252529 26.321849 25.995054 26.242626 2.772806e+03
736721 26.064375 26.361462 26.044568 26.044568 1.485432e+03
736722 25.876219 25.876219 25.876219 25.876219 3.961151e+02
736725 26.094083 26.440685 26.094083 26.321849 5.743669e+03
736726 26.242627 26.371363 26.242627 26.371363 5.941727e+02
736727 27.678545 27.975630 27.034856 27.500292 1.485432e+03
736728 27.846893 27.846893 27.846893 27.846893 3.961151e+02
736729 27.975630 27.975630 27.391360 27.728058 8.912590e+02
736732 26.559519 27.282428 26.559519 27.282428 1.980576e+02
736733 27.282428 27.282428 27.282428 27.282428 0.000000e+00
736734 26.965536 26.985342 26.965536 26.985342 1.386403e+03
736735 26.985342 26.985342 26.985342 26.985342 0.000000e+00
736736 26.985342 26.985342 26.242626 26.242626 3.763094e+03
736739 26.242626 26.242626 26.242626 26.242626 0.000000e+00
736740 26.242626 26.242626 26.242626 26.242626 0.000000e+00
736741 27.242817 27.242817 26.331752 26.331752 6.932014e+02
736742 26.698157 26.896216 26.648644 26.896216 6.337842e+03
736743 27.114078 27.480485 27.114078 27.173497 1.089317e+03
736747 27.430973 27.470584 26.539712 26.539712 6.932015e+02
736748 27.629030 27.629030 27.133886 27.530000 5.941727e+02
736749 27.530000 27.530000 27.530000 27.530000 0.000000e+00
736750 27.530000 27.530000 27.530000 27.530000 0.000000e+00
736753 28.219999 28.250000 27.309999 28.090000 1.200000e+03
736754 27.350000 27.350000 27.350000 27.350000 3.000000e+02
736755 28.000000 28.000000 28.000000 28.000000 4.000000e+02
736756 28.000000 28.250000 28.000000 28.250000 1.000000e+03
736757 28.250000 28.250000 28.250000 28.250000 0.000000e+00
736760 28.250000 28.250000 28.250000 28.250000 0.000000e+00
736761 28.250000 28.250000 28.250000 28.250000 0.000000e+00
736762 28.250000 28.250000 28.250000 28.250000 0.000000e+00
736763 28.100000 28.110001 28.100000 28.110001 4.000000e+02
736764 27.500000 27.500000 27.500000 27.500000 2.000000e+02
