736034 11.766104 11.847187 11.621956 11.703039 8.558805e+03
736035 11.820159 11.820159 11.657992 11.657992 4.955097e+03
736036 11.775112 11.775112 11.630964 11.630964 2.162224e+03
736039 11.721057 11.721057 11.594927 11.594927 3.964078e+03
736040 11.775113 11.775113 11.540872 11.676011 5.405561e+03
736041 11.757095 11.757095 11.540872 11.703039 5.495653e+03
736042 11.657993 11.775113 11.648983 11.739076 3.693800e+03
736043 11.741792 11.759898 11.615049 11.759898 3.440155e+03
736046 11.805164 11.868535 11.678421 11.859482 7.151901e+03
736047 11.904747 11.904747 11.805164 11.805164 2.806442e+03
736048 11.895694 11.895694 11.750845 11.877588 2.987503e+03
736049 11.877588 11.959065 11.741792 11.904747 2.534851e+03
736050 11.904747 11.904747 11.814217 11.868535 2.172730e+03
736053 11.986224 11.986224 11.787058 11.877588 3.892807e+03
736054 11.959065 11.959065 11.841376 11.904747 4.526520e+03
736055 11.986225 12.022437 11.895695 12.004331 7.785614e+03
736056 11.950012 11.986224 11.832322 11.832322 3.530685e+03
736060 11.922853 12.022436 11.850428 11.995277 3.078033e+03
736061 12.085808 12.140126 11.895694 11.959065 2.806442e+03
736062 12.040543 12.112967 12.040543 12.103914 4.073868e+03
736063 12.103914 12.103914 12.031490 12.031490 9.053040e+02
736064 12.122020 12.167286 11.940960 12.040543 2.353790e+03
736067 12.040542 12.094861 11.950012 11.959065 1.810608e+03
736068 12.076754 12.140126 12.013383 12.022436 7.242431e+03
736069 12.140127 12.140127 12.013384 12.013384 5.703415e+03
736070 12.112967 12.176338 12.013383 12.176338 2.715912e+03
736071 12.131074 12.167286 12.013384 12.013384 1.720078e+03
736074 12.058649 12.167285 12.022436 12.158232 5.341293e+03
736075 12.124579 12.297397 12.124579 12.297397 8.731880e+03
736076 12.251918 12.315588 12.251918 12.251918 5.366467e+03
736077 12.233726 12.333779 12.115482 12.115482 6.912737e+03
736078 12.051812 12.197343 12.051812 12.088195 6.003167e+03
736081 12.051812 12.088195 11.969951 11.969951 1.282495e+04
736082 12.024525 12.060908 11.951759 11.960855 7.731351e+03
736083 11.979047 12.124578 11.906281 12.124578 8.731879e+03
736084 12.106387 12.170057 12.006334 12.033621 5.002639e+03
736085 12.051812 12.160961 11.988142 12.033621 4.638811e+03
736088 12.051813 12.097291 11.969951 11.979047 4.729768e+03
736089 11.979046 12.088195 11.860802 12.051812 1.628132e+04
736090 12.051813 12.097291 11.915377 12.006334 1.382548e+04
736091 12.006334 12.006334 11.833516 11.942664 1.819142e+03
736092 11.969951 12.051812 11.942664 12.051812 4.093068e+03
736095 12.170057 12.206440 12.006334 12.206440 3.729240e+03
736096 12.242822 13.188776 12.179152 12.497502 1.291590e+04
736097 12.643034 12.643034 12.197344 12.442928 1.000528e+04
736098 12.442927 13.170584 12.424736 12.643033 7.549437e+03
736099 12.688512 12.688512 12.079100 12.106387 7.003695e+03
736102 12.079100 12.179152 12.024525 12.033621 1.091485e+03
736103 12.015430 12.070004 11.951760 12.070004 2.910626e+03
736104 12.200692 12.200692 11.990493 11.990493 2.741729e+03
736105 12.447448 12.502282 11.990493 11.990493 4.843720e+03
736106 12.036188 12.036188 11.899102 11.908241 1.215500e+04
736110 12.027049 12.410891 12.027049 12.182414 4.076036e+04
736111 12.145857 12.273805 12.027049 12.100162 2.001462e+04
736112 12.081884 12.191553 12.045328 12.063606 3.509413e+04
736113 12.045328 12.072745 11.953937 11.953937 5.849021e+03
736116 12.045328 12.200693 12.017911 12.200693 3.747029e+03
736117 12.246388 12.246388 12.027050 12.027050 4.752330e+03
736118 12.054467 12.054467 11.917381 11.917381 1.370864e+03
736119 11.981354 12.127580 11.889964 12.127580 2.467556e+03
736120 12.118441 12.118441 11.899103 11.944798 3.564247e+03
736123 12.008771 12.008771 11.634068 11.634068 1.681593e+04
736124 11.588373 11.643207 11.414730 11.414730 6.762931e+03
736125 11.469566 11.524400 11.469566 11.515261 2.924511e+03
736126 11.597512 11.615790 11.496982 11.615790 2.467556e+03
736127 11.698042 11.698042 11.506121 11.506121 3.929811e+03
736130 11.588373 11.624929 11.496982 11.506121 6.397367e+02
736131 11.478704 11.496982 11.478704 11.496982 4.021202e+03
736132 11.560956 11.579234 11.542678 11.542678 5.300676e+03
736133 11.606651 11.606651 11.560956 11.579234 1.645037e+03
736134 11.646283 11.673837 11.600359 11.673837 1.836953e+03
736137 11.692206 11.701391 11.581989 11.692206 3.030972e+03
736138 11.646283 11.655468 11.572805 11.646283 6.704879e+03
736139 11.600359 11.692206 11.471772 11.591174 5.235316e+03
736140 11.563620 11.673837 11.563620 11.572805 5.510860e+02
736141 11.600359 11.609544 11.416664 11.444218 5.602707e+03
736144 11.444218 11.444218 11.315632 11.343186 4.408688e+03
736145 11.453403 11.508512 11.306447 11.453403 1.386900e+04
736146 11.480957 11.480957 11.361555 11.444218 4.776078e+03
736147 11.416664 11.536066 11.407479 11.536066 2.847277e+03
736151 11.581989 11.581989 11.425848 11.462587 3.765754e+03
736152 11.554435 11.848348 11.554435 11.848348 9.184766e+03
736153 11.866718 11.949381 11.857533 11.931011 9.184766e+03
736154 11.931012 12.123892 11.921827 12.032044 6.521184e+03
736155 11.921827 12.206555 11.921827 11.958566 1.423639e+04
736158 12.022859 12.096337 11.912641 11.931011 6.429336e+03
736159 11.986120 12.123891 11.986120 12.123891 6.061946e+03
736160 12.151446 12.179000 11.967750 12.179000 5.878250e+03
736161 12.179000 12.335141 11.940196 12.022859 6.980422e+03
736162 12.022859 12.307587 12.022859 12.224924 3.673907e+03
736165 12.325956 12.381064 12.325956 12.353510 3.306516e+03
736166 12.298402 12.426989 12.206554 12.215739 8.817376e+03
736167 12.255420 12.301562 12.070850 12.255420 4.521955e+03
736168 12.292334 12.320019 12.200049 12.255420 1.199702e+03
736169 12.301563 12.301563 12.163136 12.273878 4.706525e+03
736172 12.301563 12.301563 12.264649 12.264649 3.137683e+03
736173 12.273877 12.273877 12.098536 12.181592 1.042818e+04
736174 12.264649 12.919871 12.264649 12.781444 1.919524e+04
736175 12.855271 13.778119 12.652245 12.910642 2.427090e+04
736176 12.892186 13.381295 12.587646 13.381295 2.242520e+04
736179 13.335153 13.335153 12.919871 12.919871 1.098189e+04
736180 12.984470 13.547408 12.716844 12.901414 6.275366e+03
736181 13.242868 13.242868 12.624560 12.919871 5.444803e+03
736182 13.242868 13.242868 12.956785 13.150583 2.583974e+03
736183 13.242868 13.242868 12.670702 12.919871 1.476557e+03
736186 12.919871 12.919871 12.744530 12.744530 1.199702e+03
736187 13.012156 13.012156 12.689159 12.689159 6.552220e+03
736188 12.689159 12.689159 12.439990 12.439990 6.921359e+03
736189 12.901414 12.901414 12.338477 12.338477 8.305631e+02
736190 13.242868 13.242868 12.366162 12.366162 1.384272e+03
736193 12.495361 12.495361 12.301563 12.301563 1.384272e+03
736194 12.403076 12.403076 12.218507 12.320020 3.045398e+03
736195 12.218507 12.301563 12.218507 12.301563 4.706524e+03
736196 12.285800 12.369251 12.230167 12.332162 6.119719e+03
736197 12.369251 12.369251 12.174533 12.359979 1.761737e+03
736200 12.091083 12.220895 11.951998 12.220895 7.232396e+03
736201 12.322890 12.517608 12.322890 12.322890 2.318076e+03
736202 12.378523 12.489791 12.211621 12.350706 1.576291e+03
736203 12.313617 12.369251 11.989087 12.155988 5.934273e+03
736204 12.220894 12.517608 12.155988 12.332162 4.172536e+03
736207 12.332162 12.332162 12.230167 12.332162 2.688968e+03
736208 12.239439 12.322889 12.183805 12.248711 2.967137e+03
736209 12.183805 12.332162 12.155988 12.332162 1.205399e+03
736210 12.239439 12.332162 12.202350 12.332162 1.947183e+03
736211 12.220894 12.332162 12.165261 12.332162 6.583335e+03
736215 12.304344 12.350706 12.155988 12.350706 5.007043e+03
736216 12.285801 12.508336 12.155989 12.508336 5.285212e+03
736217 12.387796 12.499063 12.239439 12.239439 6.305166e+03
736218 12.304345 12.591786 12.304345 12.582514 8.623241e+03
736221 12.647420 12.647420 12.480519 12.480519 1.761737e+03
736222 12.415613 12.452702 12.267256 12.267256 2.039907e+03
736223 12.322889 12.452702 12.248711 12.248711 3.987090e+03
736224 12.313617 12.350706 12.211621 12.230166 1.669014e+03
736225 12.267256 12.322890 12.267256 12.285801 1.854461e+03
736228 12.363128 12.363128 12.214062 12.214062 3.726640e+03
736229 12.279279 12.279279 12.148847 12.186113 5.776292e+03
736230 12.251329 12.251329 12.148846 12.195429 4.937798e+03
736231 12.251329 12.251329 12.148846 12.148846 4.471968e+03
736232 12.204746 12.204746 12.092947 12.111580 2.701814e+03
736235 12.167479 12.167479 12.083630 12.083630 2.794980e+03
736236 12.139531 12.167480 11.999782 12.130214 2.794980e+03
736237 12.186113 12.186113 11.990464 12.158163 5.217296e+03
736238 12.195429 12.214062 12.018413 12.092946 3.540308e+03
736239 12.139529 12.204746 12.055680 12.102263 3.633474e+03
736242 12.167479 12.214062 12.158162 12.214062 1.956486e+03
736243 12.214062 12.214062 12.092946 12.092946 4.658300e+02
736244 12.186112 12.297912 12.186112 12.288595 5.310462e+03
736245 12.307229 12.372445 12.158163 12.307229 1.770154e+03
736246 12.474928 12.474928 12.372445 12.400395 9.316600e+02
736249 12.391078 12.614676 12.391078 12.568093 1.770154e+03
736250 12.596043 13.210939 12.596043 12.698526 1.863320e+03
736251 12.735792 13.462487 12.735792 13.369321 7.453280e+03
736252 13.266839 13.397271 12.391078 13.071190 1.052776e+04
736253 12.745109 12.866225 12.717159 12.866225 1.770154e+03
736256 12.950074 12.950074 12.726476 12.866225 1.583822e+03
736257 12.866225 12.866225 12.866225 12.866225 0.000000e+00
736258 13.131092 13.131092 12.925188 12.934547 1.497487e+03
736259 13.402511 13.402511 12.840953 12.859672 3.275753e+03
736260 13.009421 13.140451 12.906469 12.906469 2.714196e+03
736263 13.112373 13.131092 12.887750 12.981343 4.118090e+03
736264 13.140452 13.140452 13.065577 13.121733 1.965452e+03
736265 13.037499 13.037499 12.869032 12.869032 5.896356e+03
736266 12.840953 13.084295 12.840953 13.084295 4.118090e+03
736267 13.037499 13.131092 13.037499 13.065577 1.403894e+03
736270 13.318278 13.318278 13.028140 13.121733 2.339824e+03
736271 12.953265 12.971984 12.943906 12.943906 3.182161e+03
736272 13.009422 13.131092 12.971984 13.056218 2.339824e+03
736273 12.953266 13.131092 12.897110 13.121733 2.620603e+03
736274 12.981343 12.981343 12.981343 12.981343 1.871859e+02
736277 12.887750 12.887750 12.822235 12.822235 4.679648e+03
736278 12.822236 12.831595 12.822236 12.831595 5.147613e+03
736279 12.934546 12.934546 12.822235 12.859672 4.866834e+03
736280 12.887751 12.887751 12.887751 12.887751 3.743719e+02
736281 12.887751 12.887751 12.887751 12.887751 0.000000e+00
736284 12.747361 12.953266 12.747361 12.953266 6.551507e+02
736285 12.990703 12.990703 12.803517 12.925188 1.871859e+03
736286 12.953265 13.084295 12.953265 13.084295 7.487436e+02
736287 13.134125 13.284552 12.964895 13.284552 2.068366e+03
736288 13.237543 13.237543 12.983698 12.993100 9.871747e+03
736291 13.021305 13.021305 12.946091 12.955493 2.444433e+03
736292 12.889681 13.002501 12.889681 12.908484 7.239281e+03
736293 12.870878 12.917886 12.776861 12.833271 3.666649e+03
736295 12.692247 12.833272 12.654640 12.654640 2.632466e+03
736298 12.786263 12.786263 12.626435 12.626435 3.384599e+03
736299 12.626434 12.974296 12.626434 12.805066 1.165806e+04
736300 12.805067 12.805067 12.645239 12.664042 2.632466e+03
736301 12.664041 12.682844 12.523016 12.523016 4.324765e+03
736302 12.551222 12.551222 12.438402 12.466607 6.205099e+03
736305 12.551222 12.551222 12.457205 12.457205 3.008533e+03
736306 12.419599 12.711051 12.419599 12.588829 5.735015e+03
736307 12.617033 12.870878 12.617033 12.870878 3.760666e+03
736308 12.833272 12.974297 12.833272 12.889682 1.880333e+03
736309 12.739255 12.833272 12.739255 12.776862 1.786316e+03
736312 12.720452 12.720452 12.635837 12.711050 1.316233e+03
736313 12.607631 12.870878 12.607631 12.870878 3.854682e+03
736314 12.908484 12.908484 12.551221 12.635836 2.632466e+03
736315 12.739255 12.833272 12.692247 12.795665 7.803381e+03
736316 12.748657 13.021305 12.682845 12.936690 1.335036e+04
736319 13.081198 13.081198 12.986748 13.033973 4.439107e+03
736320 12.967858 13.015083 12.967858 12.977303 1.700083e+03
736321 13.081197 13.090642 12.911189 12.977303 5.478046e+03
736322 13.090643 13.298431 12.986749 13.251206 1.700083e+03
736326 13.128423 13.128423 12.948970 13.005639 4.533556e+03
736327 13.024529 13.100088 13.024529 13.081198 5.666945e+02
736328 13.137867 13.147312 12.920634 13.147312 4.250209e+03
736329 13.194537 13.270096 13.043418 13.043418 2.644574e+03
736333 13.203981 13.203981 13.043418 13.043418 7.555926e+02
736334 12.986748 13.213426 12.967858 13.175646 3.116819e+03
736335 13.307875 13.307875 13.185091 13.185091 7.650375e+03
736336 13.307875 13.307875 13.241761 13.251206 5.761394e+03
736337 13.194536 13.307875 13.156756 13.298430 2.172329e+03
736340 13.175646 13.251206 13.175646 13.222871 8.500417e+02
736341 13.298430 13.298430 13.109532 13.175646 6.989232e+03
736342 13.062308 13.232316 13.062308 13.128422 3.022371e+03
736343 13.005639 13.213427 12.930079 13.062308 5.761394e+03
736344 13.185091 13.232316 13.118977 13.128422 5.666945e+03
736348 13.128422 13.185091 13.062307 13.090642 4.344658e+03
736349 13.197857 13.368641 12.789871 13.017584 1.091124e+04
736350 12.960656 12.998608 12.723455 12.808847 8.254590e+03
736351 12.941680 13.159905 12.676015 13.140929 1.404229e+04
736354 13.273761 13.273761 13.008096 13.046048 1.223957e+04
736355 13.084000 13.084000 12.941680 12.970144 1.470645e+04
736356 12.913215 13.055535 12.837310 12.989119 7.495547e+03
736357 12.903728 13.084000 12.789871 13.017584 4.838898e+03
736358 13.065024 13.207344 12.932191 13.074512 1.318837e+04
736361 13.131440 13.159905 12.941680 13.017584 4.649137e+03
736362 13.055536 13.169392 13.008095 13.169392 4.269616e+03
736363 13.226321 13.264273 13.112464 13.254785 6.167223e+03
736364 13.283249 13.330689 13.084000 13.330689 2.277128e+03
736365 13.273761 13.311713 13.273761 13.311713 4.174735e+03
736368 13.283249 13.416082 13.169393 13.254785 7.780189e+03
736369 13.150417 13.330689 13.150417 13.216833 6.356984e+03
736370 13.207345 13.273761 13.188369 13.273761 3.036171e+03
736371 13.273761 13.273761 13.273761 13.273761 0.000000e+00
736372 13.378129 13.378129 13.112464 13.112464 2.941291e+03
736376 13.046048 13.368641 13.046048 13.150416 2.182248e+03
736377 13.254785 13.340177 13.121952 13.340177 6.167223e+03
736378 13.238199 13.381160 13.238199 13.333506 3.049837e+03
736379 13.228668 13.314444 13.228668 13.295383 1.715533e+03
736382 13.295383 13.295383 13.295383 13.295383 2.859222e+02
736383 13.390690 13.390690 13.247729 13.257260 4.098218e+03
736384 13.152422 13.343037 13.152422 13.219137 5.718444e+03
736385 13.152422 13.209607 13.152422 13.161953 7.815207e+03
736386 13.152422 13.247729 13.142891 13.152422 1.467734e+04
736389 13.142891 13.152422 13.066645 13.066645 1.563041e+04
736390 13.009461 13.123830 12.942746 12.999930 1.725064e+04
736391 12.942745 13.085706 12.942745 13.009460 5.432522e+03
736392 13.009460 13.047583 13.009460 13.009460 4.384140e+03
736393 13.009460 13.009460 12.961807 12.980868 3.335759e+03
736396 12.980869 13.314445 12.980869 13.314445 1.267589e+04
736397 13.038053 13.190545 13.038053 13.190545 7.815207e+03
736398 13.295383 13.371629 13.200075 13.362098 2.668607e+04
736399 13.352567 13.409751 13.295382 13.409751 1.181812e+04
736400 13.419282 13.438344 13.343036 13.428813 4.670063e+03
736403 13.323975 13.409751 13.323975 13.352567 4.670063e+03
736404 13.419283 13.419283 13.333506 13.333506 3.049837e+03
736405 13.352567 13.362098 13.295383 13.362098 1.334304e+03
736406 13.428813 13.428813 13.428813 13.428813 4.765370e+02
736407 13.438344 13.438344 13.390690 13.428813 7.624592e+02
736410 13.438344 13.438344 13.228668 13.362098 1.620226e+03
736411 13.470282 13.470282 13.355397 13.460708 2.584915e+03
736412 13.355396 13.508576 13.355396 13.508576 7.659008e+03
736413 13.403265 13.479855 13.336249 13.479855 5.457044e+03
736417 13.546871 13.546871 13.278806 13.508576 5.169831e+03
736418 13.508576 13.527724 13.297954 13.527724 5.169831e+03
736419 13.479855 13.527724 13.403265 13.403265 6.127207e+03
736420 13.412839 13.537298 13.403265 13.527724 9.573761e+03
736421 13.546872 13.719200 13.460708 13.661757 8.712123e+03
736424 13.642609 13.642609 13.489428 13.508576 4.020979e+03
736425 13.566019 13.757494 13.431986 13.757494 8.616385e+03
736426 13.805363 13.862805 13.518150 13.834084 4.212455e+03
736427 13.719199 14.379789 13.556445 14.169166 3.073177e+04
736428 14.073428 14.188313 14.015985 14.188313 4.786880e+03
736431 14.121297 14.197887 13.977691 14.197887 7.084583e+03
736432 14.121297 14.169165 13.977690 14.063854 5.169831e+03
736433 13.948969 14.073428 13.709625 13.910674 6.893108e+03
736434 13.929822 14.092576 13.929822 14.073428 1.436064e+03
736435 13.968117 14.073428 13.891527 13.929822 8.712122e+03
736438 13.929822 14.044707 13.824511 13.929822 4.978356e+03
736439 13.834084 14.015986 13.747921 13.929822 7.371796e+03
736440 14.038476 14.057707 13.990399 14.028861 2.692311e+03
736441 13.990400 14.105784 13.990400 14.000015 3.750004e+03
736442 13.807707 14.336553 13.807707 13.990399 1.009616e+04
736445 14.086553 14.336553 13.961553 13.961553 2.980772e+03
736446 14.057707 14.278861 14.009630 14.076938 4.519236e+03
736447 14.192322 14.355784 13.942322 14.182707 4.615389e+03
736448 14.250014 14.250014 13.942322 14.019245 7.500008e+03
736449 14.105784 14.173092 13.807707 14.086553 7.884624e+03
736452 14.125015 14.192322 14.115399 14.134630 3.269234e+03
736453 14.192323 14.250015 14.192323 14.201938 7.692316e+02
736454 14.317322 14.317322 14.211552 14.250014 2.019233e+03
736455 14.567322 14.567322 14.211553 14.221168 1.067309e+04
736456 14.173091 14.403860 14.173091 14.403860 4.230773e+03
736459 14.432707 14.432707 14.288476 14.288476 2.500003e+03
736460 14.288476 14.519246 14.259630 14.307707 1.923079e+03
736461 14.355784 14.567323 14.288476 14.528861 2.884618e+03
736462 14.605784 14.605784 14.346168 14.432707 8.076931e+03
736463 14.528861 14.615399 14.519245 14.605784 6.730776e+03
736466 14.567323 14.567323 14.317323 14.394246 5.576929e+03
736467 14.461554 14.567323 14.346169 14.346169 2.596157e+03
736468 14.461553 14.471169 14.086553 14.086553 6.346160e+03
736469 14.182707 14.182707 14.086553 14.115399 6.057698e+03
736470 14.108639 14.552854 13.925159 14.243835 7.628901e+03
736473 14.292119 14.369374 14.127953 14.127953 7.918607e+03
736474 14.137610 14.195552 14.089326 14.166581 4.345577e+03
736475 14.224522 14.243835 14.079669 14.195551 4.538714e+03
736476 14.253492 14.263148 14.185894 14.224521 5.697534e+03
736477 14.156923 14.243835 14.098982 14.185894 5.697534e+03
736481 14.098982 14.166580 13.983100 14.002414 5.890671e+03
736482 13.925161 14.137611 13.905847 14.137611 2.703915e+03
736483 14.243836 14.253493 14.050699 14.060356 1.738231e+04
736484 14.166580 14.195551 13.954130 13.954130 1.091223e+04
736487 14.533541 14.533541 13.992758 14.031385 1.110536e+04
736488 14.050699 14.098983 14.031385 14.041042 4.538714e+03
736489 14.060356 14.060356 13.934817 13.934817 9.656838e+03
736490 14.050700 14.050700 13.954131 14.021729 1.274703e+04
736491 13.954130 14.089325 13.954130 13.992757 2.221073e+03
736494 14.098983 14.147267 14.041042 14.041042 3.379893e+03
736495 14.137610 14.137610 13.983100 14.127953 5.987239e+03
736496 14.147267 14.147267 14.031385 14.070012 1.139507e+04
736497 14.166580 14.234178 14.147266 14.234178 8.015175e+03
736498 14.292119 14.388687 14.272805 14.350060 4.055872e+03
736501 14.253492 14.263149 14.098983 14.214865 5.021556e+03
736502 14.324381 14.324381 14.149929 14.237155 2.810602e+03
736503 14.353456 14.353456 14.149930 14.314689 4.748949e+03
736504 14.421298 14.421298 14.140238 14.256539 6.105792e+03
736505 14.392223 14.430990 14.227464 14.246847 1.182391e+04
736508 14.372840 14.372840 14.217772 14.246847 8.722559e+03
736509 14.343764 14.343764 14.198388 14.275922 4.845866e+03
736510 14.188696 14.430989 14.188696 14.411606 1.037015e+04
736511 14.440681 14.440681 14.392222 14.401914 7.268799e+03
736512 14.421298 14.460065 14.421298 14.460065 3.295189e+03
736516 14.479448 14.479448 14.295305 14.421298 1.298692e+04
736517 14.469757 14.479449 14.392223 14.469757 4.167445e+03
736518 14.518215 14.518215 14.469756 14.518215 3.392106e+03
736519 14.382531 14.518215 14.382531 14.440681 9.691732e+03
736522 14.537598 14.537598 14.392222 14.440681 8.044138e+03
736523 14.508524 14.537599 14.440682 14.537599 2.907520e+03
736524 14.518215 14.518215 14.266230 14.275922 1.414993e+04
736525 14.304998 14.421298 14.169313 14.217772 2.112798e+04
736526 14.149929 14.634516 14.149929 14.634516 1.957730e+04
736529 14.634517 14.634517 14.469757 14.508524 1.075782e+04
736530 14.624824 14.682975 14.188696 14.411606 1.066091e+04
736531 14.511788 14.511788 14.288081 14.356166 1.079630e+04
736532 14.395072 14.472883 14.356166 14.472883 6.030368e+03
736533 14.492336 14.492336 14.433978 14.443704 2.042544e+03
736536 14.385345 14.472883 14.326987 14.453430 3.404240e+03
736537 14.502062 14.599326 14.414525 14.521515 1.643762e+04
736538 14.521514 14.570146 14.521514 14.570146 2.334336e+03
736539 14.686864 14.725770 14.570148 14.725770 5.154992e+03
736540 14.784128 14.784128 14.424251 14.472883 7.003008e+03
736543 14.540968 14.686864 14.540968 14.667411 5.154992e+03
736544 14.716042 14.764674 14.404798 14.463156 9.823663e+03
736545 14.521515 14.609052 14.336713 14.336713 3.306976e+03
736546 14.482609 14.492335 14.336713 14.336713 7.003008e+03
736547 14.618779 14.618779 14.288081 14.404798 5.544048e+03
736550 14.472883 14.482610 14.395072 14.395072 3.793296e+03
736551 14.472883 14.492336 14.395072 14.404798 2.431600e+03
736552 14.531242 14.647958 14.472883 14.638232 4.863200e+03
736553 14.706317 14.784128 14.463157 14.521515 1.332517e+04
736554 14.463156 14.599326 14.463156 14.599326 2.042544e+03
736557 14.550694 14.579874 14.326987 14.395072 7.197536e+03
736558 14.463157 14.540968 14.317261 14.317261 1.604856e+04
736559 14.404797 14.404797 14.317260 14.326986 5.544048e+03
736560 14.385345 14.472883 14.346440 14.472883 6.613952e+03
736561 14.531242 14.531242 14.346440 14.346440 2.237072e+03
736564 14.466506 14.495790 14.378652 14.495790 9.566245e+03
736565 14.398176 14.486029 14.398176 14.486029 5.856885e+02
736566 14.544598 14.593405 14.476267 14.593405 6.247344e+03
736567 14.710543 14.710543 14.407937 14.691020 1.386129e+04
736568 14.739827 14.798396 14.554359 14.720304 2.928442e+03
736571 14.749588 14.808157 14.661735 14.700781 5.856885e+03
736572 14.817918 14.817918 14.593405 14.788634 5.173582e+03
736573 14.778873 15.471938 14.769111 14.944818 5.368811e+03
736574 15.052195 15.110763 15.003387 15.101002 3.514131e+03
736575 15.188854 15.296230 14.564120 15.247423 6.735417e+03
736579 15.364561 15.667166 15.140047 15.667166 1.854680e+03
736580 15.608598 15.608598 14.886249 15.130286 1.064001e+04
736581 14.993625 15.374323 14.915534 15.130286 5.173582e+03
736582 14.954579 15.022910 14.759350 14.759350 3.221287e+03
736585 14.632451 14.817919 14.593405 14.730066 8.102024e+03
736586 14.583644 14.691020 14.388415 14.417699 6.833033e+03
736587 14.339606 14.573882 14.300561 14.515313 2.245139e+03
736588 14.368891 14.427460 14.320084 14.320084 1.015193e+04
736589 14.300561 14.417699 14.056524 14.076047 7.125877e+03
736592 13.968670 14.173661 13.968670 14.105331 9.078172e+03
736593 14.007716 14.193184 14.007716 14.056523 4.783122e+03
736594 14.177034 14.490555 14.039868 14.049666 1.479428e+04
736595 14.137844 14.382783 14.088856 14.226022 5.094719e+03
736596 14.314199 14.392580 14.137844 14.216224 4.016990e+03
736599 14.333795 14.333795 14.206427 14.206427 4.996743e+03
736600 14.323997 14.421973 14.147642 14.412175 5.290669e+03
736601 14.500353 14.500353 14.265212 14.500353 4.016990e+03
736602 14.500353 14.500353 14.304402 14.304402 3.919014e+03
736603 14.363187 14.412175 14.206427 14.412175 4.506866e+03
736606 14.402378 14.402378 14.216225 14.333795 5.878522e+03
736607 14.363187 14.500353 14.196629 14.500353 6.956250e+03
736608 14.382782 14.441567 13.902703 14.039868 2.508169e+04
736609 14.049666 14.382782 14.020273 14.314199 1.107121e+04
736610 14.275009 14.314199 14.235819 14.235819 1.861532e+03
736613 14.235819 14.235819 13.932095 14.088856 3.311567e+04
736614 14.157439 14.157439 14.020273 14.030071 1.332465e+04
736615 14.088856 14.088856 13.883108 13.902703 6.074472e+03
736616 13.981083 14.030071 13.726347 13.775335 3.233187e+03
736617 13.892905 13.892905 13.608776 13.618574 3.233187e+03
736620 13.755741 13.755741 13.324649 13.324649 6.368398e+03
736621 13.491206 13.491206 13.373636 13.373636 1.077729e+03
736622 13.324649 13.716550 13.324649 13.569587 1.087526e+04
736623 13.572538 13.720065 13.572538 13.582373 9.245062e+03
736624 13.562702 13.710230 13.562702 13.611878 2.852200e+03
736627 13.543031 13.651218 13.543031 13.651218 4.524179e+03
736628 13.533196 13.661054 13.533196 13.621713 1.868683e+03
736629 13.729900 13.759406 13.661054 13.661054 3.639014e+03
736630 13.552867 13.621713 13.464350 13.464350 4.327476e+03
736631 13.385669 13.464350 13.385669 13.464350 1.671979e+03
736634 13.592207 13.592207 13.395504 13.395504 2.655496e+03
736635 13.454515 13.474185 13.425009 13.454515 2.655496e+03
736636 13.444680 13.513526 13.444680 13.513526 3.835717e+03
736637 13.582372 13.582372 13.484020 13.513526 1.967034e+03
736638 13.602043 13.602043 13.513526 13.513526 1.376924e+03
736641 13.661054 13.661054 13.533197 13.543032 2.655496e+03
736642 13.493856 13.582373 13.493856 13.582373 7.868138e+02
736643 13.533197 13.533197 13.306988 13.444680 5.606048e+03
736644 13.306987 13.306987 13.051272 13.139789 5.212641e+03
736645 13.120119 13.257811 13.031602 13.070943 5.999455e+03
736648 13.070943 13.070943 12.667701 12.785723 9.245061e+03
736649 12.844735 12.844735 12.677537 12.746383 4.130772e+03
736650 12.648031 13.051273 12.648031 12.785723 1.258902e+04
736651 12.805394 12.805394 12.707042 12.707042 2.163738e+03
736652 12.766053 12.766053 12.579185 12.589020 3.934069e+03
736655 12.641363 12.680867 12.641363 12.670991 2.073974e+03
736656 12.779627 12.838883 12.661114 12.819131 6.024399e+03
736657 12.858636 12.858636 12.710495 12.779627 7.505809e+03
736659 12.750000 12.898141 12.750000 12.898141 5.925639e+02
736662 12.898140 12.917892 12.759875 12.868512 5.234314e+03
736663 12.868513 12.868513 12.591983 12.730248 8.592177e+03
736664 12.611735 12.670991 12.572231 12.601859 4.147947e+03
736665 12.621611 12.621611 12.414214 12.611735 2.864059e+03
736666 12.572230 12.572230 12.394461 12.532726 9.579783e+03
736669 12.424089 12.621611 12.424089 12.542602 9.876065e+02
736670 12.532727 12.591983 12.463594 12.562355 1.698683e+04
736671 12.670992 12.917893 12.611735 12.858637 8.394655e+03
736672 12.838884 12.838884 12.690743 12.740123 2.962819e+03
736673 12.759875 12.858636 12.641362 12.720371 1.451781e+04
736676 12.611735 12.720371 12.611735 12.651239 6.715724e+03
736677 12.670991 12.700619 12.651239 12.700619 1.777692e+03
736678 12.710496 12.829008 12.631487 12.631487 8.493416e+03
736679 12.552478 12.641363 12.552478 12.552478 5.826878e+03
736680 12.532726 12.631486 12.532726 12.591982 7.802091e+03
736683 12.542603 12.631487 12.542603 12.611735 8.098373e+03
736684 12.611734 12.611734 12.562354 12.582106 4.147947e+03
736685 12.535496 12.604917 12.535496 12.575165 4.462795e+03
736686 12.594999 12.684255 12.555330 12.555330 6.347086e+03
736687 12.545412 12.674337 12.495825 12.545412 2.003299e+04
736691 12.446240 12.565248 12.436322 12.456157 1.666110e+04
736692 12.525578 12.575164 12.466074 12.505743 5.157007e+03
736693 12.426405 12.565248 12.426405 12.535496 5.256181e+03
736694 12.545413 12.704090 12.535496 12.704090 1.596689e+04
736698 12.694173 13.080949 12.446240 12.783429 5.454528e+03
736699 12.793346 12.823098 12.763594 12.763594 9.718976e+03
736700 12.753677 12.912354 12.753677 12.912354 7.437992e+03
736701 12.803264 13.080949 12.733842 12.813181 1.011567e+04
736704 12.823098 12.862767 12.743759 12.803263 5.057834e+03
736705 12.753676 12.833015 12.753676 12.773511 5.454527e+03
736706 12.674338 12.803263 12.644586 12.704090 1.745449e+04
736707 12.763594 12.862767 12.763594 12.862767 4.760315e+03
736708 12.872685 12.912354 12.793346 12.793346 5.454527e+03
736712 12.862767 12.902436 12.773511 12.773511 6.842952e+03
736713 12.803264 12.813181 12.763594 12.813181 3.570236e+03
736714 12.852850 12.852850 12.664421 12.783429 1.884291e+03
736715 12.885998 12.885998 12.597209 12.726666 8.066197e+03
736718 12.816291 12.816291 12.597209 12.666917 3.186646e+03
736719 12.597208 12.726666 12.597208 12.696791 7.767449e+03
736720 12.617125 12.656958 12.597208 12.597208 3.983307e+03
736721 12.676874 12.676874 12.597208 12.597208 3.485394e+03
736722 12.597208 12.676874 12.597208 12.676874 1.095409e+03
736725 12.776457 12.776457 12.666916 12.736624 2.389984e+03
736726 12.826249 12.826249 12.726666 12.756541 3.286228e+03
736727 12.666916 12.736624 12.656958 12.686833 3.485394e+03
736728 12.686833 12.716708 12.686833 12.706750 3.186646e+03
736729 12.656958 12.686833 12.647000 12.647000 7.369118e+03
736732 12.647000 12.696792 12.647000 12.666917 3.883725e+03
736733 12.726666 12.776457 12.696791 12.766499 5.974961e+03
736734 12.726666 12.816290 12.726666 12.766499 2.987480e+03
736735 12.866082 12.866082 12.736624 12.756541 4.879551e+03
736736 12.756541 12.756541 12.756541 12.756541 2.589150e+03
736739 12.756541 12.766499 12.676875 12.686833 4.979134e+03
736740 12.617124 12.706749 12.617124 12.676874 3.485393e+03
736741 12.666917 12.666917 12.597209 12.647000 3.286228e+03
736742 12.770000 12.800000 12.630000 12.740000 1.090000e+04
736743 12.720000 12.800000 12.660000 12.740000 8.900000e+03
736747 12.770000 12.770000 12.750000 12.750000 1.500000e+03
736748 12.700000 12.730000 12.660000 12.690000 5.500000e+03
736749 12.660000 12.760000 12.660000 12.760000 3.000000e+03
736750 12.600000 12.850000 12.600000 12.850000 1.500000e+03
736753 12.730000 12.830000 12.710000 12.810000 3.800000e+03
736754 12.920000 12.930000 12.640000 12.880000 7.300000e+03
736755 13.010000 13.010000 12.670000 12.760000 4.900000e+03
736756 12.780000 12.780000 12.610000 12.610000 1.000000e+04
736757 12.600000 12.680000 12.600000 12.650000 1.000000e+04
736760 12.600000 12.700000 12.550000 12.700000 1.300000e+04
736761 12.630000 12.630000 12.560000 12.580000 7.200000e+03
736762 12.560000 12.580000 12.500000 12.520000 1.810000e+04
736763 12.500000 12.520000 12.310000 12.310000 1.150000e+04
736764 12.360000 12.360000 12.250000 12.290000 1.890000e+04
