736034 7.866071 7.921289 7.830933 7.901210 7.665278e+05
736035 7.966468 8.006626 7.936349 7.961448 5.846594e+05
736036 7.901210 7.921289 7.795793 7.830933 9.368004e+05
736039 7.871092 7.911250 7.735555 7.760655 4.108730e+05
736040 7.735555 7.800813 7.655238 7.770694 6.357613e+05
736041 7.770694 7.976508 7.730536 7.951409 6.929873e+05
736042 7.891171 7.951409 7.825913 7.840972 4.902866e+05
736043 7.911250 8.091964 7.886151 8.021686 5.306963e+05
736046 8.081924 8.132123 8.011647 8.091964 7.762663e+05
736047 8.102004 8.237538 8.076904 8.192360 7.084484e+05
736048 8.232518 8.262637 8.137141 8.182320 7.929321e+05
736049 8.107023 8.217460 8.046785 8.046785 6.282817e+05
736050 8.056825 8.147182 8.056825 8.127103 4.747252e+05
736053 8.162241 8.187340 8.102003 8.142162 3.355253e+05
736054 8.132123 8.212440 8.132123 8.162241 9.040711e+05
736055 8.207419 8.267656 8.182320 8.242558 7.248130e+05
736056 8.282717 8.327896 8.267657 8.287737 3.167010e+05
736060 8.327896 8.458412 8.327896 8.398173 5.249235e+05
736061 8.378094 8.553788 8.352994 8.503589 1.201697e+06
736062 8.533709 8.558807 8.483511 8.513629 6.921340e+05
736063 8.503589 8.568847 8.478490 8.543748 6.629185e+05
736064 8.498570 8.578887 8.473471 8.578887 5.345114e+05
736067 8.548768 8.629085 8.523669 8.614025 1.693439e+06
736068 8.619045 8.649164 8.583907 8.619045 8.264646e+05
736069 8.614025 8.749561 8.583907 8.674264 9.705336e+05
736070 8.674264 8.749561 8.578887 8.729481 6.582501e+05
736071 8.644145 8.729481 8.588927 8.609006 8.297777e+05
736074 8.629085 8.844937 8.614025 8.814818 1.048692e+06
736075 8.865017 8.925255 8.784700 8.859997 8.931781e+05
736076 8.834898 8.839918 8.759601 8.814818 1.027659e+06
736077 8.809798 9.105969 8.804780 9.085890 1.607299e+06
736078 9.161187 9.251544 9.161187 9.251544 9.590382e+05
736081 9.246525 9.306763 9.211386 9.266603 4.563024e+05
736082 9.286683 9.311781 9.060790 9.105969 9.339391e+05
736083 9.040710 9.131068 9.015611 9.065810 8.768134e+05
736084 9.030672 9.030672 8.789720 8.920236 1.261734e+06
736085 8.965414 9.085890 8.935295 9.080870 4.229206e+05
736088 9.095929 9.095929 8.895135 9.005572 9.732945e+05
736089 8.930275 9.055771 8.915216 9.040711 1.003916e+06
736090 9.095930 9.126048 9.035692 9.116008 6.418855e+05
736091 9.141107 9.261584 9.110989 9.251544 8.647659e+05
736092 9.356960 9.397119 9.276643 9.286683 1.110486e+06
736095 9.276642 9.306762 9.231464 9.261584 7.530245e+05
736096 9.241504 9.291703 9.146128 9.251544 1.921490e+06
736097 9.326842 9.346921 9.216406 9.231464 1.718388e+06
736098 9.374424 9.472129 9.271579 9.292148 9.343057e+05
736099 9.307575 9.410421 9.189302 9.374424 7.767454e+05
736102 9.379566 9.389852 9.256152 9.338428 5.171103e+05
736103 9.317860 9.323001 9.122452 9.143021 8.482235e+05
736104 9.137879 9.153305 9.035032 9.091598 7.274306e+05
736105 9.071029 9.173876 9.029890 9.076171 3.979631e+05
736106 9.040174 9.045317 8.829339 8.906474 8.943499e+05
736110 8.870478 8.880763 8.675071 8.757348 7.035190e+05
736111 8.716209 8.865335 8.685354 8.844767 7.850244e+05
736112 8.803629 8.834482 8.736778 8.813913 4.839424e+05
736113 8.783059 8.865336 8.736779 8.747063 1.029181e+06
736116 8.762490 8.762490 8.613363 8.613363 6.663915e+05
736117 8.639074 8.690498 8.572225 8.592793 5.902339e+05
736118 8.567083 8.572225 8.489949 8.505376 5.328458e+05
736119 8.474520 8.500233 8.381959 8.417956 3.747713e+05
736120 8.376818 8.448809 8.289398 8.417956 7.167347e+05
736123 8.423098 8.428239 8.340821 8.351105 6.135800e+05
736124 8.361390 8.417955 8.309967 8.345963 5.435418e+05
736125 8.412814 8.484805 8.320252 8.335678 6.728194e+05
736126 8.315109 8.340821 8.191693 8.279113 6.278756e+05
736127 8.279113 8.299682 8.243117 8.289398 8.716723e+05
736130 8.258545 8.284256 8.186553 8.273971 9.155363e+05
736131 8.284256 8.294540 8.212263 8.284256 5.197844e+05
736132 8.268829 8.309967 8.119701 8.289398 8.406128e+05
736133 8.304825 8.371675 8.258544 8.325394 7.327787e+05
736134 8.309968 8.340821 8.032283 8.042568 6.565183e+05
736137 8.129986 8.320252 8.129986 8.268829 5.163390e+05
736138 8.258544 8.315109 8.186553 8.217406 4.713438e+05
736139 8.212263 8.217406 8.088848 8.088848 4.175039e+05
736140 8.099133 8.124845 8.078564 8.119702 7.781338e+05
736141 8.114560 8.201979 8.073421 8.191694 4.471236e+05
736144 8.114560 8.129986 7.908868 7.924294 4.444496e+05
736145 7.970575 8.181409 7.970575 8.140271 6.410399e+05
736146 8.181409 8.196836 7.975717 8.011713 6.315266e+05
736147 8.047709 8.145414 8.011714 8.135129 4.026940e+05
736151 7.986002 8.016856 7.878014 7.960291 7.961833e+05
736152 7.806021 7.893440 7.708317 7.862586 5.376281e+05
736153 7.703175 7.831732 7.692890 7.723744 5.836518e+05
736154 7.852302 7.950006 7.831733 7.847160 7.811164e+05
736155 7.934579 8.196837 7.898584 8.124845 6.802243e+05
736158 8.135129 8.196837 8.109417 8.181410 4.559169e+05
736159 8.191694 8.279114 8.135129 8.227691 3.844903e+05
736160 8.181409 8.253401 8.150555 8.176267 3.872671e+05
736161 8.253402 8.263687 8.181410 8.227691 1.642453e+05
736162 8.191694 8.222549 8.160841 8.171125 3.862901e+05
736165 8.171125 8.186553 8.083707 8.099133 3.442774e+05
736166 8.093991 8.212263 8.083707 8.191694 4.227490e+05
736167 8.140271 8.181409 8.088847 8.114559 5.038432e+05
736168 8.078564 8.140272 7.955149 7.986002 4.277885e+05
736169 7.960291 7.980861 7.893441 7.903725 8.150556e+05
736172 7.842017 7.903725 7.692891 7.739171 5.173160e+05
736173 7.764883 7.878014 7.610614 7.651752 5.289376e+05
736174 7.651751 7.651751 7.440917 7.476913 1.196409e+06
736175 7.466629 7.533479 7.368925 7.399779 4.696468e+05
736176 7.394637 7.775167 7.394637 7.770025 9.399622e+05
736179 7.713460 7.770025 7.507768 7.579760 7.638382e+05
736180 7.579760 7.641468 7.343214 7.363783 6.224762e+05
736181 7.384352 7.487199 7.343214 7.410064 4.827083e+05
736182 7.404921 7.487198 7.338071 7.435775 9.009321e+05
736183 7.456344 7.497482 7.399778 7.425490 8.766603e+05
736186 7.446060 7.502625 7.404921 7.497483 5.529522e+05
736187 7.404921 7.430632 7.260936 7.271221 6.938514e+05
736188 7.214656 7.358640 7.152948 7.353498 6.523016e+05
736189 7.343214 7.353498 7.245510 7.250652 5.034832e+05
736190 7.245510 7.276363 7.116952 7.235225 3.294161e+05
736193 7.199229 7.255795 7.091241 7.111810 4.759205e+05
736194 7.101525 7.209514 7.070671 7.183802 7.175060e+05
736195 7.178660 7.204371 7.080956 7.163233 7.535536e+05
736196 7.127236 7.240367 7.080956 7.204371 5.508438e+05
736197 7.137521 7.183802 6.931829 6.931829 4.005342e+05
736200 6.695283 6.695283 6.273613 6.551298 7.264022e+05
736201 6.756991 6.947256 6.541014 6.546156 1.262642e+06
736202 6.659286 6.669571 6.582152 6.602721 1.048516e+06
736203 6.741563 7.075813 6.679856 7.070671 1.047179e+06
736204 7.014106 7.101525 6.916402 7.014106 7.124666e+05
736207 7.044959 7.152948 6.849552 7.137521 1.029850e+06
736208 7.029533 7.065529 6.870121 6.895833 9.200101e+05
736209 6.942113 7.034675 6.803271 6.834125 7.672835e+05
736210 6.839268 7.034675 6.828983 6.978110 9.954991e+05
736211 6.870121 6.931829 6.756991 6.798129 6.756476e+05
736215 6.900975 6.900975 6.669571 6.731279 8.099132e+05
736216 6.787844 6.828983 6.736421 6.751848 5.973817e+05
736217 6.720994 6.751848 6.664429 6.700425 8.413841e+05
736218 6.690141 6.720995 6.613006 6.623291 3.375924e+05
736221 6.613007 6.659287 6.530730 6.587295 2.170362e+06
736222 6.582152 6.736421 6.582152 6.731279 7.213113e+05
736223 6.782702 7.024391 6.782702 6.998679 7.105639e+05
736224 6.828983 7.106668 6.828983 7.014106 6.505018e+05
736225 6.916402 6.998679 6.844410 6.859837 5.328458e+05
736228 6.885548 6.942114 6.854694 6.864979 7.976746e+05
736229 6.787845 6.818699 6.633576 6.674714 7.833790e+05
736230 6.731279 6.777559 6.515302 6.520444 5.442102e+05
736231 6.448452 6.679856 6.417598 6.628433 8.792830e+05
736232 6.695283 6.715852 6.520445 6.561583 6.578553e+05
736235 6.530729 6.530729 6.355891 6.361033 5.469357e+05
736236 6.366175 6.443310 6.345606 6.412456 5.122766e+05
736237 6.484448 6.515302 6.422740 6.499875 1.191421e+06
736238 6.535871 6.556440 6.407313 6.433025 8.344934e+05
736239 6.366175 6.551299 6.366175 6.525587 9.701476e+05
736242 6.577010 6.577010 6.520445 6.561583 2.250068e+06
736243 6.571868 6.649002 6.566725 6.628433 1.280280e+06
736244 6.705568 6.777560 6.684999 6.741564 1.199752e+06
736245 6.715852 6.782702 6.674714 6.762133 8.931158e+05
736246 6.798129 6.823841 6.746706 6.808414 6.328637e+05
736249 6.823840 6.875264 6.803271 6.849552 5.195786e+05
736250 6.798129 6.798129 6.746706 6.767275 7.613699e+05
736251 6.787845 6.828983 6.720995 6.756991 3.858273e+05
736252 6.798130 6.864980 6.700426 6.854695 1.139381e+06
736253 6.849552 6.849552 6.762133 6.828983 6.514274e+05
736256 6.772418 6.813556 6.720995 6.772418 4.052138e+05
736257 6.762133 6.808414 6.731279 6.777560 4.818341e+05
736258 6.751849 6.813556 6.741564 6.772418 4.739150e+05
736259 6.772418 6.967825 6.772418 6.931829 6.106489e+05
736260 6.931829 7.024390 6.834125 6.936971 5.959419e+05
736263 6.931829 7.194086 6.931829 6.972967 8.983609e+05
736264 6.931829 7.008963 6.849552 6.921544 9.000064e+05
736265 6.942114 6.978110 6.762133 6.906118 1.348570e+06
736266 6.849552 6.875264 6.751848 6.828983 8.717752e+05
736267 6.818698 6.906118 6.741564 6.813556 6.635632e+05
736270 6.813556 6.813556 6.623291 6.746706 7.893955e+05
736271 6.726137 6.880406 6.705567 6.849552 7.646095e+05
736272 6.859837 6.921545 6.731279 6.762133 6.776531e+05
736273 6.767275 6.767275 6.643860 6.649002 8.011199e+05
736274 6.566726 6.649003 6.391887 6.556441 1.564033e+06
736277 6.510160 6.551298 6.391887 6.433025 9.269007e+05
736278 6.407314 6.499876 6.391887 6.489591 8.755806e+05
736279 6.515302 6.556441 6.474164 6.546156 6.862408e+05
736280 6.489591 6.546156 6.427883 6.494733 4.618305e+05
736281 6.474164 6.484449 6.366176 6.422741 8.596908e+05
736284 6.422741 6.438168 6.304468 6.345606 1.197437e+06
736285 6.345606 6.433026 6.263329 6.273614 1.174400e+06
736286 6.299325 6.314752 6.232475 6.299325 1.075513e+06
736287 6.304468 6.376460 6.222191 6.325037 1.039106e+06
736288 6.350749 6.499876 6.350749 6.474164 1.476408e+06
736291 6.458737 6.499875 6.361033 6.381602 6.373374e+05
736292 6.371317 6.571867 6.350748 6.515302 1.073148e+06
736293 6.479306 6.551299 6.448453 6.489591 9.448988e+05
736295 6.463880 6.484449 6.345607 6.350749 3.262279e+05
736298 6.340464 6.422741 6.201622 6.304468 1.266962e+06
736299 6.319894 6.335321 6.201621 6.253044 6.894804e+05
736300 6.237617 6.237617 6.124486 6.150198 6.319894e+05
736301 6.201622 6.201622 6.078207 6.083349 6.880407e+05
736302 6.083349 6.155341 6.052495 6.134772 5.951192e+05
736305 6.103917 6.155341 6.078206 6.129629 8.258030e+05
736306 6.062780 6.083349 5.990787 6.026783 6.298297e+05
736307 6.042210 6.217049 6.042210 6.134772 6.843382e+05
736308 6.119345 6.160483 6.093633 6.109060 9.945735e+05
736309 6.062780 6.062780 5.867372 5.867372 1.064252e+06
736312 5.913652 5.929080 5.785095 5.836518 1.797236e+06
736313 5.913652 5.985644 5.831375 5.862229 1.328721e+06
736314 5.887941 6.134771 5.872513 6.093633 1.348364e+06
736315 6.222191 6.417598 6.222191 6.361033 2.070087e+06
736316 6.499876 6.499876 6.289041 6.453595 1.725141e+06
736319 6.525586 6.577009 6.412455 6.438167 9.653137e+05
736320 6.443310 6.448452 6.283898 6.330179 9.319402e+05
736321 6.355891 6.427883 6.350749 6.422741 7.059873e+05
736322 6.366175 6.427883 6.350748 6.376460 2.804614e+05
736326 6.335321 6.345606 6.268471 6.299325 3.683948e+05
736327 6.335321 6.340463 6.227332 6.253044 4.815769e+05
736328 6.217049 6.222191 6.139914 6.155341 3.616070e+05
736329 6.124487 6.258187 6.067921 6.247902 7.696490e+05
736333 6.098775 6.119344 5.975359 6.031925 5.993872e+05
736334 6.042210 6.042210 5.975360 6.037068 3.694233e+05
736335 5.954791 5.990787 5.903368 5.918795 4.309253e+05
736336 5.764525 5.785095 5.661679 5.692533 7.921723e+05
736337 5.728529 5.769668 5.620541 5.677106 9.177989e+05
736340 5.738814 5.759383 5.641110 5.677106 1.029850e+06
736341 5.718244 5.723387 5.569118 5.646252 6.754934e+05
736342 5.661679 5.728529 5.661679 5.697675 8.093476e+05
736343 5.713103 5.882798 5.687391 5.836518 1.405290e+06
736344 5.707959 5.707959 5.548548 5.610256 1.415883e+06
736348 5.677106 5.682249 5.497126 5.543406 8.044624e+05
736349 5.485333 5.563103 5.355718 5.521626 1.073684e+06
736350 5.516441 5.687534 5.485333 5.640872 1.109665e+06
736351 5.811965 5.941580 5.796411 5.884550 1.091882e+06
736354 5.879365 5.889734 5.754934 5.754934 7.063016e+05
736355 5.760119 5.806780 5.754934 5.770488 9.944111e+05
736356 5.765303 5.863811 5.749750 5.806780 1.159801e+06
736357 5.874181 5.926027 5.817149 5.884550 1.512666e+06
736358 5.946765 6.200812 5.946765 6.112673 2.748422e+06
736361 6.076380 6.294135 6.076380 6.294135 1.369934e+06
736362 6.205997 6.216366 6.133412 6.143781 7.968769e+05
736363 6.174888 6.231919 6.091934 6.195627 1.861125e+06
736364 6.237104 6.377089 6.237104 6.309689 1.763758e+06
736365 6.299320 6.361536 6.211181 6.314874 1.951752e+06
736368 6.252659 6.320059 6.159335 6.247474 5.270172e+05
736369 6.190442 6.278581 6.123042 6.221550 8.872967e+05
736370 6.221550 6.356351 6.195627 6.309689 6.803784e+05
736371 6.205997 6.211181 6.123043 6.133412 1.575348e+06
736372 6.221551 6.304505 6.128227 6.299320 1.153942e+06
736376 6.408197 6.485966 6.340797 6.475597 7.374611e+05
736377 6.532628 6.641505 6.522259 6.631136 9.074132e+05
736378 6.641505 6.719275 6.605213 6.698536 9.837308e+05
736379 6.657059 6.677798 6.574105 6.620767 7.238256e+05
736382 6.677797 6.729644 6.662243 6.708905 8.494490e+05
736383 6.667428 6.667428 6.542997 6.568920 3.498067e+05
736384 6.522258 6.568920 6.428935 6.553366 3.316086e+05
736385 6.584474 6.682982 6.563735 6.677797 4.879251e+05
736386 6.734829 6.755567 6.579290 6.579290 8.857933e+05
736389 6.662243 6.677797 6.532627 6.553366 7.578366e+05
736390 6.625951 6.714090 6.594843 6.698536 5.947284e+05
736391 6.693351 6.812597 6.657059 6.802228 4.549508e+05
736392 6.822967 7.004429 6.771121 7.004429 5.132261e+05
736393 6.994060 7.051091 6.916290 7.030352 8.325990e+05
736396 6.988875 7.087383 6.973321 6.999244 4.455148e+05
736397 6.952582 7.035536 6.874813 6.926659 7.405200e+05
736398 6.942213 7.045906 6.890367 6.890367 1.130767e+06
736399 6.900736 6.952583 6.822967 6.931844 1.041384e+06
736400 6.973321 7.009614 6.931844 7.004429 7.728203e+05
736403 6.957767 7.077014 6.916290 7.061460 7.447715e+05
736404 6.983690 6.983690 6.859259 6.890367 8.299030e+05
736405 6.879998 6.957767 6.802228 6.957767 5.320462e+05
736406 6.994060 7.139229 6.994060 7.113306 7.710056e+05
736407 7.118490 7.191075 7.066644 7.175521 9.944629e+05
736410 7.144414 7.196261 7.118491 7.149599 5.211586e+05
736411 7.087383 7.216999 7.077014 7.108122 6.266139e+05
736412 7.071829 7.071829 6.900736 6.905921 6.583437e+05
736413 6.874813 6.937029 6.750382 6.916290 9.827457e+05
736417 6.890367 6.911106 6.828151 6.890367 6.095045e+05
736418 6.890367 7.051091 6.848890 7.035537 5.894401e+05
736419 7.077013 7.201444 7.071829 7.165152 1.345255e+06
736420 7.149598 7.222183 7.108121 7.206629 1.216261e+06
736421 7.118491 7.294768 7.077014 7.284399 6.824004e+05
736424 7.242921 7.310321 7.222183 7.258475 1.065337e+06
736425 7.185891 7.211814 7.087383 7.097752 6.591214e+05
736426 7.030352 7.061460 6.879998 6.931844 1.226060e+06
736427 6.864444 6.916290 6.791859 6.843705 8.404796e+05
736428 6.895552 7.077014 6.864444 7.004429 5.489481e+05
736431 7.071830 7.128861 7.019983 7.025168 5.120336e+05
736432 7.045906 7.206629 7.019982 7.206629 6.101785e+05
736433 7.253291 7.294768 7.191075 7.237737 6.512408e+05
736434 7.253291 7.253291 7.092568 7.144414 1.022667e+06
736435 7.108121 7.180706 7.108121 7.180706 5.217807e+05
736438 7.144413 7.201444 7.051090 7.092567 9.774574e+05
736439 7.123676 7.398461 7.123676 7.398461 7.468972e+05
736440 7.351799 7.382907 7.284399 7.315507 6.202886e+05
736441 7.274030 7.299953 7.071829 7.159968 7.992619e+05
736442 7.165152 7.268845 7.165152 7.222183 6.388495e+05
736445 7.211814 7.253291 7.128860 7.165152 6.848890e+05
736446 7.191075 7.206629 7.082198 7.134044 6.013647e+05
736447 7.093874 7.363019 7.093874 7.305345 5.954817e+05
736448 7.257283 7.949369 7.257283 7.728286 1.262575e+06
736449 7.728286 8.314636 7.728286 8.228125 1.238448e+06
736452 8.256961 8.353084 8.035879 8.276186 1.388304e+06
736453 8.026267 8.160839 7.901307 8.074328 9.653628e+05
736454 8.035879 8.208900 8.035879 8.160839 1.442325e+06
736455 8.189676 8.237737 8.064716 8.093553 6.414285e+05
736456 8.083941 8.141615 7.987818 7.987818 6.698809e+05
736459 7.949369 8.026267 7.901307 8.016655 5.912523e+05
736460 8.026268 8.132003 7.920532 8.103166 7.621590e+05
736461 8.093553 8.112777 7.920531 8.035879 6.772823e+05
736462 8.083941 8.141614 7.930144 7.997430 3.867027e+05
736463 8.045046 8.084725 7.846647 7.886327 8.275187e+05
736466 7.906167 8.164085 7.608570 8.054966 1.890834e+06
736467 8.054965 8.183924 7.926006 8.164084 8.943789e+05
736468 8.213685 8.243445 7.945847 7.975607 1.808995e+06
736469 7.935926 8.035125 7.747448 7.866487 9.959588e+05
736470 7.906168 7.955767 7.747449 7.777209 3.775518e+05
736473 7.797048 7.797048 7.628409 7.638329 9.950660e+05
736474 7.687929 7.737528 7.628409 7.668089 7.201853e+05
736475 7.697849 7.757368 7.638329 7.678009 1.057065e+06
736476 7.707769 7.767288 7.687929 7.707769 6.471748e+05
736477 7.717689 7.767288 7.678009 7.687929 5.199024e+05
736481 7.668089 7.727609 7.509371 7.578810 9.791942e+05
736482 7.549050 7.618490 7.439931 7.598650 6.903264e+05
736483 7.578810 7.618490 7.549050 7.568890 4.633589e+05
736484 7.568890 7.717689 7.568890 7.707769 3.093424e+06
736487 7.707769 7.926007 7.678009 7.926007 8.971565e+05
736488 7.916087 8.045046 7.886327 8.025206 8.177973e+05
736489 8.054966 8.352563 8.054966 8.342643 8.460690e+05
736490 8.273204 8.322803 8.183924 8.223604 1.050419e+06
736491 8.164084 8.164084 8.005366 8.094645 7.549050e+05
736494 8.035126 8.074806 7.955767 8.064886 1.079385e+06
736495 8.064886 8.084725 7.995446 8.025206 1.281057e+06
736496 8.045045 8.104565 7.995446 8.084725 1.088016e+06
736497 8.054966 8.084726 7.955767 8.074806 1.206658e+06
736498 8.035126 8.342643 8.035126 8.342643 1.154380e+06
736501 8.422003 8.501362 8.382323 8.402163 6.689987e+05
736502 8.441842 8.461682 8.372402 8.422002 7.633369e+05
736503 8.451762 8.550961 8.372403 8.382323 1.333037e+06
736504 8.402162 8.560881 8.402162 8.550961 8.688848e+05
736505 8.283124 8.332723 8.124405 8.233524 8.998349e+05
736508 8.213685 8.213685 7.945847 8.054966 6.772322e+05
736509 8.114485 8.491442 8.114485 8.491442 9.421929e+05
736510 8.541042 8.590641 8.481522 8.511282 6.563012e+05
736511 8.481522 8.580721 8.422003 8.511282 1.089504e+06
736512 8.541042 8.719600 8.511282 8.600561 5.146449e+05
736516 8.610480 8.610480 8.372402 8.412082 7.236573e+05
736517 8.372402 8.461682 8.223604 8.302963 1.006672e+06
736518 8.283124 8.362483 8.233524 8.273204 7.050079e+05
736519 8.293044 8.610481 8.273204 8.590641 7.781970e+06
736522 8.590641 8.759279 8.541041 8.590641 5.359727e+05
736523 8.590641 8.699760 8.550961 8.570801 5.233744e+05
736524 8.570801 8.650160 8.471601 8.630320 5.730731e+05
736525 8.650161 8.779120 8.570802 8.739440 5.917226e+05
736526 8.729520 8.937838 8.729520 8.917998 1.067977e+06
736529 8.908077 9.046956 8.818798 9.037036 8.041077e+05
736530 9.046957 9.086637 8.917998 8.927918 1.153685e+06
736531 8.947757 8.957677 8.818798 8.828718 1.011136e+06
736532 8.798959 8.908078 8.759280 8.818799 9.086637e+05
736533 8.818799 8.917998 8.789039 8.789039 7.245501e+05
736536 8.789039 8.878318 8.650160 8.699760 1.118867e+06
736537 8.709680 8.719600 8.620401 8.709680 5.228784e+05
736538 8.689840 8.719599 8.501361 8.550961 5.039313e+05
736539 8.501362 8.590641 8.431922 8.570801 5.071057e+05
736540 8.580721 8.630321 8.511282 8.610481 4.530422e+05
736543 8.580721 8.650161 8.501362 8.511282 1.316174e+06
736544 8.481522 8.630321 8.481522 8.590641 1.512885e+06
736545 8.570801 8.828718 8.491441 8.759279 1.056867e+06
736546 8.739440 8.838639 8.709680 8.818799 1.068969e+06
736547 8.798959 8.828719 8.759279 8.789039 6.254502e+05
736550 8.789040 8.967598 8.769200 8.858479 5.133553e+05
736551 8.828718 8.937837 8.808879 8.868398 3.955067e+05
736552 8.858478 8.937838 8.848558 8.898158 6.029320e+05
736553 8.908079 8.997358 8.878319 8.977518 6.791170e+05
736554 8.967597 9.007277 8.789039 8.789039 5.206960e+05
736557 8.798959 8.868399 8.709680 8.719600 2.575208e+05
736558 8.719600 8.828719 8.670000 8.670000 5.183152e+05
736559 8.640241 8.650161 8.511282 8.600561 5.125617e+05
736560 8.620400 8.749359 8.501361 8.660080 4.839923e+05
736561 8.630321 8.630321 8.441842 8.481522 4.118746e+05
736564 8.501362 8.560881 8.372403 8.392243 3.690206e+05
736565 8.431922 8.521201 8.332723 8.332723 5.297231e+05
736566 8.342643 8.372403 8.233524 8.332723 4.920275e+05
736567 8.322803 8.461682 8.312883 8.431922 3.810237e+05
736568 8.422003 8.501362 8.253364 8.283124 6.421157e+05
736571 8.312884 8.332724 8.233525 8.322804 3.464032e+05
736572 8.342643 8.402162 8.213684 8.293043 5.796202e+05
736573 8.312884 8.322803 8.144245 8.263284 7.994454e+05
736574 8.253364 8.362483 8.164085 8.253364 4.004667e+05
736575 8.312883 8.471602 8.312883 8.471602 4.972850e+05
736579 8.352563 8.481522 8.352563 8.431922 3.972923e+05
736580 8.461681 8.461681 8.372402 8.372402 4.758580e+05
736581 8.382323 8.491442 8.332723 8.481522 8.224596e+05
736582 8.402163 8.402163 8.253364 8.263284 7.270301e+05
736585 8.213685 8.342644 8.193845 8.312884 3.529504e+05
736586 8.243444 8.273203 8.054965 8.084725 3.799325e+05
736587 8.114486 8.174005 8.035127 8.114486 4.656406e+05
736588 8.144245 8.233524 8.064886 8.134325 3.544383e+05
736589 8.064886 8.223604 8.015286 8.144245 4.826036e+05
736592 8.183925 8.253364 8.144245 8.154165 4.736756e+05
736593 8.183925 8.273204 8.174005 8.243444 3.371777e+05
736594 8.283124 8.511282 8.273204 8.491442 3.270594e+05
736595 8.541041 8.570801 8.491442 8.550961 3.877692e+05
736596 8.511282 8.511282 8.451762 8.471602 2.723015e+05
736599 8.451762 8.481522 8.332723 8.352563 3.673342e+05
736600 8.352564 8.392243 8.302964 8.322804 2.563305e+05
736601 8.352563 8.372403 8.293044 8.352563 4.204057e+05
736602 8.312884 8.451763 8.174005 8.183925 4.260601e+05
736603 8.213684 8.233524 8.094645 8.124405 4.704021e+05
736606 8.094645 8.243444 7.995446 8.243444 9.134252e+05
736607 8.233524 8.283124 8.174005 8.263284 6.675107e+05
736608 8.293043 8.322803 8.203764 8.302963 9.301898e+05
736609 8.263284 8.302964 8.233524 8.263284 2.583144e+05
736610 8.293043 8.293043 8.183924 8.233524 6.199943e+05
736613 8.213685 8.263284 8.174005 8.183925 3.935228e+05
736614 8.144245 8.312884 8.144245 8.273204 5.401390e+05
736615 8.253364 8.382323 8.243444 8.352563 5.447022e+05
736616 8.293044 8.322804 8.164085 8.273204 5.507533e+05
736617 8.312884 8.352564 8.253365 8.322804 8.363476e+05
736620 8.273204 8.362483 8.253364 8.352563 6.784225e+05
736621 8.441842 8.461682 8.312883 8.461682 7.039167e+05
736622 8.471602 8.858479 8.431923 8.848559 1.610696e+06
736623 8.828720 8.848559 8.729520 8.779120 1.076806e+06
736624 8.699760 8.729519 8.640240 8.660080 1.260324e+06
736627 8.670000 8.729520 8.650160 8.699760 5.604748e+05
736628 8.709679 8.848558 8.699760 8.759279 4.033435e+05
736629 8.699760 8.759280 8.590641 8.610481 7.904183e+05
736630 8.580721 8.670000 8.560881 8.610481 5.908298e+05
736631 8.580720 8.650160 8.481521 8.501361 8.297011e+05
736634 8.501362 8.630321 8.491442 8.600561 5.424206e+05
736635 8.600560 8.620400 8.392242 8.412082 5.164304e+05
736636 8.402162 8.640240 8.312883 8.630320 7.984534e+05
736637 8.640240 8.729520 8.570801 8.570801 5.848778e+05
736638 8.590640 8.650160 8.501361 8.501361 6.186055e+05
736641 8.620401 8.719600 8.491442 8.679920 7.782168e+05
736642 8.650160 8.709679 8.630320 8.630320 8.749359e+05
736643 8.521202 8.630321 8.431923 8.451763 7.588731e+05
736644 8.431922 8.471601 8.084725 8.084725 1.446323e+06
736645 8.035126 8.174005 7.816888 7.816888 1.404361e+06
736648 7.777208 7.806967 7.608569 7.638329 7.637337e+05
736649 7.678009 7.757369 7.638330 7.707769 8.438866e+05
736650 7.687929 7.886327 7.668089 7.866487 1.347520e+06
736651 7.836728 7.916087 7.737529 7.797048 7.058015e+05
736652 7.826808 7.866488 7.797048 7.846648 4.978802e+05
736655 7.906168 8.005367 7.886328 7.995447 7.944855e+05
736656 8.124405 8.144244 7.985526 8.084725 5.782314e+05
736657 8.045046 8.213685 8.015287 8.183925 7.147295e+05
736659 8.183925 8.193845 7.935927 8.064886 5.297231e+05
736662 8.064886 8.193844 8.005366 8.015286 1.589269e+06
736663 7.965686 7.965686 7.836727 7.886327 1.431740e+06
736664 7.945847 7.975607 7.687929 7.926007 4.137693e+06
736665 7.906167 8.035126 7.767288 7.906167 1.277684e+06
736666 7.935927 8.233525 7.935927 8.183925 8.743408e+05
736669 8.183925 8.342644 8.164085 8.312884 5.917226e+05
736670 8.293044 8.352563 8.253364 8.263284 7.358588e+05
736671 8.293043 8.491441 8.293043 8.372402 8.940813e+05
736672 8.372403 8.422003 8.253364 8.283124 6.539204e+05
736673 8.302963 8.422002 8.302963 8.412082 1.149717e+06
736676 8.382323 8.422002 8.283124 8.362483 2.179404e+05
736677 8.372403 8.521202 8.352563 8.481522 6.961792e+05
736678 8.263283 8.560881 8.263283 8.293043 1.027901e+06
736679 8.322803 8.451762 8.263284 8.441842 8.142261e+05
736680 8.382323 8.471603 8.263285 8.322804 1.263201e+06
736683 8.332724 8.342644 8.074806 8.114486 5.931114e+05
736684 8.094646 8.094646 7.995447 8.054966 6.004521e+05
736685 8.074806 8.084726 7.975607 8.045046 5.405358e+05
736686 8.015287 8.054966 7.945847 7.985527 5.915242e+05
736687 7.945847 7.965687 7.737529 7.826808 4.825044e+05
736691 7.846648 7.846648 7.687930 7.747449 3.589023e+05
736692 7.787128 8.005366 7.747448 7.896247 6.129511e+05
736693 7.935927 8.174005 7.935927 8.144245 5.133553e+05
736694 8.134325 8.183925 8.134325 8.144245 2.503785e+05
736698 8.154165 8.233524 7.945847 7.955767 5.765451e+05
736699 8.005367 8.124406 7.975607 7.995447 6.161256e+05
736700 8.035126 8.203765 7.995446 8.154165 7.045119e+05
736701 8.104565 8.183925 8.104565 8.144245 7.458779e+05
736704 8.114485 8.213684 8.074806 8.144245 5.320047e+05
736705 8.164085 8.243445 8.114486 8.203765 1.029587e+06
736706 8.144245 8.461682 8.144245 8.441842 6.971712e+05
736707 8.471602 8.660080 8.471602 8.600561 1.069862e+06
736708 8.600561 8.640240 8.481522 8.580721 4.506615e+05
736712 8.580721 8.719600 8.511281 8.670000 1.116486e+06
736713 8.660000 8.770000 8.650000 8.690000 1.270900e+06
736714 8.660000 8.750000 8.630000 8.730000 5.642000e+05
736715 8.740000 8.980000 8.680000 8.960000 1.060600e+06
736718 8.960000 8.960000 8.750000 8.920000 1.059700e+06
736719 8.890000 8.970000 8.820000 8.880000 8.968000e+05
736720 8.850000 9.020000 8.840000 9.010000 3.781000e+05
736721 9.000000 9.150000 8.980000 9.060000 8.510000e+05
736722 9.010000 9.080000 8.910000 8.920000 4.225000e+05
736725 8.950000 8.950000 8.790000 8.840000 7.287000e+05
736726 8.860000 9.080000 8.790000 9.030000 9.228000e+05
736727 9.020000 9.160000 8.950000 9.110000 9.544000e+05
736728 9.150000 9.290000 9.090000 9.230000 7.202000e+05
736729 9.230000 9.440000 9.120000 9.410000 1.034700e+06
736732 9.330000 9.480000 9.300000 9.420000 7.598000e+05
736733 9.390000 9.500000 9.320000 9.490000 1.384400e+06
736734 9.500000 9.600000 9.430000 9.580000 8.940000e+05
736735 9.550000 9.660000 9.340000 9.640000 1.275700e+06
736736 9.610000 9.670000 9.550000 9.650000 9.114000e+05
736739 9.670000 9.860000 9.640000 9.780000 6.243000e+05
736740 9.790000 9.810000 9.680000 9.770000 1.119500e+06
736741 9.750000 9.850000 9.750000 9.800000 1.491600e+06
736742 9.840000 9.910000 9.810000 9.840000 8.518000e+05
736743 9.830000 9.850000 9.730000 9.810000 7.842000e+05
736747 9.780000 9.850000 9.780000 9.830000 7.517000e+05
736748 9.790000 9.810000 9.720000 9.740000 6.579000e+05
736749 9.800000 9.800000 9.700000 9.760000 9.519000e+05
736750 9.680000 9.710000 9.600000 9.620000 8.349000e+05
736753 9.680000 9.700000 9.600000 9.660000 7.033000e+05
736754 9.700000 9.800000 9.640000 9.750000 1.410200e+06
736755 9.750000 9.800000 9.690000 9.740000 9.676000e+05
736756 9.680000 9.690000 9.610000 9.640000 1.071400e+06
736757 9.620000 9.730000 9.620000 9.720000 7.192000e+05
736760 9.700000 9.880000 9.650000 9.850000 9.330000e+05
736761 9.870000 9.920000 9.800000 9.820000 1.071900e+06
736762 9.830000 9.900000 9.780000 9.800000 8.907000e+05
736763 9.780000 9.810000 9.730000 9.770000 6.507000e+05
736764 9.860000 9.880000 9.730000 9.760000 1.016100e+06
