736034 11.299691 11.380532 11.200886 11.326638 3.997109e+04
736035 11.335621 11.335621 11.263763 11.335621 2.137780e+04
736036 11.290709 11.317656 11.236815 11.254780 2.317425e+04
736039 11.281727 11.281727 11.227833 11.281727 2.883308e+04
736040 11.236815 11.272745 11.182922 11.254780 4.410293e+04
736041 11.281727 11.524248 11.272745 11.524248 5.254626e+04
736042 11.443407 11.443407 11.326638 11.398496 1.706631e+04
736043 11.443621 11.497771 11.389471 11.452646 1.290566e+04
736046 11.488747 11.524846 11.407522 11.416547 1.877187e+04
736047 11.380448 11.524847 11.380448 11.524847 1.371791e+04
736048 11.506797 11.533872 11.443622 11.515822 2.653332e+04
736049 11.515821 11.533871 11.479721 11.488746 1.299591e+04
736050 11.506796 11.569971 11.506796 11.551921 1.173242e+04
736053 11.569971 11.569971 11.461671 11.497771 2.084761e+04
736054 11.551921 11.551921 11.470696 11.488746 1.823037e+04
736055 11.551921 11.597046 11.470697 11.470697 1.786938e+04
736056 11.470697 11.497772 11.416547 11.461672 1.967437e+04
736060 11.506797 11.506797 11.434597 11.434597 1.119092e+04
736061 11.479722 11.551922 11.470697 11.515822 7.851697e+03
736062 11.515821 11.542896 11.470696 11.542896 2.184035e+04
736063 11.542897 11.569972 11.470697 11.524847 4.494420e+04
736064 11.542896 11.569970 11.488746 11.488746 8.122444e+03
736067 11.524847 11.524847 11.488747 11.515822 2.238185e+04
736068 11.533871 11.606071 11.524846 11.597046 3.158728e+04
736069 11.597045 11.678270 11.597045 11.642170 3.528751e+04
736070 11.660221 11.714371 11.642171 11.669246 2.599182e+04
736071 11.669245 11.723395 11.660220 11.723395 1.236417e+04
736074 11.723395 11.768519 11.678270 11.687295 1.380816e+04
736075 11.741696 11.796098 11.723562 11.750763 1.360042e+04
736076 11.759830 11.841432 11.678227 11.741696 4.968687e+04
736077 11.741697 11.759831 11.660095 11.759831 1.867791e+04
736078 11.787031 11.787031 11.723562 11.750763 2.584080e+04
736081 11.768897 11.787031 11.678228 11.678228 2.910490e+04
736082 11.741696 11.759830 11.696361 11.741696 4.977754e+04
736083 11.714495 11.787031 11.660094 11.787031 4.959620e+04
736084 11.777965 11.796099 11.714496 11.759831 2.275804e+04
736085 11.787031 11.787031 11.660094 11.660094 2.819821e+04
736088 11.687296 11.687296 11.569425 11.614760 3.563310e+04
736089 11.569424 11.614759 11.333683 11.542223 4.297733e+04
736090 11.515023 11.515023 11.415286 11.451554 3.545176e+04
736091 11.397152 11.451554 11.369951 11.451554 2.420875e+04
736092 11.424353 11.487822 11.424353 11.460621 2.692883e+04
736095 11.487822 11.505956 11.424353 11.442487 2.656615e+04
736096 11.424354 11.442488 11.360885 11.424354 3.164365e+04
736097 11.388086 11.406220 11.342751 11.342751 2.257670e+04
736098 11.333684 11.524090 11.333684 11.478755 3.472641e+04
736099 11.533157 11.678228 11.496889 11.578492 3.998524e+04
736102 11.632893 11.632893 11.496889 11.515023 3.245967e+04
736103 11.496889 11.524090 11.487822 11.524090 7.978914e+03
736104 11.560530 11.560530 11.514980 11.524090 1.621572e+04
736105 11.560530 11.560530 11.542310 11.542310 7.287962e+03
736106 11.560530 11.560530 11.505870 11.505870 1.840210e+04
736110 11.442101 11.496760 11.387441 11.387441 4.518537e+04
736111 11.387441 11.505870 11.387441 11.505870 2.915185e+04
736112 11.469430 11.524090 11.451210 11.496760 1.922200e+04
736113 11.496760 11.496760 11.414770 11.432990 3.780630e+04
736116 11.514980 11.524090 11.451210 11.451210 2.414137e+04
736117 11.478540 11.505870 11.423880 11.432990 1.630681e+04
736118 11.414770 11.451210 11.369220 11.369220 1.020315e+04
736119 11.332781 11.451210 11.323671 11.323671 2.732986e+04
736120 11.296341 11.369220 11.232571 11.269011 4.135918e+04
736123 11.259902 11.296342 11.177912 11.250792 2.423248e+04
736124 11.241681 11.259901 11.132362 11.259901 3.288693e+04
736125 11.177911 11.278121 11.177911 11.269011 2.878745e+04
736126 11.287231 11.296341 11.241681 11.269011 2.942515e+04
736127 11.296341 11.378331 11.296341 11.323671 2.231938e+04
736130 11.378331 11.378331 11.305451 11.323671 1.831100e+04
736131 11.287231 11.360111 11.278121 11.314561 2.086179e+04
736132 11.351001 11.396550 11.296341 11.296341 3.589321e+04
736133 11.314562 11.478541 11.314562 11.442101 4.163249e+04
736134 11.515330 11.561098 11.478715 11.561098 9.428291e+03
736137 11.497023 11.497023 11.432947 11.460408 4.540226e+04
736138 11.497022 11.506176 11.442100 11.442100 2.196883e+04
736139 11.497022 11.497022 11.442100 11.451254 7.506018e+03
736140 11.442100 11.442100 11.378024 11.387178 1.189978e+04
736141 11.387179 11.387179 11.259027 11.295642 2.617953e+04
736144 11.332256 11.332256 11.185797 11.249873 8.146775e+03
736145 11.222413 11.304796 11.213259 11.295642 2.004656e+04
736146 11.423793 11.423793 11.332256 11.359717 2.242652e+04
736147 11.432947 11.451254 11.341410 11.396332 2.123654e+04
736151 11.460408 11.460408 11.286488 11.286488 2.563031e+04
736152 11.323103 11.460408 11.323103 11.405486 2.141961e+04
736153 11.432946 11.478714 11.368870 11.423792 2.013809e+04
736154 11.478715 11.478715 11.359717 11.387178 1.803275e+04
736155 11.414639 11.460408 11.368871 11.396332 1.354745e+04
736158 11.442101 11.506177 11.295642 11.295642 3.020715e+04
736159 11.213258 11.396332 11.213258 11.304795 6.178734e+04
736160 11.332256 11.368871 11.304795 11.368871 1.858197e+04
736161 11.359717 11.368870 11.323102 11.323102 1.601894e+04
736162 11.323102 11.368870 11.304794 11.313948 1.482896e+04
736165 11.313949 11.350563 11.304795 11.304795 1.153364e+04
736166 11.332256 11.387178 11.332256 11.387178 1.510357e+04
736167 11.331990 11.479159 11.331990 11.451565 2.336303e+04
736168 11.479159 11.497555 11.451565 11.451565 1.158954e+04
736169 11.396377 11.497555 11.377980 11.497555 3.853980e+04
736172 11.497555 11.552743 11.479159 11.488357 2.888186e+04
736173 11.515951 11.543545 11.488357 11.543545 1.324518e+04
736174 11.497555 11.552743 11.479159 11.506753 1.784421e+04
736175 11.479159 11.552743 11.442367 11.469961 2.474274e+04
736176 11.497555 11.561941 11.488357 11.561941 3.973555e+04
736179 11.561941 11.561941 11.497555 11.515951 2.465076e+04
736180 11.543545 11.561941 11.460763 11.488357 2.078758e+04
736181 11.534347 11.534347 11.368782 11.368782 1.462489e+04
736182 11.396376 11.442366 11.377980 11.377980 2.345501e+04
736183 11.405575 11.488357 11.377981 11.387179 1.250934e+04
736186 11.433169 11.497555 11.433169 11.451565 9.749927e+03
736187 11.451565 11.525149 11.405574 11.525149 3.412474e+04
736188 11.543545 11.580337 11.534347 11.561941 1.361310e+04
736189 11.534347 11.543545 11.451565 11.469961 1.554469e+04
736190 11.506753 11.534347 11.451565 11.506753 1.140557e+04
736193 11.525149 11.543545 11.442367 11.460763 2.511066e+04
736194 11.460763 11.479159 11.423971 11.469961 1.296924e+04
736195 11.433169 11.515951 11.423971 11.497555 1.793619e+04
736196 11.442100 11.534524 11.442100 11.534524 1.719088e+04
736197 11.497554 11.589978 11.460585 11.516039 8.872711e+03
736200 11.562252 11.562252 11.386646 11.451343 2.680298e+04
736201 11.405130 11.534524 11.405130 11.469827 2.116511e+04
736202 11.543766 11.543766 11.488312 11.534524 1.728330e+04
736203 11.516039 11.534524 11.423615 11.423615 2.476965e+04
736204 11.368160 11.423615 11.358918 11.405130 2.874389e+04
736207 11.405131 11.506797 11.405131 11.506797 1.691361e+04
736208 11.543767 11.562251 11.442100 11.506797 2.024087e+04
736209 11.479069 11.608463 11.479069 11.497554 2.412268e+04
736210 11.543766 11.553008 11.525281 11.543766 9.242407e+03
736211 11.543767 11.571494 11.525282 11.571494 8.503015e+03
736215 11.543766 11.626948 11.506797 11.626948 3.567569e+04
736216 11.636191 11.765584 11.617706 11.663918 1.589694e+04
736217 11.636191 11.700888 11.562252 11.571494 1.589694e+04
736218 11.534524 11.636190 11.534524 11.543766 7.856046e+03
736221 11.543767 11.599221 11.497555 11.506797 8.780287e+03
736222 11.516040 11.534525 11.442101 11.451343 5.083324e+03
736223 11.488312 11.488312 11.395888 11.395888 1.099846e+04
736224 11.377403 11.479070 11.349676 11.395888 2.134996e+04
736225 11.386645 11.525281 11.368160 11.497554 1.340149e+04
736228 11.516130 11.543991 11.441832 11.488268 1.866727e+04
736229 11.451119 11.543991 11.413970 11.516129 1.922451e+04
736230 11.543992 11.766884 11.488268 11.701874 3.659157e+04
736231 11.701874 11.766884 11.636863 11.674012 1.476665e+04
736232 11.711161 11.766884 11.618289 11.757597 1.383793e+04
736235 11.711161 11.739023 11.692587 11.739023 7.615505e+03
736236 11.739022 11.766884 11.692586 11.729735 1.402367e+04
736237 11.757597 11.757597 11.674012 11.701874 1.374506e+04
736238 11.766884 11.794745 11.701873 11.785458 1.745994e+04
736239 11.785459 11.831895 11.701874 11.701874 1.021592e+04
736242 11.748310 11.804033 11.683299 11.804033 8.079865e+03
736243 11.822607 11.831894 11.701873 11.831894 8.915713e+03
736244 11.887618 11.887618 11.804033 11.813320 1.346644e+04
736245 11.841181 11.878330 11.804033 11.869043 5.572321e+03
736246 11.878330 11.887617 11.841181 11.869043 4.364985e+03
736249 11.878331 11.896905 11.785459 11.804033 9.844434e+03
736250 11.850468 11.859756 11.748309 11.831894 1.225911e+04
736251 11.813320 11.924766 11.748310 11.859756 9.008585e+03
736252 11.822607 11.850468 11.766883 11.794745 1.346644e+04
736253 11.831895 11.878331 11.729736 11.739023 1.643835e+04
736256 11.711161 11.906192 11.711161 11.887618 4.680750e+04
736257 11.906191 11.906191 11.794745 11.794745 9.380073e+03
736258 11.860064 11.916052 11.776083 11.813408 1.539662e+04
736259 11.850733 12.046690 11.850733 12.037359 1.903582e+04
736260 12.037359 12.056021 11.972040 11.981371 2.659416e+04
736263 11.990702 11.990702 11.813408 11.878727 1.987564e+04
736264 11.878726 11.916051 11.776082 11.841401 1.334374e+04
736265 11.888059 11.906721 11.813408 11.869396 1.493006e+04
736266 11.869395 11.916052 11.785414 11.888058 1.548993e+04
736267 11.878728 12.028028 11.785415 11.990703 3.639202e+04
736270 11.944046 12.009365 11.906721 11.906721 3.079324e+04
736271 11.897389 11.972040 11.850733 11.888058 1.315711e+04
736272 11.860064 11.990702 11.850733 11.860064 2.323490e+04
736273 11.850733 11.916052 11.850733 11.850733 1.101092e+04
736274 11.850734 11.860065 11.738758 11.832071 2.080877e+04
736277 11.757420 11.822739 11.664107 11.822739 1.493006e+04
736278 11.710764 11.804077 11.701433 11.776083 2.482122e+04
736279 11.748089 11.888058 11.748089 11.860064 2.491453e+04
736280 11.869396 11.972040 11.794746 11.934715 2.463460e+04
736281 11.972040 11.981371 11.897390 11.972040 3.051331e+04
736284 11.962709 12.028028 11.897390 11.906721 2.836711e+04
736285 11.962709 11.990703 11.897390 11.916053 1.017110e+04
736286 11.916052 11.972040 11.916052 11.972040 2.724736e+04
736287 12.028290 12.028290 11.981415 12.000165 7.781357e+03
736288 12.047040 12.122041 11.934539 11.953289 1.406269e+04
736291 12.018915 12.084541 11.906413 11.953289 4.856317e+04
736292 12.000165 12.028290 11.906413 11.962664 2.118779e+04
736293 12.009539 12.047040 11.934538 11.934538 1.387519e+04
736295 12.009540 12.047040 11.915788 11.953289 1.331268e+04
736298 12.037665 12.093916 12.009540 12.084541 2.015653e+04
736299 12.103292 12.103292 11.953289 12.065791 3.243795e+04
736300 12.037665 12.084540 12.000164 12.056415 1.875026e+04
736301 12.047041 12.047041 11.990790 12.000165 6.187585e+03
736302 12.000164 12.093916 12.000164 12.037665 1.575022e+04
736305 12.065791 12.065791 11.990790 11.990790 2.746913e+04
736306 12.037665 12.075166 12.018915 12.037665 1.537521e+04
736307 12.018915 12.018915 11.990790 12.000165 1.650023e+04
736308 12.000165 12.000165 11.981415 11.990790 8.437616e+03
736309 12.047041 12.084541 11.953289 11.990790 1.753149e+04
736312 12.018916 12.018916 11.887664 11.887664 1.181266e+04
736313 11.887663 12.000165 11.887663 11.943914 2.287531e+04
736314 11.887664 11.990790 11.859538 11.990790 2.709412e+04
736315 11.972040 12.084541 11.972040 12.075166 2.953166e+04
736316 12.093916 12.225168 12.093916 12.159542 2.381283e+04
736319 12.225474 12.385592 12.225474 12.376173 3.042240e+04
736320 12.404429 12.404429 12.338498 12.376173 2.514793e+04
736321 12.347916 12.376172 12.310241 12.357335 1.921415e+04
736322 12.357336 12.385592 12.310242 12.376173 7.817522e+03
736326 12.385592 12.385592 12.319661 12.338498 5.274472e+03
736327 12.385591 12.385591 12.197217 12.234892 3.494338e+04
736328 12.065355 12.310241 12.055936 12.310241 5.943200e+04
736329 12.347917 12.385591 12.281986 12.366754 3.833411e+04
736333 12.366754 12.376173 12.319661 12.338498 7.911709e+03
736334 12.366754 12.366754 12.319661 12.338498 7.035769e+04
736335 12.300823 12.347916 12.291404 12.291404 4.662257e+04
736336 12.310241 12.338498 12.272567 12.291404 3.023403e+04
736337 12.310241 12.347916 12.291404 12.310241 5.971456e+04
736340 12.272567 12.319660 12.206636 12.206636 3.240033e+04
736341 12.272566 12.291403 12.197216 12.272566 4.078297e+04
736342 12.300823 12.319660 12.187798 12.263148 3.353057e+04
736343 12.187798 12.244310 12.168960 12.244310 2.985728e+04
736344 12.159542 12.300822 12.159542 12.272566 4.012366e+04
736348 12.329079 12.329079 12.197217 12.197217 3.984110e+04
736349 12.253992 12.253992 12.064741 12.102591 4.929984e+04
736350 12.149903 12.178291 12.083666 12.178291 3.557916e+04
736351 12.206679 12.235067 12.112054 12.112054 6.245278e+04
736354 12.149904 12.168829 12.064741 12.064741 3.832329e+04
736355 12.093128 12.235067 12.083666 12.206679 4.835359e+04
736356 12.206680 12.282380 12.140442 12.197217 4.191906e+04
736357 12.235067 12.320230 12.206679 12.272917 4.523095e+04
736358 12.348618 12.452706 12.282380 12.386468 8.336500e+04
736361 12.424318 12.443243 12.386467 12.414855 2.318323e+04
736362 12.471629 12.556792 12.443242 12.481092 6.954968e+04
736363 12.518943 12.547331 12.471630 12.518943 5.440962e+04
736364 12.518942 12.575717 12.481092 12.481092 4.239219e+04
736365 12.500017 12.537867 12.462167 12.481092 3.397052e+04
736368 12.509481 12.556793 12.471630 12.500018 2.829300e+04
736369 12.490555 12.585181 12.490555 12.518943 5.980327e+04
736370 12.575719 12.641957 12.556794 12.556794 5.743763e+04
736371 12.613568 12.632493 12.481092 12.481092 3.832329e+04
736372 12.528405 12.537868 12.367542 12.433780 5.280098e+04
736376 12.481093 12.509481 12.377005 12.395930 4.844821e+04
736377 12.395930 12.443243 12.395930 12.395930 2.308860e+04
736378 12.490990 12.490990 12.433954 12.462472 2.433557e+04
736379 12.529015 12.576545 12.452966 12.548027 3.498238e+04
736382 12.576545 12.586051 12.538521 12.548027 4.144651e+04
736383 12.586052 12.633582 12.538521 12.633582 2.386026e+04
736384 12.662100 12.681112 12.586051 12.662100 3.678853e+04
736385 12.681112 12.719136 12.652594 12.671606 7.785480e+04
736386 12.671607 12.690619 12.567040 12.567040 4.905138e+04
736389 12.595557 12.681112 12.595557 12.671606 4.638968e+04
736390 12.671606 12.709630 12.633582 12.662100 6.150434e+04
736391 12.652594 12.662100 12.595558 12.605064 3.526756e+04
736392 12.614571 12.652595 12.595559 12.652595 3.327129e+04
736393 12.652594 12.652594 12.557533 12.557533 1.863192e+04
736396 12.576546 12.614570 12.557534 12.614570 1.939241e+04
736397 12.633582 12.681112 12.557533 12.557533 2.766270e+04
736398 12.586052 12.643088 12.586052 12.624076 3.051452e+04
736399 12.595558 12.633582 12.567040 12.605064 2.785282e+04
736400 12.595558 12.643089 12.567040 12.567040 1.920229e+04
736403 12.633582 12.633582 12.576546 12.595558 1.958253e+04
736404 12.595557 12.662100 12.548027 12.548027 3.964036e+04
736405 12.614570 12.652594 12.605064 12.624076 2.633185e+04
736406 12.643088 12.671606 12.624076 12.671606 5.770191e+04
736407 12.719137 12.738149 12.643088 12.709631 2.309978e+04
736410 12.728643 12.738149 12.681113 12.719137 4.467858e+04
736411 12.680942 12.757333 12.680942 12.747784 3.323018e+04
736412 12.719138 12.785980 12.719138 12.785980 2.826475e+04
736413 12.795529 12.795529 12.661844 12.709589 3.284822e+04
736417 12.680942 12.738235 12.661844 12.671393 2.845573e+04
736418 12.738235 12.747784 12.719137 12.747784 2.549557e+04
736419 12.747784 12.795529 12.738235 12.785980 2.263090e+04
736420 12.795528 12.843273 12.766882 12.833724 4.640766e+04
736421 12.862371 12.871920 12.785979 12.833724 2.540008e+04
736424 12.862371 12.919665 12.824176 12.910116 3.494898e+04
736425 12.938762 12.986507 12.919664 12.967409 3.580838e+04
736426 12.996055 13.072446 12.986506 13.072446 3.771816e+04
736427 13.081996 13.091545 13.034252 13.091545 2.415872e+04
736428 13.120191 13.129740 13.101093 13.129740 2.132270e+05
736431 13.129741 13.234779 13.129741 13.225230 4.077381e+04
736432 13.272973 13.282522 13.244326 13.282522 1.576524e+05
736433 13.311169 13.339816 13.139289 13.339816 9.558451e+04
736434 13.339815 13.349364 13.292071 13.349364 3.323018e+04
736435 13.349365 13.454403 13.320718 13.454403 3.036551e+04
736438 13.454403 13.511696 13.406658 13.511696 6.808367e+04
736439 13.511696 13.540342 13.387560 13.483049 1.143004e+05
736440 13.588535 13.684432 13.588535 13.684432 1.735727e+05
736441 13.646073 13.694021 13.636483 13.665252 1.316659e+05
736442 13.694021 13.703610 13.598124 13.655662 3.365967e+04
736445 13.636483 13.646072 13.492638 13.492638 3.759143e+04
736446 13.569356 13.588535 13.320025 13.320025 5.629125e+04
736447 13.377563 13.415921 13.291256 13.367973 5.475691e+04
736448 13.406331 13.425511 13.310435 13.329614 4.900311e+04
736449 13.396742 13.454280 13.329615 13.454280 7.614183e+04
736452 13.377563 13.483049 13.367973 13.367973 7.105931e+04
736453 13.415921 13.521408 13.415921 13.511818 1.659010e+04
736454 13.425510 13.578945 13.425510 13.569355 4.497546e+04
736455 13.578945 13.665252 13.521407 13.665252 5.092104e+04
736456 13.617304 13.674842 13.607714 13.674842 1.074041e+04
736459 13.674842 13.703611 13.626894 13.703611 1.726137e+04
736460 13.713201 13.732380 13.646073 13.713201 2.157671e+04
736461 13.722790 13.780328 13.713200 13.780328 2.042596e+04
736462 13.789918 13.789918 13.694021 13.789918 2.704282e+04
736463 13.809097 13.924173 13.732380 13.761149 5.840097e+04
736466 13.895403 13.904993 13.809096 13.818686 2.339875e+04
736467 13.857045 13.857045 13.732379 13.741969 2.733050e+04
736468 13.809097 13.809097 13.540586 13.550176 4.219446e+04
736469 13.617304 13.617304 13.387152 13.387152 4.209857e+04
736470 13.493094 13.493094 13.416046 13.483463 2.253665e+04
736473 13.531619 13.656822 13.531619 13.608667 2.157354e+04
736474 13.685715 13.685715 13.502725 13.550880 1.878054e+04
736475 13.627928 13.627928 13.512356 13.531618 3.255293e+04
736476 13.560511 13.618298 13.473832 13.473832 3.236031e+04
736477 13.531617 13.589404 13.416045 13.425676 2.725586e+04
736481 13.310104 13.387152 13.261948 13.387152 3.688690e+04
736482 13.377522 13.608667 13.358260 13.608667 2.831527e+04
736483 13.579773 13.637559 13.550880 13.637559 1.801005e+04
736484 13.608667 13.704977 13.608667 13.695346 3.332342e+04
736487 13.656822 13.743501 13.637560 13.647191 1.926209e+04
736488 13.704977 13.801287 13.704977 13.801287 1.107570e+04
736489 13.830180 13.868704 13.656821 13.868704 4.218397e+04
736490 13.859074 13.897598 13.772394 13.887967 5.586006e+04
736491 13.849443 13.878336 13.810919 13.849443 2.581120e+04
736494 13.887967 13.936122 13.839812 13.916860 2.908576e+04
736495 13.945753 13.993908 13.916860 13.974646 3.871680e+04
736496 14.022801 14.032432 13.974646 14.032432 3.515331e+04
736497 14.042063 14.042063 13.993908 14.042063 4.642163e+04
736498 14.032432 14.032432 13.974646 13.974646 2.667799e+04
736501 14.022802 14.022802 13.801288 13.897598 6.529849e+04
736502 13.965297 14.032996 13.887927 14.032996 8.143200e+04
736503 14.042667 14.081352 13.945955 14.032996 4.100614e+04
736504 14.013654 14.013654 13.955626 13.994311 4.603519e+04
736505 14.023324 14.081352 13.897598 13.897598 3.897517e+04
736508 13.984640 14.052338 13.945954 13.965297 2.727295e+04
736509 14.052338 14.062009 13.965297 13.974968 2.727295e+04
736510 14.052338 14.052338 13.994311 14.003982 2.147019e+04
736511 14.071681 14.100695 14.013654 14.023325 2.640254e+04
736512 14.120037 14.120037 13.994310 14.052338 6.083221e+04
736516 14.071681 14.100695 14.023325 14.032996 2.253403e+04
736517 14.100696 14.100696 14.003983 14.042668 1.334634e+04
736518 14.100695 14.120037 14.032996 14.110366 2.127677e+04
736519 14.120038 14.120038 14.100695 14.120038 2.485514e+04
736522 14.158723 14.168394 14.081352 14.100695 1.711813e+04
736523 14.158722 14.158722 13.926612 13.926612 3.046446e+04
736524 13.994310 13.994310 13.742857 13.762200 3.762119e+04
736525 13.742858 13.771872 13.539762 13.539762 6.827909e+04
736526 13.568775 13.684830 13.568775 13.684830 2.901377e+04
736529 13.733187 13.878256 13.733187 13.839571 1.847210e+04
736530 13.926613 13.926613 13.800886 13.907270 1.789183e+04
736531 13.975253 13.994677 13.975253 13.975253 1.485903e+04
736532 14.014100 14.033523 13.936406 13.965541 3.476818e+04
736533 13.975252 13.984964 13.907270 13.946117 2.398810e+04
736536 13.946117 13.994676 13.897558 13.897558 1.165414e+04
736537 13.955829 14.033524 13.907270 14.014100 2.321116e+04
736538 14.023812 14.062659 14.014100 14.014100 1.718985e+04
736539 14.101505 14.101505 14.014099 14.072370 1.709273e+04
736540 14.120929 14.120929 14.033523 14.033523 2.000627e+04
736543 14.082082 14.082082 14.023811 14.043235 2.136592e+04
736544 13.994675 14.014099 13.800440 13.829575 4.234336e+04
736545 13.878134 13.897558 13.810152 13.897558 5.526003e+04
736546 13.936404 13.946116 13.858710 13.907269 2.068609e+04
736547 13.878134 13.907270 13.848999 13.887846 1.019737e+04
736550 13.907269 13.907269 13.868422 13.907269 1.874374e+04
736551 13.907270 13.907270 13.839287 13.848999 9.226191e+03
736552 13.907270 13.936405 13.887846 13.897558 1.097431e+04
736553 13.916981 13.936405 13.878134 13.916981 2.369674e+04
736554 13.878134 13.916981 13.878134 13.887846 1.155702e+04
736557 13.887846 13.887846 13.829575 13.829575 3.408835e+04
736558 13.878134 13.878134 13.800439 13.819863 3.263158e+04
736559 13.839287 13.868423 13.839287 13.858711 2.020050e+04
736560 13.858711 13.926693 13.858711 13.858711 4.214913e+04
736561 13.926693 13.926693 13.848999 13.897558 2.563910e+04
736564 13.946321 13.956074 13.917063 13.946321 1.462901e+04
736565 13.975578 13.975578 13.878051 13.878051 4.564250e+04
736566 13.936568 13.936568 13.848794 13.907310 2.340641e+04
736567 13.868300 13.878052 13.741515 13.829289 5.441991e+04
736568 13.839041 13.839041 13.663493 13.673246 2.857533e+04
736571 13.722009 13.800030 13.614730 13.634235 5.295701e+04
736572 13.682999 13.722009 13.653741 13.702504 3.393930e+04
736573 13.741515 13.868300 13.702504 13.741515 4.710541e+04
736574 13.809782 13.839040 13.751266 13.761019 3.569478e+04
736575 13.809783 13.878052 13.673246 13.673246 2.984318e+04
736579 13.673246 13.839041 13.673246 13.819536 4.876336e+04
736580 13.897557 13.897557 13.848793 13.887804 1.579933e+04
736581 13.897557 13.917063 13.839041 13.907310 2.126082e+04
736582 13.907310 13.907310 13.751268 13.829289 3.452446e+04
736585 13.800030 13.878051 13.751266 13.878051 4.193649e+04
736586 13.848794 13.848794 13.761020 13.809783 3.003823e+04
736587 13.848794 13.887805 13.751267 13.848794 3.793789e+04
736588 13.887804 13.907309 13.790277 13.887804 3.637746e+04
736589 13.887804 13.926815 13.848794 13.868299 3.267145e+04
736592 13.907310 13.965826 13.673246 13.848794 3.257392e+04
736593 13.887805 13.965826 13.761020 13.819536 3.667005e+04
736594 13.790153 13.907683 13.760771 13.907683 2.820713e+04
736595 13.937066 14.015419 13.799948 13.917478 3.947040e+04
736596 13.956654 14.083978 13.946860 14.025213 5.259455e+04
736599 14.064389 14.074184 13.956654 14.035007 2.037182e+04
736600 14.054596 14.074184 14.015419 14.064390 2.233065e+04
736601 14.074184 14.132949 14.074184 14.113361 2.840302e+04
736602 14.113360 14.113360 13.956654 14.025213 2.928449e+04
736603 14.044801 14.064390 13.986036 14.025213 1.606239e+04
736606 13.995831 14.035008 13.986037 13.986037 1.508298e+04
736607 13.907684 13.917478 13.466947 13.525712 1.383912e+05
736608 13.604065 13.819537 13.261270 13.300447 8.305434e+04
736609 13.349418 13.398388 13.241682 13.310241 7.463137e+04
736610 13.369006 13.369006 13.241682 13.300447 2.703184e+04
736613 13.310241 13.310241 13.114358 13.173123 8.413169e+04
736614 13.202505 13.212299 13.143740 13.212299 4.084158e+04
736615 13.202506 13.202506 13.094770 13.094770 2.673801e+04
736616 13.143741 13.143741 12.938064 12.938064 4.456335e+04
736617 12.918475 12.967446 12.840122 12.840122 4.779542e+04
736620 12.751974 12.908681 12.673621 12.722592 5.602250e+04
736621 12.859711 12.869505 12.703005 12.869505 2.526889e+04
736622 12.898887 13.036005 12.898887 13.036005 1.958829e+04
736623 13.096966 13.175627 12.919980 12.988808 5.270251e+04
736624 12.998641 13.047804 12.978976 13.018306 2.743284e+04
736627 13.028138 13.037971 12.949478 12.988808 2.989097e+04
736628 13.028138 13.028138 12.949478 12.949478 7.472744e+03
736629 13.008474 13.008474 12.870818 12.919981 1.494549e+04
736630 12.910148 12.919981 12.752827 12.782325 2.438474e+04
736631 12.792157 12.841320 12.723329 12.733162 2.448307e+04
736634 12.831487 12.870817 12.693831 12.742994 2.290986e+04
736635 12.713497 12.821655 12.683999 12.821655 4.473814e+04
736636 12.782325 12.860985 12.762660 12.782325 2.330316e+04
736637 12.752827 12.880650 12.752827 12.841320 2.546632e+04
736638 12.821655 12.870818 12.742994 12.752827 1.819023e+04
736641 12.821655 12.821655 12.723329 12.752827 2.281153e+04
736642 12.772492 12.811822 12.733161 12.762659 2.172995e+04
736643 12.723330 12.723330 12.516846 12.625004 8.397004e+04
736644 12.625004 12.634837 12.487348 12.497181 6.656642e+04
736645 12.546343 12.703664 12.339860 12.556176 5.093265e+04
736648 12.516846 12.516846 12.044883 12.054716 7.944707e+04
736649 12.221869 12.280864 12.074380 12.172706 7.049944e+04
736650 12.310362 12.339860 12.094046 12.133376 4.385321e+04
736651 12.103878 12.143208 12.025217 12.035050 2.949767e+04
736652 12.103878 12.103878 11.917060 11.956390 5.201423e+04
736655 12.027489 12.215110 11.968240 12.155861 5.520005e+04
736656 12.244733 12.323731 12.224983 12.323731 3.554922e+04
736657 12.264483 12.264483 12.126236 12.165735 4.206658e+04
736659 12.017613 12.136111 11.978114 12.027488 4.858394e+04
736662 12.145986 12.145986 11.978115 12.096612 2.804439e+04
736663 12.096611 12.145985 11.968239 12.027488 3.693170e+04
736664 11.948489 12.037362 11.859616 12.037362 8.561438e+04
736665 12.037362 12.037362 11.928740 11.968239 2.369948e+04
736666 11.899116 11.968239 11.849742 11.968239 4.562151e+04
736669 11.889241 11.987989 11.889241 11.978114 2.843938e+04
736670 11.997863 12.086736 11.958364 12.047237 3.880790e+04
736671 12.037363 12.274358 12.037363 12.195360 4.720147e+04
736672 12.086738 12.195360 12.076863 12.155861 4.265907e+04
736673 12.155860 12.155860 12.106486 12.126236 5.213886e+04
736676 12.116361 12.165735 12.066987 12.165735 4.256032e+04
736677 12.254609 12.254609 12.066988 12.155861 8.087449e+04
736678 12.254609 12.254609 12.106487 12.116362 7.801081e+04
736679 12.076861 12.076861 11.997863 12.047237 1.189912e+05
736680 12.037363 12.066987 11.987989 11.987989 5.036140e+04
736683 12.076862 12.096612 12.017614 12.096612 5.253386e+04
736684 12.096611 12.215109 12.037363 12.205234 8.373818e+04
736685 12.236967 12.425381 12.207218 12.405548 1.341703e+05
736686 12.435297 12.524546 12.395631 12.524546 7.120051e+04
736687 12.445214 12.544379 12.425381 12.445214 4.710340e+04
736691 12.425381 12.603878 12.276633 12.336132 5.225998e+04
736692 12.445214 12.445214 12.256800 12.306383 3.688940e+04
736693 12.306384 12.306384 12.236968 12.236968 2.776622e+04
736694 12.227052 12.306384 11.899807 12.197302 9.371098e+04
736698 12.187385 12.246885 12.117970 12.236968 6.515144e+04
736699 12.306383 12.316300 12.256801 12.316300 2.538625e+04
736700 12.375798 12.385715 12.296466 12.375798 2.588208e+04
736701 12.326215 12.365882 12.296466 12.336132 1.814720e+04
736704 12.336132 12.425381 12.336132 12.365882 3.103866e+04
736705 12.336132 12.405548 12.336132 12.375798 4.740089e+04
736706 12.346049 12.484880 12.306383 12.306383 3.569942e+04
736707 12.375798 12.415465 12.346049 12.405548 1.913886e+04
736708 12.425381 12.425381 12.346049 12.425381 4.115350e+04
736712 12.465048 12.484881 12.405548 12.415465 2.548542e+04
736713 12.445214 12.445214 12.375798 12.425381 7.437379e+03
736714 12.445214 12.445214 12.326215 12.375798 3.371612e+04
736715 12.437538 12.437538 12.288168 12.337958 2.967483e+04
736718 12.328000 12.377790 12.288168 12.328000 2.429751e+04
736719 12.357874 12.377790 12.288168 12.357874 3.973241e+04
736720 12.357874 12.357874 12.258294 12.288168 4.142527e+04
736721 12.337958 12.337958 12.198546 12.298126 2.280381e+04
736722 12.347916 12.397706 12.308084 12.397706 2.519373e+04
736725 12.397706 12.437538 12.328000 12.437538 2.160885e+04
736726 12.437538 12.497286 12.417622 12.497286 1.304498e+04
736727 12.517201 12.517201 12.447495 12.517201 1.463825e+04
736728 12.497286 12.517202 12.397706 12.417622 3.057105e+04
736729 12.457454 12.547076 12.407664 12.447496 2.101137e+04
736732 12.447496 12.487328 12.427580 12.457454 2.489499e+04
736733 12.487328 12.527160 12.457454 12.497286 2.190759e+04
736734 12.547076 12.557034 12.497286 12.497286 1.214876e+04
736735 12.487328 12.507244 12.437538 12.437538 6.671858e+03
736736 12.437537 12.497285 12.427579 12.427579 9.260936e+03
736739 12.457454 12.467412 12.407664 12.457454 3.166643e+04
736740 12.427580 12.447496 12.337958 12.337958 3.096937e+04
736741 12.377790 12.377790 12.318042 12.328000 1.822313e+04
736742 12.310000 12.360000 12.260000 12.300000 2.580000e+04
736743 12.310000 12.360000 12.280000 12.280000 2.730000e+04
736747 12.300000 12.330000 12.270000 12.330000 1.390000e+04
736748 12.320000 12.350000 12.290000 12.340000 2.780000e+04
736749 12.360000 12.400000 12.330000 12.340000 2.290000e+04
736750 12.350000 12.420000 12.350000 12.400000 2.600000e+04
736753 12.370000 12.410000 12.340000 12.380000 2.320000e+04
736754 12.350000 12.410000 12.350000 12.400000 1.760000e+04
736755 12.370000 12.400000 12.310000 12.400000 3.950000e+04
736756 12.400000 12.400000 12.350000 12.380000 1.730000e+04
736757 12.370000 12.390000 12.300000 12.300000 2.490000e+04
736760 12.310000 12.320000 12.260000 12.260000 1.480000e+04
736761 12.250000 12.330000 12.230000 12.330000 2.770000e+04
736762 12.270000 12.270000 12.210000 12.240000 2.250000e+04
736763 12.240000 12.260000 12.080000 12.120000 5.100000e+04
736764 12.150000 12.180000 12.070000 12.170000 2.810000e+04
