736589 12.300000 15.490000 11.760000 15.250000 8.156000e+06
736592 17.299999 18.730000 16.500000 16.500000 3.914300e+06
736593 17.290001 17.450001 16.100000 17.010000 1.123800e+06
736594 17.480000 17.749001 17.100000 17.549999 8.937000e+05
736595 18.100000 18.450001 16.799999 16.860001 1.167800e+06
736596 16.750000 16.750000 15.000000 15.060000 8.597000e+05
736599 14.810000 16.330000 14.400000 16.240000 7.524000e+05
736600 16.010000 17.250000 16.000000 17.020000 8.097000e+05
736601 17.230000 17.850000 16.270000 16.500000 5.596000e+05
736602 16.500000 16.819000 15.820000 16.320000 3.385000e+05
736603 16.320000 17.340000 16.309999 16.860001 6.787000e+05
736606 16.540001 17.729000 16.129999 16.740000 8.790000e+05
736607 16.900000 18.190001 16.740000 17.010000 1.208400e+06
736608 17.629999 18.090000 15.170000 15.720000 1.211700e+06
736609 15.730000 16.388000 15.600000 16.219999 4.087000e+05
736610 16.219999 16.230000 15.600000 16.129999 2.640000e+05
736613 15.950000 16.327999 15.440000 15.760000 3.214000e+05
736614 16.250000 16.250000 15.550000 15.680000 5.681000e+05
736615 15.580000 15.740000 14.830000 15.140000 4.238000e+05
736616 14.930000 15.290000 14.860000 15.200000 1.669000e+05
736617 15.280000 15.700000 15.000000 15.570000 2.451000e+05
736620 15.650000 15.910000 14.870000 14.970000 9.820000e+04
736621 14.990000 15.154000 14.250000 14.780000 3.252000e+05
736622 14.640000 14.690000 14.250000 14.440000 1.885000e+05
736623 14.360000 14.970000 14.260000 14.830000 1.082000e+05
736624 14.750000 15.400000 14.400000 15.140000 1.342000e+05
736627 15.100000 15.600000 15.100000 15.450000 1.417000e+05
736628 15.470000 16.000000 15.131000 15.560000 1.194000e+05
736629 15.430000 15.808000 15.213000 15.590000 1.314000e+05
736630 15.730000 15.730000 15.000000 15.180000 1.595000e+05
736631 15.220000 15.376000 14.250000 14.550000 1.955000e+05
736634 14.500000 14.910000 14.250000 14.720000 7.130000e+04
736635 14.950000 14.950000 14.360000 14.560000 7.810000e+04
736636 14.560000 14.780000 14.050000 14.420000 2.399000e+05
736637 14.840000 14.840000 12.920000 14.010000 2.626000e+05
736638 13.850000 14.310000 13.840000 13.880000 1.316000e+05
736641 14.220000 14.950000 13.800000 14.540000 2.129000e+05
736642 14.590000 15.000000 13.910000 14.430000 3.109000e+05
736643 14.160000 15.090000 13.771000 14.890000 8.310000e+04
736644 15.000000 15.470000 14.540000 15.250000 2.443000e+05
736645 15.160000 15.659000 15.070000 15.230000 2.807000e+05
736648 15.360000 15.500000 15.130000 15.220000 4.560000e+04
736649 15.250000 15.690000 15.160000 15.380000 9.830000e+04
736650 15.260000 15.500000 15.090000 15.390000 6.760000e+04
736651 15.460000 16.554001 15.390000 16.120001 2.059000e+05
736652 16.180000 16.990000 16.045000 16.750000 1.561000e+05
736655 16.740000 16.900000 16.219999 16.770000 9.190000e+04
736656 16.690001 16.980000 15.754000 16.870001 1.746000e+05
736657 16.719999 16.870001 16.000000 16.570000 6.550000e+04
736659 16.650000 16.940001 16.160000 16.580000 4.130000e+04
736662 16.530001 17.629999 16.514999 16.990000 2.740000e+05
736663 17.030001 17.238001 15.320000 16.150000 1.984000e+05
736664 16.170000 16.170000 14.260000 15.910000 2.788000e+05
736665 15.860000 16.200001 15.340000 15.530000 1.266000e+05
736666 15.630000 16.010000 15.010000 15.260000 1.601000e+05
736669 15.360000 16.200001 15.280000 15.930000 2.472000e+05
736670 16.049999 16.760000 15.550000 16.200001 4.210000e+05
736671 16.059999 16.780001 15.920000 16.530001 1.053000e+05
736672 16.480000 17.090000 16.459999 17.000000 1.430000e+05
736673 16.860001 17.250000 16.650000 16.940001 2.629000e+05
736676 16.900000 17.450001 16.775999 17.420000 2.132000e+05
736677 17.450001 18.900000 17.049999 17.969999 9.720000e+05
736678 18.000000 18.270000 17.750000 17.920000 1.887000e+05
736679 18.040001 19.290001 17.900000 19.059999 5.077000e+05
736680 19.100000 19.879999 19.100000 19.580000 1.414600e+06
736683 19.549999 20.660000 18.990000 20.250000 2.596000e+05
736684 20.250000 20.299999 19.629999 19.830000 2.774000e+05
736685 19.690001 19.910000 18.818001 19.629999 2.417000e+05
736686 19.709999 19.709999 18.840000 19.260000 6.290000e+04
736687 19.170000 19.549999 18.850000 19.430000 1.614000e+05
736691 19.360001 19.658001 18.771000 18.830000 1.758000e+05
736692 18.830000 19.351000 17.719999 18.059999 1.789000e+05
736693 18.120001 18.753000 17.480000 18.240000 2.149000e+05
736694 18.299999 18.650000 18.028999 18.450001 2.542000e+05
736698 18.620001 18.770000 17.870001 18.049999 1.715000e+05
736699 18.010000 19.120001 17.730000 19.030001 1.839000e+05
736700 18.959999 19.469999 18.959999 19.330000 2.647000e+05
736701 19.330000 19.438999 18.740000 19.309999 2.211000e+05
736704 19.350000 19.500000 18.264999 18.650000 1.007000e+05
736705 18.730000 18.860001 18.330000 18.639999 1.283000e+05
736706 18.500000 19.150000 18.490000 19.110001 1.255000e+05
736707 19.030001 19.030001 18.090000 18.549999 2.201000e+05
736708 18.650000 19.395000 18.650000 19.020000 1.223000e+05
736712 19.000000 19.230000 18.684999 18.709999 1.254000e+05
736713 18.799999 18.895000 18.570000 18.730000 8.250000e+04
736714 18.650000 19.070000 18.575001 18.719999 8.710000e+04
736715 18.709999 18.980000 18.500000 18.580000 1.068000e+05
736718 18.559999 18.760000 18.070000 18.309999 1.084000e+05
736719 18.330000 19.190001 18.110001 18.969999 1.659000e+05
736720 19.180000 20.290001 19.170000 19.500000 2.812000e+05
736721 19.590000 19.709999 18.488001 19.459999 1.335000e+05
736722 19.540001 19.660000 19.090000 19.250000 5.870000e+04
736725 18.638000 19.010000 18.299999 18.770000 1.580000e+05
736726 18.770000 18.889999 17.910999 18.469999 1.734000e+05
736727 18.709999 18.709999 18.400000 18.540001 6.610000e+04
736728 18.420000 18.840000 18.309000 18.719999 5.640000e+04
736729 18.940001 19.150000 18.620001 18.969999 6.100000e+04
736732 18.879999 18.879999 18.395000 18.559999 4.440000e+04
736733 18.680000 18.680000 18.360001 18.520000 8.740000e+04
736734 18.520000 18.520000 18.010000 18.260000 1.553000e+05
736735 18.190001 19.040001 18.160000 18.440001 1.232000e+05
736736 18.235001 19.000000 18.129999 18.900000 1.742000e+05
736739 19.000000 19.579000 18.660000 19.500000 2.166000e+05
736740 19.370001 19.629999 19.035000 19.299999 1.145000e+05
736741 19.330000 19.950001 19.120001 19.600000 2.111000e+05
736742 19.629999 19.719999 18.950001 19.180000 9.740000e+04
736743 19.240000 19.469999 18.930000 18.950001 1.085000e+05
736747 19.049999 19.049999 18.430000 18.780001 6.530000e+04
736748 18.790001 19.209999 18.459999 18.879999 1.428000e+05
736749 18.940001 19.410000 18.681000 19.010000 9.850000e+04
736750 18.799999 19.290001 18.143999 19.150000 1.337000e+05
736753 19.200001 19.490000 18.850000 19.389999 2.725000e+05
736754 19.170000 20.500000 18.750000 19.040001 5.333000e+05
736755 19.370001 19.370001 18.299999 18.620001 2.309000e+05
736756 18.700001 19.160000 18.268000 18.780001 1.487000e+05
736757 18.799999 19.021999 18.000000 18.450001 1.545000e+05
736760 18.270000 18.350000 17.959999 18.040001 1.178000e+05
736761 17.950001 18.230000 17.799999 17.969999 7.600000e+04
736762 18.000000 18.000000 17.040001 17.049999 1.157000e+05
736763 17.000000 17.450001 16.629999 17.120001 1.106000e+05
736764 17.190001 17.670000 16.990000 17.549999 1.878000e+05
