736034 41.634074 42.203407 41.517290 42.047693 5.547317e+04
736035 42.334790 43.410190 42.271532 43.317734 5.936603e+04
736036 43.400459 43.531841 42.471039 42.612155 3.523033e+04
736039 42.952778 43.259343 42.738674 42.923583 2.471962e+04
736040 42.923584 43.376128 42.578093 43.346933 5.411067e+04
736041 43.093895 43.405323 42.690014 43.074430 5.683567e+04
736042 43.444253 43.444253 42.631620 42.704612 3.435444e+04
736043 42.933318 43.118227 42.831127 43.069567 8.019280e+04
736046 43.064700 43.453987 42.855459 43.011173 4.165354e+04
736047 42.874924 43.741083 42.631621 43.556174 5.167764e+04
736048 43.590236 43.609701 42.612155 42.670549 4.544907e+04
736049 42.393184 42.933318 42.393184 42.548898 2.822319e+04
736050 42.694877 43.488049 42.694877 43.283671 3.892854e+04
736053 43.215547 43.794610 43.050102 43.317734 5.226157e+04
736054 42.986840 43.298272 42.699744 43.259343 3.269998e+04
736055 43.166886 43.166886 42.461308 42.894388 3.503569e+04
736056 42.602425 43.473448 42.602425 43.346933 2.160534e+04
736060 43.079297 43.672958 42.967380 43.570771 3.814997e+04
736061 43.580502 43.784879 43.181485 43.322601 4.505979e+04
736062 43.371261 43.682689 42.855459 43.585369 1.995088e+04
736063 43.736215 43.736215 42.991707 43.390725 1.868570e+04
736064 43.741082 43.750817 43.196082 43.672958 2.374641e+04
736067 43.599966 44.130369 43.536709 43.599966 3.211605e+04
736068 43.784879 43.974656 43.356663 43.614564 2.598480e+04
736069 43.522111 44.091440 43.522111 43.784879 3.688479e+04
736070 43.541575 43.741082 43.142558 43.439385 3.445176e+04
736071 43.045235 43.054969 42.222868 42.558628 3.192140e+04
736074 42.690014 43.741082 42.690014 43.570771 3.299194e+04
736075 43.853004 43.853004 43.235011 43.361530 2.793123e+04
736076 43.001442 43.492912 42.728940 43.366397 2.666605e+04
736077 46.835902 47.200857 44.451528 46.368760 1.336222e+05
736078 46.247109 46.938089 46.247109 46.402823 1.217490e+05
736081 46.324964 46.324964 44.811617 45.599921 1.532811e+05
736082 45.497734 46.164386 45.497734 45.838357 5.381871e+04
736083 45.731306 45.731306 44.767823 44.811616 4.350265e+04
736084 44.767823 44.777554 43.040368 43.118227 8.447494e+04
736085 43.273940 43.614563 42.500233 42.981977 4.496247e+04
736088 42.806798 43.351796 42.758139 43.103629 5.644639e+04
736089 42.831127 43.376128 41.896842 42.363985 6.170174e+04
736090 42.587824 42.772737 41.916308 42.539164 4.428122e+04
736091 42.295860 42.996576 41.940639 42.626753 3.581426e+04
736092 42.967380 43.356663 41.780059 42.081756 5.167764e+04
736095 42.008764 43.054970 41.702200 42.256931 3.600890e+04
736096 42.183943 42.329923 41.405369 41.960104 4.048568e+04
736097 42.193673 42.271532 41.634074 42.072021 2.802855e+04
736098 42.115817 42.295860 41.643808 41.755726 4.700621e+04
736099 41.760594 42.120682 41.337245 41.531888 6.111781e+04
736102 41.531888 41.590282 40.986891 41.483228 1.073455e+05
736103 41.541623 42.261798 40.913899 42.179076 1.127955e+05
736104 42.159610 42.821396 41.994166 42.252067 4.505979e+04
736105 42.208271 42.256931 41.595149 41.921175 7.269905e+04
736106 41.964967 42.237469 41.376173 41.964967 5.527853e+04
736110 41.960104 42.052557 41.663274 41.804390 8.330708e+04
736111 41.750863 41.804390 41.210729 41.410236 9.410975e+04
736112 41.351845 41.609746 40.982023 41.361576 4.437854e+04
736113 41.488094 41.629211 40.967425 41.419970 5.586246e+04
736116 41.458896 41.614611 40.938227 41.327514 6.286960e+04
736117 41.089077 41.536755 40.996621 41.346978 8.583743e+04
736118 41.361576 41.716801 41.235058 41.590282 1.186347e+05
736119 41.468630 41.551353 40.617069 41.215593 1.006303e+05
736120 42.811667 42.811667 41.147469 42.256931 1.422838e+05
736123 42.062290 42.801931 41.857912 41.994166 9.917046e+04
736124 41.857913 42.305594 41.595149 41.809253 1.074428e+05
736125 41.906919 42.590556 41.906919 42.131541 1.325278e+05
736126 42.004579 42.248735 41.848319 41.955749 5.195638e+04
736127 41.652999 42.004580 41.516268 41.604164 5.644884e+04
736130 41.242815 41.740895 40.529880 40.793568 8.740781e+04
736131 40.539644 41.916683 40.529879 41.760423 1.208083e+05
736132 42.043644 42.112008 41.330710 41.701828 6.211326e+04
736133 41.955749 42.639386 41.916683 42.375697 1.081122e+05
736134 42.473363 42.903075 42.326867 42.737047 1.371180e+05
736137 42.854244 43.186296 42.649150 43.176528 9.912729e+04
736138 43.332788 43.635542 42.727282 43.586712 1.252031e+05
736139 43.313255 43.518348 43.225358 43.459750 1.099678e+05
736140 43.537881 43.635542 43.186296 43.567179 8.008313e+04
736141 43.567180 44.084788 43.078868 43.948062 3.185746e+05
736144 43.508580 43.957826 43.147230 43.254660 1.304769e+05
736145 43.616009 43.791801 43.205829 43.733203 1.191481e+05
736146 44.084787 44.377775 43.332787 43.860165 1.352624e+05
736147 43.762504 43.977360 43.625774 43.908996 8.643119e+04
736151 43.557410 44.338713 43.215594 44.182453 1.139720e+05
736152 44.241048 44.436374 43.723438 44.201982 1.126047e+05
736153 43.899231 44.241048 43.459750 44.094557 1.657330e+05
736154 44.592633 44.592633 43.752736 44.368010 1.282307e+05
736155 44.416841 45.491129 44.211750 45.452063 1.407315e+05
736158 45.579021 45.647388 44.075023 45.393464 1.244218e+05
736159 45.471595 45.471595 45.002816 45.276270 1.199294e+05
736160 45.188374 45.364167 44.670765 44.866087 1.334068e+05
736161 45.237205 45.520427 45.032115 45.286035 6.592209e+04
736162 45.481361 45.539959 44.875855 44.944218 9.248625e+04
736165 45.051647 45.051647 44.397308 44.534034 1.367273e+05
736166 44.358242 44.905153 43.987128 44.162920 8.916573e+04
736167 41.994814 44.280113 40.393153 44.260581 4.855772e+05
736168 44.114086 44.123855 42.981203 43.313255 2.235491e+05
736169 43.147230 43.332788 42.639386 42.854244 1.389735e+05
736172 42.619852 43.303490 42.483126 43.196061 1.350670e+05
736173 43.235126 43.606245 42.824943 43.215594 1.302816e+05
736174 43.235127 43.557411 42.990971 43.352321 1.028385e+05
736175 43.283958 43.528114 43.020268 43.293726 1.019595e+05
736176 43.557410 43.713669 43.274192 43.449985 9.619742e+04
736179 43.342557 43.547647 42.951906 43.147231 1.002992e+05
736180 43.059334 43.684373 42.883542 43.088632 4.668261e+04
736181 43.186297 43.401152 42.922609 43.264425 6.142963e+04
736182 43.459750 43.459750 42.737047 42.785881 6.982859e+04
736183 42.512425 42.795646 42.238971 42.571023 9.668574e+04
736186 42.649150 43.010504 42.278036 42.512424 1.258868e+05
736187 42.151074 42.287801 41.848319 42.053413 1.249102e+05
736188 41.858088 42.844476 41.858088 42.756580 7.607898e+04
736189 42.688217 43.000736 42.365933 42.404995 1.014712e+05
736190 42.229206 42.922608 41.994815 42.756580 6.396885e+04
736193 42.834712 43.225358 42.229206 43.137462 7.236781e+04
736194 42.951906 43.401152 42.717518 42.824943 4.785456e+04
736195 42.678452 42.903075 42.170607 42.375697 6.445716e+04
736196 42.092474 42.531956 41.662762 41.867852 6.846131e+04
736197 41.018190 42.473362 41.018190 41.828790 1.757922e+05
736200 39.729048 41.828790 39.631387 40.324789 1.071356e+05
736201 41.526035 41.838555 39.758345 40.119699 1.073309e+05
736202 40.940059 41.262347 40.119699 41.106087 1.167065e+05
736203 41.291644 41.838554 40.734969 41.447904 1.311605e+05
736204 41.262347 41.828791 40.988893 41.711593 9.873665e+04
736207 41.535801 41.916683 41.311177 41.750659 1.078192e+05
736208 41.008426 41.838554 40.910761 41.047488 1.297933e+05
736209 41.419932 41.704169 41.018083 41.498344 1.185947e+05
736210 41.468941 42.057013 41.468941 41.674766 8.664274e+04
736211 41.233711 41.684566 41.233711 41.449339 6.782441e+04
736215 41.919796 42.792105 41.821782 42.488265 9.703203e+04
736216 42.821507 42.870516 42.047214 42.096219 7.458725e+04
736217 41.978605 42.772500 41.978605 42.664687 7.703755e+04
736218 42.331447 42.939124 42.262838 42.801904 5.371066e+04
736221 42.792105 42.988130 42.370652 42.586280 7.468526e+04
736222 42.743100 43.321372 42.596080 43.056738 6.125759e+04
736223 43.144948 43.507592 42.929320 43.095943 4.439950e+04
736224 42.880315 43.664412 42.821507 42.909718 6.949061e+04
736225 42.253038 42.958727 42.076615 42.331446 1.404514e+05
736228 42.537275 43.095943 42.213833 42.801904 8.723081e+04
736229 42.478465 42.596079 42.155023 42.341249 6.968664e+04
736230 42.380455 42.674491 42.194229 42.586280 8.370238e+04
736231 42.429461 43.507593 42.409858 43.429185 9.507179e+04
736232 43.674215 44.066261 42.713697 43.507592 8.340834e+04
736235 43.321371 44.272086 43.056738 44.027056 2.317987e+05
736236 43.978050 44.056462 43.478190 43.654612 2.050414e+05
736237 43.978051 44.223081 43.321371 43.674215 2.159208e+05
736238 43.752623 44.497518 43.586004 44.272086 1.766179e+05
736239 43.360576 45.016980 43.233160 44.987578 1.996507e+05
736242 45.448233 46.555771 44.752348 46.447957 1.337866e+05
736243 46.477360 46.840008 46.202927 46.614580 1.828907e+05
736244 46.673385 48.153370 46.673385 48.153370 1.399613e+05
736245 48.133767 48.682632 47.800525 48.594425 1.332965e+05
736246 48.535616 49.055080 48.388597 48.653230 1.033048e+05
736249 48.535617 49.113890 48.486612 48.898261 9.026919e+04
736250 48.966869 49.750966 48.084762 48.084762 1.368250e+05
736251 48.163170 48.653231 47.633903 47.712315 1.163404e+05
736252 47.780923 48.339592 45.536444 47.457481 1.261416e+05
736253 47.663309 47.663309 47.055631 47.437882 1.212410e+05
736256 47.320265 48.378798 47.320265 47.829928 1.089895e+05
736257 47.829927 48.614023 47.633902 48.506214 9.742408e+04
736258 49.015875 49.202101 47.614305 47.712315 1.053631e+05
736259 48.516014 52.975566 48.516014 51.809223 3.438266e+05
736260 51.917037 53.642050 51.181946 51.956239 1.390792e+05
736263 51.701408 52.201268 50.927111 51.201548 1.632882e+05
736264 51.201549 51.466178 50.339041 50.819298 1.197708e+05
736265 50.868308 51.691610 50.319438 50.966318 2.021011e+05
736266 50.995720 50.995720 50.290035 50.564468 1.406474e+05
736267 50.584071 50.848704 49.986196 50.388046 1.441759e+05
736270 50.358644 50.985920 49.584347 50.329237 1.025207e+05
736271 49.956794 50.535066 49.515738 50.084207 8.448647e+04
736272 50.015599 50.231227 49.643156 50.005799 5.674903e+04
736273 50.084206 50.319437 49.388321 50.035201 7.360712e+04
736274 49.809775 50.691885 49.515738 50.603674 6.076753e+04
736277 50.378247 50.466458 49.858780 50.241026 6.762838e+04
736278 50.103810 50.838901 50.103810 50.515463 9.095528e+04
736279 50.652678 51.162343 50.388046 50.544865 5.263252e+04
736280 50.152815 50.339041 49.760768 49.927388 8.291828e+04
736281 49.515738 49.966593 49.074683 49.447130 1.247695e+05
736284 49.564744 50.172419 49.270708 50.103810 7.605743e+04
736285 50.094010 50.221427 49.202100 49.486336 5.919934e+04
736286 49.505934 50.025402 49.251105 49.809774 6.508007e+04
736287 49.878381 49.888186 49.417723 49.584346 6.537410e+04
736288 49.907785 50.603674 49.486337 50.495860 9.154335e+04
736291 50.544866 50.819298 49.025678 50.319438 6.115958e+04
736292 50.093350 50.653656 49.719815 50.555358 4.413641e+04
736293 50.506210 50.820768 50.319439 50.801107 4.502110e+04
736295 50.604507 51.322091 50.319438 51.184473 3.568267e+04
736298 51.390902 51.390902 50.565187 50.751958 9.888915e+04
736299 50.860088 51.282771 50.683148 51.027195 7.519901e+04
736300 51.076343 51.774268 51.066516 51.597333 6.242009e+04
736301 51.921718 51.980699 51.213961 51.675970 1.563943e+05
736302 51.666141 53.366720 51.666141 53.258590 1.112749e+05
736305 52.865392 53.307740 52.531174 53.150461 1.338837e+05
736306 52.894884 53.042331 52.206788 52.275597 1.012483e+05
736307 51.941379 52.452537 51.105836 51.164813 1.289688e+05
736308 51.056684 51.675971 50.555358 50.692977 7.863948e+04
736309 50.280122 50.722465 49.159506 50.181820 1.641599e+05
736312 50.191651 50.978046 49.641174 50.565187 1.559028e+05
736313 50.879743 51.292603 50.221140 50.496377 1.128477e+05
736314 50.820767 50.948557 50.014712 50.614339 1.132409e+05
736315 50.584846 50.899404 49.926242 50.004880 6.369798e+04
736316 49.719815 49.719815 48.864608 49.130017 4.161995e+05
736319 49.385597 49.965564 47.911107 49.149677 5.838982e+04
736320 49.287295 49.513383 48.756477 49.424914 5.622723e+04
736321 49.592025 49.788625 49.228319 49.641174 4.669219e+04
736322 49.592025 50.142499 49.424914 49.768964 3.106260e+04
736326 49.493722 50.103181 49.287295 49.867262 6.084730e+04
736327 50.093349 50.516037 49.778792 50.457060 4.207212e+04
736328 50.447229 50.899405 50.004881 50.024541 6.173200e+04
736329 50.034373 50.378419 49.100528 49.100528 9.299119e+04
736333 48.471412 48.471412 47.419610 47.822637 1.197286e+05
736334 47.950424 48.363283 47.793145 47.979916 8.404595e+04
736335 47.616206 47.891446 47.409778 47.468759 9.544867e+04
736336 46.918281 47.537568 46.495593 46.967430 1.158949e+05
736337 47.016582 47.547396 46.397295 46.593895 1.168779e+05
736340 46.770835 47.085393 46.249845 46.878961 9.829935e+04
736341 47.055899 47.340968 46.318654 46.918281 8.866602e+04
736342 47.016583 47.016583 44.254369 44.588588 1.239555e+05
736343 44.578755 45.571582 44.470630 45.355321 2.278579e+05
736344 44.382160 45.345493 44.057770 45.325833 1.541334e+05
736348 45.836990 46.525086 45.316000 46.397296 1.487269e+05
736349 45.866479 47.960256 45.630559 47.223011 1.726137e+05
736350 47.773484 48.176512 46.869132 47.223011 1.785116e+05
736351 47.655527 48.038894 47.350797 47.979916 9.014051e+04
736354 47.704676 47.832466 46.800323 47.026411 1.189422e+05
736355 47.144369 48.471413 47.144369 48.284642 7.480581e+04
736356 48.097874 48.550050 47.095221 47.380290 1.126511e+05
736357 47.694847 48.589371 47.694847 48.235493 8.335785e+04
736358 48.550050 50.466889 48.550050 50.437400 1.631769e+05
736361 50.230967 50.329270 48.982570 49.375765 1.136341e+05
736362 49.218487 49.326616 48.019233 48.097874 1.110783e+05
736363 48.569711 48.569711 46.996922 47.793145 1.009534e+05
736364 48.166683 50.624167 47.802977 49.257807 1.394868e+05
736365 49.257807 51.105836 47.950424 48.048725 1.314262e+05
736368 47.468759 47.498248 46.200696 47.331141 1.163864e+05
736369 46.751173 47.439266 46.574234 46.633212 1.292636e+05
736370 46.937942 47.281988 45.768181 45.886139 1.262164e+05
736371 45.168554 46.328486 44.411648 46.023757 9.535037e+04
736372 46.298994 46.878961 45.974608 46.456273 7.913098e+04
736376 46.977263 47.301649 46.466105 46.770835 7.804969e+04
736377 47.095220 47.291820 46.534914 46.672533 1.052786e+05
736378 46.888793 46.996923 45.601070 46.043418 1.271011e+05
736379 45.964776 46.810151 44.962126 46.515254 8.306295e+04
736382 46.692193 47.911107 46.348147 46.810151 1.246436e+05
736383 46.751174 47.970084 45.836990 46.269506 1.152068e+05
736384 45.915628 46.397297 45.719028 46.220357 7.677180e+04
736385 46.269506 46.613552 44.893313 46.171208 9.525207e+04
736386 46.308826 46.603723 45.915627 46.308826 8.198166e+04
736389 46.210524 46.751173 45.827157 45.895967 1.167796e+05
736390 46.053245 47.105049 46.053245 47.026411 8.207996e+04
736391 46.878404 47.401361 46.513323 46.789600 1.030121e+05
736392 46.710666 47.164550 46.089040 47.056012 8.623811e+04
736393 46.967207 47.608568 46.720531 47.549365 1.094257e+05
736396 47.282953 47.835510 47.046145 47.509899 1.051829e+05
736397 47.204018 47.480295 46.829069 46.858673 9.373708e+04
736398 47.065881 47.460560 46.789600 47.243488 6.561595e+04
736399 47.243488 47.766442 46.256782 46.542924 9.995333e+04
736400 46.760000 47.273088 46.158109 47.115215 7.824579e+04
736403 47.411226 47.569099 47.016547 47.075746 4.943397e+04
736404 46.878403 48.348597 46.572527 48.328863 1.510647e+05
736405 48.309128 49.187295 48.131521 48.832085 8.909956e+04
736406 48.713678 49.670784 48.555805 49.581980 8.248863e+04
736407 49.907596 50.519352 49.710253 50.124668 1.561956e+05
736410 49.877992 50.193738 49.522777 49.621450 6.551728e+04
736411 49.512911 50.183872 49.414242 49.739853 8.998759e+04
736412 49.799057 49.897727 49.118228 49.266235 1.222529e+05
736413 48.901154 49.818792 48.802482 49.039293 1.423817e+05
736417 48.911020 49.285970 48.654478 48.693943 6.502393e+04
736418 48.624875 50.124668 46.148243 49.986530 1.238316e+05
736419 50.124668 51.160708 49.996395 50.440414 1.119911e+05
736420 50.351610 51.052174 49.532646 50.331875 7.094417e+04
736421 49.907596 50.174003 49.394508 49.917461 8.979025e+04
736424 49.710253 49.877991 49.246500 49.512911 8.446204e+04
736425 49.305704 49.591846 48.930754 49.009689 5.772231e+04
736426 48.427536 49.325438 48.240058 48.832085 9.600650e+04
736427 48.575541 48.753148 47.855245 48.121656 7.903516e+04
736428 48.506471 48.506471 47.756576 48.378198 6.926677e+04
736431 48.496606 49.276100 48.200590 48.249929 7.124018e+04
736432 48.388067 48.891285 48.042718 48.249929 5.338080e+04
736433 48.437402 49.364904 48.368332 49.305704 8.900089e+04
736434 49.443843 49.473442 48.772882 48.930755 5.417016e+04
736435 48.723548 50.016131 48.516336 49.433973 1.724762e+05
736438 49.285969 49.680649 48.881420 49.532646 6.680000e+04
736439 49.789187 49.789187 48.901154 49.611580 1.735616e+05
736440 49.680649 50.144403 49.157697 49.947061 6.995746e+04
736441 49.947060 50.914031 49.137961 49.483311 1.502753e+05
736442 49.394508 50.203607 49.285970 49.947061 1.118925e+05
736445 49.660919 49.927326 48.693944 48.930755 8.367268e+04
736446 49.147830 49.285969 48.802481 49.068893 7.952851e+04
736447 48.950489 48.989958 48.082186 48.822216 7.785111e+04
736448 48.684078 49.305704 48.259794 48.358463 6.147179e+04
736449 48.388067 49.177431 47.746706 49.177431 1.257064e+05
736452 49.236636 49.325439 48.615009 48.960355 7.341093e+04
736453 48.674213 48.989959 48.052587 48.358463 7.992319e+04
736454 48.289395 49.197166 47.835511 48.812351 7.755510e+04
736455 48.871550 49.118227 48.259794 48.338732 6.837873e+04
736456 48.338732 49.019557 47.934183 48.989958 1.658653e+05
736459 49.118228 49.779323 48.989959 49.295835 1.320213e+05
736460 49.512911 49.739854 48.999824 49.651050 5.742629e+04
736461 49.749718 49.749718 49.029424 49.078762 8.663279e+04
736462 49.295834 49.522777 49.078762 49.404373 7.173353e+04
736463 49.167566 49.720118 48.960355 49.503042 1.128792e+05
736466 49.601715 50.578552 49.305704 50.124668 1.165300e+05
736467 49.552380 50.322009 48.664343 48.950489 1.269891e+05
736468 48.930754 50.233206 47.874978 49.581980 1.024201e+05
736469 49.246500 49.542511 48.545940 49.009689 7.360827e+04
736470 49.246500 49.877991 48.950489 49.710253 8.909956e+04
736473 49.808922 49.858257 48.940619 49.443842 8.485672e+04
736474 49.493178 51.042306 49.493178 50.864698 1.336000e+05
736475 50.914031 51.792203 50.302275 51.713265 1.368561e+05
736476 51.713266 52.058611 51.466589 51.733000 7.114151e+04
736477 51.802069 52.285556 51.752734 52.206618 8.525140e+04
736481 52.186884 53.657078 51.703401 53.193325 1.636945e+05
736482 52.946648 53.518940 52.887444 53.420266 8.574476e+04
736483 53.222925 53.805082 53.213059 53.716278 7.232556e+04
736484 53.745880 54.140561 53.499204 54.002423 8.673146e+04
736487 53.972824 54.614180 53.736012 54.367503 6.670133e+04
736488 54.367503 54.693118 54.219500 54.554980 6.334653e+04
736489 54.713367 55.267730 54.703466 55.040042 5.276321e+04
736490 54.584676 55.208332 54.584676 55.069743 9.384526e+04
736491 54.683671 55.168734 54.574778 55.059841 5.375314e+04
736494 54.842060 55.178636 53.743238 54.733167 1.156237e+05
736495 54.604475 55.168735 54.366890 54.871756 7.988726e+04
736496 55.000447 55.049943 50.684357 54.554979 8.384697e+04
736497 54.188707 55.297426 54.188707 55.257828 6.315746e+04
736498 55.346922 55.346922 54.525283 54.772765 1.545279e+05
736501 55.277626 56.237858 55.139037 56.059671 9.988382e+04
736502 56.148765 56.158663 55.525109 55.643899 6.672120e+04
736503 55.653801 56.020074 55.218230 55.238029 4.345788e+04
736504 55.485510 56.138863 55.436014 56.039872 7.949128e+04
736505 53.297768 55.762693 53.297768 55.139037 1.700698e+05
736508 54.545078 55.148935 54.000618 54.663872 1.418568e+05
736509 54.931154 55.515212 54.079814 54.327296 1.156237e+05
736510 54.891555 55.515211 54.802461 55.346921 6.860207e+04
736511 55.693394 57.851440 55.594403 57.821743 1.481923e+05
736512 57.742551 58.059329 56.861512 57.386176 9.285533e+04
736516 57.336676 57.594060 56.891211 57.326779 7.374970e+04
736517 57.168391 58.128623 57.138694 57.663355 6.286048e+04
736518 57.950435 58.098923 56.930806 57.108994 9.028151e+04
736519 57.326779 57.999931 57.217886 57.633658 1.648232e+05
736522 58.059329 58.484998 57.940535 58.366204 9.443921e+04
736523 58.455297 58.920564 58.376105 58.663181 1.251270e+05
736524 58.752274 58.880967 58.227614 58.643386 1.180985e+05
736525 58.861168 59.108650 58.346405 58.405802 9.582511e+04
736526 58.405801 58.772074 58.049426 58.306810 7.513560e+04
736529 58.534494 58.534494 57.455472 57.841543 6.058365e+04
736530 57.732650 57.930635 57.445569 57.811846 8.246107e+04
736531 44.863575 51.911868 44.546798 51.367407 1.216524e+06
736532 51.129826 51.713884 50.634862 51.258514 4.123054e+05
736533 51.476299 51.723782 51.001134 51.357509 1.501722e+05
736536 51.080325 51.604991 50.723955 50.961536 2.222390e+05
736537 51.159523 51.713885 51.070429 51.347608 1.744255e+05
736538 51.179322 51.456501 51.011032 51.258514 1.482913e+05
736539 51.327808 51.456501 50.961536 51.189219 1.085952e+05
736540 51.119925 51.327809 50.060702 50.298286 1.649221e+05
736543 50.387380 50.753652 50.090398 50.417076 1.239391e+05
736544 50.535865 50.535865 49.605334 49.971607 1.048335e+05
736545 50.209192 50.209192 49.536040 50.179492 1.204743e+05
736546 50.060702 50.882345 49.120269 50.090398 1.347293e+05
736547 50.001304 51.436702 49.882513 51.179322 1.490833e+05
736550 51.169421 51.169421 50.486371 50.892242 9.196439e+04
736551 51.070429 51.288215 50.525969 51.199121 1.378971e+05
736552 51.436702 51.436702 50.813050 51.119925 8.137215e+04
736553 51.090228 51.436702 50.931840 51.179322 9.315230e+04
736554 50.961537 51.456502 50.902140 51.327809 5.781184e+04
736557 51.278314 51.674287 51.149622 51.496099 5.989070e+04
736558 51.565393 51.842572 51.189219 51.466402 1.070113e+05
736559 51.644586 51.644586 49.823121 49.961710 1.612594e+05
736560 50.129995 50.436875 49.724125 49.892415 8.018424e+04
736561 49.941911 49.941911 48.585710 48.625304 2.382759e+05
736564 48.437218 49.387549 48.219433 48.714397 1.099811e+05
736565 48.734197 49.644933 48.605504 49.605335 1.779892e+05
736566 49.427147 50.327982 49.427147 50.021103 1.791771e+05
736567 49.763723 50.496268 49.486545 50.387380 1.521521e+05
736568 50.723955 51.060531 49.456843 50.268585 3.025223e+05
736571 50.466572 50.555666 49.882513 49.941911 1.444306e+05
736572 50.080500 50.506170 49.644934 50.377478 1.139408e+05
736573 49.990034 50.476822 49.741674 50.099313 1.366977e+05
736574 50.397345 50.427147 49.721803 50.248331 1.174249e+05
736575 50.476822 51.251706 50.248331 50.367543 1.804092e+05
736579 50.546363 50.546363 49.205213 49.662200 1.898469e+05
736580 49.523115 49.960232 49.185344 49.930426 1.998807e+05
736581 50.019835 50.307934 49.513181 49.950295 1.790184e+05
736582 49.652264 49.801281 48.927051 48.956853 1.559705e+05
736585 48.629019 49.483380 48.629019 49.354231 1.952115e+05
736586 49.175412 49.314493 48.390591 48.718429 1.348102e+05
736587 48.688622 49.115804 48.380658 48.519739 1.080866e+05
736588 48.519740 48.996592 48.380659 48.897249 2.095171e+05
736589 48.907181 49.264821 48.807838 49.086001 1.961056e+05
736592 49.354230 49.672132 49.076068 49.324429 5.444066e+04
736593 49.642330 49.870822 49.384033 49.473443 5.096361e+04
736594 49.483380 50.268197 49.483380 50.178787 6.874623e+04
736595 50.188723 51.043085 50.158922 50.745053 9.030394e+04
736596 50.844395 51.082819 50.069512 50.079444 8.056820e+04
736599 49.721803 50.079443 49.572790 49.741673 5.056623e+04
736600 49.364164 50.139052 49.334362 50.099313 7.311738e+04
736601 50.188722 50.476822 49.692001 50.456953 4.391016e+04
736602 50.188722 50.357607 49.582722 50.109246 6.089803e+04
736603 50.456953 50.953675 50.218525 50.725183 1.184184e+05
736606 50.824527 50.854329 50.258264 50.596035 6.318295e+04
736607 50.357607 50.645707 49.721804 49.910561 7.907804e+04
736608 50.079444 50.456953 49.761542 50.317872 8.354853e+04
736609 50.427147 50.506625 49.741674 50.466886 7.848197e+04
736610 50.317872 50.317872 49.274753 49.503249 9.656263e+04
736613 49.503250 50.278134 49.105871 49.761543 7.649509e+04
736614 49.572790 49.572790 48.579348 49.095934 7.460754e+04
736615 49.095934 49.453574 48.797902 48.966789 8.623082e+04
736616 48.778032 48.778032 48.201837 48.460131 9.835082e+04
736617 48.499870 48.748231 48.102491 48.380658 7.182590e+04
736620 48.400527 49.006528 48.400527 48.927051 9.030394e+04
736621 49.205213 49.304559 48.787969 49.115803 2.575003e+05
736622 49.294624 49.860886 48.946920 49.791345 1.719649e+05
736623 51.659018 55.801672 51.062954 54.182363 5.992446e+05
736624 53.775052 56.447411 53.099511 56.040100 2.602820e+05
736627 56.149378 56.864659 55.642721 56.745443 1.454400e+05
736628 56.814984 56.814984 55.742068 56.626231 1.710708e+05
736629 56.248723 56.447412 55.791740 56.139443 1.808066e+05
736630 56.089772 56.199051 55.324821 55.960627 1.961056e+05
736631 55.821542 56.854724 55.593050 56.397740 1.328233e+05
736634 56.626231 57.470656 56.258659 56.874592 2.272003e+05
736635 56.775250 56.973935 56.328200 56.675903 1.515000e+05
736636 56.675902 57.321642 56.427542 56.874592 1.384859e+05
736637 57.073282 57.520332 56.526889 56.725574 1.640174e+05
736638 56.626231 57.023610 55.682460 55.732131 1.268626e+05
736641 56.626232 57.371314 56.278529 57.172624 1.490164e+05
736642 57.122953 57.520332 56.675902 57.271971 8.891312e+04
736643 56.874592 59.457541 56.675902 59.258856 1.923305e+05
736644 59.209180 60.997381 59.010495 60.749020 1.583548e+05
736645 60.848362 62.586886 59.954261 61.742462 2.544207e+05
736648 62.388198 62.537217 61.146395 61.593445 1.673951e+05
736649 61.494102 61.891476 60.798691 61.126525 1.451420e+05
736650 61.146394 61.394755 59.755578 60.301970 2.153784e+05
736651 60.252300 61.047053 60.202623 60.401313 1.061990e+05
736652 60.351641 60.947705 59.358199 60.550331 1.407708e+05
736655 60.848363 61.543774 60.649673 60.898034 1.147426e+05
736656 61.146394 62.090166 60.401312 62.090166 1.043115e+05
736657 61.742463 62.884919 61.394755 62.040495 8.076689e+04
736659 62.189507 62.537215 61.692786 62.487544 3.963836e+04
736662 62.288855 62.785577 61.990824 62.537216 9.576787e+04
736663 62.586887 63.133280 61.345084 61.394755 9.497312e+04
736664 61.574096 61.773366 60.378482 60.428303 7.661890e+04
736665 60.577752 60.976292 59.730861 59.979947 1.146793e+05
736666 59.780678 60.079580 59.282506 59.581408 5.988031e+04
736669 59.880310 60.378482 59.531592 60.278850 1.594151e+05
736670 60.278850 60.627569 59.681045 60.478120 1.185650e+05
736671 59.930131 61.225378 59.930131 60.727206 9.973410e+04
736672 60.777022 63.467154 60.577752 62.919165 1.467616e+05
736673 62.719895 64.363860 62.420992 64.264228 1.341080e+05
736676 64.264228 64.563134 63.068613 63.218067 1.195614e+05
736677 63.218067 63.367516 62.321355 62.520625 8.668198e+04
736678 62.221722 62.520625 61.225378 61.474464 8.847540e+04
736679 61.574098 62.301429 61.454537 61.873000 1.237460e+05
736680 62.122085 62.371172 61.225378 61.374827 4.327125e+05
736683 61.623912 62.371171 60.378482 60.677389 1.331116e+05
736684 61.225378 61.225378 60.428303 60.777022 1.490532e+05
736685 60.677389 61.125740 59.930131 60.428303 1.063100e+05
736686 60.577752 61.574097 59.730861 60.577752 1.023246e+05
736687 60.727206 61.026108 60.029764 60.777022 7.263352e+04
736691 60.826838 61.474464 60.278849 60.677389 8.130172e+04
736692 61.026109 61.026109 59.581408 60.129397 1.157752e+05
736693 60.179218 60.527936 59.880310 60.278850 7.960794e+04
736694 60.278850 60.378482 59.681045 60.079580 1.145796e+05
736698 60.478120 60.627569 59.083236 59.581408 9.554945e+04
736699 59.681046 59.930132 59.332322 59.780678 1.138822e+05
736700 59.631223 59.930131 58.734516 58.933786 1.062103e+05
736701 59.033419 59.033419 58.236345 58.535247 7.074047e+04
736704 58.186529 58.784333 58.037075 58.286161 1.870139e+05
736705 58.286161 58.983604 57.987259 58.634880 2.036528e+05
736706 58.634879 58.834149 57.987258 58.535247 1.224508e+05
736707 58.435615 58.724552 57.538903 58.385794 7.273316e+04
736708 58.634879 58.883965 58.435614 58.585063 6.087666e+04
736712 58.435615 58.585064 57.040730 57.588719 1.029224e+05
736713 57.638535 58.435615 57.090546 57.638535 6.795070e+04
736714 57.588718 57.688355 56.144017 56.293471 8.578527e+04
736715 56.243655 56.791644 55.695667 56.791644 1.090001e+05
736718 56.741828 57.040731 55.546214 56.891277 1.058118e+05
736719 56.293471 58.037074 56.293471 57.787988 6.107593e+04
736720 58.086891 58.335977 57.638534 58.186528 8.239770e+04
736721 58.037075 58.186529 57.389449 57.837805 4.483551e+04
736722 58.037075 58.037075 57.389449 57.489086 4.334099e+04
736725 57.289817 57.389449 56.492742 56.891277 8.678162e+04
736726 56.941098 58.037075 56.891277 57.837805 2.199929e+05
736727 58.037075 58.485431 56.243655 56.393104 1.260376e+05
736728 55.546213 59.083235 55.546213 56.044385 2.664226e+05
736729 56.492741 58.933786 56.243655 58.236344 2.130185e+05
736732 57.837805 58.086891 57.339633 57.837805 7.811342e+04
736733 57.937442 57.937442 57.439270 57.538902 1.309197e+05
736734 57.439270 57.439270 56.542558 56.791644 5.928251e+04
736735 56.791643 57.738171 56.144017 57.439269 1.053136e+05
736736 57.738172 57.937442 57.040730 57.738172 5.141138e+04
736739 58.086891 58.216416 57.538902 57.538902 8.608418e+04
736740 57.289816 57.787988 57.140362 57.538902 8.339404e+04
736741 57.289816 57.987258 57.289816 57.738172 9.943519e+04
736742 57.837805 58.037075 57.389449 57.887621 1.113913e+05
736743 58.037075 58.186528 56.223728 58.086891 1.622049e+05
736747 58.086890 58.186528 57.688356 57.987258 1.429755e+05
736748 57.887621 58.634880 57.538903 58.286161 9.654579e+04
736749 58.385793 58.435614 57.538902 58.136707 1.824307e+05
736750 57.688356 58.624918 57.688356 57.887621 7.313170e+04
736753 57.837804 58.316050 57.588718 57.787988 2.857516e+05
736754 57.787989 57.787989 57.190184 57.240000 8.967102e+04
736755 57.900002 59.150002 57.849998 59.099998 2.113000e+05
736756 58.900002 58.900002 58.000000 58.549999 6.530000e+04
736757 58.450001 58.799999 58.250000 58.500000 8.560000e+04
736760 58.299999 58.299999 57.750000 57.799999 6.090000e+04
736761 57.650002 57.900002 57.549999 57.700001 6.770000e+04
736762 57.849998 58.099998 57.549999 57.799999 5.760000e+04
736763 57.700001 57.900002 57.400002 57.700001 8.600000e+04
736764 57.650002 58.799999 57.650002 58.700001 6.810000e+04
