736034 1.530000 1.530000 1.450000 1.460000 1.170000e+04
736035 1.450000 1.500000 1.450000 1.500000 8.000000e+02
736036 1.460000 1.520000 1.450000 1.520000 5.600000e+03
736039 1.500000 1.530000 1.440000 1.530000 2.260000e+04
736040 1.450000 1.500000 1.310000 1.480000 3.360000e+04
736041 1.400000 1.480000 1.400000 1.440000 3.080000e+04
736042 1.470000 1.480000 1.440000 1.460000 1.560000e+04
736043 1.490000 1.540000 1.460000 1.460000 4.780000e+04
736046 1.500000 1.510000 1.460000 1.470000 2.190000e+04
736047 1.500000 1.500000 1.470000 1.480000 1.160000e+04
736048 1.470000 1.480000 1.470000 1.470000 2.210000e+04
736049 1.480000 1.500000 1.440000 1.450000 1.430000e+04
736050 1.490000 1.530000 1.470000 1.480000 5.770000e+04
736053 1.480000 1.530000 1.480000 1.530000 1.332000e+05
736054 1.530000 1.580000 1.500000 1.510000 1.420000e+05
736055 1.520000 1.530000 1.450000 1.470000 5.400000e+04
736056 1.490000 1.500000 1.450000 1.460000 1.020000e+04
736060 1.470000 1.490000 1.450000 1.460000 6.200000e+03
736061 1.450000 1.480000 1.430000 1.460000 5.800000e+03
736062 1.450000 1.470000 1.430000 1.470000 4.700000e+03
736063 1.470000 1.470000 1.460000 1.460000 5.300000e+03
736064 1.450000 1.460000 1.420000 1.450000 9.600000e+03
736067 1.450000 1.500000 1.440000 1.490000 2.130000e+04
736068 1.490000 1.500000 1.420000 1.500000 1.780000e+04
736069 1.480000 1.500000 1.460000 1.480000 3.200000e+04
736070 1.450000 1.500000 1.430000 1.500000 4.520000e+04
736071 1.480000 1.490000 1.470000 1.480000 2.000000e+03
736074 1.450000 1.500000 1.450000 1.500000 2.170000e+04
736075 1.460000 1.500000 1.430000 1.500000 5.230000e+04
736076 1.450000 1.480000 1.430000 1.450000 5.630000e+04
736077 1.450000 1.480000 1.440000 1.460000 9.500000e+03
736078 1.460000 1.500000 1.460000 1.490000 7.800000e+03
736081 1.490000 1.490000 1.450000 1.490000 1.550000e+04
736082 1.490000 1.530000 1.460000 1.530000 3.990000e+04
736083 1.480000 1.500000 1.450000 1.460000 1.010000e+04
736084 1.450000 1.500000 1.450000 1.500000 1.420000e+04
736085 1.480000 1.500000 1.470000 1.470000 1.800000e+03
736088 1.480000 1.500000 1.420000 1.420000 5.990000e+04
736089 1.490000 1.640000 1.490000 1.510000 1.327000e+05
736090 1.500000 1.570000 1.500000 1.510000 7.970000e+04
736091 1.550000 1.600000 1.500000 1.550000 5.180000e+04
736092 1.480000 1.550000 1.470000 1.540000 1.920000e+04
736095 1.520000 1.560000 1.520000 1.550000 8.840000e+04
736096 1.550000 1.600000 1.550000 1.600000 6.200000e+04
736097 1.650000 1.750000 1.560000 1.700000 1.973000e+05
736098 1.660000 1.700000 1.600000 1.670000 7.200000e+04
736099 1.630000 1.690000 1.560000 1.670000 2.195000e+05
736102 1.630000 1.660000 1.530000 1.550000 1.235000e+05
736103 1.600000 1.670000 1.530000 1.540000 2.069000e+05
736104 1.520000 1.590000 1.510000 1.560000 2.924000e+05
736105 1.560000 1.600000 1.530000 1.560000 9.770000e+04
736106 1.550000 1.560000 1.530000 1.550000 1.230000e+05
736110 1.550000 1.610000 1.510000 1.550000 3.089000e+05
736111 1.530000 1.600000 1.520000 1.570000 9.780000e+04
736112 1.580000 1.680000 1.570000 1.640000 3.150000e+04
736113 1.610000 1.620000 1.560000 1.610000 7.510000e+04
736116 1.600000 1.670000 1.590000 1.630000 2.086000e+05
736117 1.610000 1.630000 1.580000 1.600000 1.353000e+05
736118 1.600000 1.660000 1.600000 1.640000 2.282000e+05
736119 1.670000 1.790000 1.600000 1.770000 4.323000e+05
736120 1.700000 1.740000 1.650000 1.660000 2.353000e+05
736123 1.690000 1.700000 1.670000 1.700000 5.720000e+04
736124 1.680000 1.750000 1.660000 1.680000 9.960000e+04
736125 1.660000 1.700000 1.630000 1.640000 2.990000e+04
736126 1.660000 1.720000 1.660000 1.660000 2.690000e+04
736127 1.690000 1.700000 1.630000 1.630000 3.470000e+04
736130 1.580000 1.710000 1.580000 1.660000 4.960000e+04
736131 1.660000 1.750000 1.650000 1.690000 1.155000e+05
736132 1.710000 1.710000 1.680000 1.680000 1.730000e+04
736133 1.700000 1.750000 1.660000 1.690000 7.790000e+04
736134 1.740000 1.780000 1.660000 1.660000 4.820000e+04
736137 1.680000 1.700000 1.660000 1.660000 1.450000e+04
736138 1.660000 1.700000 1.660000 1.700000 6.040000e+04
736139 1.700000 1.730000 1.680000 1.690000 5.570000e+04
736140 1.690000 1.690000 1.650000 1.650000 4.690000e+04
736141 1.650000 1.700000 1.650000 1.700000 4.990000e+04
736144 1.650000 1.710000 1.650000 1.700000 3.340000e+04
736145 1.740000 1.740000 1.660000 1.670000 2.600000e+04
736146 1.710000 1.710000 1.660000 1.660000 7.370000e+04
736147 1.660000 1.710000 1.660000 1.660000 4.600000e+03
736151 1.660000 1.710000 1.650000 1.650000 6.800000e+03
736152 1.660000 1.690000 1.650000 1.650000 2.160000e+04
736153 1.650000 1.660000 1.630000 1.640000 5.140000e+04
736154 1.670000 1.690000 1.640000 1.640000 2.170000e+04
736155 1.650000 1.700000 1.650000 1.700000 1.820000e+04
736158 1.690000 1.690000 1.630000 1.640000 7.870000e+04
736159 1.640000 1.670000 1.640000 1.650000 9.500000e+03
736160 1.660000 1.690000 1.640000 1.670000 4.000000e+04
736161 1.650000 1.670000 1.630000 1.670000 6.130000e+04
736162 1.750000 1.790000 1.700000 1.740000 1.456000e+05
736165 1.780000 1.790000 1.690000 1.690000 3.770000e+04
736166 1.740000 1.740000 1.700000 1.700000 8.400000e+03
736167 1.700000 1.700000 1.670000 1.700000 1.390000e+04
736168 1.690000 1.700000 1.650000 1.650000 4.890000e+04
736169 1.710000 1.710000 1.630000 1.650000 3.330000e+04
736172 1.660000 1.660000 1.580000 1.600000 5.660000e+04
736173 1.580000 1.630000 1.570000 1.600000 2.090000e+04
736174 1.580000 1.640000 1.580000 1.590000 1.580000e+04
736175 1.590000 1.600000 1.550000 1.580000 3.040000e+04
736176 1.570000 1.600000 1.550000 1.570000 2.440000e+04
736179 1.550000 1.570000 1.500000 1.500000 5.370000e+04
736180 1.500000 1.540000 1.430000 1.510000 3.030000e+04
736181 1.500000 1.570000 1.500000 1.540000 3.070000e+04
736182 1.570000 1.580000 1.500000 1.500000 7.100000e+03
736183 1.510000 1.580000 1.470000 1.470000 3.570000e+04
736186 1.480000 1.570000 1.460000 1.460000 2.040000e+04
736187 1.460000 1.530000 1.420000 1.460000 1.297000e+05
736188 1.490000 1.500000 1.430000 1.440000 4.940000e+04
736189 1.450000 1.620000 1.450000 1.460000 4.960000e+04
736190 1.540000 1.610000 1.520000 1.550000 4.740000e+04
736193 1.550000 1.670000 1.550000 1.580000 3.360000e+04
736194 1.610000 1.620000 1.510000 1.510000 1.690000e+04
736195 1.540000 1.610000 1.540000 1.590000 2.130000e+04
736196 1.560000 1.600000 1.450000 1.590000 2.004000e+05
736197 1.550000 1.600000 1.470000 1.580000 1.770000e+04
736200 1.520000 1.540000 1.450000 1.450000 3.840000e+04
736201 1.480000 1.550000 1.460000 1.500000 2.490000e+04
736202 1.500000 1.500000 1.420000 1.470000 3.940000e+04
736203 1.470000 1.520000 1.450000 1.500000 1.430000e+04
736204 1.500000 1.570000 1.490000 1.510000 1.810000e+04
736207 1.530000 1.590000 1.420000 1.490000 1.690000e+04
736208 1.490000 1.500000 1.470000 1.480000 5.300000e+03
736209 1.500000 1.500000 1.390000 1.450000 8.460000e+04
736210 1.440000 1.500000 1.440000 1.450000 9.100000e+03
736211 1.480000 1.500000 1.450000 1.460000 9.000000e+03
736215 1.480000 1.500000 1.390000 1.410000 4.080000e+04
736216 1.440000 1.440000 1.390000 1.420000 9.500000e+03
736217 1.400000 1.410000 1.320000 1.340000 4.070000e+04
736218 1.330000 1.420000 1.330000 1.370000 1.400000e+04
736221 1.350000 1.390000 1.280000 1.290000 2.190000e+04
736222 1.380000 1.380000 1.260000 1.310000 6.700000e+03
736223 1.330000 1.360000 1.310000 1.310000 4.160000e+04
736224 1.330000 1.350000 1.310000 1.320000 5.500000e+03
736225 1.290000 1.350000 1.290000 1.350000 3.280000e+04
736228 1.350000 1.350000 1.300000 1.300000 2.800000e+03
736229 1.340000 1.340000 1.300000 1.300000 8.000000e+02
736230 1.340000 1.340000 1.270000 1.270000 7.000000e+03
736231 1.260000 1.320000 1.260000 1.300000 8.000000e+02
736232 1.310000 1.310000 1.180000 1.240000 2.230000e+04
736235 1.190000 1.300000 1.180000 1.290000 7.750000e+04
736236 1.250000 1.350000 1.200000 1.340000 3.560000e+04
736237 1.330000 1.500000 1.250000 1.460000 3.950000e+04
736238 1.500000 1.500000 1.350000 1.490000 4.580000e+04
736239 1.490000 1.540000 1.410000 1.480000 6.100000e+03
736242 1.480000 1.490000 1.350000 1.390000 1.700000e+04
736243 1.370000 1.420000 1.310000 1.420000 3.890000e+04
736244 1.320000 1.490000 1.320000 1.440000 7.600000e+03
736245 1.490000 1.540000 1.430000 1.510000 1.510000e+04
736246 1.490000 1.520000 1.460000 1.500000 5.220000e+04
736249 1.510000 1.520000 1.470000 1.510000 4.700000e+03
736250 1.480000 1.520000 1.470000 1.470000 1.530000e+04
736251 1.510000 1.510000 1.460000 1.470000 4.100000e+03
736252 1.590000 1.590000 1.500000 1.550000 1.020000e+04
736253 1.500000 1.500000 1.480000 1.500000 2.310000e+04
736256 1.500000 1.500000 1.370000 1.410000 3.460000e+04
736257 1.500000 1.500000 1.420000 1.420000 2.100000e+03
736258 1.440000 1.480000 1.440000 1.440000 8.100000e+03
736259 1.450000 1.450000 1.420000 1.440000 2.040000e+04
736260 1.450000 1.450000 1.410000 1.430000 2.500000e+04
736263 1.450000 1.450000 1.420000 1.420000 3.500000e+03
736264 1.410000 1.420000 1.410000 1.410000 1.100000e+03
736265 1.450000 1.450000 1.410000 1.420000 2.180000e+04
736266 1.420000 1.450000 1.420000 1.430000 3.600000e+03
736267 1.450000 1.460000 1.410000 1.410000 2.200000e+04
736270 1.410000 1.440000 1.400000 1.410000 1.770000e+04
736271 1.410000 1.440000 1.400000 1.410000 1.180000e+04
736272 1.430000 1.460000 1.430000 1.450000 1.930000e+04
736273 1.450000 1.460000 1.450000 1.450000 3.760000e+04
736274 1.460000 1.490000 1.450000 1.490000 2.000000e+03
736277 1.500000 1.500000 1.410000 1.470000 1.000000e+04
736278 1.430000 1.490000 1.400000 1.480000 8.220000e+04
736279 1.500000 1.620000 1.410000 1.590000 1.156000e+05
736280 1.570000 1.710000 1.550000 1.700000 5.270000e+04
736281 1.700000 1.750000 1.610000 1.740000 1.604000e+05
736284 1.740000 1.750000 1.690000 1.700000 3.900000e+04
736285 1.720000 1.740000 1.670000 1.730000 7.770000e+04
736286 1.690000 1.730000 1.660000 1.680000 1.440000e+04
736287 1.680000 1.700000 1.660000 1.670000 8.800000e+03
736288 1.670000 1.670000 1.620000 1.630000 7.700000e+03
736291 1.720000 1.720000 1.660000 1.660000 6.600000e+03
736292 1.650000 1.720000 1.600000 1.720000 4.550000e+04
736293 1.700000 1.700000 1.680000 1.700000 3.860000e+04
736295 1.690000 1.690000 1.520000 1.580000 8.260000e+04
736298 1.690000 1.690000 1.620000 1.650000 1.050000e+04
736299 1.630000 1.700000 1.610000 1.700000 4.870000e+04
736300 1.700000 1.700000 1.660000 1.690000 1.730000e+04
736301 1.690000 1.690000 1.660000 1.660000 8.000000e+02
736302 1.660000 1.700000 1.660000 1.690000 1.170000e+04
736305 1.680000 1.740000 1.680000 1.700000 5.810000e+04
736306 1.700000 1.750000 1.680000 1.700000 3.350000e+04
736307 1.700000 1.700000 1.640000 1.690000 2.960000e+04
736308 1.700000 1.750000 1.690000 1.740000 2.930000e+04
736309 1.700000 1.740000 1.600000 1.660000 3.130000e+04
736312 1.710000 1.720000 1.680000 1.720000 1.100000e+04
736313 1.690000 1.720000 1.660000 1.670000 2.230000e+04
736314 1.680000 1.720000 1.680000 1.680000 1.500000e+04
736315 1.720000 1.720000 1.650000 1.720000 4.900000e+03
736316 1.720000 1.720000 1.620000 1.620000 2.870000e+04
736319 1.640000 1.680000 1.630000 1.630000 4.300000e+03
736320 1.610000 1.690000 1.610000 1.680000 1.600000e+04
736321 1.680000 1.700000 1.630000 1.670000 1.370000e+04
736322 1.670000 1.700000 1.670000 1.690000 5.500000e+03
736326 1.700000 1.700000 1.610000 1.620000 1.130000e+04
736327 1.660000 1.680000 1.600000 1.620000 2.090000e+04
736328 1.620000 1.670000 1.620000 1.650000 1.300000e+04
736329 1.660000 1.680000 1.650000 1.670000 5.900000e+03
736333 1.620000 1.650000 1.620000 1.630000 5.710000e+04
736334 1.600000 1.710000 1.600000 1.690000 8.900000e+03
736335 1.630000 1.690000 1.600000 1.690000 3.350000e+04
736336 1.620000 1.660000 1.600000 1.640000 1.140000e+04
736337 1.660000 1.660000 1.630000 1.630000 3.800000e+03
736340 1.640000 1.640000 1.610000 1.610000 8.000000e+03
736341 1.620000 1.640000 1.500000 1.500000 3.370000e+04
736342 1.570000 1.570000 1.430000 1.460000 2.920000e+04
736343 1.460000 1.470000 1.450000 1.470000 2.130000e+04
736344 1.450000 1.460000 1.310000 1.350000 3.330000e+04
736348 1.390000 1.430000 1.350000 1.380000 1.880000e+04
736349 1.410000 1.450000 1.320000 1.380000 8.100000e+03
736350 1.360000 1.440000 1.360000 1.430000 2.010000e+04
736351 1.470000 1.520000 1.370000 1.370000 1.900000e+04
736354 1.370000 1.460000 1.340000 1.350000 2.570000e+04
736355 1.330000 1.410000 1.330000 1.410000 2.700000e+03
736356 1.410000 1.430000 1.410000 1.420000 2.000000e+03
736357 1.420000 1.490000 1.400000 1.460000 7.100000e+03
736358 1.480000 1.560000 1.480000 1.510000 1.490000e+04
736361 1.500000 1.510000 1.360000 1.490000 3.500000e+03
736362 1.450000 1.470000 1.380000 1.470000 8.600000e+03
736363 1.480000 1.480000 1.450000 1.460000 1.920000e+04
736364 1.460000 1.490000 1.460000 1.480000 2.200000e+03
736365 1.490000 1.490000 1.430000 1.440000 6.000000e+02
736368 1.360000 1.420000 1.360000 1.400000 2.510000e+04
736369 1.340000 1.530000 1.310000 1.360000 3.320000e+04
736370 1.400000 1.480000 1.380000 1.380000 9.700000e+03
736371 1.380000 1.380000 1.360000 1.380000 3.400000e+03
736372 1.360000 1.490000 1.360000 1.390000 1.000000e+03
736376 1.360000 1.490000 1.360000 1.410000 7.500000e+03
736377 1.380000 1.420000 1.370000 1.410000 1.100000e+04
736378 1.380000 1.380000 1.370000 1.370000 4.400000e+03
736379 1.410000 1.410000 1.360000 1.360000 1.060000e+04
736382 1.360000 1.400000 1.360000 1.390000 2.750000e+04
736383 1.390000 1.420000 1.360000 1.410000 4.300000e+04
736384 1.370000 1.410000 1.360000 1.390000 1.070000e+04
736385 1.380000 1.500000 1.380000 1.500000 1.520000e+04
736386 1.460000 1.500000 1.440000 1.470000 2.300000e+04
736389 1.400000 1.500000 1.380000 1.470000 1.320000e+04
736390 1.470000 1.500000 1.470000 1.500000 1.360000e+04
736391 1.460000 1.530000 1.460000 1.490000 1.710000e+04
736392 1.390000 1.510000 1.390000 1.430000 6.000000e+03
736393 1.460000 1.500000 1.430000 1.430000 1.260000e+04
736396 1.450000 1.470000 1.440000 1.460000 9.400000e+03
736397 1.460000 1.500000 1.460000 1.470000 1.070000e+04
736398 1.500000 1.500000 1.480000 1.490000 8.000000e+03
736399 1.490000 1.490000 1.470000 1.490000 1.500000e+03
736400 1.510000 1.550000 1.440000 1.520000 2.230000e+04
736403 1.510000 1.520000 1.410000 1.500000 2.600000e+04
736404 1.500000 1.500000 1.480000 1.480000 1.000000e+03
736405 1.530000 1.530000 1.440000 1.520000 2.300000e+03
736406 1.520000 1.520000 1.400000 1.510000 4.500000e+03
736407 1.460000 1.510000 1.410000 1.420000 1.540000e+04
736410 1.460000 1.530000 1.430000 1.510000 2.430000e+04
736411 1.650000 1.780000 1.500000 1.500000 1.661000e+05
736412 1.530000 1.640000 1.500000 1.590000 1.960000e+04
736413 1.570000 1.610000 1.550000 1.550000 6.000000e+03
736417 1.550000 1.560000 1.510000 1.520000 2.200000e+04
736418 1.630000 1.630000 1.500000 1.510000 1.070000e+04
736419 1.500000 1.560000 1.500000 1.510000 4.900000e+03
736420 1.520000 1.560000 1.440000 1.440000 1.150000e+04
736421 1.500000 1.530000 1.450000 1.450000 2.850000e+04
736424 1.500000 1.500000 1.420000 1.450000 1.390000e+04
736425 1.420000 1.460000 1.410000 1.410000 1.860000e+04
736426 1.380000 1.450000 1.380000 1.440000 2.810000e+04
736427 1.450000 1.470000 1.410000 1.420000 2.300000e+03
736428 1.420000 1.440000 1.380000 1.420000 6.800000e+03
736431 1.430000 1.460000 1.420000 1.420000 2.130000e+04
736432 1.430000 1.460000 1.430000 1.450000 8.900000e+03
736433 1.450000 1.470000 1.430000 1.430000 3.800000e+03
736434 1.460000 1.460000 1.450000 1.460000 2.000000e+03
736435 1.460000 1.530000 1.460000 1.490000 1.270000e+04
736438 1.540000 1.600000 1.440000 1.440000 5.410000e+04
736439 1.460000 1.550000 1.450000 1.520000 1.140000e+04
736440 1.550000 1.550000 1.520000 1.530000 5.900000e+03
736441 1.520000 1.550000 1.490000 1.530000 7.800000e+03
736442 1.560000 1.580000 1.550000 1.570000 1.460000e+04
736445 1.580000 1.610000 1.580000 1.610000 3.000000e+02
736446 1.590000 1.600000 1.580000 1.580000 3.100000e+03
736447 1.600000 1.610000 1.530000 1.610000 6.200000e+03
736448 1.600000 1.610000 1.600000 1.600000 2.300000e+03
736449 1.600000 1.620000 1.590000 1.600000 1.340000e+04
736452 1.600000 1.620000 1.590000 1.600000 1.690000e+04
736453 1.600000 1.600000 1.590000 1.600000 6.200000e+03
736454 1.510000 1.590000 1.510000 1.560000 7.600000e+03
736455 1.620000 1.700000 1.620000 1.700000 8.730000e+04
736456 1.670000 1.670000 1.570000 1.670000 1.900000e+04
736459 1.670000 1.700000 1.610000 1.670000 1.160000e+04
736460 1.700000 1.700000 1.640000 1.640000 3.160000e+04
736461 1.640000 1.690000 1.640000 1.650000 6.400000e+03
736462 1.580000 1.680000 1.580000 1.650000 3.500000e+03
736463 1.690000 1.700000 1.600000 1.650000 1.620000e+04
736466 1.660000 1.660000 1.510000 1.630000 6.200000e+04
736467 1.650000 1.660000 1.560000 1.650000 5.400000e+03
736468 1.650000 1.650000 1.550000 1.590000 8.100000e+03
736469 1.570000 1.700000 1.570000 1.670000 5.360000e+04
736470 1.640000 1.690000 1.620000 1.630000 1.870000e+04
736473 1.560000 1.680000 1.560000 1.650000 7.300000e+03
736474 1.630000 1.670000 1.590000 1.650000 1.000000e+04
736475 1.690000 1.700000 1.580000 1.690000 1.450000e+04
736476 1.690000 1.690000 1.670000 1.670000 6.900000e+03
736477 1.530000 1.650000 1.530000 1.630000 5.170000e+04
736481 1.600000 1.670000 1.540000 1.600000 3.290000e+04
736482 1.610000 1.720000 1.610000 1.670000 2.130000e+04
736483 1.670000 1.750000 1.610000 1.650000 1.070000e+04
736484 1.670000 1.720000 1.670000 1.690000 6.200000e+03
736487 1.670000 1.710000 1.670000 1.710000 7.100000e+03
736488 1.710000 1.720000 1.630000 1.670000 3.010000e+04
736489 1.680000 1.710000 1.560000 1.700000 3.270000e+04
736490 1.680000 1.710000 1.630000 1.700000 1.240000e+04
736491 1.690000 1.710000 1.670000 1.700000 9.400000e+03
736494 1.620000 1.710000 1.600000 1.690000 1.330000e+04
736495 1.670000 1.840000 1.670000 1.800000 3.290000e+04
736496 1.900000 1.900000 1.780000 1.850000 5.980000e+04
736497 1.860000 1.900000 1.840000 1.850000 1.660000e+04
736498 1.800000 1.940000 1.800000 1.910000 1.210000e+04
736501 1.910000 1.920000 1.810000 1.910000 1.620000e+04
736502 1.870000 1.930000 1.750000 1.870000 5.500000e+04
736503 1.930000 1.930000 1.860000 1.900000 5.600000e+03
736504 1.930000 1.930000 1.820000 1.890000 2.650000e+04
736505 1.810000 1.940000 1.810000 1.940000 1.840000e+04
736508 1.860000 1.930000 1.730000 1.890000 3.590000e+04
736509 1.900000 1.930000 1.870000 1.880000 8.500000e+03
736510 1.920000 2.050000 1.910000 2.040000 6.860000e+04
736511 2.010000 2.080000 1.960000 2.020000 8.920000e+04
736512 2.040000 2.080000 1.950000 2.070000 5.410000e+04
736516 2.060000 2.070000 2.000000 2.050000 6.170000e+04
736517 2.050000 2.050000 1.910000 1.910000 4.530000e+04
736518 1.930000 2.070000 1.930000 2.000000 7.900000e+03
736519 2.010000 2.010000 1.960000 1.990000 6.530000e+04
736522 1.980000 1.980000 1.950000 1.980000 7.200000e+03
736523 1.930000 2.000000 1.930000 1.950000 7.300000e+03
736524 2.000000 2.000000 1.940000 1.970000 3.400000e+03
736525 1.960000 1.990000 1.910000 1.950000 4.800000e+03
736526 1.910000 1.940000 1.850000 1.940000 2.110000e+04
736529 1.920000 1.920000 1.900000 1.900000 9.400000e+03
736530 1.890000 1.940000 1.890000 1.940000 1.800000e+03
736531 1.910000 1.920000 1.820000 1.870000 1.550000e+04
736532 1.880000 1.890000 1.850000 1.870000 8.900000e+03
736533 1.910000 1.920000 1.880000 1.900000 9.900000e+03
736536 1.900000 1.900000 1.820000 1.860000 2.870000e+04
736537 1.890000 1.910000 1.850000 1.870000 9.300000e+03
736538 1.880000 1.890000 1.820000 1.830000 5.730000e+04
736539 1.820000 1.880000 1.750000 1.820000 5.700000e+03
736540 1.790000 1.870000 1.770000 1.790000 2.730000e+04
736543 1.790000 1.850000 1.790000 1.790000 1.520000e+04
736544 1.770000 1.800000 1.710000 1.760000 3.900000e+03
736545 1.790000 1.790000 1.730000 1.780000 2.300000e+03
736546 1.750000 1.810000 1.750000 1.810000 3.760000e+04
736547 1.810000 1.830000 1.800000 1.800000 2.390000e+04
736550 1.800000 1.860000 1.800000 1.820000 1.940000e+04
736551 1.860000 1.860000 1.820000 1.830000 2.350000e+04
736552 1.830000 1.900000 1.830000 1.900000 8.400000e+03
736553 1.900000 1.930000 1.850000 1.930000 1.260000e+04
736554 1.920000 2.020000 1.890000 1.940000 1.503000e+05
736557 2.000000 2.010000 1.800000 1.910000 1.375000e+05
736558 1.910000 1.950000 1.850000 1.940000 8.780000e+04
736559 1.930000 1.940000 1.880000 1.910000 7.330000e+04
736560 1.940000 1.950000 1.900000 1.950000 3.230000e+04
736561 1.910000 1.950000 1.850000 1.860000 6.490000e+04
736564 1.900000 1.940000 1.860000 1.910000 5.470000e+04
736565 1.870000 1.870000 1.750000 1.840000 1.272000e+05
736566 1.840000 1.860000 1.840000 1.850000 3.600000e+03
736567 1.850000 1.860000 1.840000 1.840000 3.600000e+03
736568 1.840000 1.860000 1.820000 1.850000 7.900000e+03
736571 1.840000 1.880000 1.840000 1.850000 1.250000e+04
736572 1.870000 1.980000 1.850000 1.960000 5.980000e+04
736573 1.980000 2.030000 1.940000 1.960000 4.520000e+04
736574 1.960000 1.990000 1.920000 1.920000 2.380000e+04
736575 2.030000 2.030000 1.850000 1.870000 6.010000e+04
736579 1.850000 1.900000 1.800000 1.850000 4.830000e+04
736580 1.970000 1.990000 1.900000 1.920000 2.350000e+04
736581 1.930000 1.990000 1.910000 1.950000 1.130000e+04
736582 1.970000 1.990000 1.870000 1.940000 2.190000e+04
736585 1.950000 1.980000 1.890000 1.970000 1.910000e+04
736586 1.970000 1.980000 1.910000 1.940000 8.400000e+03
736587 1.960000 2.000000 1.780000 1.790000 5.760000e+04
736588 1.840000 1.870000 1.800000 1.850000 2.200000e+04
736589 1.830000 1.880000 1.710000 1.710000 4.570000e+04
736592 1.760000 1.830000 1.750000 1.820000 3.410000e+04
736593 1.840000 1.870000 1.830000 1.850000 6.700000e+03
736594 1.800000 1.850000 1.790000 1.790000 4.500000e+03
736595 1.820000 1.880000 1.820000 1.840000 3.850000e+04
736596 1.790000 1.870000 1.790000 1.850000 2.240000e+04
736599 1.860000 1.860000 1.800000 1.810000 1.010000e+04
736600 1.840000 1.840000 1.750000 1.790000 1.390000e+04
736601 1.790000 1.820000 1.780000 1.780000 9.700000e+03
736602 1.770000 1.830000 1.760000 1.760000 5.000000e+03
736603 1.770000 1.800000 1.770000 1.790000 3.900000e+03
736606 1.800000 1.830000 1.780000 1.810000 8.680000e+04
736607 1.810000 1.820000 1.810000 1.820000 5.160000e+04
736608 1.830000 1.860000 1.810000 1.810000 1.527000e+05
736609 1.830000 1.850000 1.820000 1.840000 1.600000e+03
736610 1.850000 1.850000 1.750000 1.750000 6.330000e+04
736613 1.720000 1.750000 1.710000 1.750000 2.030000e+04
736614 1.730000 1.740000 1.700000 1.700000 1.030000e+04
736615 1.690000 1.720000 1.670000 1.720000 6.300000e+03
736616 1.700000 1.730000 1.650000 1.650000 9.200000e+03
736617 1.660000 1.660000 1.640000 1.640000 2.100000e+04
736620 1.660000 1.670000 1.640000 1.640000 5.500000e+03
736621 1.660000 1.680000 1.580000 1.580000 3.330000e+04
736622 1.600000 1.640000 1.560000 1.640000 7.400000e+03
736623 1.610000 1.630000 1.600000 1.630000 2.300000e+03
736624 1.610000 1.690000 1.590000 1.640000 4.300000e+04
736627 1.650000 1.750000 1.610000 1.650000 4.220000e+04
736628 1.660000 1.680000 1.630000 1.630000 1.400000e+04
736629 1.610000 1.680000 1.610000 1.650000 1.340000e+04
736630 1.650000 1.650000 1.610000 1.610000 2.090000e+04
736631 1.610000 1.660000 1.610000 1.630000 6.600000e+04
736634 1.640000 1.640000 1.610000 1.620000 1.300000e+03
736635 1.640000 1.680000 1.610000 1.650000 5.800000e+03
736636 1.700000 1.700000 1.650000 1.680000 2.600000e+03
736637 1.650000 1.700000 1.600000 1.650000 2.140000e+04
736638 1.690000 1.750000 1.680000 1.710000 2.720000e+04
736641 1.710000 1.710000 1.690000 1.690000 1.180000e+04
736642 1.700000 1.710000 1.640000 1.640000 3.000000e+04
736643 1.620000 1.670000 1.600000 1.650000 4.420000e+04
736644 1.650000 1.690000 1.600000 1.670000 1.320000e+05
736645 1.660000 1.750000 1.630000 1.750000 9.720000e+04
736648 1.740000 1.750000 1.720000 1.740000 1.360000e+04
736649 1.740000 1.740000 1.690000 1.710000 1.460000e+04
736650 1.730000 1.730000 1.690000 1.720000 2.350000e+04
736651 1.710000 1.790000 1.700000 1.740000 6.420000e+04
736652 1.750000 1.770000 1.690000 1.770000 4.500000e+03
736655 1.790000 1.790000 1.730000 1.740000 4.240000e+04
736656 1.750000 1.900000 1.750000 1.850000 1.411000e+05
736657 1.870000 1.940000 1.800000 1.900000 8.820000e+04
736659 1.910000 1.930000 1.860000 1.920000 5.300000e+03
736662 1.940000 1.940000 1.860000 1.860000 3.870000e+04
736663 1.880000 1.920000 1.850000 1.910000 1.550000e+04
736664 1.960000 2.000000 1.940000 2.000000 1.345000e+05
736665 2.000000 2.000000 1.880000 1.930000 3.490000e+04
736666 1.920000 1.930000 1.880000 1.880000 2.600000e+03
736669 1.930000 1.990000 1.900000 1.900000 7.130000e+04
736670 1.950000 1.980000 1.940000 1.940000 1.550000e+04
736671 1.960000 1.960000 1.940000 1.950000 1.450000e+04
736672 1.960000 2.080000 1.800000 1.910000 1.923000e+05
736673 1.960000 2.090000 1.950000 2.080000 6.140000e+04
736676 2.060000 2.080000 1.960000 1.960000 8.810000e+04
736677 2.010000 2.060000 1.920000 1.930000 3.700000e+04
736678 2.020000 2.040000 1.970000 1.970000 1.620000e+04
736679 1.980000 2.040000 1.980000 1.980000 1.700000e+04
736680 2.000000 2.040000 1.890000 1.890000 8.040000e+04
736683 1.950000 2.000000 1.900000 1.910000 2.250000e+04
736684 1.930000 2.010000 1.920000 2.000000 9.200000e+03
736685 2.020000 2.100000 1.940000 2.100000 8.900000e+04
736686 2.110000 2.240000 2.080000 2.210000 6.020000e+04
736687 2.220000 2.240000 2.180000 2.240000 3.430000e+04
736691 2.220000 2.230000 2.000000 2.220000 1.810000e+04
736692 2.140000 2.240000 2.050000 2.230000 1.510000e+04
736693 2.230000 2.330000 2.160000 2.290000 3.950000e+04
736694 2.300000 2.490000 2.290000 2.400000 6.790000e+04
736698 2.410000 2.450000 2.160000 2.290000 9.930000e+04
736699 2.270000 2.350000 2.200000 2.290000 4.500000e+04
736700 2.290000 2.350000 2.290000 2.330000 2.710000e+04
736701 2.340000 2.380000 2.280000 2.280000 8.930000e+04
736704 2.260000 2.390000 2.260000 2.300000 6.940000e+04
736705 2.320000 2.390000 2.250000 2.290000 6.190000e+04
736706 2.320000 2.380000 2.130000 2.260000 2.530000e+04
736707 2.290000 2.290000 2.210000 2.210000 1.060000e+04
736708 2.250000 2.250000 2.150000 2.250000 2.560000e+04
736712 2.250000 2.260000 2.230000 2.240000 1.990000e+04
736713 2.270000 2.350000 2.130000 2.140000 3.700000e+04
736714 2.180000 2.210000 2.100000 2.190000 9.200000e+04
736715 2.170000 2.400000 2.140000 2.320000 2.695000e+05
736718 2.360000 2.400000 2.230000 2.280000 4.220000e+04
736719 2.270000 2.370000 2.270000 2.340000 1.140000e+05
736720 2.320000 2.350000 2.260000 2.270000 2.650000e+04
736721 2.300000 2.350000 2.250000 2.270000 1.610000e+04
736722 2.280000 2.310000 2.250000 2.290000 3.390000e+04
736725 2.310000 2.350000 2.300000 2.320000 4.300000e+04
736726 2.310000 2.350000 2.250000 2.280000 1.400000e+04
736727 2.280000 2.410000 2.280000 2.410000 9.810000e+04
736728 2.430000 2.450000 2.310000 2.440000 5.880000e+04
736729 2.470000 2.500000 2.390000 2.450000 8.000000e+04
736732 2.490000 2.530000 2.490000 2.490000 5.520000e+04
736733 2.500000 2.540000 2.490000 2.490000 4.120000e+04
736734 2.500000 2.570000 2.480000 2.480000 2.700000e+04
736735 2.530000 2.530000 2.420000 2.450000 9.420000e+04
736736 2.470000 2.510000 2.420000 2.460000 4.690000e+04
736739 2.500000 2.510000 2.430000 2.490000 2.810000e+04
736740 2.510000 2.520000 2.470000 2.500000 8.110000e+04
736741 2.460000 2.510000 2.310000 2.460000 1.027000e+05
736742 2.480000 2.490000 2.390000 2.390000 2.270000e+04
736743 2.310000 2.380000 2.230000 2.260000 7.350000e+04
736747 2.260000 2.350000 2.220000 2.290000 7.500000e+04
736748 2.300000 2.340000 2.250000 2.290000 2.600000e+04
736749 2.280000 2.330000 2.260000 2.310000 8.800000e+03
736750 2.270000 2.310000 2.200000 2.240000 6.370000e+04
736753 2.220000 2.290000 2.220000 2.270000 2.080000e+04
736754 2.220000 2.290000 2.130000 2.220000 3.630000e+04
736755 2.260000 2.300000 2.230000 2.270000 4.590000e+04
736756 2.250000 2.350000 2.250000 2.290000 6.340000e+04
736757 2.290000 2.290000 2.240000 2.280000 4.350000e+04
736760 2.200000 2.280000 2.160000 2.240000 5.830000e+04
736761 2.190000 2.300000 2.190000 2.280000 5.800000e+04
736762 2.280000 2.300000 2.270000 2.270000 1.370000e+04
736763 2.270000 2.280000 2.220000 2.240000 3.710000e+04
736764 2.250000 2.250000 2.220000 2.220000 2.850000e+04
