736034 33.400002 33.800002 32.800002 33.400002 9.000001e+04
736035 33.800001 33.800001 33.000001 33.200001 8.000000e+04
736036 32.600002 33.400002 32.000002 32.400002 1.480000e+05
736039 32.800001 32.800001 29.400001 31.600001 1.480000e+05
736040 30.800000 31.000000 28.600000 30.400000 1.580000e+05
736041 29.600000 29.800000 27.000000 27.800000 1.000000e+05
736042 27.800000 33.200000 26.200000 29.000000 3.120000e+05
736043 36.000000 37.000000 32.600000 32.800000 1.946000e+06
736046 30.800000 34.000000 29.200000 30.800000 4.620000e+05
736047 30.200000 31.200000 29.400000 30.400000 1.500000e+05
736048 30.800000 31.000000 28.800000 29.000000 1.460000e+05
736049 28.800001 29.400001 27.400001 27.600001 1.460000e+05
736050 27.200001 28.400001 27.200001 28.200001 5.800000e+04
736053 27.600000 31.800000 27.600000 29.800000 2.900000e+05
736054 29.200001 31.600001 28.400001 28.600001 1.460000e+05
736055 28.600001 29.000001 28.000001 28.200001 5.400000e+04
736056 28.200000 30.800000 28.000000 28.000000 7.000000e+04
736060 27.800000 29.600000 27.600000 29.000000 1.680000e+05
736061 28.600000 29.000000 28.000000 28.000000 7.800000e+04
736062 28.000001 29.600001 28.000001 28.200001 5.400000e+04
736063 29.200000 29.400000 27.600000 28.000000 6.400000e+04
736064 27.400000 29.800000 27.400000 28.400000 1.620000e+05
736067 28.600000 29.000000 28.000000 28.000000 8.400000e+04
736068 28.400001 30.800001 28.000001 30.200001 4.800000e+05
736069 30.000000 48.000000 30.000000 43.800000 8.814000e+06
736070 44.000002 47.000002 38.600002 40.400002 2.248000e+06
736071 40.000001 40.000001 34.800001 37.200001 6.080000e+05
736074 37.600000 42.800000 34.600000 39.800000 1.210000e+06
736075 40.400001 56.200001 40.400001 50.000001 7.484000e+06
736076 50.000002 60.600002 46.800002 55.400002 5.410000e+06
736077 55.600001 67.800001 51.400001 53.000001 8.898000e+06
736078 53.000001 55.600001 47.000001 51.000001 2.792000e+06
736081 49.399999 53.999999 45.999999 46.599999 1.526000e+06
736082 47.000002 50.200002 46.000002 49.400002 1.002000e+06
736083 48.600001 55.400001 47.200001 48.200001 2.034000e+06
736084 49.800001 53.600001 49.000001 52.000001 1.938000e+06
736085 54.800002 58.400002 51.200002 52.400002 2.388000e+06
736088 54.799999 57.399999 52.399999 56.599999 1.748000e+06
736089 57.200002 59.000002 51.000002 53.200002 1.558000e+06
736090 52.800001 52.800001 46.000001 47.200001 1.008000e+06
736091 46.800000 47.000000 44.400000 45.800000 3.900000e+05
736092 46.200002 49.000002 45.600002 47.400002 4.620000e+05
736095 61.599998 84.799998 59.999998 75.199998 4.057600e+07
736096 75.999999 79.599999 62.599999 63.599999 1.399200e+07
736097 63.800003 74.400003 59.400003 69.400003 8.536000e+06
736098 66.399999 73.799999 65.199999 67.599999 3.662000e+06
736099 67.600001 69.000001 58.200001 60.000001 3.742000e+06
736102 65.200001 65.200001 59.600001 62.000001 1.186000e+06
736103 62.200003 66.400003 60.000003 65.400003 2.832000e+06
736104 66.799999 67.399999 61.999999 64.599999 2.790000e+06
736105 63.800000 65.600000 61.000000 61.800000 1.282000e+06
736106 52.800001 53.200001 47.400001 49.200001 4.460000e+06
736110 48.600001 48.800001 47.000001 48.200001 6.180000e+05
736111 48.400001 48.400001 45.200001 46.200001 7.460000e+05
736112 45.399999 50.999999 44.999999 46.599999 1.962000e+06
736113 46.400002 46.600002 45.000002 45.400002 6.640000e+05
736116 45.200001 45.800001 43.000001 43.000001 5.180000e+05
736117 42.600001 44.800001 41.000001 43.200001 4.680000e+05
736118 42.800001 47.400001 41.800001 44.000001 9.100000e+05
736119 43.200000 44.600000 41.800000 43.800000 4.760000e+05
736120 43.999999 44.399999 42.199999 43.599999 2.720000e+05
736123 44.000001 44.000001 41.800001 42.000001 3.140000e+05
736124 42.200001 42.800001 41.200001 42.000001 2.120000e+05
736125 41.999999 46.799999 41.399999 44.599999 1.448000e+06
736126 45.800001 46.600001 42.000001 43.200001 7.660000e+05
736127 42.600001 43.400001 42.000001 42.200001 1.680000e+05
736130 41.200002 43.000002 38.800002 42.400002 5.260000e+05
736131 42.600002 42.600002 40.200002 41.400002 2.220000e+05
736132 41.200000 41.600000 40.200000 40.800000 2.340000e+05
736133 40.800002 44.800002 40.000002 43.400002 1.496000e+06
736134 44.000001 46.000001 40.800001 46.000001 1.584000e+06
736137 44.399999 45.199999 41.999999 42.599999 4.580000e+05
736138 42.199999 42.999999 40.999999 42.599999 3.800000e+05
736139 42.200000 42.600000 41.200000 41.800000 2.160000e+05
736140 43.199999 43.199999 41.199999 41.599999 3.700000e+05
736141 41.600001 42.800001 40.200001 41.000001 3.820000e+05
736144 40.000002 43.800002 39.400002 42.400002 9.160000e+05
736145 42.400001 42.800001 39.600001 41.000001 4.260000e+05
736146 41.400002 42.800002 40.200002 42.400002 7.180000e+05
736147 42.400002 43.400002 41.400002 42.400002 6.980000e+05
736151 41.600001 42.400001 41.000001 41.200001 3.980000e+05
736152 40.799999 41.799999 36.599999 37.599999 8.540000e+05
736153 37.200000 37.200000 30.800000 33.000000 9.180000e+05
736154 34.000000 34.800000 33.000000 33.000000 3.380000e+05
736155 33.600000 40.600000 33.200000 36.800000 2.508000e+06
736158 36.400001 38.400001 35.200001 36.000001 1.206000e+06
736159 35.399999 38.599999 35.399999 37.599999 7.280000e+05
736160 38.000002 38.000002 35.000002 36.400002 4.060000e+05
736161 36.000000 37.400000 36.000000 36.800000 2.100000e+05
736162 36.400000 36.800000 35.000000 35.800000 3.880000e+05
736165 35.200000 35.200000 32.000000 32.800000 7.600000e+05
736166 33.000000 33.000000 30.600000 31.800000 4.600000e+05
736167 31.400002 34.600002 31.200002 34.400002 3.720000e+05
736168 40.000000 42.000000 32.000000 32.000000 5.448000e+06
736169 32.000000 33.000000 31.000000 32.800000 5.000000e+05
736172 32.000000 32.400000 30.800000 32.000000 2.800000e+05
736173 31.799999 35.999999 30.199999 33.599999 1.022000e+06
736174 34.200002 36.200002 34.200002 35.400002 5.400000e+05
736175 35.800000 36.000000 33.200000 33.800000 2.880000e+05
736176 33.199999 33.799999 33.199999 33.599999 1.300000e+05
736179 34.400001 35.000001 32.000001 32.200001 1.760000e+05
736180 32.200000 32.200000 31.000000 31.000000 1.900000e+05
736181 31.000000 33.400000 31.000000 32.000000 2.420000e+05
736182 31.600001 32.800001 30.000001 30.600001 4.760000e+05
736183 30.600000 31.000000 27.600000 27.800000 5.140000e+05
736186 27.800000 29.000000 27.000000 27.400000 2.480000e+05
736187 27.200000 27.800000 27.000000 27.000000 1.160000e+05
736188 27.000001 27.200001 25.400001 25.600001 3.220000e+05
736189 25.600001 27.600001 25.600001 27.200001 2.680000e+05
736190 27.200000 27.200000 26.200000 27.000000 1.360000e+05
736193 26.600001 27.400001 26.200001 27.200001 1.440000e+05
736194 26.800000 32.400000 26.800000 29.400000 2.238000e+06
736195 29.000000 29.800000 26.400000 27.000000 3.980000e+05
736196 27.400001 28.400001 26.000001 26.600001 3.820000e+05
736197 26.000001 26.600001 24.200001 25.600001 3.760000e+05
736200 23.000000 25.600000 22.400000 24.000000 5.440000e+05
736201 25.000000 25.400000 23.800000 24.000000 3.520000e+05
736202 24.600000 24.600000 22.200000 22.800000 2.640000e+05
736203 22.800001 25.000001 22.800001 23.600001 2.960000e+05
736204 23.200000 25.000000 23.200000 24.800000 2.340000e+05
736207 24.800000 27.000000 24.800000 25.400000 3.680000e+05
736208 24.200000 26.600000 23.600000 24.400000 2.100000e+05
736209 25.600001 26.600001 24.400001 26.200001 2.480000e+05
736210 26.600000 28.600000 25.800000 26.000000 9.240000e+05
736211 25.800000 26.400000 25.200000 25.800000 1.260000e+05
736215 26.000000 26.600000 24.400000 26.000000 2.340000e+05
736216 29.400000 30.600000 26.000000 26.400000 1.040000e+06
736217 29.000001 29.000001 25.600001 27.200001 3.320000e+05
736218 26.800001 31.600001 26.800001 29.200001 1.518000e+06
736221 29.000000 30.800000 28.200000 30.000000 6.180000e+05
736222 30.000001 31.800001 28.400001 28.600001 7.220000e+05
736223 28.800000 29.200000 28.000000 28.400000 1.700000e+05
736224 28.600000 29.600000 27.400000 29.000000 2.380000e+05
736225 28.600000 31.800000 28.400000 31.800000 7.260000e+05
736228 31.800000 32.800000 30.000000 31.400000 7.560000e+05
736229 32.200001 34.400001 29.000001 29.200001 1.194000e+06
736230 30.000001 30.600001 27.200001 28.200001 5.240000e+05
736231 27.800001 28.400001 25.200001 26.600001 4.380000e+05
736232 26.400001 26.400001 24.400001 24.600001 4.060000e+05
736235 24.800001 24.800001 20.000001 20.200001 7.480000e+05
736236 20.200000 20.400000 16.000000 16.000000 8.740000e+05
736237 16.600000 17.400000 16.200000 16.400000 5.280000e+05
736238 16.200000 16.800000 15.200000 15.400000 2.820000e+05
736239 14.800000 15.600000 14.600000 15.400000 1.420000e+05
736242 16.400001 18.400001 15.000001 18.200001 7.860000e+05
736243 19.000001 19.200001 16.600001 17.600001 7.060000e+05
736244 18.000001 19.200001 17.600001 18.600001 5.800000e+05
736245 18.000000 21.400000 18.000000 21.000000 1.066000e+06
736246 21.000001 21.000001 19.000001 19.200001 6.700000e+05
736249 19.600000 19.800000 17.800000 17.800000 1.580000e+05
736250 17.200001 17.800001 16.400001 16.600001 2.200000e+05
736251 16.800000 17.800000 16.600000 17.000000 1.100000e+05
736252 17.400000 19.000000 16.600000 19.000000 7.240000e+05
736253 18.800000 20.400000 18.200000 18.800000 4.760000e+05
736256 18.000000 18.800000 17.200000 17.800000 2.740000e+05
736257 18.000000 18.000000 17.600000 17.800000 9.400000e+04
736258 19.400000 19.400000 17.600000 18.400000 3.800000e+05
736259 18.600000 19.200000 17.000000 17.400000 4.540000e+05
736260 18.000000 18.000000 15.400000 17.000000 3.220000e+05
736263 17.200001 17.200001 15.600001 16.200001 1.460000e+05
736264 16.000001 16.200001 15.600001 15.600001 1.380000e+05
736265 15.600000 16.000000 15.400000 15.400000 1.420000e+05
736266 15.000000 16.400000 15.000000 15.000000 1.440000e+05
736267 15.400000 15.800000 15.000000 15.200000 1.000000e+05
736270 15.200000 15.800000 15.200000 15.400000 1.020000e+05
736271 15.800000 16.400000 15.000000 16.000000 1.940000e+05
736272 16.200000 16.200000 15.400000 15.400000 1.000000e+05
736273 16.000000 16.000000 15.200000 15.400000 8.000000e+04
736274 15.600000 15.600000 15.400000 15.400000 7.000000e+04
736277 15.200000 15.400000 15.000000 15.000000 8.400000e+04
736278 15.000000 15.400000 15.000000 15.000000 9.600000e+04
736279 15.000000 15.600000 12.400000 13.400000 3.020000e+05
736280 13.600000 13.600000 11.000000 11.400000 3.380000e+05
736281 11.400000 11.800000 10.200000 10.800000 1.440000e+05
736284 10.600001 10.800001 8.200001 8.600001 5.980001e+05
736285 8.600000 9.400000 8.600000 9.200000 2.680000e+05
736286 9.600000 10.600000 9.200000 10.200000 3.160000e+05
736287 10.200000 10.400000 10.000000 10.200000 1.220000e+05
736288 10.200000 10.600000 9.200000 9.200000 2.160000e+05
736291 9.200001 9.200001 8.200001 8.600001 3.140000e+05
736292 8.200000 9.400000 8.200000 9.400000 1.000000e+05
736293 9.600000 10.600000 8.800000 10.400000 2.620000e+05
736295 10.600000 10.600000 9.800000 10.200000 7.800000e+04
736298 10.400000 10.600000 8.400000 9.200000 1.340000e+05
736299 9.600000 10.200000 9.000000 9.400000 8.600000e+04
736300 9.600000 10.000000 9.200000 9.200000 5.800000e+04
736301 9.600000 10.000000 9.000000 9.200000 8.400000e+04
736302 9.200000 9.400000 8.800000 9.200000 6.200000e+04
736305 8.800000 9.400000 8.200000 8.800000 1.020000e+05
736306 9.000000 11.800000 8.600000 11.000000 7.620000e+05
736307 10.400000 11.400000 9.600000 10.400000 2.300000e+05
736308 9.800000 10.200000 9.200000 9.800000 8.200000e+04
736309 9.400000 10.200000 8.800000 9.000000 2.740000e+05
736312 9.600000 10.000000 8.800000 9.000000 1.720000e+05
736313 9.000000 9.800000 8.800000 9.000000 1.480000e+05
736314 9.000000 9.000000 8.200000 8.400000 1.020000e+05
736315 8.400000 8.600000 8.000000 8.000000 1.340000e+05
736316 8.000000 8.200000 7.400000 7.400000 1.480000e+05
736319 7.400000 8.200000 7.200000 8.200000 1.980000e+05
736320 8.000000 8.600000 8.000000 8.000000 1.320000e+05
736321 8.600000 8.600000 8.000000 8.200000 7.400000e+04
736322 8.000000 8.200000 8.000000 8.200000 1.800000e+04
736326 7.800000 8.600000 7.800000 8.400000 8.800000e+04
736327 8.600000 8.600000 7.200000 7.600000 2.320000e+05
736328 7.600000 8.000000 7.200000 7.200000 1.500000e+05
736329 7.200000 7.800000 7.000000 7.000000 1.640000e+05
736333 7.000000 7.400000 6.400000 6.800000 1.320000e+05
736334 7.000000 7.200000 6.600000 6.800000 4.800000e+04
736335 7.200000 7.200000 6.400000 6.400000 1.200000e+05
736336 6.600000 6.600000 4.000000 5.400000 3.520000e+05
736337 5.400000 5.600000 4.400000 4.800000 1.520000e+05
736340 4.600000 5.200000 4.600000 5.200000 6.200000e+04
736341 5.200000 5.200000 4.600000 4.600000 4.600000e+04
736342 5.000000 5.000000 4.800000 5.000000 1.240000e+05
736343 4.800000 4.800000 4.800000 4.800000 4.200000e+04
736344 5.000000 5.000000 4.600000 4.800000 3.000000e+04
736348 4.800000 5.000000 4.800000 5.000000 2.000000e+04
736349 5.000000 5.200000 4.800000 5.200000 7.400000e+04
736350 5.200000 6.200000 4.600000 5.800000 6.800000e+04
736351 6.000000 6.200000 6.000000 6.200000 7.000000e+04
736354 7.000001 9.000001 6.600001 8.600001 4.560001e+05
736355 8.800000 8.800000 7.600000 8.400000 1.120000e+05
736356 8.600000 8.600000 7.600000 8.400000 6.200000e+04
736357 8.600001 10.000001 8.600001 8.600001 3.600000e+04
736358 9.400000 10.600000 9.000000 9.200000 1.200000e+05
736361 9.400000 9.600000 7.000000 8.200000 6.000000e+04
736362 9.000000 9.000000 8.400000 8.400000 2.400000e+04
736363 9.000000 9.000000 8.000000 8.200000 4.200000e+04
736364 8.000000 8.000000 7.200000 7.400000 5.800000e+04
736365 7.200000 7.400000 6.600000 6.800000 9.000000e+04
736368 6.800000 7.400000 5.400000 6.400000 5.400000e+04
736369 5.400000 6.400000 5.400000 6.200000 5.600000e+04
736370 6.400000 6.400000 4.600000 5.800000 1.080000e+05
736371 6.000000 6.000000 4.200000 5.400000 1.200000e+05
736372 6.400000 6.400000 4.800000 5.000000 1.040000e+05
736376 5.000000 5.600000 4.600000 5.200000 9.400000e+04
736377 5.200000 5.600000 5.000000 5.600000 5.400000e+04
736378 6.200000 6.200000 5.600000 5.600000 2.400000e+04
736379 6.600000 6.600000 5.200000 5.600000 5.400000e+04
736382 6.600000 6.600000 6.000000 6.400000 3.200000e+04
736383 6.600000 8.000000 6.000000 7.800000 1.340000e+05
736384 8.000000 10.000000 8.000000 9.800000 5.700000e+05
736385 10.600000 16.400000 8.200000 14.000000 1.860000e+06
736386 15.000000 15.400000 10.600000 11.400000 9.280000e+05
736389 11.200000 13.600000 10.000000 11.200000 5.060000e+05
736390 11.000000 11.200000 10.000000 10.000000 1.780000e+05
736391 9.000000 9.800000 8.200000 8.200000 4.540000e+05
736392 8.200000 9.000000 8.200000 8.400000 1.420000e+05
736393 8.400000 8.800000 7.600000 8.000000 3.180000e+05
736396 8.200000 9.200000 7.600000 8.800000 1.320000e+05
736397 9.200000 9.800000 8.200000 8.400000 7.800000e+04
736398 9.000000 9.400000 7.800000 8.400000 9.600000e+04
736399 9.000000 9.000000 8.000000 8.200000 4.800000e+04
736400 7.800000 8.800000 7.800000 8.000000 1.000000e+04
736403 8.000000 8.200000 7.600000 8.000000 7.200000e+04
736404 7.800000 8.400000 6.200000 6.800000 3.520000e+05
736405 6.600000 6.800000 5.200000 5.800000 3.640000e+05
736406 5.800000 6.200000 5.600000 5.600000 1.500000e+05
736407 5.600000 6.200000 5.600000 5.800000 5.400000e+04
736410 5.800000 6.200000 5.400000 6.000000 6.400000e+04
736411 6.000000 6.000000 5.800000 5.800000 2.000000e+04
736412 6.000000 6.000000 5.200000 5.800000 2.000000e+04
736413 6.000000 6.000000 5.800000 6.000000 3.600000e+04
736417 6.000000 6.000000 5.000000 5.200000 2.440000e+05
736418 5.800000 5.800000 4.800000 4.800000 1.820000e+05
736419 5.000000 5.400000 4.800000 4.800000 1.180000e+05
736420 5.200000 5.800000 4.800000 4.800000 2.340000e+05
736421 5.200000 5.200000 4.800000 5.000000 4.800000e+04
736424 5.000000 5.800000 5.000000 5.600000 2.120000e+05
736425 5.200000 5.800000 5.000000 5.200000 1.200000e+05
736426 5.000000 5.400000 4.800000 5.000000 1.440000e+05
736427 5.000000 5.200000 4.800000 5.200000 1.060000e+05
736428 5.200000 5.400000 5.000000 5.000000 1.060000e+05
736431 5.000000 5.400000 5.000000 5.000000 5.800000e+04
736432 5.400000 5.400000 5.000000 5.200000 6.400000e+04
736433 5.600000 7.200000 5.400000 6.000000 6.240000e+05
736434 6.000000 7.600000 6.000000 7.200000 6.060000e+05
736435 7.800000 7.800000 6.000000 7.000000 1.680000e+05
736438 7.000000 7.600000 5.600000 6.800000 2.640000e+05
736439 6.800000 8.800000 6.200000 8.800000 2.070000e+06
736440 10.600000 11.600000 6.600000 6.800000 4.940000e+06
736441 6.800000 7.000000 5.800000 6.600000 9.400000e+05
736442 6.800000 7.000000 6.600000 6.800000 4.960000e+05
736445 7.000000 8.000000 7.000000 7.800000 1.796000e+06
736446 8.200000 8.600000 5.600000 6.200000 2.862000e+06
736447 6.600000 6.800000 5.800000 6.000000 1.440000e+06
736448 6.200000 6.200000 5.800000 6.000000 3.300000e+05
736449 6.000000 6.600000 5.400000 6.200000 8.900000e+05
736452 6.600000 6.600000 5.800000 5.800000 2.280000e+05
736453 6.000000 6.200000 5.600000 6.000000 4.480000e+05
736454 6.200000 6.200000 5.600000 5.800000 3.120000e+05
736455 5.800000 6.000000 5.400000 5.800000 2.680000e+05
736456 5.600000 5.800000 5.600000 5.600000 1.820000e+05
736459 5.800000 7.000000 5.600000 6.200000 1.096000e+06
736460 6.800000 7.600000 6.200000 7.000000 1.768000e+06
736461 7.400000 7.400000 6.200000 6.600000 5.760000e+05
736462 6.400001 10.200001 6.200001 8.600001 6.666001e+06
736463 8.600000 8.800000 7.000000 7.600000 1.308000e+06
736466 9.000000 9.400000 7.400000 7.800000 2.830000e+06
736467 8.600000 8.800000 7.200000 8.200000 1.410000e+06
736468 7.800000 8.000000 6.400000 6.800000 1.054000e+06
736469 7.600000 8.200000 6.600000 6.800000 5.460000e+05
736470 7.800000 7.800000 6.800000 7.200000 4.180000e+05
736473 7.000000 7.800000 7.000000 7.200000 2.620000e+05
736474 7.200000 7.400000 6.600000 7.200000 5.340000e+05
736475 7.200000 7.200000 6.800000 7.200000 2.180000e+05
736476 7.000000 7.400000 6.600000 6.800000 5.540000e+05
736477 6.600000 6.800000 6.400000 6.600000 1.520000e+05
736481 7.000000 7.000000 6.400000 6.600000 1.240000e+05
736482 6.600000 6.600000 6.200000 6.600000 2.080000e+05
736483 6.200000 6.800000 6.200000 6.600000 3.760000e+05
736484 6.800000 6.800000 6.200000 6.600000 2.780000e+05
736487 6.800000 7.400000 6.200000 6.800000 3.900000e+05
736488 6.800000 7.000000 6.400000 6.600000 1.360000e+05
736489 6.800000 7.000000 6.400000 7.000000 2.640000e+05
736490 7.000000 7.200000 6.800000 6.800000 9.600000e+04
736491 6.600000 7.000000 6.400000 6.600000 2.100000e+05
736494 6.600000 6.600000 6.600000 6.600000 0.000000e+00
736495 7.200000 8.000000 7.000000 7.200000 6.600000e+05
736496 7.200000 7.600000 6.800000 7.200000 3.760000e+05
736497 7.000000 7.200000 6.400000 6.800000 1.560000e+05
736498 6.600000 7.200000 6.600000 6.600000 1.200000e+05
736501 7.600000 7.600000 6.600000 6.600000 1.180000e+05
736502 6.600000 7.000000 6.000000 6.000000 2.120000e+05
736503 6.000000 6.600000 6.000000 6.000000 1.040000e+05
736504 6.200000 6.400000 5.600000 6.000000 1.540000e+05
736505 5.600000 6.000000 5.600000 5.800000 2.520000e+05
736508 5.400000 6.000000 5.000000 5.800000 1.520000e+05
736509 5.200000 5.800000 5.200000 5.600000 9.600000e+04
736510 5.400000 5.800000 5.400000 5.800000 5.800000e+04
736511 5.400000 5.800000 5.400000 5.600000 6.800000e+04
736512 5.400000 5.600000 5.000000 5.200000 1.720000e+05
736516 5.400000 5.600000 5.200000 5.400000 1.200000e+05
736517 5.000000 5.600000 5.000000 5.400000 8.800000e+04
736518 5.200000 5.400000 5.000000 5.000000 2.480000e+05
736519 5.000000 5.400000 5.000000 5.000000 2.400000e+04
736522 5.000000 5.200000 5.000000 5.000000 1.220000e+05
736523 5.000000 5.400000 4.800000 5.400000 1.920000e+05
736524 6.200000 8.000000 5.400000 6.200000 9.840000e+05
736525 6.600000 6.600000 5.600000 6.200000 1.660000e+05
736526 6.200000 6.400000 5.800000 6.000000 1.600000e+05
736529 5.800000 6.200000 5.600000 5.800000 1.000000e+05
736530 6.000000 6.000000 5.600000 5.600000 7.600000e+04
736531 5.400000 6.000000 5.400000 5.800000 1.200000e+05
736532 5.800000 6.000000 5.800000 5.800000 3.400000e+04
736533 5.800000 6.000000 5.800000 5.800000 2.000000e+04
736536 5.600000 6.000000 5.600000 5.800000 8.800000e+04
736537 5.600000 5.800000 5.600000 5.600000 5.600000e+04
736538 5.800000 5.800000 5.600000 5.600000 3.400000e+04
736539 5.800000 6.000000 5.600000 5.800000 9.200000e+04
736540 5.600000 6.000000 5.200000 5.400000 1.120000e+05
736543 5.600000 5.600000 5.200000 5.600000 2.800000e+04
736544 5.600000 5.600000 5.200000 5.400000 5.200000e+04
736545 6.000000 6.000000 5.200000 5.400000 5.600000e+04
736546 6.000000 6.800000 5.400000 5.600000 7.720000e+05
736547 5.800000 6.000000 5.400000 5.400000 1.860000e+05
736550 5.400000 6.200000 5.400000 5.600000 1.300000e+05
736551 6.000000 6.600000 5.600000 6.200000 4.800000e+05
736552 6.600000 7.200000 6.200000 6.800000 4.160000e+05
736553 6.600000 7.600000 6.600000 7.400000 4.160000e+05
736554 7.600000 7.800000 6.200000 7.000000 4.280000e+05
736557 7.800000 7.800000 6.600000 6.800000 5.060000e+05
736558 6.600000 7.800000 6.000000 6.400000 5.460000e+05
736559 6.600000 6.600000 5.800000 6.400000 2.100000e+05
736560 6.000000 6.400000 6.000000 6.200000 2.960000e+05
736561 6.400000 6.400000 5.800000 6.200000 9.000000e+04
736564 5.400000 6.000000 5.400000 5.800000 1.160000e+05
736565 5.600000 6.000000 5.600000 6.000000 4.800000e+04
736566 5.600000 6.000000 5.600000 5.800000 6.600000e+04
736567 5.800000 5.800000 5.600000 5.600000 9.600000e+04
736568 5.600000 5.600000 5.400000 5.600000 6.000000e+04
736571 5.600000 5.800000 5.600000 5.800000 2.800000e+04
736572 5.800000 6.000000 5.600000 6.000000 4.800000e+04
736573 6.000000 6.000000 5.800000 6.000000 2.800000e+04
736574 5.800000 6.000000 5.600000 6.000000 2.400000e+04
736575 5.600000 6.000000 5.600000 5.800000 5.000000e+04
736579 5.600000 6.000000 5.600000 5.800000 1.440000e+05
736580 5.600000 5.800000 5.600000 5.600000 6.200000e+04
736581 5.600000 5.800000 5.400000 5.600000 9.600000e+04
736582 5.400000 5.600000 5.400000 5.400000 1.080000e+05
736585 5.600000 5.600000 3.000000 4.200000 6.140000e+05
736586 5.200000 5.200000 4.400000 4.600000 1.500000e+05
736587 5.000000 5.000000 4.600000 4.600000 6.800000e+04
736588 4.800000 5.000000 4.400000 4.400000 8.400000e+04
736589 3.110000 4.590000 3.040000 4.100000 1.732000e+05
736592 4.400000 4.570000 4.160000 4.490000 9.450000e+04
736593 4.450000 6.830000 4.450000 5.600000 4.856000e+05
736594 6.100000 6.100000 4.690000 5.020000 1.106000e+05
736595 5.030000 6.440000 5.030000 6.290000 1.529000e+05
736596 6.220000 6.810000 5.810000 6.120000 7.690000e+04
736599 5.960000 6.000000 5.530000 5.780000 1.960000e+04
736600 5.570000 5.990000 5.310000 5.620000 4.100000e+04
736601 5.590000 5.890000 5.200000 5.570000 6.460000e+04
736602 5.520000 6.200000 5.500000 5.500000 5.870000e+04
736603 5.550000 5.600000 5.320000 5.460000 1.000000e+04
736606 5.470000 5.620000 5.250000 5.450000 5.400000e+03
736607 5.430000 5.510000 5.260000 5.410000 7.800000e+03
736608 5.550000 5.550000 5.280000 5.400000 5.800000e+03
736609 5.340000 5.340000 5.220000 5.230000 1.310000e+04
736610 5.140000 5.200000 4.550000 4.590000 1.820000e+04
736613 4.590000 4.640000 4.230000 4.590000 1.120000e+04
736614 4.370000 4.570000 4.220000 4.500000 1.280000e+04
736615 4.540000 5.040000 4.500000 4.500000 8.000000e+03
736616 5.000000 5.000000 4.490000 4.490000 2.610000e+04
736617 4.450000 4.890000 4.450000 4.890000 1.240000e+04
736620 4.710000 4.710000 4.210000 4.440000 2.430000e+04
736621 4.300000 4.630000 4.300000 4.460000 1.910000e+04
736622 4.200000 4.550000 4.200000 4.500000 9.800000e+03
736623 4.560000 4.920000 4.320000 4.340000 1.090000e+04
736624 4.410000 4.500000 4.410000 4.440000 3.900000e+03
736627 4.220000 4.950000 4.220000 4.360000 6.600000e+03
736628 4.350000 4.350000 4.240000 4.270000 7.600000e+03
736629 4.250000 4.310000 4.170000 4.200000 8.900000e+03
736630 4.190000 4.200000 4.060000 4.130000 2.600000e+03
736631 4.070000 4.250000 3.530000 3.950000 6.500000e+03
736634 3.640000 4.160000 3.640000 4.000000 9.000000e+03
736635 3.910000 4.070000 3.910000 4.070000 5.200000e+03
736636 3.710000 4.100000 3.710000 3.810000 2.500000e+03
736637 3.770000 3.780000 3.260000 3.260000 5.600000e+03
736638 3.250000 3.350000 2.650000 3.350000 3.140000e+04
736641 3.140000 3.490000 3.140000 3.250000 8.300000e+03
736642 3.350000 3.350000 3.180000 3.180000 1.000000e+03
736643 3.110000 3.110000 2.720000 2.720000 3.500000e+03
736644 3.080000 3.100000 2.760000 2.960000 3.500000e+04
736645 3.020000 4.050000 2.850000 3.510000 7.230000e+04
736648 3.450000 3.610000 3.030000 3.610000 1.120000e+04
736649 3.690000 3.950000 3.360000 3.930000 8.000000e+03
736650 3.970000 4.980000 3.450000 4.840000 8.580000e+04
736651 4.790000 5.010000 4.140000 4.400000 4.320000e+04
736652 4.390000 4.830000 4.360000 4.450000 3.050000e+04
736655 4.570000 4.570000 4.250000 4.250000 1.130000e+04
736656 4.340000 4.340000 3.470000 3.960000 2.090000e+04
736657 3.830000 4.410000 3.830000 4.100000 1.480000e+04
736659 3.950000 4.180000 3.950000 4.060000 1.010000e+04
736662 3.920000 4.080000 3.790000 3.860000 5.100000e+03
736663 4.040000 4.060000 3.310000 3.470000 3.830000e+04
736664 3.180000 3.360000 3.030000 3.090000 1.160000e+04
736665 3.070000 3.600000 3.070000 3.260000 4.100000e+03
736666 3.260000 3.260000 2.870000 2.900000 4.920000e+04
736669 2.900000 2.900000 2.590000 2.600000 3.890000e+04
736670 2.600000 2.650000 2.580000 2.590000 1.820000e+04
736671 2.550000 2.550000 2.230000 2.400000 1.190000e+04
736672 2.370000 3.150000 2.370000 2.760000 9.910000e+04
736673 2.750000 3.080000 2.750000 2.840000 5.800000e+04
736676 2.900000 2.900000 2.340000 2.800000 3.510000e+04
736677 2.900000 2.900000 2.530000 2.530000 2.860000e+04
736678 2.530000 2.530000 2.190000 2.210000 6.020000e+04
736679 2.230000 2.290000 2.090000 2.200000 6.100000e+03
736680 2.230000 2.490000 2.130000 2.340000 5.390000e+04
736683 2.200000 2.380000 2.150000 2.350000 1.940000e+04
736684 2.190000 2.470000 2.100000 2.170000 2.470000e+04
736685 2.180000 2.230000 2.100000 2.120000 5.200000e+04
736686 2.200000 2.230000 2.130000 2.130000 4.300000e+03
736687 2.150000 2.310000 2.150000 2.270000 2.340000e+04
736691 2.310000 2.780000 2.220000 2.570000 1.211000e+05
736692 2.860000 3.100000 2.580000 3.050000 9.480000e+04
736693 2.970000 3.180000 2.370000 2.500000 1.749000e+05
736694 2.530000 2.940000 2.370000 2.410000 8.330000e+04
736698 2.400000 2.590000 2.270000 2.590000 7.500000e+04
736699 2.570000 2.660000 2.400000 2.410000 7.530000e+04
736700 2.430000 2.430000 2.270000 2.300000 2.090000e+04
736701 2.280000 2.380000 2.250000 2.290000 1.190000e+04
736704 2.270000 2.280000 2.090000 2.250000 4.880000e+04
736705 2.240000 2.560000 2.100000 2.340000 1.150000e+05
736706 2.270000 2.600000 2.160000 2.440000 9.600000e+04
736707 2.300000 2.500000 2.220000 2.240000 2.790000e+04
736708 2.380000 2.380000 2.250000 2.250000 2.950000e+04
736712 2.270000 2.400000 2.200000 2.200000 3.480000e+04
736713 2.170000 2.550000 2.170000 2.380000 2.200000e+05
736714 2.490000 2.540000 2.120000 2.150000 1.366000e+05
736715 2.160000 2.160000 2.010000 2.050000 7.480000e+04
736718 2.030000 2.040000 1.780000 1.840000 6.100000e+04
736719 1.810000 1.820000 1.800000 1.800000 3.230000e+04
736720 1.790000 2.750000 1.720000 2.350000 3.105000e+05
736721 3.110000 3.110000 2.350000 2.550000 4.170000e+05
736722 2.690000 2.710000 2.170000 2.290000 5.420000e+04
736725 2.340000 2.340000 2.070000 2.160000 3.200000e+04
736726 2.370000 2.370000 2.110000 2.140000 3.830000e+04
736727 2.130000 2.340000 2.000000 2.090000 2.850000e+04
736728 2.200000 2.300000 2.080000 2.110000 4.590000e+04
736729 2.180000 2.240000 2.080000 2.200000 4.330000e+04
736732 2.230000 2.340000 2.130000 2.150000 5.390000e+04
736733 2.150000 2.290000 2.100000 2.130000 1.820000e+04
736734 2.110000 2.220000 2.050000 2.210000 2.650000e+04
736735 2.130000 2.620000 2.050000 2.500000 8.270000e+04
736736 2.500000 2.600000 2.120000 2.270000 1.042000e+05
736739 2.190000 2.540000 2.160000 2.160000 6.180000e+04
736740 2.300000 2.820000 2.190000 2.720000 1.021000e+05
736741 4.420000 4.750000 2.270000 2.420000 2.810100e+06
736742 2.640000 2.640000 1.940000 2.140000 9.088000e+05
736743 2.110000 2.200000 1.800000 1.900000 4.545000e+05
736747 1.860000 1.960000 1.510000 1.680000 5.044000e+05
736748 1.640000 1.640000 1.350000 1.360000 4.151000e+05
736749 1.380000 1.800000 1.220000 1.290000 1.346100e+06
736750 1.020000 1.050000 0.950000 1.000000 1.613500e+06
736753 1.050000 1.050000 0.930000 0.930000 6.243000e+05
736754 0.960000 1.000000 0.910000 0.930000 3.764000e+05
736755 0.970000 0.970000 0.880000 0.930000 3.335000e+05
736756 0.950000 0.950000 0.850000 0.870000 3.743000e+05
736757 0.880000 1.050000 0.820000 0.820000 2.512900e+06
736760 0.820000 0.890000 0.810000 0.840000 8.604000e+05
736761 0.890000 1.000000 0.880000 0.910000 1.755100e+06
736762 1.040000 1.130000 0.860000 0.890000 4.992400e+06
736763 0.910000 0.910000 0.800000 0.800000 1.231600e+06
736764 0.810000 0.850000 0.760000 0.760000 6.849000e+05
