736034 81.059998 81.370003 80.040001 80.239998 6.064000e+05
736035 80.400002 80.980003 80.099998 80.430000 7.079000e+05
736036 80.529999 80.930000 79.500000 80.180000 7.791000e+05
736039 80.349998 80.779999 79.910004 80.430000 6.730000e+05
736040 79.930000 81.510002 79.930000 81.419998 6.261000e+05
736041 81.150002 82.599998 80.889999 82.419998 8.693000e+05
736042 82.790001 83.010002 81.580002 82.529999 5.924000e+05
736043 82.750000 83.470001 82.540001 83.199997 1.134000e+06
736046 83.190002 84.750000 83.059998 84.089996 6.266000e+05
736047 83.949997 84.360001 82.790001 82.800003 6.556000e+05
736048 83.120003 83.419998 81.739998 81.889999 6.142000e+05
736049 81.599998 82.089996 81.000000 81.099998 6.024000e+05
736050 81.000000 82.000000 80.900002 81.760002 5.742000e+05
736053 81.900002 82.389999 81.830002 82.169998 4.159000e+05
736054 82.519997 83.410004 82.169998 82.449997 1.034100e+06
736055 82.320000 82.449997 81.190002 82.389999 5.841000e+05
736056 82.180000 83.769997 82.160004 83.370003 5.787000e+05
736060 82.779999 84.720001 82.779999 84.230003 6.543000e+05
736061 84.370003 86.019997 84.080002 85.110001 7.573000e+05
736062 85.730003 85.809998 84.190002 84.680000 1.026000e+06
736063 84.440002 85.089996 84.250000 84.959999 5.021000e+05
736064 85.050003 85.709999 84.410004 85.360001 7.537000e+05
736067 84.629997 84.629997 81.699997 81.889999 1.433200e+06
736068 82.000000 82.050003 80.769997 81.080002 1.144600e+06
736069 81.139999 83.650002 80.930000 83.080002 1.143000e+06
736070 83.230003 84.379997 82.010002 83.800003 6.933000e+05
736071 83.000000 83.660004 82.220001 82.449997 7.455000e+05
736074 82.639999 83.349998 81.400002 81.529999 7.312000e+05
736075 81.769997 82.570000 81.000000 81.809998 7.653000e+05
736076 81.879997 82.570000 81.190002 82.489998 6.748000e+05
736077 82.029999 83.930000 81.730003 83.320000 8.786000e+05
736078 83.139999 84.650002 83.019997 83.750000 7.783000e+05
736081 84.220001 84.599998 81.820000 82.010002 7.436000e+05
736082 81.669998 83.989998 81.360001 83.800003 9.513000e+05
736083 83.500000 84.870003 83.099998 84.199997 9.581000e+05
736084 83.900002 84.680000 83.300003 83.980003 7.915000e+05
736085 84.550003 85.449997 83.660004 85.029999 7.808000e+05
736088 85.029999 86.250000 84.919998 85.449997 7.154000e+05
736089 85.519997 86.500000 85.120003 86.459999 2.109200e+06
736090 84.029999 84.080002 76.400002 80.629997 8.603000e+06
736091 79.650002 80.279999 78.870003 79.650002 1.738900e+06
736092 80.220001 80.989998 79.440002 79.620003 1.390400e+06
736095 79.739998 80.279999 79.550003 80.110001 9.307000e+05
736096 80.209999 80.220001 79.029999 79.370003 8.618000e+05
736097 79.019997 79.370003 76.690002 77.690002 1.447300e+06
736098 78.000000 78.089996 76.709999 77.870003 5.595000e+05
736099 77.980003 78.260002 76.959999 77.440002 7.015000e+05
736102 77.559998 78.180000 77.279999 77.849998 4.412000e+05
736103 77.500000 78.160004 77.150002 77.650002 8.416000e+05
736104 77.830002 78.760002 77.410004 78.470001 1.164200e+06
736105 78.480003 79.150002 77.949997 78.519997 7.946000e+05
736106 78.610001 79.250000 78.339996 78.419998 7.815000e+05
736110 78.160004 78.199997 75.629997 75.669998 1.247000e+06
736111 70.970001 71.989998 68.550003 70.769997 5.183000e+06
736112 70.419998 72.099998 70.250000 71.900002 1.316900e+06
736113 71.959999 72.000000 70.809998 71.010002 3.290300e+06
736116 71.190002 72.070000 70.870003 71.849998 1.068400e+06
736117 71.629997 72.410004 71.430000 72.070000 7.860000e+05
736118 72.620003 72.849998 71.720001 71.970001 9.593000e+05
736119 71.699997 72.519997 71.349998 72.419998 7.426000e+05
736120 72.220001 72.480003 71.639999 72.059998 8.251000e+05
736123 71.699997 72.309998 71.400002 71.760002 6.880000e+05
736124 71.989998 72.330002 70.970001 70.989998 6.702000e+05
736125 71.389999 72.120003 71.000000 71.449997 6.300000e+05
736126 71.699997 72.239998 70.779999 71.000000 6.463000e+05
736127 70.959999 71.400002 70.559998 71.169998 6.699000e+05
736130 70.779999 71.400002 70.260002 70.680000 6.344000e+05
736131 70.699997 72.110001 70.699997 71.500000 6.310000e+05
736132 71.470001 71.730003 70.870003 71.459999 5.525000e+05
736133 71.669998 71.750000 71.260002 71.389999 5.000000e+05
736134 71.080002 72.279999 70.910004 71.779999 1.056200e+06
736137 72.349998 72.559998 71.680000 72.370003 4.500000e+05
736138 72.139999 73.510002 72.139999 73.199997 5.712000e+05
736139 72.790001 73.320000 72.639999 72.809998 1.080600e+06
736140 73.050003 73.220001 72.410004 72.410004 8.906000e+05
736141 72.500000 72.860001 71.709999 71.790001 8.821000e+05
736144 71.519997 71.519997 69.419998 69.430000 8.037000e+05
736145 69.970001 70.089996 69.089996 69.360001 5.641000e+05
736146 69.699997 70.150002 68.809998 70.029999 9.579000e+05
736147 70.730003 72.320000 70.059998 71.779999 2.427800e+06
736151 71.000000 71.599998 69.940002 70.139999 1.677200e+06
736152 70.379997 70.860001 68.839996 69.790001 1.041200e+06
736153 69.489998 70.459999 69.019997 69.389999 9.030000e+05
736154 70.080002 70.489998 68.559998 68.559998 8.046000e+05
736155 69.309998 69.589996 68.720001 69.080002 8.507000e+05
736158 69.489998 71.720001 69.489998 71.410004 6.887000e+05
736159 71.720001 71.980003 70.459999 70.500000 7.942000e+05
736160 70.120003 70.459999 69.779999 70.150002 4.734000e+05
736161 70.639999 70.639999 69.300003 70.379997 7.595000e+05
736162 70.160004 70.169998 69.160004 69.389999 4.333000e+05
736165 69.519997 69.879997 68.930000 69.070000 5.046000e+05
736166 69.070000 70.419998 69.070000 69.980003 9.740000e+05
736167 69.250000 70.870003 69.250000 70.059998 7.087000e+05
736168 69.940002 70.029999 67.379997 67.989998 1.301200e+06
736169 68.129997 68.449997 67.400002 67.959999 7.971000e+05
736172 67.650002 67.860001 67.080002 67.389999 7.213000e+05
736173 67.660004 68.029999 66.870003 67.669998 6.475000e+05
736174 67.440002 68.680000 67.080002 68.550003 6.475000e+05
736175 68.559998 69.269997 67.669998 68.980003 5.112000e+05
736176 69.199997 69.419998 68.190002 68.750000 6.007000e+05
736179 69.209999 69.269997 64.190002 64.489998 2.281300e+06
736180 64.440002 65.199997 63.639999 64.000000 1.464200e+06
736181 64.050003 64.820000 63.380001 64.010002 1.514300e+06
736182 64.519997 64.809998 63.400002 64.300003 1.686700e+06
736183 64.199997 65.029999 63.970001 64.269997 1.366500e+06
736186 64.169998 65.160004 64.150002 64.519997 1.993600e+06
736187 64.139999 64.180000 61.330002 62.110001 3.832900e+06
736188 57.000000 62.799999 56.959999 60.669998 6.340400e+06
736189 60.970001 61.910000 59.919998 61.380001 1.988000e+06
736190 61.660000 61.919998 60.900002 61.410000 1.336300e+06
736193 61.400002 62.630001 60.820000 62.419998 9.978000e+05
736194 62.599998 62.720001 61.650002 62.240002 9.444000e+05
736195 62.250000 62.570000 61.570000 62.009998 8.134000e+05
736196 62.299999 62.400002 60.590000 60.599998 1.100300e+06
736197 60.270000 60.959999 59.500000 60.439999 1.576400e+06
736200 58.650002 60.330002 56.009998 59.169998 2.153100e+06
736201 60.590000 60.980000 57.660000 57.820000 1.629900e+06
736202 58.889999 59.700001 57.400002 58.560001 1.260400e+06
736203 59.389999 61.180000 58.820000 61.139999 1.098500e+06
736204 60.750000 62.380001 60.549999 61.599998 1.141300e+06
736207 61.299999 62.080002 61.000000 61.580002 6.603000e+05
736208 60.000000 61.380001 59.060001 59.689999 9.766000e+05
736209 60.369999 60.689999 59.369999 60.580002 6.202000e+05
736210 60.680000 61.740002 60.439999 61.060001 5.304000e+05
736211 60.139999 61.119999 59.450001 59.740002 6.393000e+05
736215 61.009998 61.369999 60.029999 61.209999 8.081000e+05
736216 62.049999 62.130001 59.340000 59.490002 8.306000e+05
736217 59.279999 60.040001 58.860001 59.299999 5.758000e+05
736218 59.119999 59.130001 57.950001 58.750000 7.541000e+05
736221 58.830002 58.849998 57.700001 58.029999 7.806000e+05
736222 58.299999 58.709999 57.869999 58.400002 7.687000e+05
736223 58.500000 60.299999 58.410000 60.200001 1.001800e+06
736224 59.820000 60.619999 59.000000 59.160000 9.902000e+05
736225 58.459999 58.900002 58.380001 58.740002 1.338400e+06
736228 58.970001 59.700001 58.500000 58.680000 5.796000e+05
736229 58.500000 59.070000 57.900002 58.540001 6.840000e+05
736230 58.779999 58.950001 57.009998 57.200001 7.134000e+05
736231 56.930000 57.740002 56.270000 57.430000 8.285000e+05
736232 57.740002 58.130001 56.480000 56.950001 6.043000e+05
736235 56.540001 56.750000 55.700001 56.000000 9.601000e+05
736236 55.830002 56.509998 55.509998 56.160000 7.875000e+05
736237 56.750000 57.990002 55.270000 55.880001 9.201000e+05
736238 55.709999 56.139999 53.880001 54.310001 1.024800e+06
736239 53.720001 55.500000 53.049999 55.380001 1.525300e+06
736242 54.480000 55.610001 53.590000 55.509998 1.974600e+06
736243 55.669998 55.669998 54.400002 55.009998 9.031000e+05
736244 55.060001 56.240002 54.849998 55.509998 8.865000e+05
736245 55.580002 58.139999 55.200001 57.889999 1.075900e+06
736246 57.880001 58.180000 56.590000 57.180000 6.071000e+05
736249 57.500000 57.610001 56.180000 56.259998 4.024000e+05
736250 55.639999 56.459999 55.139999 55.459999 5.482000e+05
736251 55.700001 56.549999 55.139999 55.549999 7.776000e+05
736252 55.720001 55.779999 54.290001 55.250000 7.584000e+05
736253 55.189999 55.500000 54.139999 54.930000 6.817000e+05
736256 54.779999 55.470001 54.310001 54.930000 8.379000e+05
736257 55.070000 55.770000 54.720001 55.549999 1.354200e+06
736258 55.680000 55.820000 54.060001 54.139999 7.263000e+05
736259 54.189999 55.220001 54.080002 54.540001 7.892000e+05
736260 54.619999 54.959999 51.759998 52.000000 1.224000e+06
736263 51.849998 52.560001 51.619999 52.320000 8.775000e+05
736264 52.259998 53.060001 51.580002 52.930000 1.063900e+06
736265 53.000000 54.070000 52.560001 53.610001 7.950000e+05
736266 53.619999 53.820000 52.360001 53.009998 7.188000e+05
736267 53.119999 54.580002 53.020000 54.410000 9.019000e+05
736270 54.310001 55.580002 53.950001 55.119999 8.072000e+05
736271 55.340000 55.779999 54.790001 54.910000 1.910200e+06
736272 54.650002 54.650002 52.540001 53.880001 2.298900e+06
736273 54.119999 56.540001 53.750000 55.540001 1.540000e+06
736274 55.480000 55.480000 54.110001 55.119999 1.638900e+06
736277 55.160000 55.480000 53.490002 53.700001 2.145700e+06
736278 53.330002 54.430000 53.130001 54.299999 1.823000e+06
736279 54.430000 54.779999 51.830002 52.040001 2.294800e+06
736280 51.209999 52.730000 50.340000 51.009998 4.045800e+06
736281 37.209999 37.990002 32.220001 32.389999 2.211930e+07
736284 32.820000 33.650002 30.650000 31.850000 8.743600e+06
736285 32.150002 35.090000 31.590000 34.570000 5.577000e+06
736286 34.950001 35.490002 33.840000 35.389999 3.438100e+06
736287 35.090000 36.349998 35.000000 35.750000 2.445700e+06
736288 35.900002 37.009998 35.509998 36.790001 3.230600e+06
736291 36.799999 37.279999 36.090000 37.070000 2.032100e+06
736292 36.599998 38.910000 36.240002 38.810001 1.806800e+06
736293 38.509998 39.119999 38.259998 38.820000 1.112800e+06
736295 38.830002 39.790001 38.790001 39.070000 8.172000e+05
736298 38.599998 38.880001 37.959999 38.470001 1.699600e+06
736299 38.750000 39.049999 38.340000 38.930000 1.357100e+06
736300 38.419998 38.980000 37.660000 38.259998 1.447200e+06
736301 38.299999 39.259998 36.500000 38.849998 3.247800e+06
736302 38.689999 39.000000 38.070000 38.529999 1.051600e+06
736305 38.369999 39.000000 36.779999 38.580002 1.870600e+06
736306 38.029999 38.779999 36.820000 37.240002 1.355600e+06
736307 36.730000 38.480000 36.730000 37.189999 1.166700e+06
736308 37.500000 39.139999 37.389999 37.910000 1.055400e+06
736309 37.380001 37.759998 36.840000 36.980000 6.985000e+05
736312 37.360001 38.820000 36.720001 37.189999 1.473300e+06
736313 37.250000 38.320000 37.250000 37.810001 1.231100e+06
736314 37.869999 38.830002 37.750000 38.139999 9.726000e+05
736315 38.320000 38.320000 37.500000 37.799999 1.345800e+06
736316 35.500000 36.910000 35.029999 36.759998 3.220800e+06
736319 36.770000 37.580002 36.230000 36.610001 1.218200e+06
736320 36.639999 37.189999 36.259998 36.950001 8.726000e+05
736321 37.029999 38.520000 36.919998 38.450001 1.083900e+06
736322 38.330002 38.430000 37.259998 37.540001 3.731000e+05
736326 37.330002 37.610001 36.119999 36.689999 6.293000e+05
736327 37.160000 37.840000 36.820000 37.080002 9.329000e+05
736328 37.070000 37.630001 36.869999 37.130001 7.452000e+05
736329 37.150002 37.639999 36.500000 36.560001 1.073900e+06
736333 35.500000 35.779999 33.660000 34.290001 1.087440e+07
736334 34.520000 34.529999 32.830002 33.380001 2.715300e+06
736335 32.840000 33.730000 32.520000 32.599998 2.156000e+06
736336 32.099998 33.070000 31.459999 32.070000 1.655600e+06
736337 32.330002 32.490002 29.900000 29.910000 2.229600e+06
736340 30.330000 30.820000 29.980000 30.650000 2.853300e+06
736341 31.530001 31.959999 30.379999 30.620001 1.756900e+06
736342 30.690001 31.010000 29.530001 29.719999 1.061900e+06
736343 29.870001 30.469999 28.830000 30.100000 2.195800e+06
736344 29.080000 30.750000 28.809999 30.549999 1.892800e+06
736348 31.059999 31.059999 28.260000 28.910000 1.323600e+06
736349 28.440001 30.770000 28.290001 30.450001 1.546600e+06
736350 30.629999 32.160000 30.129999 31.370001 1.757500e+06
736351 31.799999 32.310001 30.270000 30.690001 1.215100e+06
736354 30.549999 31.190001 30.030001 30.260000 9.387000e+05
736355 30.570000 31.440001 30.410000 31.360001 7.281000e+05
736356 31.209999 32.000000 31.030001 31.270000 6.591000e+05
736357 31.709999 32.230000 31.120001 31.450001 6.893000e+05
736358 31.680000 32.619999 31.680000 32.599998 1.020700e+06
736361 32.189999 33.250000 31.389999 32.750000 1.350700e+06
736362 33.750000 34.840000 32.200001 32.790001 2.028300e+06
736363 32.810001 34.060001 32.070000 33.820000 1.134300e+06
736364 33.299999 34.570000 33.180000 34.410000 1.324300e+06
736365 34.099998 34.830002 33.840000 34.619999 1.574000e+06
736368 34.139999 35.230000 33.020000 34.049999 2.084200e+06
736369 33.660000 34.099998 33.090000 33.669998 1.205300e+06
736370 33.150002 33.540001 32.299999 33.299999 1.150500e+06
736371 32.750000 33.169998 31.870001 32.540001 1.528700e+06
736372 32.810001 33.520000 31.840000 33.340000 1.403500e+06
736376 33.860001 35.139999 33.500000 34.459999 2.464600e+06
736377 39.250000 45.689999 39.000000 44.299999 1.183850e+07
736378 44.040001 45.439999 42.660000 44.750000 3.287600e+06
736379 43.990002 44.540001 42.500000 44.330002 1.994400e+06
736382 44.340000 46.310001 44.320000 45.930000 1.584000e+06
736383 46.169998 46.980000 45.759998 46.029999 1.095300e+06
736384 45.439999 46.320000 44.970001 45.959999 1.075400e+06
736385 46.209999 46.529999 45.209999 46.410000 8.280000e+05
736386 46.520000 47.250000 45.770000 47.040001 7.524000e+05
736389 46.900002 47.540001 46.610001 46.910000 8.999000e+05
736390 47.360001 48.000000 46.430000 47.490002 1.083000e+06
736391 47.500000 49.270000 47.299999 49.230000 1.272800e+06
736392 49.130001 51.250000 49.000000 50.369999 1.779600e+06
736393 50.230000 51.930000 50.070000 51.180000 1.058200e+06
736396 50.580002 51.759998 50.470001 50.910000 1.394000e+06
736397 50.590000 50.820000 48.930000 49.189999 1.156600e+06
736398 49.730000 49.730000 48.049999 49.090000 1.132700e+06
736399 49.049999 49.590000 48.209999 48.939999 8.602000e+05
736400 49.430000 50.570000 49.209999 49.730000 6.141000e+05
736403 49.090000 49.860001 48.980000 49.570000 7.952000e+05
736404 49.230000 49.380001 46.590000 46.849998 1.277600e+06
736405 44.860001 44.910000 43.529999 44.619999 2.350700e+06
736406 45.090000 46.060001 44.470001 45.349998 1.268600e+06
736407 45.730000 46.090000 44.820000 45.369999 1.542200e+06
736410 45.779999 46.270000 45.430000 45.869999 8.410000e+05
736411 45.740002 45.790001 44.310001 45.160000 7.867000e+05
736412 44.709999 44.950001 43.560001 43.590000 7.443000e+05
736413 43.310001 44.040001 42.880001 43.950001 6.013000e+05
736417 43.869999 44.560001 43.290001 44.150002 4.384000e+05
736418 43.910000 43.959999 42.400002 43.660000 9.428000e+05
736419 43.680000 44.240002 43.000000 44.049999 5.309000e+05
736420 44.049999 44.639999 43.860001 44.419998 9.452000e+05
736421 43.880001 44.110001 41.970001 42.470001 1.725900e+06
736424 42.610001 43.040001 41.560001 41.669998 6.162000e+05
736425 41.430000 41.439999 40.590000 40.639999 8.773000e+05
736426 40.790001 41.060001 39.750000 40.549999 9.021000e+05
736427 40.189999 40.410000 38.650002 39.240002 1.472900e+06
736428 39.480000 39.799999 38.340000 38.500000 7.674000e+05
736431 38.770000 39.450001 38.610001 38.750000 1.004500e+06
736432 38.959999 39.599998 38.500000 39.180000 6.688000e+05
736433 39.480000 42.470001 39.279999 42.119999 1.169400e+06
736434 42.000000 42.189999 40.790001 41.509998 9.373000e+05
736435 41.250000 41.570000 40.500000 40.590000 8.050000e+05
736438 40.590000 41.180000 40.200001 40.880001 4.968000e+05
736439 41.160000 41.650002 40.779999 41.240002 5.194000e+05
736440 41.540001 43.189999 41.270000 42.740002 9.128000e+05
736441 42.770000 43.169998 42.139999 42.169998 5.756000e+05
736442 42.439999 43.790001 42.389999 42.840000 5.666000e+05
736445 42.610001 42.779999 41.540001 41.689999 6.175000e+05
736446 41.709999 42.700001 41.560001 42.650002 5.055000e+05
736447 42.369999 42.779999 41.580002 42.029999 7.221000e+05
736448 41.930000 42.139999 40.389999 40.570000 7.685000e+05
736449 40.630001 41.070000 39.209999 40.500000 1.606900e+06
736452 40.759998 40.910000 38.700001 39.380001 2.183600e+06
736453 39.360001 41.389999 38.650002 41.180000 1.938500e+06
736454 40.889999 41.450001 39.560001 40.189999 1.745400e+06
736455 40.259998 40.599998 39.270000 39.580002 1.406800e+06
736456 39.480000 40.110001 38.970001 39.720001 5.844000e+05
736459 39.570000 40.000000 38.900002 39.419998 7.298000e+05
736460 39.270000 40.340000 39.270000 40.099998 2.689700e+06
736461 27.129999 29.690001 26.510000 28.440001 1.806630e+07
736462 28.450001 28.799999 27.760000 28.250000 3.323100e+06
736463 27.799999 28.469999 27.090000 27.260000 2.505100e+06
736466 27.240000 27.299999 26.610001 26.920000 1.444600e+06
736467 26.990000 28.480000 26.620001 27.270000 1.681000e+06
736468 27.160000 27.309999 26.420000 26.620001 1.173800e+06
736469 26.459999 27.350000 26.440001 26.900000 1.351800e+06
736470 26.850000 27.510000 26.760000 27.219999 9.924000e+05
736473 27.180000 27.780001 27.170000 27.190001 6.539000e+05
736474 27.000000 27.400000 26.750000 26.889999 1.056700e+06
736475 27.070000 28.280001 26.920000 28.120001 1.395000e+06
736476 28.139999 28.299999 27.299999 27.559999 8.639000e+05
736477 27.450001 27.730000 27.170000 27.709999 6.773000e+05
736481 27.799999 27.959999 27.520000 27.870001 6.172000e+05
736482 28.090000 28.090000 27.190001 27.959999 6.542000e+05
736483 27.879999 28.559999 27.879999 28.450001 6.370000e+05
736484 28.340000 28.340000 27.490000 27.920000 5.893000e+05
736487 27.910000 28.530001 27.570000 28.389999 7.494000e+05
736488 28.230000 29.420000 28.080000 29.340000 8.868000e+05
736489 29.490000 29.840000 29.100000 29.379999 7.976000e+05
736490 29.059999 29.270000 28.240000 28.670000 6.840000e+05
736491 28.280001 28.520000 27.879999 28.049999 6.319000e+05
736494 27.520000 27.709999 26.830000 26.870001 8.064000e+05
736495 26.980000 27.170000 26.490000 27.010000 1.248500e+06
736496 27.030001 29.400000 26.750000 28.730000 1.763400e+06
736497 28.540001 28.870001 27.760000 28.830000 1.045800e+06
736498 28.690001 30.299999 28.480000 29.629999 9.698000e+05
736501 30.049999 31.760000 30.049999 30.690001 1.419400e+06
736502 30.809999 31.610001 30.520000 31.290001 1.399000e+06
736503 31.230000 31.740000 30.530001 30.580000 8.588000e+05
736504 30.750000 31.000000 30.120001 30.570000 8.156000e+05
736505 29.350000 29.610001 27.709999 27.809999 5.338800e+06
736508 27.629999 27.760000 26.030001 26.240000 2.010700e+06
736509 26.430000 27.000000 26.070000 26.520000 1.513500e+06
736510 26.940001 28.490000 26.770000 28.000000 1.349400e+06
736511 28.070000 28.540001 27.350000 28.530001 8.090000e+05
736512 28.389999 29.809999 28.389999 29.430000 1.332200e+06
736516 29.080000 29.160000 27.080000 27.459999 1.597100e+06
736517 27.230000 28.129999 26.790001 28.020000 2.167400e+06
736518 27.990000 28.820000 27.870001 28.270000 9.218000e+05
736519 28.650000 29.920000 28.330000 29.570000 9.223000e+05
736522 29.959999 30.680000 29.889999 30.450001 8.509000e+05
736523 30.680000 31.870001 30.580000 31.600000 1.408200e+06
736524 31.559999 31.660000 30.320000 30.830000 8.038000e+05
736525 31.010000 31.400000 30.360001 30.670000 1.057800e+06
736526 30.590000 30.590000 28.389999 28.660000 1.914200e+06
736529 28.690001 29.320000 28.410000 29.070000 1.124300e+06
736530 29.059999 30.160000 29.020000 29.160000 9.010000e+05
736531 29.309999 29.700001 29.090000 29.510000 8.643000e+05
736532 29.610001 30.430000 29.510000 29.620001 7.996000e+05
736533 29.450001 29.930000 28.629999 29.420000 5.878000e+05
736536 29.410000 30.270000 29.299999 30.170000 9.339000e+05
736537 29.780001 30.969999 29.780001 30.799999 7.013000e+05
736538 30.920000 31.629999 30.780001 31.230000 8.868000e+05
736539 30.920000 31.350000 30.440001 31.280001 6.937000e+05
736540 31.230000 31.760000 30.610001 31.600000 8.340000e+05
736543 31.730000 31.990000 31.139999 31.570000 6.921000e+05
736544 31.469999 31.559999 29.980000 30.040001 1.311100e+06
736545 29.200001 30.059999 28.900000 29.969999 1.734200e+06
736546 29.809999 30.500000 29.440001 29.540001 1.286100e+06
736547 29.940001 30.820000 29.830000 30.549999 2.727400e+06
736550 30.600000 31.590000 30.530001 30.740000 1.282300e+06
736551 30.670000 31.480000 30.150000 30.360001 2.224800e+06
736552 32.799999 33.049999 30.030001 30.570000 4.237100e+06
736553 30.950001 32.520000 30.950001 31.950001 1.436900e+06
736554 31.840000 32.240002 31.350000 31.620001 7.804000e+05
736557 31.549999 32.230000 31.420000 31.990000 6.974000e+05
736558 31.840000 32.290001 31.670000 31.770000 8.106000e+05
736559 31.770000 31.850000 30.930000 31.469999 1.185100e+06
736560 31.549999 32.000000 31.309999 31.530001 8.875000e+05
736561 31.549999 32.000000 31.459999 31.799999 6.211000e+05
736564 31.780001 31.840000 31.059999 31.410000 7.908000e+05
736565 31.469999 32.110001 31.469999 31.730000 7.194000e+05
736566 31.690001 31.690001 29.969999 30.090000 1.324800e+06
736567 29.780001 30.230000 29.440001 30.059999 1.270400e+06
736568 30.120001 30.559999 29.120001 29.500000 8.831000e+05
736571 29.719999 29.799999 29.270000 29.450001 4.740000e+05
736572 29.280001 29.540001 28.379999 28.590000 6.267000e+05
736573 28.639999 29.080000 28.139999 28.559999 7.846000e+05
736574 28.530001 28.940001 27.570000 28.150000 1.009500e+06
736575 28.420000 28.590000 28.010000 28.129999 6.412000e+05
736579 28.200001 28.200001 27.559999 27.959999 7.878000e+05
736580 28.040001 28.660000 27.740000 28.629999 7.824000e+05
736581 28.410000 28.610001 28.000000 28.150000 5.912000e+05
736582 28.000000 28.129999 27.160000 27.160000 8.541000e+05
736585 27.059999 27.740000 26.639999 27.709999 5.701000e+05
736586 27.320000 27.580000 26.559999 27.160000 5.173000e+05
736587 27.129999 27.320000 26.299999 26.670000 6.014000e+05
736588 26.510000 27.040001 26.320000 27.000000 9.606000e+05
736589 26.809999 27.040001 26.459999 26.809999 1.069000e+06
736592 26.990000 27.770000 26.990000 27.340000 7.762000e+05
736593 27.639999 28.150000 27.480000 27.930000 1.698900e+06
736594 27.930000 29.230000 27.879999 29.180000 1.480900e+06
736595 29.370001 30.809999 29.230000 30.139999 1.825000e+06
736596 29.980000 30.629999 29.719999 30.350000 8.673000e+05
736599 30.100000 30.299999 28.740000 28.770000 9.172000e+05
736600 28.719999 29.000000 28.330000 28.750000 5.035000e+05
736601 28.930000 29.010000 28.040001 28.299999 7.957000e+05
736602 28.360001 28.690001 27.559999 27.580000 6.214000e+05
736603 27.930000 27.940001 27.420000 27.770000 7.548000e+05
736606 27.600000 27.910000 27.440001 27.500000 7.087000e+05
736607 27.900000 28.040001 27.540001 27.830000 9.366000e+05
736608 27.959999 29.139999 27.959999 29.070000 6.189000e+05
736609 28.930000 29.070000 28.100000 29.049999 6.196000e+05
736610 29.070000 29.280001 28.480000 28.660000 4.855000e+05
736613 28.860001 30.070000 28.709999 29.809999 5.582000e+05
736614 29.809999 29.870001 28.850000 28.980000 4.330000e+05
736615 28.900000 29.270000 28.580000 28.910000 4.288000e+05
736616 28.850000 28.870001 27.900000 28.070000 8.129000e+05
736617 28.370001 28.750000 28.100000 28.549999 7.338000e+05
736620 28.540001 28.709999 27.719999 27.740000 3.367000e+05
736621 28.219999 28.219999 27.559999 28.020000 4.606000e+05
736622 28.190001 28.740000 27.910000 28.620001 4.861000e+05
736623 28.570000 28.930000 28.100000 28.549999 3.585000e+05
736624 28.180000 28.510000 27.950001 28.400000 3.159000e+05
736627 28.900000 29.740000 28.600000 29.180000 8.733000e+05
736628 28.980000 29.900000 28.540001 28.750000 5.612000e+05
736629 28.580000 29.520000 28.580000 29.110001 3.545000e+05
736630 28.540001 28.940001 26.480000 26.580000 1.232000e+06
736631 26.629999 26.930000 25.930000 26.490000 7.578000e+05
736634 27.200001 27.860001 27.030001 27.270000 9.372000e+05
736635 27.420000 27.600000 25.780001 26.270000 6.637000e+05
736636 26.110001 26.350000 25.540001 25.740000 9.130000e+05
736637 25.809999 25.990000 24.260000 24.709999 1.763900e+06
736638 23.290001 27.000000 23.100000 25.580000 2.398500e+06
736641 26.260000 27.209999 25.809999 26.920000 1.104900e+06
736642 26.940001 27.430000 26.250000 27.200001 7.093000e+05
736643 26.610001 28.240000 25.660000 28.070000 8.398000e+05
736644 28.700001 31.350000 28.650000 31.190001 2.158500e+06
736645 31.299999 31.950001 31.139999 31.740000 1.172700e+06
736648 32.110001 33.970001 31.920000 33.720001 1.149800e+06
736649 33.770000 33.810001 32.189999 32.919998 9.431000e+05
736650 34.799999 36.650002 34.299999 35.700001 2.014800e+06
736651 35.820000 36.020000 34.759998 34.849998 1.275200e+06
736652 34.790001 34.980000 33.630001 34.330002 8.674000e+05
736655 35.259998 36.080002 35.080002 35.240002 1.089200e+06
736656 35.639999 36.480000 35.290001 36.279999 1.075500e+06
736657 36.029999 36.869999 35.820000 36.610001 1.026200e+06
736659 36.759998 36.790001 35.869999 35.959999 6.134000e+05
736662 35.500000 35.700001 34.590000 34.880001 1.822800e+06
736663 35.080002 35.209999 34.380001 34.840000 9.138000e+05
736664 34.910000 35.009998 33.410000 33.419998 7.359000e+05
736665 33.529999 34.320000 32.799999 33.099998 1.128700e+06
736666 33.009998 33.849998 32.580002 32.689999 6.960000e+05
736669 33.020000 34.459999 32.930000 34.009998 1.256900e+06
736670 34.250000 34.459999 33.330002 33.840000 8.508000e+05
736671 33.820000 34.009998 33.259998 33.930000 9.809000e+05
736672 34.000000 35.040001 33.970001 34.619999 9.734000e+05
736673 34.419998 34.849998 33.650002 33.720001 2.248100e+06
736676 33.730000 34.209999 32.509998 32.599998 8.275000e+05
736677 32.959999 32.970001 31.920000 31.990000 1.007800e+06
736678 31.980000 32.299999 31.480000 31.719999 5.982000e+05
736679 31.850000 32.240002 31.080000 31.309999 7.316000e+05
736680 31.400000 31.400000 28.730000 28.870001 2.212100e+06
736683 28.879999 29.350000 28.030001 28.290001 1.286000e+06
736684 28.309999 28.959999 28.090000 28.730000 8.383000e+05
736685 28.709999 28.709999 27.760000 27.820000 7.297000e+05
736686 27.750000 27.930000 26.080000 26.230000 1.681800e+06
736687 26.400000 27.430000 26.270000 26.450001 8.554000e+05
736691 26.340000 26.930000 25.930000 26.350000 7.264000e+05
736692 26.459999 26.870001 25.850000 26.190001 8.715000e+05
736693 26.360001 26.690001 25.580000 25.760000 6.679000e+05
736694 25.820000 26.410000 25.629999 25.860001 9.673000e+05
736698 26.070000 26.690001 25.959999 26.370001 9.922000e+05
736699 26.690001 27.330000 26.660000 27.080000 9.547000e+05
736700 26.270000 26.299999 24.520000 25.010000 2.388500e+06
736701 25.110001 25.530001 24.889999 25.209999 8.427000e+05
736704 25.040001 25.059999 24.430000 24.510000 9.911000e+05
736705 24.750000 25.209999 24.650000 25.030001 1.063600e+06
736706 25.000000 25.000000 24.200001 24.879999 9.979000e+05
736707 25.059999 25.250000 24.389999 24.690001 8.496000e+05
736708 24.780001 25.340000 24.780001 25.160000 1.092800e+06
736712 25.280001 26.020000 25.280001 25.629999 1.530600e+06
736713 25.590000 25.629999 24.740000 25.260000 1.806200e+06
736714 25.280001 25.670000 24.410000 24.559999 6.928000e+05
736715 24.660000 25.180000 24.620001 24.820000 7.209000e+05
736718 24.620001 24.940001 24.430000 24.590000 5.799000e+05
736719 24.740000 25.879999 24.740000 25.790001 8.247000e+05
736720 26.080000 26.780001 26.020000 26.490000 1.048700e+06
736721 25.900000 26.299999 24.980000 25.170000 1.105400e+06
736722 25.270000 25.950001 24.930000 25.330000 1.444600e+06
736725 25.010000 25.190001 24.170000 24.900000 8.493000e+05
736726 24.629999 25.629999 24.299999 25.570000 7.240000e+05
736727 24.879999 25.129999 24.280001 24.920000 1.321700e+06
736728 24.900000 25.280001 24.620001 24.750000 1.215000e+06
736729 24.719999 25.459999 24.350000 25.340000 1.453900e+06
736732 25.350000 26.010000 25.250000 25.610001 1.022800e+06
736733 24.490000 24.799999 23.680000 23.750000 2.162100e+06
736734 23.670000 24.280001 23.430000 24.070000 1.788400e+06
736735 23.969999 24.280001 22.780001 23.309999 3.883000e+06
736736 22.520000 23.610001 22.459999 22.879999 3.074700e+06
736739 23.150000 23.219999 22.680000 22.980000 1.454900e+06
736740 22.860001 23.490000 22.799999 22.870001 2.812400e+06
736741 18.969999 19.770000 18.100000 19.480000 1.812850e+07
736742 19.629999 20.309999 18.900000 20.240000 5.036000e+06
736743 20.250000 21.030001 20.020000 20.730000 3.196200e+06
736747 20.879999 20.950001 19.600000 19.879999 3.162600e+06
736748 19.889999 20.139999 19.750000 19.900000 9.568000e+05
736749 20.120001 20.120001 19.340000 19.420000 1.679400e+06
736750 19.200001 19.480000 18.850000 19.190001 2.677700e+06
736753 19.200001 19.510000 19.040001 19.370001 1.417400e+06
736754 19.260000 19.370001 18.809999 18.910000 1.578500e+06
736755 19.090000 19.250000 18.770000 18.990000 1.550400e+06
736756 18.920000 19.110001 18.639999 18.670000 1.637700e+06
736757 18.500000 18.790001 17.010000 17.420000 5.739900e+06
736760 17.480000 17.549999 17.150000 17.350000 1.909300e+06
736761 17.209999 17.270000 16.809999 16.969999 1.606300e+06
736762 17.059999 17.469999 17.030001 17.299999 1.168600e+06
736763 17.309999 17.480000 16.670000 16.820000 1.303600e+06
736764 16.920000 17.370001 16.920000 17.059999 1.142300e+06
