736034 32.099998 33.450001 32.000000 32.189999 3.600000e+03
736035 32.599998 32.599998 31.870001 32.049999 1.190000e+04
736036 32.020000 32.880001 32.020000 32.150002 5.100000e+03
736039 32.150002 32.150002 31.610001 32.020000 4.800000e+03
736040 32.000000 32.060001 31.100000 31.770000 7.100000e+03
736041 32.009998 35.730000 30.709999 33.000000 2.170000e+04
736042 34.500000 34.500000 31.809999 32.080002 1.520000e+04
736043 32.119999 33.060001 32.119999 33.000000 1.610000e+04
736046 33.180000 34.650002 33.110001 34.000000 1.040000e+04
736047 34.330002 34.849998 33.000000 33.529999 7.900000e+03
736048 34.009998 35.200001 34.009998 34.500000 8.600000e+03
736049 35.590000 35.590000 34.750000 34.810001 4.200000e+03
736050 34.830002 35.000000 34.560001 34.900002 4.200000e+03
736053 34.900002 36.290001 34.900002 36.049999 6.700000e+03
736054 35.250000 36.400002 35.250000 36.400002 6.700000e+03
736055 35.970001 36.599998 35.639999 36.549999 1.170000e+04
736056 36.200001 36.639999 35.849998 36.450001 7.300000e+03
736060 36.419998 37.880001 36.200001 37.220001 4.300000e+03
736061 36.490002 37.020000 36.490002 36.799999 9.200000e+03
736062 36.549999 37.410000 36.549999 37.389999 1.610000e+04
736063 37.000000 37.250000 36.549999 36.990002 1.590000e+04
736064 36.990002 36.990002 34.400002 34.709999 1.960000e+04
736067 35.799999 35.860001 34.500000 34.570000 1.110000e+04
736068 34.509998 34.680000 34.250000 34.470001 5.000000e+03
736069 34.110001 35.529999 34.110001 35.040001 2.600000e+03
736070 36.020000 36.020000 35.209999 35.230000 1.400000e+03
736071 34.939999 34.939999 34.000000 34.020000 5.500000e+03
736074 34.020000 35.520000 34.020000 35.520000 5.900000e+03
736075 36.200001 36.200001 34.810001 35.029999 4.800000e+03
736076 34.869999 34.869999 34.869999 34.869999 3.000000e+02
736077 35.599998 35.990002 35.599998 35.990002 1.700000e+03
736078 37.439999 37.439999 36.900002 36.910000 1.600000e+03
736081 37.660000 37.770000 36.799999 36.900002 5.500000e+03
736082 37.689999 37.689999 36.980000 37.290001 4.600000e+03
736083 36.799999 36.799999 36.009998 36.020000 2.900000e+03
736084 35.669998 35.730000 34.599998 34.720001 8.900000e+03
736085 34.889999 34.889999 34.009998 34.150002 7.200000e+03
736088 34.200001 36.349998 34.200001 34.400002 5.200000e+03
736089 34.450001 34.450001 31.209999 31.209999 2.000000e+04
736090 34.459999 34.779999 29.910000 30.360001 1.540000e+04
736091 31.879999 32.430000 31.500000 32.099998 3.800000e+03
736092 32.480000 32.540001 31.250000 31.500000 1.260000e+04
736095 31.360001 31.459999 30.500000 30.700001 1.050000e+04
736096 31.010000 31.570000 31.010000 31.570000 2.400000e+03
736097 31.250000 31.260000 30.510000 30.760000 1.140000e+04
736098 30.750000 30.959999 30.049999 30.870001 1.100000e+04
736099 30.910000 31.450001 30.760000 31.450001 3.100000e+03
736102 32.000000 32.000000 30.400000 30.400000 4.400000e+03
736103 30.459999 30.459999 29.889999 30.139999 5.800000e+03
736104 30.480000 30.500000 29.850000 30.080000 6.400000e+03
736105 29.850000 30.379999 29.850000 29.860001 3.700000e+03
736106 29.910000 30.389999 28.840000 29.430000 7.200000e+03
736110 29.190001 30.000000 28.799999 30.000000 1.440000e+04
736111 30.100000 30.990000 30.059999 30.280001 4.600000e+03
736112 29.750000 30.799999 29.709999 30.200001 3.100000e+03
736113 30.340000 30.920000 30.000000 30.410000 7.700000e+03
736116 28.459999 30.850000 28.459999 29.420000 5.800000e+03
736117 29.940001 30.100000 29.530001 30.100000 5.800000e+03
736118 30.260000 30.510000 29.000000 30.129999 7.100000e+03
736119 28.480000 30.760000 28.480000 29.809999 2.800000e+03
736120 29.950001 30.270000 29.000000 29.830000 1.160000e+04
736123 29.500000 30.469999 29.500000 30.129999 6.600000e+03
736124 28.860001 30.200001 28.860001 29.600000 3.700000e+03
736125 30.879999 30.910000 30.590000 30.820000 3.200000e+03
736126 30.000000 31.200001 30.000000 31.010000 3.100000e+03
736127 30.770000 30.770000 29.030001 30.410000 7.200000e+03
736130 30.340000 32.389999 30.340000 31.750000 1.040000e+04
736131 31.250000 31.969999 30.940001 31.940001 6.200000e+03
736132 32.480000 32.480000 31.080000 31.719999 2.100000e+03
736133 31.219999 33.549999 31.120001 32.680000 6.700000e+03
736134 32.430000 33.599998 31.219999 33.250000 1.180000e+04
736137 32.580002 33.570000 32.580002 33.570000 2.600000e+03
736138 32.540001 33.650002 32.540001 33.349998 2.300000e+03
736139 33.480000 34.740002 33.250000 34.660000 6.100000e+03
736140 34.900002 35.540001 34.000000 35.150002 5.900000e+03
736141 35.169998 35.169998 33.330002 33.560001 3.170000e+04
736144 32.630001 32.759998 32.000000 32.119999 5.800000e+03
736145 32.139999 33.009998 32.000000 32.430000 8.400000e+03
736146 32.630001 33.990002 32.630001 33.619999 3.800000e+03
736147 33.779999 33.779999 32.509998 32.529999 1.800000e+03
736151 32.500000 32.889999 31.709999 32.240002 6.700000e+03
736152 30.110001 31.860001 30.110001 31.379999 2.700000e+03
736153 31.610001 32.340000 31.160000 31.430000 3.700000e+03
736154 31.879999 32.000000 30.330000 30.500000 7.300000e+03
736155 30.670000 31.950001 30.500000 31.100000 6.600000e+03
736158 31.100000 31.230000 30.969999 31.090000 5.900000e+03
736159 31.160000 31.330000 30.910000 31.070000 3.600000e+03
736160 31.040001 31.209999 30.900000 31.049999 5.700000e+03
736161 31.070000 31.070000 30.080000 30.549999 1.070000e+04
736162 30.469999 30.549999 29.299999 29.889999 1.390000e+04
736165 29.900000 30.049999 29.500000 29.520000 5.500000e+03
736166 29.510000 29.830000 29.340000 29.570000 5.700000e+03
736167 29.549999 29.799999 29.500000 29.740000 1.530000e+04
736168 29.520000 29.629999 29.090000 29.090000 7.100000e+03
736169 29.190001 29.200001 27.639999 29.049999 1.180000e+04
736172 29.049999 29.059999 28.820000 28.860001 7.400000e+03
736173 29.010000 29.250000 28.629999 28.670000 5.300000e+03
736174 28.520000 29.299999 28.500000 29.280001 6.100000e+03
736175 28.900000 28.900000 28.510000 28.510000 3.800000e+03
736176 28.530001 30.290001 28.510000 29.510000 2.220000e+04
736179 29.670000 29.670000 28.730000 28.799999 5.700000e+03
736180 28.990000 29.450001 28.879999 28.879999 5.000000e+03
736181 29.490000 30.549999 29.490000 30.240000 7.500000e+03
736182 30.299999 30.650000 29.820000 30.379999 6.700000e+03
736183 30.090000 30.799999 30.090000 30.379999 5.600000e+03
736186 29.709999 30.990000 29.709999 30.799999 9.100000e+03
736187 30.469999 31.000000 29.750000 30.650000 1.150000e+04
736188 30.610001 31.299999 30.600000 31.090000 6.300000e+03
736189 29.620001 31.000000 29.620001 30.690001 4.100000e+03
736190 31.379999 31.379999 30.930000 31.350000 5.000000e+03
736193 31.280001 31.629999 31.059999 31.629999 2.100000e+03
736194 31.110001 31.770000 31.110001 31.389999 1.900000e+03
736195 31.340000 31.500000 31.250000 31.299999 3.000000e+03
736196 31.230000 31.500000 30.870001 31.110001 3.300000e+03
736197 30.520000 31.150000 30.010000 30.330000 1.210000e+04
736200 29.500000 31.240000 29.500000 29.650000 8.700000e+03
736201 30.430000 30.809999 28.250000 29.549999 5.500000e+03
736202 30.020000 30.990000 29.620001 30.650000 9.600000e+03
736203 30.410000 32.490002 30.250000 31.000000 1.160000e+04
736204 30.790001 31.400000 30.790001 31.170000 6.200000e+03
736207 29.650000 31.150000 29.650000 31.110001 1.820000e+04
736208 30.360001 31.330000 30.000000 31.030001 1.250000e+04
736209 32.299999 32.750000 30.730000 31.440001 8.900000e+03
736210 31.299999 31.540001 31.160000 31.250000 5.500000e+03
736211 30.920000 31.299999 30.010000 30.190001 1.500000e+04
736215 30.610001 31.120001 30.299999 30.500000 1.460000e+04
736216 30.500000 30.500000 29.950001 30.049999 1.540000e+04
736217 30.150000 30.459999 30.150000 30.350000 3.300000e+03
736218 30.120001 30.480000 29.770000 30.480000 3.700000e+03
736221 30.440001 30.440001 30.280001 30.440001 2.300000e+03
736222 30.410000 31.139999 29.639999 30.940001 5.800000e+03
736223 31.090000 31.240000 30.790001 30.830000 4.100000e+03
736224 31.290001 31.500000 30.530001 31.490000 4.900000e+03
736225 30.930000 30.969999 30.459999 30.459999 1.340000e+04
736228 30.719999 31.090000 30.719999 31.059999 1.900000e+03
736229 29.700001 30.440001 29.700001 30.400000 2.500000e+03
736230 30.680000 30.680000 30.330000 30.340000 2.900000e+03
736231 30.000000 31.309999 30.000000 31.309999 2.500000e+03
736232 31.350000 31.350000 29.780001 30.160000 1.220000e+04
736235 30.010000 31.000000 28.280001 30.010000 4.100000e+03
736236 30.000000 30.500000 30.000000 30.000000 8.100000e+03
736237 30.000000 30.830000 30.000000 30.139999 4.200000e+03
736238 30.040001 30.299999 28.660000 29.000000 6.000000e+03
736239 28.809999 29.330000 28.700001 29.299999 1.600000e+04
736242 29.290001 29.830000 29.250000 29.830000 5.800000e+03
736243 29.150000 29.719999 28.799999 29.719999 9.200000e+03
736244 29.250000 29.879999 29.250000 29.450001 9.000000e+03
736245 29.559999 30.000000 29.559999 29.700001 6.300000e+03
736246 29.980000 30.280001 29.980000 30.139999 4.400000e+03
736249 30.200001 30.500000 29.260000 30.500000 3.700000e+03
736250 30.299999 30.299999 29.770000 29.900000 5.900000e+03
736251 30.320000 30.480000 29.920000 29.920000 3.300000e+03
736252 30.020000 30.860001 30.020000 30.799999 4.400000e+03
736253 30.850000 30.850000 30.219999 30.219999 2.100000e+03
736256 30.350000 30.350000 30.209999 30.209999 1.000000e+03
736257 30.850000 30.850000 30.350000 30.700001 1.700000e+03
736258 30.020000 30.020000 29.980000 30.010000 2.000000e+03
736259 30.280001 31.150000 30.280001 31.150000 4.000000e+03
736260 31.330000 32.000000 31.100000 31.959999 6.100000e+03
736263 31.770000 31.940001 31.469999 31.540001 2.000000e+03
736264 31.370001 31.500000 30.809999 30.809999 2.500000e+03
736265 31.240000 32.790001 31.240000 32.630001 7.600000e+03
736266 32.520000 32.520000 31.930000 31.930000 1.700000e+03
736267 32.070000 33.290001 32.009998 33.000000 2.100000e+04
736270 33.169998 33.500000 32.820000 33.490002 6.100000e+03
736271 33.360001 33.500000 33.250000 33.490002 4.900000e+03
736272 33.400002 33.500000 33.400002 33.490002 3.200000e+03
736273 33.430000 33.650002 33.320000 33.500000 1.300000e+03
736274 33.240002 33.240002 30.270000 32.990002 4.600000e+04
736277 32.840000 32.840000 30.219999 30.770000 1.050000e+04
736278 31.660000 32.369999 31.660000 32.200001 1.200000e+03
736279 30.760000 30.850000 30.490000 30.490000 1.900000e+03
736280 30.480000 31.100000 30.480000 30.670000 5.500000e+03
736281 30.389999 30.750000 30.389999 30.559999 3.000000e+03
736284 31.129999 31.430000 30.500000 31.000000 3.600000e+03
736285 31.200001 31.490000 30.600000 30.860001 6.200000e+03
736286 30.500000 32.490002 30.500000 32.119999 2.300000e+03
736287 32.000000 32.160000 32.000000 32.139999 1.500000e+03
736288 32.400002 32.400002 30.559999 32.070000 6.200000e+03
736291 32.000000 32.290001 32.000000 32.220001 6.300000e+03
736292 32.000000 32.240002 31.709999 31.980000 7.400000e+03
736293 31.600000 31.820000 31.250000 31.559999 2.900000e+03
736295 31.010000 31.020000 30.510000 31.020000 6.800000e+03
736298 31.030001 31.290001 30.000000 30.990000 8.800000e+03
736299 31.139999 31.580000 30.010000 31.500000 7.500000e+03
736300 31.510000 31.580000 30.430000 30.990000 1.160000e+04
736301 30.480000 31.250000 29.730000 30.010000 1.200000e+04
736302 30.459999 31.350000 28.900000 31.200001 2.730000e+04
736305 30.219999 31.420000 30.200001 31.150000 5.600000e+03
736306 30.400000 31.340000 30.400000 31.200001 1.300000e+04
736307 31.100000 31.490000 31.020000 31.020000 2.800000e+03
736308 30.799999 31.500000 30.799999 31.350000 8.600000e+03
736309 30.780001 31.820000 30.510000 31.500000 1.600000e+04
736312 31.410000 32.410000 31.010000 32.340000 2.290000e+04
736313 32.349998 32.630001 31.650000 32.400002 2.600000e+03
736314 31.500000 33.000000 29.900000 32.889999 4.000000e+03
736315 31.520000 32.630001 30.299999 32.340000 5.360000e+04
736316 32.279999 33.189999 31.650000 33.189999 6.300000e+04
736319 33.660000 34.549999 33.660000 34.500000 1.020000e+04
736320 34.799999 34.950001 34.340000 34.500000 1.460000e+04
736321 34.950001 35.139999 34.500000 34.939999 4.000000e+03
736322 34.570000 35.250000 34.570000 35.250000 2.900000e+03
736326 35.860001 35.860001 34.590000 34.759998 8.700000e+03
736327 35.549999 35.900002 34.020000 34.740002 1.310000e+04
736328 34.410000 34.930000 34.029999 34.220001 7.900000e+03
736329 34.310001 34.799999 33.369999 33.939999 1.320000e+04
736333 33.480000 33.480000 31.700001 32.459999 1.660000e+04
736334 33.200001 33.700001 32.200001 32.919998 2.080000e+04
736335 32.709999 33.540001 31.600000 33.299999 3.680000e+04
736336 32.450001 33.360001 31.530001 32.000000 2.880000e+04
736337 32.200001 32.560001 30.510000 30.969999 2.040000e+04
736340 31.219999 32.230000 30.900000 31.860001 1.630000e+04
736341 31.969999 33.669998 31.370001 32.730000 1.820000e+04
736342 32.549999 33.130001 31.120001 31.950001 4.350000e+04
736343 31.920000 32.759998 31.629999 31.930000 2.760000e+04
736344 31.170000 31.700001 30.990000 30.990000 1.230000e+04
736348 31.420000 31.510000 29.250000 29.660000 2.570000e+04
736349 29.549999 29.900000 28.280001 29.639999 1.330000e+04
736350 29.590000 29.700001 28.139999 29.559999 7.900000e+03
736351 29.670000 30.230000 29.500000 30.150000 1.440000e+04
736354 29.879999 30.370001 29.590000 29.719999 1.260000e+04
736355 30.040001 30.870001 29.740000 30.700001 1.240000e+04
736356 30.330000 30.620001 28.450001 28.879999 1.630000e+04
736357 28.879999 29.680000 28.370001 28.650000 1.390000e+04
736358 28.690001 30.670000 28.690001 30.360001 3.970000e+04
736361 30.000000 30.910000 29.650000 30.480000 1.400000e+04
736362 30.230000 31.110001 30.000000 30.709999 2.130000e+04
736363 31.110001 31.990000 30.400000 31.200001 1.020000e+04
736364 31.330000 31.990000 30.260000 31.799999 5.600000e+03
736365 31.360001 31.850000 30.750000 30.750000 1.310000e+04
736368 30.030001 31.480000 30.000000 31.120001 6.500000e+03
736369 30.620001 31.500000 30.620001 30.900000 9.500000e+03
736370 31.200001 31.200001 30.600000 30.700001 1.800000e+03
736371 30.100000 31.000000 30.100000 30.160000 2.900000e+03
736372 30.730000 30.889999 30.510000 30.889999 3.600000e+03
736376 31.059999 31.639999 31.059999 31.570000 3.100000e+03
736377 31.950001 31.950001 31.080000 31.490000 9.100000e+03
736378 31.450001 31.700001 30.480000 31.490000 9.200000e+03
736379 31.350000 31.990000 30.700001 31.049999 7.800000e+03
736382 31.650000 32.930000 31.000000 32.700001 1.950000e+04
736383 31.799999 33.119999 31.600000 32.150002 7.200000e+03
736384 31.799999 33.660000 31.799999 32.279999 4.100000e+03
736385 32.180000 33.110001 31.270000 32.400002 5.500000e+03
736386 32.490002 32.689999 31.660000 32.310001 1.070000e+04
736389 32.439999 34.520000 32.400002 33.939999 1.060000e+04
736390 34.020000 35.200001 32.700001 33.889999 1.270000e+04
736391 34.209999 34.209999 33.430000 33.939999 3.200000e+03
736392 33.470001 34.549999 32.520000 33.470001 8.400000e+03
736393 33.110001 34.099998 33.000000 33.200001 1.990000e+04
736396 33.130001 33.930000 33.000000 33.580002 3.600000e+03
736397 34.240002 34.240002 33.480000 33.860001 1.380000e+04
736398 34.150002 34.500000 33.799999 34.480000 8.100000e+03
736399 34.490002 34.490002 33.860001 34.029999 3.800000e+03
736400 34.169998 34.270000 33.869999 34.230000 5.800000e+03
736403 34.000000 34.240002 33.700001 33.700001 2.900000e+03
736404 34.200001 34.209999 33.549999 33.860001 6.300000e+03
736405 33.959999 34.380001 33.770000 34.290001 1.800000e+04
736406 34.060001 34.619999 34.000000 34.290001 1.190000e+04
736407 34.500000 36.509998 34.009998 35.070000 1.940000e+04
736410 35.130001 36.299999 35.000000 35.220001 5.400000e+03
736411 35.220001 35.259998 34.160000 34.560001 1.600000e+03
736412 34.450001 35.299999 33.860001 34.450001 1.240000e+04
736413 34.950001 34.950001 34.000000 34.230000 2.200000e+03
736417 34.500000 34.950001 34.310001 34.880001 7.600000e+03
736418 34.759998 35.880001 34.200001 35.599998 1.230000e+04
736419 35.560001 36.209999 34.980000 36.000000 1.100000e+04
736420 35.919998 37.060001 34.509998 35.599998 1.130000e+04
736421 35.630001 36.549999 35.119999 35.119999 7.100000e+03
736424 35.419998 36.099998 34.950001 35.720001 6.700000e+03
736425 35.470001 35.889999 35.209999 35.380001 9.200000e+03
736426 34.980000 35.900002 34.020000 35.730000 5.500000e+03
736427 35.639999 36.770000 35.490002 35.840000 9.900000e+03
736428 35.840000 35.950001 35.599998 35.599998 2.500000e+03
736431 36.299999 36.869999 35.540001 35.860001 7.900000e+03
736432 35.900002 36.720001 35.900002 36.419998 2.700000e+03
736433 36.009998 37.700001 35.900002 37.000000 6.600000e+03
736434 36.700001 36.700001 36.310001 36.310001 4.900000e+03
736435 36.330002 36.330002 35.540001 36.000000 6.300000e+03
736438 36.060001 36.820000 35.520000 36.820000 4.700000e+03
736439 36.750000 37.189999 35.970001 36.669998 5.500000e+03
736440 36.599998 37.459999 36.529999 36.610001 6.900000e+03
736441 36.740002 37.009998 35.880001 37.009998 8.200000e+03
736442 37.220001 38.380001 37.220001 38.110001 9.300000e+03
736445 37.529999 37.869999 36.700001 37.869999 1.000000e+04
736446 37.840000 38.740002 35.290001 38.000000 2.270000e+04
736447 38.020000 38.020000 36.380001 37.150002 9.500000e+03
736448 37.619999 38.250000 36.529999 36.529999 1.430000e+04
736449 36.820000 36.860001 35.259998 36.480000 6.600000e+03
736452 36.270000 36.750000 35.040001 36.240002 1.470000e+04
736453 35.950001 35.950001 33.830002 34.349998 1.920000e+04
736454 34.500000 34.500000 33.750000 33.750000 8.000000e+03
736455 33.939999 34.480000 32.950001 33.750000 3.300000e+03
736456 33.750000 34.490002 32.799999 33.980000 1.140000e+04
736459 33.810001 34.400002 32.799999 33.540001 4.300000e+03
736460 31.830000 33.820000 31.830000 33.680000 8.400000e+03
736461 33.439999 33.750000 32.980000 33.209999 5.900000e+03
736462 32.970001 34.000000 32.970001 33.310001 1.600000e+03
736463 33.330002 33.330002 32.910000 32.910000 2.500000e+03
736466 32.430000 32.910000 31.950001 32.189999 7.800000e+03
736467 32.000000 32.430000 31.110001 31.110001 1.000000e+04
736468 31.120001 32.029999 30.790001 31.129999 1.520000e+04
736469 31.049999 31.500000 30.510000 30.719999 8.600000e+03
736470 30.820000 32.060001 30.510000 30.930000 7.100000e+03
736473 31.000000 32.150002 30.750000 30.990000 9.200000e+03
736474 31.200001 32.000000 30.809999 31.000000 6.400000e+03
736475 30.870001 31.870001 30.870001 31.290001 4.300000e+03
736476 31.110001 31.110001 31.110001 31.110001 8.000000e+02
736477 30.600000 31.580000 30.600000 31.200001 5.300000e+03
736481 30.320000 31.049999 30.219999 30.600000 6.400000e+03
736482 30.520000 30.799999 30.350000 30.500000 1.500000e+04
736483 30.809999 30.900000 30.280001 30.500000 6.500000e+03
736484 30.500000 31.250000 29.799999 29.959999 2.540000e+04
736487 30.070000 30.070000 29.360001 29.950001 4.840000e+04
736488 30.540001 30.940001 30.309999 30.680000 1.860000e+04
736489 30.150000 32.310001 30.110001 32.029999 3.450000e+04
736490 32.000000 33.310001 31.520000 33.000000 8.000000e+03
736491 32.730000 32.950001 32.639999 32.639999 6.600000e+03
736494 32.750000 33.000000 31.490000 31.520000 1.300000e+04
736495 30.750000 31.620001 30.750000 31.209999 3.200000e+03
736496 31.309999 33.009998 31.309999 32.900002 8.500000e+03
736497 32.160000 32.310001 31.750000 32.299999 2.100000e+03
736498 32.349998 33.700001 32.349998 33.200001 1.800000e+04
736501 32.799999 34.130001 32.799999 33.700001 8.200000e+03
736502 32.610001 32.610001 32.009998 32.410000 1.600000e+03
736503 32.520000 33.599998 32.520000 32.759998 4.800000e+03
736504 33.000000 33.500000 32.259998 33.490002 6.200000e+03
736505 32.970001 33.889999 32.389999 33.520000 4.850000e+04
736508 33.060001 33.430000 32.740002 33.080002 9.800000e+03
736509 33.830002 33.860001 32.500000 33.220001 5.400000e+03
736510 32.650002 33.810001 32.650002 33.810001 7.000000e+03
736511 33.880001 34.500000 33.740002 34.500000 6.800000e+03
736512 34.400002 34.990002 33.090000 34.660000 9.400000e+03
736516 33.660000 35.990002 33.150002 35.240002 6.600000e+03
736517 35.119999 35.990002 34.340000 35.549999 4.400000e+03
736518 35.759998 35.759998 33.389999 34.049999 9.700000e+03
736519 34.150002 35.400002 33.520000 35.400002 8.500000e+03
736522 35.349998 35.349998 34.500000 34.900002 3.000000e+03
736523 34.869999 35.000000 33.910000 34.599998 1.100000e+04
736524 34.709999 36.090000 34.439999 35.900002 7.100000e+03
736525 35.990002 36.189999 35.380001 35.380001 2.900000e+03
736526 35.740002 36.320000 33.980000 36.020000 4.100000e+03
736529 35.990002 36.830002 35.779999 36.790001 8.500000e+03
736530 35.599998 37.250000 35.599998 36.549999 4.900000e+03
736531 36.599998 36.630001 35.700001 36.320000 1.700000e+03
736532 36.230000 36.230000 35.200001 35.299999 1.900000e+03
736533 35.410000 35.419998 34.730000 34.990002 2.500000e+03
736536 34.889999 34.889999 34.330002 34.330002 9.100000e+03
736537 35.029999 35.450001 34.980000 35.450001 2.200000e+03
736538 35.680000 36.700001 35.259998 35.470001 3.600000e+03
736539 35.529999 36.340000 35.270000 36.000000 1.700000e+03
736540 35.700001 36.500000 35.700001 36.380001 4.900000e+03
736543 36.180000 36.830002 34.889999 34.970001 8.400000e+03
736544 35.000000 35.360001 34.950001 34.980000 9.000000e+03
736545 34.459999 35.299999 34.459999 35.299999 8.500000e+03
736546 35.340000 35.340000 34.980000 35.060001 6.400000e+03
736547 34.950001 35.240002 34.950001 35.169998 1.410000e+04
736550 35.020000 35.230000 34.900002 34.930000 4.500000e+03
736551 34.830002 34.830002 34.500000 34.680000 2.800000e+03
736552 34.720001 34.750000 34.509998 34.509998 2.000000e+03
736553 34.709999 34.740002 34.500000 34.700001 3.900000e+03
736554 34.549999 34.549999 34.040001 34.299999 3.800000e+03
736557 34.169998 34.169998 32.770000 33.299999 4.600000e+03
736558 33.720001 33.720001 32.790001 32.830002 3.000000e+03
736559 32.910000 32.910000 32.180000 32.270000 2.700000e+03
736560 32.500000 33.080002 31.670000 32.799999 2.500000e+03
736561 32.779999 33.650002 32.709999 32.709999 6.800000e+03
736564 31.010000 34.200001 31.010000 34.200001 2.190000e+04
736565 34.209999 34.779999 34.209999 34.500000 7.600000e+03
736566 34.730000 34.730000 32.009998 34.020000 1.460000e+04
736567 34.240002 34.470001 33.990002 34.270000 1.900000e+03
736568 34.250000 34.250000 33.150002 33.799999 2.200000e+03
736571 33.900002 34.480000 33.110001 34.200001 2.700000e+03
736572 33.400002 33.900002 33.299999 33.410000 4.500000e+03
736573 34.000000 34.000000 33.500000 33.660000 1.070000e+04
736574 33.299999 33.900002 33.139999 33.689999 2.080000e+04
736575 33.990002 33.990002 32.660000 33.279999 6.400000e+03
736579 33.389999 33.389999 32.500000 32.860001 5.400000e+03
736580 32.810001 33.959999 32.430000 32.580002 1.100000e+04
736581 32.619999 32.619999 32.009998 32.270000 5.600000e+03
736582 32.020000 32.119999 31.510000 31.510000 9.800000e+03
736585 31.690001 31.690001 31.340000 31.549999 4.000000e+03
736586 31.020000 31.160000 31.020000 31.160000 5.300000e+03
736587 31.059999 31.059999 30.770000 30.920000 8.800000e+03
736588 30.760000 31.040001 30.750000 31.040001 2.500000e+03
736589 31.379999 33.740002 31.370001 32.049999 2.280000e+04
736592 31.190001 32.160000 31.150000 32.000000 4.400000e+03
736593 31.850000 31.850000 31.219999 31.690001 8.400000e+03
736594 31.750000 32.320000 31.160000 31.629999 1.010000e+04
736595 31.580000 31.799999 31.360001 31.610001 6.800000e+03
736596 31.510000 32.029999 31.430000 31.530001 5.000000e+03
736599 31.410000 31.410000 31.010000 31.010000 2.500000e+03
736600 31.120001 31.360001 30.879999 31.059999 9.300000e+03
736601 31.480000 32.639999 31.480000 31.530001 5.600000e+03
736602 31.610001 31.610001 31.010000 31.090000 5.000000e+03
736603 30.650000 31.330000 30.510000 31.070000 1.080000e+04
736606 30.969999 31.740000 30.690001 31.389999 1.070000e+04
736607 31.389999 31.639999 31.209999 31.250000 4.400000e+03
736608 31.200001 31.570000 30.910000 31.200001 9.500000e+03
736609 30.600000 31.290001 30.570000 31.139999 1.100000e+04
736610 31.030001 31.290001 31.020000 31.110001 3.300000e+03
736613 31.950001 31.950001 31.549999 31.700001 1.430000e+04
736614 31.900000 31.900000 31.350000 31.350000 4.800000e+03
736615 31.350000 31.900000 31.350000 31.650000 2.010000e+04
736616 31.500000 31.700001 31.250000 31.250000 7.300000e+03
736617 31.400000 31.549999 31.400000 31.400000 8.300000e+03
736620 31.400000 31.400000 31.200001 31.200001 9.000000e+02
736621 31.100000 31.150000 31.049999 31.049999 1.040000e+04
736622 28.900000 31.250000 28.900000 31.250000 2.000000e+03
736623 31.299999 31.299999 31.299999 31.299999 9.000000e+02
736624 31.100000 31.400000 31.100000 31.400000 1.100000e+03
736627 31.440001 31.799999 31.049999 31.799999 2.900000e+03
736628 31.750000 31.750000 31.400000 31.650000 2.400000e+03
736629 31.969999 32.000000 31.549999 31.900000 6.400000e+03
736630 31.950001 32.000000 31.650000 31.799999 1.110000e+04
736631 31.080000 31.950001 31.080000 31.950001 1.900000e+03
736634 31.799999 31.850000 31.600000 31.799999 5.500000e+03
736635 31.950001 31.950001 31.400000 31.799999 8.100000e+03
736636 31.500000 31.549999 31.400000 31.500000 3.700000e+03
736637 31.450001 31.500000 31.450001 31.500000 1.400000e+03
736638 32.250000 32.349998 31.700001 31.700001 4.100000e+03
736641 32.730000 32.730000 32.000000 32.250000 5.700000e+03
736642 32.099998 32.349998 31.750000 32.150002 2.300000e+03
736643 32.700001 32.900002 32.049999 32.849998 5.400000e+03
736644 32.900002 35.200001 32.900002 33.849998 3.700000e+03
736645 34.000000 40.000000 34.000000 40.000000 3.730000e+04
736648 41.099998 41.099998 37.750000 38.049999 3.140000e+04
736649 36.400002 37.700001 36.400002 37.450001 3.100000e+03
736650 38.000000 40.049999 37.000000 38.950001 1.090000e+04
736651 39.299999 39.299999 38.400002 38.700001 2.200000e+03
736652 38.599998 38.900002 37.599998 38.150002 8.400000e+03
736655 38.500000 39.450001 37.849998 37.849998 7.700000e+03
736656 37.250000 39.599998 37.250000 39.599998 1.810000e+04
736657 39.450001 39.450001 37.560001 38.549999 1.210000e+04
736659 39.299999 39.299999 39.299999 39.299999 8.000000e+02
736662 39.349998 39.349998 37.650002 38.099998 1.210000e+04
736663 37.950001 39.049999 37.849998 38.599998 8.100000e+03
736664 38.750000 38.849998 37.650002 37.950001 5.400000e+03
736665 38.450001 38.450001 37.349998 37.400002 8.400000e+03
736666 37.450001 37.849998 36.250000 37.849998 4.800000e+03
736669 37.299999 38.599998 37.299999 38.549999 8.200000e+03
736670 38.599998 39.099998 38.599998 38.849998 8.700000e+03
736671 37.000000 39.549999 37.000000 39.000000 5.500000e+03
736672 39.500000 39.549999 39.000000 39.500000 9.900000e+03
736673 39.400002 39.549999 39.000000 39.099998 1.530000e+04
736676 39.000000 39.049999 38.599998 38.650002 5.800000e+03
736677 38.799999 39.049999 38.650002 38.950001 8.200000e+03
736678 38.410000 39.049999 38.400002 38.400002 1.600000e+03
736679 37.799999 39.500000 37.799999 38.599998 9.000000e+03
736680 38.900002 39.549999 37.799999 39.400002 2.470000e+04
736683 39.049999 39.549999 38.980000 39.250000 1.430000e+04
736684 39.099998 39.549999 38.750000 39.450001 6.800000e+03
736685 39.099998 39.549999 39.049999 39.450001 4.800000e+03
736686 39.349998 39.349998 39.099998 39.099998 2.000000e+03
736687 39.250000 39.349998 39.250000 39.349998 1.300000e+03
736691 39.500000 39.750000 39.349998 39.750000 2.800000e+03
736692 39.650002 39.779999 39.099998 39.099998 3.100000e+03
736693 38.500000 38.500000 37.799999 38.150002 6.800000e+03
736694 37.590000 38.599998 37.590000 37.700001 6.300000e+03
736698 37.750000 37.750000 36.500000 37.349998 5.700000e+03
736699 37.549999 39.230000 37.549999 38.950001 4.200000e+03
736700 38.700001 38.950001 37.349998 37.349998 3.400000e+03
736701 37.709999 39.000000 37.709999 38.099998 2.700000e+03
736704 36.549999 38.599998 36.549999 37.549999 1.000000e+03
736705 37.450001 37.799999 36.750000 37.650002 5.800000e+03
736706 37.500000 38.200001 37.500000 37.599998 1.900000e+03
736707 37.549999 37.700001 37.299999 37.299999 2.700000e+03
736708 37.450001 38.849998 37.450001 38.349998 3.100000e+03
736712 38.250000 38.250000 36.799999 36.849998 3.300000e+03
736713 37.000000 37.849998 37.000000 37.200001 3.500000e+03
736714 37.400002 38.049999 37.400002 37.599998 3.800000e+03
736715 37.549999 37.750000 37.500000 37.750000 3.400000e+03
736718 37.990002 37.990002 37.500000 37.500000 1.600000e+03
736719 37.650002 38.049999 36.900002 38.049999 1.900000e+03
736720 38.000000 38.000000 38.000000 38.000000 1.100000e+03
736721 37.650002 37.650002 37.650002 37.650002 1.000000e+03
736722 37.750000 38.450001 37.750000 37.799999 2.900000e+03
736725 38.049999 38.099998 37.349998 37.849998 1.170000e+04
736726 37.950001 39.150002 37.950001 39.000000 7.400000e+03
736727 37.980000 43.799999 37.970001 42.400002 2.530000e+04
736728 41.799999 45.500000 41.799999 43.250000 1.360000e+04
736729 43.500000 44.650002 43.049999 44.400002 1.410000e+04
736732 44.099998 44.099998 41.459999 41.849998 7.700000e+03
736733 41.900002 41.900002 40.500000 41.450001 1.900000e+03
736734 42.799999 42.799999 42.000000 42.000000 1.100000e+03
736735 42.250000 42.400002 41.000000 41.849998 1.450000e+04
736736 41.650002 42.049999 40.950001 41.799999 1.590000e+04
736739 40.099998 41.200001 39.470001 40.950001 1.110000e+04
736740 41.049999 41.529999 40.650002 40.950001 1.330000e+04
736741 40.950001 41.200001 40.400002 41.200001 8.300000e+03
736742 41.500000 41.500000 39.400002 39.750000 1.290000e+04
736743 39.900002 40.709999 39.049999 39.549999 1.810000e+04
736747 40.349998 40.500000 38.950001 39.500000 1.870000e+04
736748 39.000000 39.200001 39.000000 39.150002 6.900000e+03
736749 38.750000 39.000000 38.500000 38.650002 1.370000e+04
736750 38.320000 39.099998 38.320000 38.900002 9.900000e+03
736753 39.650002 40.750000 38.349998 38.500000 2.200000e+04
736754 39.500000 39.500000 37.549999 37.599998 2.060000e+04
736755 38.099998 39.000000 37.849998 38.200001 1.790000e+04
736756 38.660000 38.660000 37.500000 37.500000 1.720000e+04
736757 37.500000 37.630001 36.900002 37.000000 3.830000e+04
736760 37.250000 37.299999 35.799999 36.000000 2.420000e+04
736761 36.750000 37.299999 36.599998 37.200001 8.400000e+03
736762 37.500000 37.500000 37.500000 37.500000 1.800000e+03
736763 37.500000 37.549999 37.000000 37.099998 9.500000e+03
736764 37.549999 37.950001 37.049999 37.400002 6.800000e+03
