736034 45.835073 45.835073 45.704808 45.825770 2.716980e+04
736035 45.853683 45.853683 45.732725 45.835073 7.685703e+04
736036 45.853684 45.853684 45.751331 45.844380 3.257584e+05
736039 45.797857 45.844380 45.639675 45.639675 2.087050e+05
736040 45.704808 45.769941 45.621065 45.621065 7.620570e+04
736041 45.714115 45.807161 45.648982 45.676895 2.782113e+04
736042 45.742028 45.797857 45.658286 45.676895 2.214525e+04
736043 45.760637 45.807161 45.723417 45.769941 2.782113e+04
736046 45.797856 45.853683 45.742027 45.807160 3.591624e+04
736047 45.825771 45.853684 45.797857 45.844380 5.350217e+04
736048 45.872380 45.881711 45.779046 45.853713 4.069249e+04
736049 45.835047 45.900378 45.797713 45.891043 4.815900e+04
736050 45.900377 45.900377 45.853713 45.881711 2.071957e+04
736053 45.937711 45.937711 45.872380 45.928376 3.425262e+04
736054 45.975041 45.975041 45.909710 45.947043 2.613279e+04
736055 45.984376 45.984376 45.937711 45.975041 6.449199e+04
736056 46.012374 46.012374 45.956378 46.003043 2.529281e+04
736060 46.068375 46.133706 45.984376 46.049708 2.211954e+04
736061 46.087042 46.096373 46.003044 46.087042 1.931960e+04
736062 46.161705 46.161705 46.105709 46.115040 2.855941e+04
736063 46.143039 46.171040 46.077707 46.171040 4.909231e+04
736064 46.171040 46.199038 46.152373 46.199038 3.817254e+04
736067 46.180372 46.236372 46.143039 46.180372 2.631945e+04
736068 46.152373 46.264370 46.152373 46.264370 6.113206e+04
736069 46.227037 46.264370 46.199038 46.255038 3.593259e+04
736070 46.236372 46.273705 46.161705 46.180372 3.876053e+05
736071 46.245703 46.273705 46.161705 46.161705 2.949272e+04
736074 46.245703 46.255038 46.161705 46.189707 1.941293e+04
736075 46.180372 46.189707 46.031042 46.031042 2.277286e+04
736076 46.143038 46.180371 46.040376 46.143038 2.527414e+05
736077 46.152373 46.161704 46.105708 46.143038 1.866628e+04
736078 46.087042 46.171040 46.040377 46.161705 2.883940e+04
736081 46.171040 46.171040 46.040377 46.077707 2.221287e+04
736082 46.096373 46.143038 46.040377 46.049708 3.854586e+04
736083 46.059039 46.152373 46.049708 46.049708 2.575946e+04
736084 46.049708 46.096373 46.012375 46.012375 1.574501e+05
736085 46.143039 46.161705 46.031042 46.077707 5.142560e+04
736088 46.115040 46.161705 46.012375 46.087042 1.437303e+04
736089 46.087042 46.161705 46.031042 46.031042 2.706610e+04
736090 46.049709 46.133707 46.031042 46.133707 4.573238e+04
736091 46.133706 46.152373 46.031042 46.115040 1.222641e+04
736092 46.143038 46.199038 46.115040 46.152373 4.199913e+04
736095 46.171040 46.199038 46.124371 46.180372 2.603946e+04
736096 46.161704 46.161704 46.040376 46.152373 3.537260e+04
736097 46.105709 46.152374 46.040377 46.040377 6.971855e+04
736098 46.152373 46.152373 46.087041 46.143038 9.893127e+04
736099 46.152374 46.161705 46.059040 46.161705 3.695923e+04
736102 46.152374 46.171040 46.133707 46.161705 1.931960e+04
736103 46.143038 46.161704 46.105708 46.152373 2.771942e+04
736104 46.143038 46.161704 46.087041 46.143038 2.585279e+04
736105 46.143041 46.161764 46.124317 46.143041 2.855270e+04
736106 46.040063 46.199208 46.040063 46.068147 4.222055e+04
736110 46.058787 46.171125 46.058787 46.143041 1.909755e+04
736111 46.180487 46.189847 46.049423 46.049423 2.270174e+05
736112 46.180487 46.180487 46.058786 46.171124 2.434001e+04
736113 46.171124 46.189847 46.133677 46.171124 2.827186e+04
736116 46.208572 46.208572 46.105594 46.152401 1.780565e+05
736117 46.068147 46.189848 46.068147 46.114954 6.946264e+04
736118 46.068147 46.180488 46.068147 46.161764 1.647631e+04
736119 46.152400 46.161764 46.068147 46.096234 1.385508e+04
736120 46.143041 46.152401 46.068147 46.143041 3.098670e+04
736123 46.161764 46.180488 46.058787 46.124317 7.348810e+04
736124 46.077510 46.152401 46.077510 46.124317 5.092679e+04
736125 46.124317 46.124317 46.096234 46.124317 4.090994e+04
736126 46.096234 46.105594 46.058787 46.068147 1.731885e+04
736127 46.086871 46.114953 46.040063 46.077510 2.307620e+05
736130 46.030699 46.086871 46.030699 46.077510 1.628908e+04
736131 46.030700 46.068147 46.030700 46.058787 1.602696e+05
736132 46.030700 46.040063 45.909002 46.021340 4.783748e+04
736133 46.058787 46.068147 45.983893 46.040063 2.873993e+04
736134 45.937086 46.068147 45.937086 46.058787 1.497847e+04
736137 46.077511 46.114954 46.049424 46.114954 2.864632e+04
736138 46.114954 46.124317 46.021340 46.114954 5.598202e+04
736139 46.105563 46.114956 46.068006 46.096175 2.892162e+04
736140 46.105563 46.114956 46.021052 46.096175 4.385193e+04
736141 46.105564 46.105564 46.049226 46.068006 2.478996e+04
736144 46.011663 46.105563 45.974102 45.983494 4.469704e+04
736145 45.964714 46.030444 45.908371 45.908371 2.036720e+05
736146 45.889590 46.039832 45.870809 46.011663 2.760700e+04
736147 45.927152 46.096175 45.927152 46.039833 2.967283e+04
736151 46.039833 46.105563 46.011663 46.086786 2.732529e+04
736152 46.058613 46.068005 46.011663 46.058613 3.202036e+04
736153 46.030444 46.105563 46.011664 46.105563 1.136206e+04
736154 46.105562 46.124344 46.011663 46.011663 2.169121e+04
736155 46.133736 46.152517 46.068005 46.105563 2.779480e+04
736158 46.190076 46.190076 46.124345 46.143125 3.878126e+04
736159 46.218247 46.218247 46.143124 46.199467 1.412276e+05
736160 46.237028 46.274586 46.199467 46.274586 1.154048e+05
736161 46.199467 46.312148 46.199467 46.255805 4.112879e+04
736162 46.330928 46.330928 46.246417 46.283978 4.366413e+04
736165 46.330928 46.340317 46.265197 46.321540 6.338341e+04
736166 46.345089 46.420445 46.279151 46.354507 5.925012e+04
736167 46.392186 46.392186 46.250888 46.345088 7.385071e+04
736168 46.373346 46.373346 46.250888 46.345088 5.001878e+04
736169 46.326248 46.335667 46.213212 46.297991 4.983039e+04
736172 46.166111 46.335667 46.166111 46.335667 2.797661e+04
736173 46.232052 46.260310 46.137853 46.137853 1.680480e+05
736174 46.175532 46.241470 46.119013 46.119013 1.040881e+05
736175 46.222631 46.260311 46.128435 46.156693 2.797661e+04
736176 46.147276 46.232053 46.147276 46.213213 2.571587e+04
736179 46.213213 46.260312 46.166112 46.213213 6.066308e+04
736180 46.175532 46.232053 46.147275 46.222631 7.874897e+04
736181 46.213213 46.241471 46.184952 46.203791 3.466462e+04
736182 46.175532 46.203790 46.100173 46.184951 3.720795e+04
736183 46.053075 46.184951 46.053075 46.156693 5.397507e+04
736186 46.147276 46.232053 46.043658 46.213213 1.433683e+05
736187 46.090755 46.203791 46.090755 46.166111 1.563676e+04
736188 46.062497 46.137853 46.062497 46.109595 1.865107e+04
736189 46.100174 46.109595 45.987138 45.987138 3.598338e+04
736190 46.024818 46.194373 46.005977 46.194373 4.238880e+04
736193 46.156692 46.156692 46.071915 46.137853 4.427275e+04
736194 46.071916 46.156693 46.071916 46.128435 4.182362e+04
736195 46.081333 46.166111 46.071915 46.156693 2.873019e+04
736196 46.109595 46.156692 46.109595 46.137853 4.116423e+04
736197 46.123682 46.161477 46.057535 46.114230 3.666459e+04
736200 45.811842 46.029183 45.755143 45.821294 9.288994e+04
736201 45.963036 46.076431 45.613401 45.915789 9.988267e+04
736202 45.830742 45.944136 45.707896 45.821294 1.081983e+05
736203 46.142582 46.246525 45.802394 46.114230 5.263448e+04
736204 45.981936 46.227625 45.944137 46.142582 1.116002e+05
736207 46.048084 46.142583 45.981937 46.085883 3.354621e+04
736208 45.925237 46.161478 45.925237 46.152030 4.620873e+04
736209 46.142582 46.161477 46.076430 46.133130 5.764279e+04
736210 46.208730 46.208730 46.038636 46.161478 9.288994e+04
736211 45.991384 46.199277 45.991384 46.170930 2.485255e+04
736215 46.237077 46.237077 46.114231 46.180378 3.940499e+04
736216 46.284324 46.284324 46.057535 46.133130 4.148391e+04
736217 46.085882 46.246525 46.085882 46.189829 6.321807e+04
736218 46.218177 46.312672 46.161478 46.303224 6.142264e+04
736221 46.359922 46.378822 46.180377 46.341023 6.473002e+04
736222 46.378823 46.378823 46.284325 46.312672 3.014434e+04
736223 46.303224 46.359923 46.255977 46.350471 2.513604e+04
736224 46.378823 46.444971 46.265425 46.312672 9.137800e+04
736225 46.218177 46.331572 46.208729 46.293776 5.707581e+04
736228 46.303223 46.322123 46.255976 46.284324 3.212877e+04
736229 46.274875 46.303223 46.218177 46.284324 4.894912e+04
736230 46.151594 46.255882 46.037828 46.180035 1.001152e+05
736231 46.094710 46.227438 46.047308 46.227438 1.798471e+05
736232 46.161074 46.170557 46.085231 46.161074 2.152098e+04
736235 46.113671 46.151594 46.037828 46.056790 5.413427e+04
736236 45.980943 45.999905 45.781852 45.943020 1.092166e+05
736237 45.876656 45.905097 45.743928 45.772369 4.967838e+04
736238 45.800813 45.876656 45.677564 45.677564 1.817432e+05
736239 45.724968 45.781852 45.601718 45.601718 4.247312e+04
736242 45.696526 45.734450 45.506913 45.677564 5.261737e+04
736243 45.554316 45.743929 45.525875 45.668082 2.882105e+04
736244 45.715488 45.829254 45.668082 45.791331 8.229167e+04
736245 45.819775 45.838733 45.743928 45.800813 2.948469e+04
736246 45.800813 45.848216 45.706005 45.724967 1.971966e+04
736249 45.867177 45.914579 45.743928 45.886139 1.450533e+04
736250 45.715487 45.914579 45.715487 45.886139 1.810796e+04
736251 45.857694 45.905096 45.743928 45.886139 3.119120e+04
736252 45.781851 45.914579 45.743928 45.810292 6.807076e+04
736253 45.791331 45.810293 45.696527 45.715488 5.129008e+04
736256 45.876656 45.905097 45.734450 45.829254 3.308732e+04
736257 45.886139 45.895618 45.762889 45.886139 3.991335e+04
736258 45.914674 45.924185 45.762482 45.886140 4.394568e+04
736259 45.762483 45.895651 45.762483 45.867116 1.112910e+05
736260 45.857601 45.857601 45.534192 45.648339 5.688207e+04
736263 45.648340 45.848092 45.648340 45.676874 3.871405e+04
736264 45.771993 45.848091 45.714923 45.781507 4.004574e+04
736265 45.819552 45.867115 45.667359 45.800532 2.796543e+04
736266 45.886140 45.895650 45.762482 45.876626 1.539050e+05
736267 45.886140 45.895650 45.800532 45.886140 1.359272e+05
736270 45.867115 46.399788 45.695898 45.762482 3.690676e+04
736271 45.895650 45.905160 45.743457 45.876626 9.806925e+04
736272 45.905160 45.905160 45.838577 45.876626 4.442128e+04
736273 45.838578 45.943210 45.810043 45.895651 3.228390e+05
736274 45.867115 45.924186 45.724433 45.819552 6.772581e+04
736277 45.762482 45.819551 45.657848 45.762482 5.973569e+04
736278 45.800532 45.819552 45.657849 45.791017 1.087228e+05
736279 45.771992 45.810042 45.667359 45.733947 5.440894e+04
736280 45.733948 45.733948 45.657850 45.667360 4.384105e+05
736281 45.581751 45.743457 45.486632 45.486632 5.288701e+04
736284 45.505657 45.505657 45.277365 45.410538 5.621623e+04
736285 45.343950 45.420048 45.258345 45.353464 4.385056e+04
736286 45.420047 45.420047 45.296390 45.372488 3.747748e+04
736287 45.420048 45.420048 45.239320 45.258345 5.726255e+04
736288 45.286977 45.296520 45.143813 45.258342 5.888739e+04
736291 45.296519 45.296519 45.143813 45.239257 1.583374e+05
736292 45.086551 45.258341 45.086551 45.239257 2.815523e+04
736293 45.248799 45.248799 45.143813 45.239257 4.800706e+04
736295 45.201079 45.258341 45.201079 45.248799 1.240739e+04
736298 45.306065 45.306065 45.181990 45.286977 4.705264e+04
736299 45.286976 45.306064 45.239256 45.277430 6.614094e+04
736300 45.325154 45.353785 45.248799 45.306065 4.094439e+04
736301 45.372874 45.391963 45.267888 45.344239 6.060533e+04
736302 45.325155 45.382417 45.239257 45.286977 8.513379e+04
736305 45.315608 45.344238 45.277430 45.277430 4.962956e+04
736306 45.325155 45.363329 45.248800 45.258342 1.067036e+05
736307 45.296519 45.353785 45.248800 45.334697 6.155975e+04
736308 45.315608 45.334696 45.248799 45.248799 5.611958e+04
736309 45.229711 45.267888 45.019739 45.115182 1.558559e+05
736312 45.029283 45.096092 44.981564 45.010195 6.795432e+04
736313 44.838401 44.905209 44.781134 44.838401 9.038307e+04
736314 44.905209 44.952929 44.819311 44.924298 2.929099e+05
736315 44.857489 44.933844 44.857489 44.905209 6.976771e+04
736316 44.943387 45.210622 44.857489 44.952929 1.523246e+05
736319 45.019738 45.019738 44.809770 44.952929 8.389305e+04
736320 44.981565 44.981565 44.695241 44.876578 9.334176e+04
736321 45.020226 45.048959 44.866998 44.895731 8.552024e+04
736322 44.962769 45.010651 44.914886 44.953190 2.758099e+04
736326 44.886153 44.981922 44.732925 44.799962 1.919178e+05
736327 44.981921 45.010651 44.847848 44.962768 2.299374e+05
736328 44.866998 45.096842 44.857423 44.943614 1.969934e+05
736329 44.953190 45.039381 44.866999 44.886153 2.194988e+05
736333 45.001076 45.048958 44.857423 44.991497 2.412379e+05
736334 44.962769 44.981922 44.905306 44.953190 7.268741e+04
736335 44.828693 45.020225 44.828693 44.991497 4.750060e+04
736336 44.866998 45.048959 44.866998 45.039380 1.083129e+05
736337 44.905306 45.039380 44.895731 44.981922 4.836251e+04
736340 44.962768 45.125571 44.962768 44.962768 3.371010e+04
736341 44.953189 45.115996 44.953189 45.001076 4.702177e+04
736342 45.115996 45.115996 44.953190 44.981922 2.758099e+04
736343 45.068113 45.077688 44.847849 44.981922 8.456256e+04
736344 44.847848 45.058534 44.704195 45.001076 4.836251e+04
736348 44.991498 44.991498 44.752079 44.761658 2.324273e+05
736349 44.742504 44.934036 44.416895 44.847849 2.324273e+05
736350 44.809414 44.828630 44.463543 44.819024 1.733194e+05
736351 44.684516 44.876667 44.684516 44.742163 5.562747e+04
736354 44.761377 44.924703 44.761377 44.819024 9.914948e+04
736355 44.895884 44.915099 44.770984 44.886277 2.566165e+05
736356 44.751772 44.886276 44.722947 44.857452 5.197662e+04
736357 44.934314 44.972745 44.780594 44.886277 6.485068e+04
736358 44.963135 44.982351 44.780594 44.924704 4.265733e+04
736361 44.982351 45.001566 44.838236 44.876667 1.035689e+05
736362 44.867061 45.001565 44.790199 44.790199 1.664981e+05
736363 44.780593 44.886276 44.780593 44.819024 4.515528e+04
736364 44.876667 44.943920 44.828630 44.838236 3.785358e+04
736365 44.886276 44.963135 44.799809 44.838236 5.082372e+04
736368 44.770984 44.895883 44.684516 44.742163 7.157593e+04
736369 44.646088 44.867061 44.646088 44.828630 7.359351e+04
736370 44.790200 44.828631 44.674911 44.694126 3.285768e+04
736371 44.799809 44.799809 44.521190 44.530796 1.121196e+05
736372 44.607657 44.665304 44.482759 44.617264 3.477918e+04
736376 44.636479 44.770983 44.367470 44.367470 5.380204e+04
736377 44.434722 44.617264 44.434722 44.482759 5.908617e+04
736378 44.482759 44.684516 44.482759 44.521190 4.640426e+04
736379 44.540406 44.751772 44.501975 44.511584 8.425784e+04
736382 44.588443 44.703732 44.540406 44.607658 5.985477e+04
736383 44.549827 44.694405 44.549827 44.578742 4.761492e+04
736384 44.540186 44.626934 44.511271 44.598019 5.397642e+04
736385 44.540186 44.646213 44.530550 44.549827 5.243424e+04
736386 44.704045 44.723323 44.655852 44.723323 5.262701e+04
736389 44.723323 44.858263 44.723323 44.810071 5.204869e+04
736390 44.906456 44.993204 44.771516 44.993204 6.110902e+04
736391 44.983563 45.060674 44.973926 45.051037 6.930187e+04
736392 45.137785 45.253448 45.128144 45.185977 2.881955e+04
736393 45.263084 45.320917 45.205255 45.301640 7.238624e+04
736396 45.398025 45.398025 45.320918 45.349833 1.122902e+05
736397 45.388388 45.494415 45.378752 45.426944 5.310894e+04
736398 45.484773 45.513691 45.388388 45.494414 3.547022e+04
736399 45.494414 45.619718 45.484774 45.590799 4.954265e+04
736400 45.561884 45.716102 45.561884 45.716102 4.838601e+04
736403 45.773936 45.773936 45.677546 45.735380 3.739795e+04
736404 45.764295 45.822128 45.648632 45.783572 1.301217e+05
736405 45.812487 45.889599 45.687188 45.851043 4.057870e+04
736406 45.754657 45.870320 45.754657 45.860683 3.122922e+04
736407 45.899235 45.918512 45.754657 45.870320 3.450636e+04
736410 45.928154 45.928154 45.822128 45.908876 9.474790e+04
736411 45.918513 45.937791 45.831765 45.918513 5.879575e+04
736412 45.908844 46.024872 45.802483 45.860499 1.126449e+05
736413 45.821821 45.947520 45.783144 45.792816 8.054353e+04
736417 45.947521 45.976527 45.812155 45.841161 1.129350e+05
736418 45.928182 45.995866 45.802483 45.879838 2.339920e+04
736419 45.947521 45.995866 45.879838 45.957189 4.911898e+04
736420 45.908845 46.024872 45.870167 45.957189 1.889340e+05
736421 45.986198 46.082888 45.928182 46.005537 7.551560e+04
736424 46.053883 46.063550 45.957190 45.986199 2.881389e+04
736425 45.986198 46.082888 45.947521 45.957189 3.935320e+04
736426 46.034544 46.092556 45.986199 46.024872 2.069186e+04
736427 46.073221 46.121566 45.976527 46.044211 1.150622e+05
736428 46.150572 46.150572 46.063550 46.102227 4.351091e+04
736431 46.160243 46.227926 46.111895 46.131233 1.397184e+05
736432 46.218254 46.218254 46.140904 46.169910 8.566815e+04
736433 46.169910 46.285938 46.169910 46.285938 1.270519e+05
736434 46.256932 46.324616 46.227926 46.247265 1.019122e+05
736435 46.285939 46.285939 46.189249 46.189249 1.885473e+04
736438 46.314949 46.343954 46.227926 46.334283 2.078855e+04
736439 46.276272 46.411638 46.247265 46.305277 3.258484e+04
736440 46.314948 46.430975 46.305276 46.314948 3.471204e+04
736441 46.411942 46.538037 46.382845 46.479838 4.015579e+04
736442 46.460442 46.605932 46.460442 46.470140 2.968036e+04
736445 46.586532 46.586532 46.479837 46.586532 2.793446e+04
736446 46.499237 46.644730 46.489539 46.596234 4.112573e+04
736447 46.596234 46.683529 46.528338 46.683529 4.277464e+04
736448 46.644730 46.664130 46.470140 46.470140 1.321067e+05
736449 46.654428 46.673828 46.528338 46.557435 6.159161e+04
736452 46.644730 46.673827 46.547737 46.547737 1.106709e+05
736453 46.644730 46.644730 46.538036 46.596234 4.170770e+04
736454 46.586532 46.635032 46.528337 46.586532 5.441400e+04
736455 46.615633 46.664131 46.557436 46.605932 5.606291e+04
736456 46.596234 46.625332 46.508939 46.605932 7.022413e+04
736459 46.538037 46.635033 46.538037 46.605932 6.207658e+04
736460 46.538037 46.654428 46.538037 46.605932 4.723640e+04
736461 46.635033 46.664131 46.528338 46.567133 4.161071e+04
736462 46.586532 46.664130 46.557435 46.644730 4.228967e+04
736463 46.576834 46.693227 46.576834 46.576834 1.398663e+05
736466 46.605931 46.702929 46.576834 46.644730 7.371594e+04
736467 46.615633 46.732025 46.567132 46.664130 2.987435e+04
736468 46.683529 46.732026 46.605932 46.615633 7.778971e+04
736469 46.673828 46.683529 46.557435 46.596234 1.573253e+05
736470 46.722721 46.732450 46.615693 46.732450 4.164374e+04
736473 46.644882 46.732451 46.596233 46.712990 7.686579e+04
736474 46.693534 46.790830 46.625421 46.751910 6.061694e+04
736475 46.790830 46.829750 46.674072 46.829750 4.456269e+04
736476 46.849211 46.849211 46.664341 46.751910 1.997537e+05
736477 46.810291 46.849212 46.693534 46.761642 8.854160e+04
736481 46.839478 46.858939 46.771370 46.781102 5.069250e+04
736482 46.761641 46.897859 46.732450 46.897859 3.921128e+04
736483 46.751910 46.897859 46.751910 46.858939 4.290862e+04
736484 46.868666 46.917318 46.761641 46.820018 1.598614e+05
736487 46.849211 46.907587 46.800557 46.888127 1.269745e+05
736488 46.839478 46.946507 46.839478 46.888127 5.633581e+04
736489 46.858939 47.004888 46.858939 46.878399 3.570854e+04
736490 46.888127 46.946507 46.800558 46.907587 5.672500e+04
736491 46.888127 46.936780 46.849211 46.849211 2.850845e+04
736494 46.800558 46.868667 46.800558 46.800558 4.037886e+04
736495 46.820019 46.858939 46.712989 46.790830 4.748165e+04
736496 46.781103 46.829751 46.712990 46.761642 3.473555e+04
736497 46.722721 46.781102 46.605965 46.615693 1.744561e+05
736498 46.644880 46.761641 46.576772 46.605964 1.180230e+05
736501 46.703261 46.868666 46.644881 46.693533 7.365493e+04
736502 46.722721 46.849211 46.674073 46.790830 6.051964e+04
736503 46.771306 46.790828 46.634663 46.761548 7.066450e+04
736504 46.800590 47.073877 46.722506 46.800590 8.950186e+04
736505 47.005556 47.005556 46.410177 46.820111 6.754121e+04
736508 46.742027 46.742027 46.439461 46.478499 1.045327e+05
736509 46.488262 46.615142 46.410177 46.537062 4.148123e+04
736510 46.566342 46.673706 46.439461 46.449219 9.272275e+04
736511 46.566342 46.742027 46.527300 46.576104 5.485283e+04
736512 46.722506 46.781069 46.624904 46.712748 1.012142e+05
736516 46.702985 46.810349 46.595626 46.742027 4.343329e+04
736517 46.781069 46.829871 46.663947 46.712748 4.743501e+04
736518 46.810349 46.878671 46.683468 46.781069 5.660968e+04
736519 46.849391 46.917713 46.722506 46.917713 4.050520e+04
736522 47.005555 47.054355 46.859149 47.005555 7.134772e+04
736523 47.054356 47.132440 47.005555 47.034835 6.636997e+04
736524 47.151961 47.151961 47.034836 47.142199 7.905835e+04
736525 47.171482 47.249563 47.093398 47.132440 3.630828e+04
736526 47.122678 47.269083 47.093398 47.122678 1.035567e+05
736529 47.220283 47.269084 47.142199 47.249563 1.483564e+05
736530 47.269083 47.269083 47.190999 47.259321 3.542985e+04
736531 47.347163 47.347163 47.239804 47.278842 4.479973e+04
736532 47.278846 47.337586 47.249471 47.269053 4.552633e+04
736533 47.298427 47.425703 47.269053 47.327798 3.289644e+04
736536 47.308216 47.376750 47.220101 47.318009 4.963838e+04
736537 47.318009 47.357168 47.288634 47.318009 4.112055e+04
736538 47.386542 47.386542 47.288633 47.347379 1.048574e+05
736539 47.298427 47.357168 47.269053 47.318009 2.927392e+04
736540 47.298427 47.347380 47.269053 47.327798 6.265989e+04
736543 47.318009 47.347380 47.269053 47.269053 9.232543e+04
736544 47.318010 47.318010 47.229894 47.259264 7.940183e+04
736545 47.318009 47.318009 47.249471 47.288634 4.738654e+04
736546 47.318009 47.318009 47.259263 47.269053 3.847709e+04
736547 47.288634 47.318009 47.269053 47.318009 4.033730e+04
736550 47.357169 47.406121 47.288635 47.376750 1.266905e+05
736551 47.327798 47.425703 47.298427 47.298427 5.815621e+04
736552 47.406120 47.445283 47.318009 47.357168 3.289644e+04
736553 47.435495 47.464866 47.366961 47.415913 6.197455e+04
736554 47.396332 47.445284 47.327798 47.396332 2.288065e+05
736557 47.425703 47.455077 47.347380 47.396332 6.354104e+04
736558 47.366961 47.455077 47.337587 47.376750 5.737296e+04
736559 47.406120 47.445284 47.298426 47.308216 8.390551e+04
736560 47.396331 47.435495 47.308216 47.308216 4.807188e+04
736561 47.386543 47.435495 47.327797 47.386543 4.758235e+04
736564 47.396331 47.445283 47.318008 47.425702 4.905094e+04
736565 47.415880 47.445345 47.396237 47.435522 2.365884e+05
736566 47.445345 47.445345 47.337314 47.435522 5.028362e+04
736567 47.484625 47.484625 47.337313 47.425702 4.871225e+04
736568 47.474806 47.494449 47.415879 47.464987 8.357687e+04
736571 47.435522 47.523911 47.406060 47.484626 5.116751e+04
736572 47.523911 47.523911 47.376599 47.504269 5.146214e+04
736573 47.514092 47.523911 47.445345 47.504269 7.689858e+04
736574 47.523911 47.543554 47.464988 47.514092 5.322992e+04
736575 47.592658 47.622124 47.494450 47.553373 6.933640e+04
736579 47.543554 47.631943 47.484626 47.582839 3.859661e+04
736580 47.592658 47.631943 47.573016 47.592658 6.491694e+04
736581 47.622123 47.631942 47.582838 47.612300 6.039927e+04
736582 47.592658 47.651585 47.523911 47.573016 1.069509e+05
736585 47.622124 47.641762 47.533735 47.582839 8.976412e+04
736586 47.592658 47.622124 47.533735 47.573016 6.972924e+04
736587 47.592658 47.622124 47.533735 47.573016 1.701001e+05
736588 47.563196 47.622124 47.543554 47.592658 7.709500e+04
736589 47.592658 47.622124 47.543554 47.602481 6.059569e+04
736592 47.622124 47.622124 47.543554 47.573016 9.614778e+04
736593 47.602480 47.631942 47.563195 47.612300 5.588160e+04
736594 47.622153 47.651706 47.592599 47.612303 1.551611e+05
736595 47.710817 47.710817 47.622153 47.632003 1.012734e+05
736596 47.671410 47.700964 47.651707 47.671410 7.546249e+04
736599 47.681263 47.691113 47.632002 47.651706 6.570951e+04
736600 47.661560 47.700963 47.632003 47.661560 7.270407e+04
736601 47.671410 47.789627 47.592600 47.789627 2.334806e+05
736602 47.700964 47.740371 47.641857 47.710817 1.002883e+05
736603 47.592600 47.760075 47.592600 47.750224 1.921043e+05
736606 47.740370 47.760074 47.681263 47.730520 9.211153e+04
736607 47.750223 47.789626 47.730520 47.769927 4.314957e+04
736608 47.769927 47.809331 47.740370 47.779777 1.546686e+05
736609 47.740370 47.819184 47.740370 47.799480 1.005838e+05
736610 47.809331 47.819184 47.760074 47.779777 7.368922e+04
736613 47.829034 47.858591 47.760074 47.829034 3.782976e+04
736614 47.848738 47.848738 47.799480 47.829034 1.144744e+05
736615 47.799480 47.829034 47.779777 47.829034 5.871494e+04
736616 47.789627 47.789627 47.730520 47.779777 1.318131e+05
736617 47.799479 47.838886 47.760073 47.809330 1.219616e+05
736620 47.809331 47.838887 47.809331 47.838887 4.462730e+04
736621 47.838886 47.888144 47.779777 47.888144 9.871203e+04
736622 47.848738 47.878290 47.819184 47.838887 2.266830e+05
736623 47.829034 47.907848 47.829034 47.858591 1.418616e+05
736624 47.927764 47.927764 47.868471 47.888235 8.083487e+04
736627 47.898119 47.957409 47.888235 47.957409 6.057674e+04
736628 47.898119 47.957409 47.888235 47.917884 7.747498e+04
736629 47.878355 47.957409 47.878355 47.917884 5.543809e+04
736630 47.917884 47.947528 47.828946 47.848706 1.046505e+05
736631 47.828946 47.878355 47.769652 47.809181 7.362100e+04
736634 47.819061 47.858590 47.769652 47.819061 8.142779e+04
736635 47.828946 47.838826 47.759772 47.809181 1.399293e+05
736636 47.799297 47.819061 47.710359 47.779532 1.685871e+05
736637 47.769651 47.799296 47.710358 47.749887 1.230311e+05
736638 47.720243 47.759772 47.670834 47.720243 8.715936e+04
736641 47.670834 47.710359 47.601656 47.651069 1.406210e+05
736642 47.670834 47.710359 47.572011 47.611540 3.557525e+04
736643 47.572011 47.680714 47.572011 47.611540 2.046565e+05
736644 47.572010 47.601655 47.453427 47.542366 1.533688e+05
736645 47.463308 47.601655 47.453427 47.512721 8.202071e+04
736648 47.552247 47.611540 47.374371 47.532482 2.902347e+05
736649 47.532481 47.631304 47.443543 47.621420 3.119752e+05
736650 47.601656 47.641185 47.591776 47.611540 1.297508e+05
736651 47.670834 47.670834 47.562131 47.562131 2.442834e+05
736652 47.670834 47.700478 47.611540 47.651069 2.315356e+05
736655 47.641185 47.720243 47.601656 47.700478 3.686979e+05
736656 47.720302 47.759955 47.680650 47.740129 2.518847e+05
736657 47.730218 47.769867 47.700477 47.750040 1.296597e+05
736659 47.740129 47.779782 47.710392 47.759955 5.670132e+04
736662 47.819433 47.819433 47.690566 47.779781 1.130061e+05
736663 47.730219 47.779782 47.720303 47.759955 1.518644e+05
736664 47.769866 47.789692 47.710391 47.789692 1.687162e+05
736665 47.789691 47.839254 47.740128 47.809518 6.438375e+05
736666 47.789692 47.819434 47.779781 47.799607 2.593193e+05
736669 47.839256 47.908650 47.799608 47.888823 2.300765e+05
736670 47.918559 47.938386 47.888822 47.938386 1.834863e+05
736671 47.987949 48.037512 47.938386 48.027601 2.908421e+05
736672 48.017686 48.047427 47.987949 48.027601 2.828127e+05
736673 48.037512 48.057338 47.987949 48.027601 1.100323e+05
736676 48.027602 48.077165 48.027602 48.047428 3.242483e+05
736677 48.077165 48.106902 48.027602 48.057339 2.314643e+05
736678 48.087076 48.126728 48.037513 48.087076 3.040261e+05
736679 48.087076 48.156469 48.087076 48.126728 2.609054e+05
736680 48.136643 48.146555 48.077165 48.126728 3.109651e+05
736683 48.106902 48.176290 48.106902 48.146554 2.421701e+05
736684 48.126728 48.196117 48.126728 48.156469 2.200645e+05
736685 48.171381 48.211152 48.111725 48.161437 4.095313e+05
736686 48.161438 48.201208 48.141552 48.191267 3.051351e+05
736687 48.191267 48.211152 48.161437 48.201208 1.234858e+05
736691 48.181322 48.240978 48.121670 48.201208 1.582845e+05
736692 48.240978 48.260863 48.201208 48.250919 1.342237e+05
736693 48.240979 48.280750 48.201209 48.240979 4.239479e+05
736694 48.270805 48.270805 48.181323 48.270805 1.850298e+05
736698 48.231033 48.300634 48.231033 48.250919 1.571013e+06
736699 48.290690 48.310575 48.240978 48.290690 1.701757e+06
736700 48.320516 48.330461 48.270804 48.330461 3.969043e+05
736701 48.350347 48.360288 48.310576 48.320517 2.339469e+05
736704 48.320516 48.380173 48.310576 48.360287 1.664373e+05
736705 48.360287 48.380173 48.330461 48.340402 2.209222e+05
736706 48.340402 48.400058 48.340402 48.380173 3.179609e+05
736707 48.390114 48.400058 48.320516 48.380173 1.904982e+05
736708 48.380173 48.400058 48.320517 48.390114 2.047159e+05
736712 48.429884 48.429884 48.350346 48.409999 3.307868e+05
736713 48.390114 48.400058 48.320517 48.390114 2.661606e+05
736714 48.400057 48.400057 48.290690 48.370232 2.023297e+05
736715 48.440032 48.440032 48.300432 48.350291 1.916462e+05
736718 48.370230 48.380203 48.280489 48.370230 3.294480e+05
736719 48.340318 48.360260 48.300432 48.360260 2.879679e+05
736720 48.370230 48.390173 48.310406 48.380203 2.887656e+05
736721 48.360260 48.390173 48.330348 48.390173 1.639263e+05
736722 48.380203 48.390173 48.280489 48.380203 2.557610e+05
736725 48.360261 48.390173 48.310406 48.330348 1.870595e+05
736726 48.330348 48.390173 48.290462 48.350291 2.121869e+05
736727 48.320374 48.350291 48.220664 48.310405 2.179702e+05
736728 48.320374 48.320374 48.240607 48.310405 1.472744e+05
736729 48.320375 48.340318 48.270520 48.330348 1.488698e+05
736732 48.330348 48.350291 48.270520 48.340318 1.598381e+05
736733 48.330348 48.350292 48.280489 48.320375 2.799910e+05
736734 48.320375 48.330348 48.270520 48.330348 2.148791e+05
736735 48.310405 48.340318 48.270519 48.310405 2.213604e+05
736736 48.320375 48.340318 48.310406 48.330348 1.640260e+05
736739 48.360260 48.380202 48.310405 48.360260 2.513736e+05
736740 48.360261 48.380203 48.350291 48.380203 1.648237e+05
736741 48.370229 48.390173 48.320374 48.360260 2.344226e+05
736742 48.400146 48.410115 48.340318 48.400146 2.001217e+05
736743 48.400147 48.420089 48.370230 48.420089 1.563482e+05
736747 48.479914 48.479914 48.360260 48.450001 1.350099e+05
736748 48.439999 48.500000 48.389999 48.500000 3.054000e+05
736749 48.500000 48.540001 48.459999 48.500000 1.772000e+05
736750 48.540001 48.570000 48.509998 48.560001 1.518000e+05
736753 48.500000 48.580002 48.500000 48.560001 1.408000e+05
736754 48.570000 48.630001 48.549999 48.630001 2.065000e+05
736755 48.650002 48.669998 48.619999 48.669998 2.619000e+05
736756 48.660000 48.680000 48.570000 48.650002 1.951000e+05
736757 48.650002 48.689999 48.610001 48.689999 1.867000e+05
736760 48.689999 48.730000 48.650002 48.709999 1.940000e+05
736761 48.680000 48.700001 48.619999 48.689999 1.983000e+05
736762 48.619999 48.680000 48.610001 48.610001 1.890000e+05
736763 48.610001 48.680000 48.570000 48.660000 1.705000e+05
736764 48.650002 48.660000 48.520000 48.520000 5.862000e+05
