736631 17.000000 18.000000 16.900000 17.950001 6.904800e+06
736634 18.080000 18.080000 17.410000 17.410000 4.654000e+05
736635 17.389999 17.754999 17.150000 17.459999 5.860000e+05
736636 17.209999 17.610001 17.150000 17.459999 2.991000e+05
736637 17.230000 17.438999 17.200001 17.299999 1.849000e+05
736638 17.520000 18.000000 17.420000 17.809999 6.403000e+05
736641 18.180000 18.400000 17.600000 18.270000 6.657000e+05
736642 18.200001 18.290001 17.722000 18.240000 3.222000e+05
736643 17.879999 18.400000 17.680000 18.360001 2.764000e+05
736644 18.309999 18.400000 18.000000 18.330000 2.682000e+05
736645 18.170000 18.670000 18.160000 18.459999 2.383000e+05
736648 18.620001 18.750000 18.445999 18.540001 2.689000e+05
736649 18.430000 18.743999 18.350000 18.559999 1.223000e+05
736650 18.559999 18.740000 18.521000 18.620001 1.267000e+05
736651 18.340000 18.910000 18.320000 18.590000 2.723000e+05
736652 18.879999 19.129999 18.700001 18.950001 3.770000e+05
736655 19.000000 19.180000 18.990000 19.020000 2.555000e+05
736656 19.059999 20.280001 18.700001 20.020000 4.715000e+05
736657 20.090000 20.500000 20.020000 20.250000 3.095000e+05
736659 20.150000 20.450001 19.865000 20.240000 8.970000e+04
736662 20.490000 20.490000 19.844999 20.170000 3.253000e+05
736663 20.100000 20.240000 19.799999 19.959999 3.926000e+05
736664 20.110001 20.230000 19.830000 19.959999 7.758000e+05
736665 19.840000 20.115000 19.500999 19.920000 3.433000e+05
736666 19.959999 19.959999 18.485001 19.400000 4.148000e+05
736669 19.430000 19.889999 19.110001 19.240000 2.622000e+05
736670 19.350000 19.639999 18.650000 19.000000 3.026000e+05
736671 18.780001 19.629999 18.730000 19.059999 6.504000e+05
736672 19.490000 20.090000 19.150000 19.379999 4.947000e+05
736673 19.590000 22.309999 19.420000 21.440001 7.395000e+05
736676 21.350000 21.709999 21.000000 21.510000 2.879000e+05
736677 21.600000 21.600000 21.010000 21.389999 2.775000e+05
736678 21.280001 21.559999 20.200001 20.250000 4.493000e+05
736679 20.350000 21.100000 20.150000 20.219999 5.423000e+05
736680 20.120001 20.190001 18.952999 19.129999 4.508000e+06
736683 19.129999 19.709999 19.129999 19.570000 3.864000e+05
736684 19.570000 20.000000 19.495001 19.650000 2.861000e+05
736685 19.600000 19.790001 19.260000 19.420000 4.028000e+05
736686 19.379999 19.709999 19.100000 19.469999 1.964000e+05
736687 19.549999 19.930000 19.389999 19.610001 2.065000e+05
736691 19.480000 19.700001 19.330000 19.430000 1.794000e+05
736692 19.360001 19.590000 18.900000 19.000000 1.327000e+05
736693 19.010000 19.330000 18.889999 19.320000 1.150000e+05
736694 19.270000 19.760000 19.100000 19.709999 3.369000e+05
736698 19.840000 19.870001 19.180000 19.500000 2.870000e+05
736699 19.650000 19.680000 19.030001 19.160000 2.570000e+05
736700 19.200001 19.240000 18.730000 18.920000 9.084000e+05
736701 18.900000 19.110001 18.809999 19.049999 2.722000e+05
736704 19.049999 19.750000 18.910000 19.690001 2.401000e+05
736705 19.680000 19.680000 18.870001 19.040001 2.916000e+05
736706 19.120001 19.639999 18.926001 19.590000 1.810000e+05
736707 19.459999 19.469999 18.950001 19.090000 1.662000e+05
736708 19.129999 19.309999 18.770000 18.870001 1.240900e+06
736712 18.889999 19.250000 18.785000 18.820000 3.423000e+05
736713 18.860001 19.330000 18.860001 19.320000 1.574000e+05
736714 19.440001 19.570000 19.281000 19.340000 3.520000e+05
736715 19.360001 19.450001 19.129999 19.320000 2.535000e+05
736718 19.230000 19.469999 19.209999 19.250000 3.381000e+05
736719 19.330000 19.459999 19.180000 19.360001 1.049000e+05
736720 19.469999 19.480000 19.180000 19.200001 3.180000e+05
736721 19.320000 19.320000 18.629999 18.879999 2.781000e+05
736722 18.790001 18.969999 18.691000 18.719999 7.510000e+04
736725 18.610001 18.691000 18.180000 18.379999 1.758000e+05
736726 18.250000 18.780001 17.850000 18.549999 2.529000e+05
736727 18.730000 18.775000 18.389999 18.510000 1.974000e+05
736728 18.580000 18.580000 18.000000 18.150000 1.225000e+05
736729 18.150000 18.150000 17.219999 17.860001 2.150000e+05
736732 17.730000 17.930000 17.683001 17.719999 1.014000e+05
736733 17.750000 18.040001 17.639999 17.680000 1.374000e+05
736734 17.600000 17.870001 17.330000 17.480000 3.081000e+05
736735 17.430000 17.879999 17.430000 17.799999 9.080000e+04
736736 17.770000 17.879999 17.700001 17.719999 8.500000e+04
736739 17.809999 17.870001 17.440001 17.680000 4.285000e+05
736740 17.770000 17.879999 17.718000 17.809999 2.062000e+05
736741 17.690001 18.030001 17.690001 18.010000 2.115000e+05
736742 17.830000 17.940001 17.410000 17.600000 9.590000e+04
736743 17.639999 17.820000 17.540001 17.639999 1.048000e+05
736747 17.740000 17.740000 17.459999 17.620001 6.680000e+04
736748 17.629999 17.629999 17.309999 17.559999 1.663000e+05
736749 17.650000 17.709999 17.459999 17.559999 9.510000e+04
736750 17.559999 17.780001 17.420000 17.520000 8.480000e+04
736753 17.500000 17.820000 17.370001 17.719999 9.640000e+04
736754 17.600000 17.760000 17.480000 17.510000 1.772000e+05
736755 17.799999 17.940001 17.430000 17.740000 1.137000e+05
736756 17.680000 18.430000 17.480000 17.680000 1.500000e+05
736757 17.629999 17.889999 17.370001 17.610001 9.710000e+04
736760 17.530001 17.830000 17.469999 17.730000 6.870000e+04
736761 17.740000 17.860001 17.490000 17.650000 1.427000e+05
736762 17.700001 18.110001 17.405001 17.990000 1.190000e+05
736763 18.040001 18.180000 17.900000 18.080000 1.010000e+05
736764 18.129999 18.209999 17.900000 18.049999 9.150000e+04
