736034 2.848699 3.020769 2.772224 2.934734 4.380114e+05
736035 2.963412 3.001649 2.829580 2.877377 2.901275e+05
736036 2.877377 2.896496 2.753105 2.848699 3.346743e+05
736039 2.848699 2.877377 2.724427 2.753105 4.854259e+05
736040 2.686189 2.781783 2.581036 2.609714 5.267225e+05
736041 2.638393 2.724427 2.504561 2.714868 7.026155e+05
736042 2.676630 2.772224 2.609714 2.647952 4.102892e+05
736043 2.686189 3.049446 2.686189 2.820021 2.461926e+06
736046 2.877378 3.106803 2.877378 3.097244 6.825408e+05
736047 3.116363 3.125922 3.039887 3.125922 3.452853e+05
736048 3.145041 3.183278 3.106803 3.125922 3.723384e+05
736049 3.202397 3.259754 3.059006 3.097244 5.212738e+05
736050 3.078125 3.221516 3.020769 3.173719 3.855304e+05
736053 3.173718 3.173718 3.078124 3.116362 4.047447e+05
736054 3.097244 3.116363 2.925175 3.049447 6.101762e+05
736055 3.068565 3.384025 3.068565 3.336228 8.747800e+05
736056 3.336228 3.412703 3.278872 3.307550 5.094201e+05
736060 3.345788 3.489179 3.345788 3.441382 5.067435e+05
736061 3.422263 3.422263 3.211956 3.326669 3.619186e+05
736062 3.288431 3.384025 3.269312 3.307550 2.932822e+05
736063 3.317137 3.355485 3.240440 3.336311 2.621113e+05
736064 3.365073 3.393834 3.307550 3.317137 3.324807e+05
736067 3.317138 3.403422 3.211680 3.345899 3.113891e+05
736068 3.336312 3.365073 3.269202 3.345899 2.688224e+05
736069 3.336312 3.470531 3.336312 3.441770 3.596122e+05
736070 3.441769 3.451356 3.269201 3.336311 3.149363e+05
736071 3.326724 3.365073 3.278789 3.297963 2.636453e+05
736074 3.326724 3.355485 3.211679 3.336311 2.489770e+05
736075 3.297963 3.345899 3.259615 3.297963 2.111080e+05
736076 3.307550 3.307550 3.163743 3.221266 2.515655e+05
736077 3.192505 3.326725 3.192505 3.278789 1.656651e+05
736078 3.269202 3.278789 3.173331 3.240441 2.489771e+05
736081 3.297963 3.355486 3.250028 3.269202 2.808062e+05
736082 3.307550 3.403421 3.278788 3.326724 5.317006e+05
736083 3.345899 3.384247 3.317138 3.355486 4.001657e+05
736084 3.307550 3.326724 3.221266 3.230853 3.135941e+05
736085 3.221266 3.336311 3.182918 3.317137 2.659462e+05
736088 3.365073 3.393835 3.250028 3.250028 2.383354e+05
736089 3.269202 3.297963 3.211679 3.259615 1.777449e+05
736090 3.192505 3.278789 3.106221 3.134982 3.848262e+05
736091 3.154216 3.202298 3.077283 3.106133 3.695625e+05
736092 3.096516 3.240764 3.096516 3.211914 2.277189e+05
736095 3.221531 3.221531 3.086900 3.183065 3.050357e+05
736096 3.231147 3.231147 3.125365 3.192681 3.015737e+05
736097 3.231148 3.269614 3.067667 3.106133 7.316241e+05
736098 3.134982 3.240764 3.125365 3.154215 3.174410e+05
736099 3.269614 3.356163 3.163832 3.308080 6.728673e+05
736102 3.308079 3.308079 3.173448 3.192681 3.875453e+05
736103 3.173449 3.173449 3.038817 3.048434 4.689972e+05
736104 3.048434 3.077284 2.971502 2.971502 3.577342e+05
736105 2.981119 3.019585 2.942652 2.952269 3.744670e+05
736106 2.971502 3.000352 2.933036 2.990735 4.080286e+05
736110 2.933035 3.048434 2.875336 3.019584 6.162259e+05
736111 2.884953 3.067667 2.875336 2.923419 3.177295e+05
736112 2.933036 2.961886 2.884953 2.894570 4.733247e+05
736113 2.904187 2.942653 2.817638 2.817638 1.054739e+06
736116 2.884954 2.942653 2.836871 2.856104 5.138102e+05
736117 2.884953 2.990735 2.865720 2.942652 4.404361e+05
736118 2.923420 2.933036 2.884953 2.894570 3.367702e+05
736119 2.865720 2.884953 2.856103 2.865720 2.301231e+05
736120 2.856104 2.894570 2.817637 2.846487 3.398475e+05
736123 2.933036 2.933036 2.846487 2.875337 4.341855e+05
736124 2.894635 2.904283 2.836742 2.836742 3.275762e+05
736125 2.875336 2.894634 2.846390 2.884985 3.054804e+05
736126 2.875337 2.884986 2.836742 2.836742 1.751254e+05
736127 2.856039 2.865688 2.827093 2.865688 2.379389e+05
736130 2.836741 2.952526 2.827092 2.884985 5.121572e+05
736131 2.856039 2.875336 2.740253 2.759551 5.020260e+05
736132 2.749903 2.894635 2.749903 2.875337 4.917984e+05
736133 2.894634 2.952527 2.846390 2.865688 3.260323e+05
736134 2.875336 2.884985 2.663063 2.663063 1.187475e+06
736137 2.701658 2.942878 2.701658 2.894634 7.310881e+05
736138 2.865688 2.904283 2.807795 2.894634 6.713621e+05
736139 2.865688 2.913932 2.836741 2.856039 4.210728e+05
736140 2.846390 2.904283 2.778849 2.807795 5.004822e+05
736141 2.769200 2.798147 2.643766 2.701659 3.314743e+06
736144 2.672712 2.817444 2.672712 2.817444 5.364722e+05
736145 2.769200 2.798146 2.663063 2.663063 4.579311e+05
736146 2.682361 2.701658 2.470088 2.499034 6.907562e+05
736147 2.527980 2.595522 2.489385 2.585873 5.420685e+05
736151 2.576224 2.624468 2.499034 2.499034 5.109029e+05
736152 2.489386 2.508683 2.267464 2.306059 9.551330e+05
736153 2.363952 2.460439 2.306059 2.431493 5.239288e+05
736154 2.460554 2.479929 2.344308 2.402431 4.137412e+05
736155 2.421805 2.441180 2.353995 2.412118 2.053691e+05
736158 2.460554 2.576801 2.344308 2.576801 3.004007e+05
736159 2.547739 2.547739 2.412118 2.412118 3.033069e+05
736160 2.431492 2.450867 2.286184 2.286184 3.833233e+05
736161 2.286185 2.344308 2.276497 2.305559 3.672426e+05
736162 2.315246 2.324933 2.150563 2.160250 6.080668e+05
736165 2.082752 2.102127 1.927757 1.937444 1.164307e+06
736166 2.044003 2.179625 2.024629 2.111814 1.137861e+06
736167 2.102127 2.102127 2.044004 2.063378 6.917644e+05
736168 2.131189 2.131189 1.985880 2.014942 5.904361e+05
736169 2.014942 2.179625 1.976193 2.179625 6.313163e+05
736172 2.131189 2.257123 2.073066 2.082753 6.165918e+05
736173 2.102127 2.131189 2.063378 2.102127 4.464840e+05
736174 2.131189 2.228061 2.102127 2.131189 3.335311e+05
736175 2.082752 2.179624 2.082752 2.160250 3.202595e+05
736176 2.179625 2.208687 2.111814 2.140876 3.140597e+05
736179 2.131189 2.131189 2.063378 2.063378 2.670767e+05
736180 2.218373 2.218373 2.044003 2.111814 2.654298e+05
736181 2.111814 2.160250 1.937444 1.937444 5.616650e+05
736182 1.956819 2.305559 1.956819 2.305559 6.549531e+05
736183 2.334743 2.461209 2.188822 2.188822 5.547934e+05
736186 2.208277 2.354199 2.159637 2.286102 3.822168e+05
736187 2.432024 2.432024 2.247190 2.315287 4.145142e+05
736188 2.373655 2.470936 2.363927 2.470936 4.871830e+05
736189 2.422296 2.470937 2.286103 2.305559 3.283233e+05
736190 2.383384 2.393112 2.198550 2.305559 2.993335e+05
736193 2.334743 2.432024 2.256919 2.305559 3.819251e+05
736194 2.325015 2.325015 2.140181 2.169365 3.221945e+05
736195 2.305559 2.363927 2.256918 2.325015 3.414562e+05
736196 2.461208 2.636314 2.383383 2.568217 6.888464e+05
736197 2.684955 2.714139 2.470937 2.509849 5.179239e+05
736200 2.509849 2.519577 2.218006 2.295831 5.202587e+05
736201 2.286103 2.334743 2.188822 2.227734 2.551680e+05
736202 2.159638 2.208278 2.081813 2.101269 3.708351e+05
736203 2.140181 2.276374 2.052628 2.237462 4.183081e+05
736204 2.325015 2.480664 2.286102 2.344471 4.663649e+05
736207 2.383384 2.383384 2.237462 2.315287 2.018580e+05
736208 2.334742 2.383383 2.256918 2.286102 2.337661e+05
736209 2.286103 2.315287 2.149910 2.179094 3.496278e+05
736210 2.227733 2.354199 2.208277 2.286102 3.626633e+05
736211 2.286102 2.325014 2.188821 2.276374 2.769588e+05
736215 2.286103 2.354199 2.237462 2.305559 2.540006e+05
736216 2.286020 2.334867 2.198096 2.246943 2.915164e+05
736217 2.276251 2.305559 2.207866 2.246943 3.931173e+05
736218 2.246943 2.403252 2.198096 2.403252 2.911256e+05
736221 2.383714 2.413022 2.295790 2.325098 2.822356e+05
736222 2.354405 2.393483 2.295789 2.315328 2.286020e+05
736223 2.373944 2.452099 2.354405 2.432560 5.563626e+05
736224 2.452099 2.588869 2.393483 2.588869 3.173074e+05
736225 2.627947 2.657255 2.491176 2.637716 9.366823e+05
736228 2.637715 2.754947 2.540022 2.657254 3.276629e+05
736229 2.540022 2.579099 2.442329 2.442329 2.226427e+05
736230 2.530253 2.588869 2.471637 2.510714 1.990010e+05
736231 2.598638 2.735409 2.569330 2.686562 3.746533e+05
736232 2.667024 2.696332 2.579100 2.579100 2.215681e+05
736235 2.491176 2.549792 2.442329 2.461868 2.100403e+05
736236 2.510714 2.569330 2.354405 2.403252 1.691069e+05
736237 2.344636 2.491176 2.217635 2.471637 1.478000e+06
736238 2.530254 2.608408 2.403252 2.452099 1.437067e+05
736239 2.579100 2.637716 2.500945 2.608408 2.757879e+05
736242 2.637716 2.725640 2.618177 2.647485 2.912234e+05
736243 2.696332 3.077335 2.686562 2.706101 8.624354e+05
736244 2.794343 2.853171 2.627663 2.823757 4.862157e+05
736245 2.706101 2.823757 2.666882 2.764929 3.274774e+05
736246 2.862977 2.941414 2.833563 2.921805 4.217008e+05
736249 3.059070 3.088484 2.725710 2.823757 4.682730e+05
736250 2.774734 2.862976 2.706101 2.735515 2.813953e+05
736251 2.813953 3.049266 2.696297 2.921805 4.567036e+05
736252 2.921804 3.059070 2.843366 3.059070 4.387608e+05
736253 3.137508 3.137508 2.892390 2.941414 3.225751e+05
736256 2.951219 2.961024 2.696297 2.715906 4.980795e+05
736257 2.735515 2.902196 2.657078 2.853172 3.788542e+05
736258 3.010047 3.010047 2.676687 2.706101 2.339405e+05
736259 2.706100 2.813952 2.666882 2.755124 1.978591e+05
736260 2.872781 2.882586 2.696296 2.774734 2.806109e+05
736263 3.088485 3.117899 2.696296 2.745320 2.172725e+05
736264 2.617859 2.764929 2.529616 2.608054 4.270934e+05
736265 2.912000 2.941414 2.568835 2.637468 3.204180e+05
736266 2.637468 2.637468 2.460983 2.510007 3.497342e+05
736267 2.500201 2.578639 2.470787 2.549225 3.435571e+05
736270 2.510006 2.617858 2.411959 2.549225 2.341365e+05
736271 2.500202 2.637468 2.460983 2.598249 1.980552e+05
736272 2.784539 2.784539 2.372741 2.392350 3.786580e+05
736273 2.490397 2.598249 2.353131 2.392350 3.190454e+05
736274 2.323435 2.333280 2.205294 2.215139 5.455149e+05
736277 2.244674 2.303744 2.126533 2.303744 4.609457e+05
736278 2.264364 2.264364 2.165914 2.205294 2.305714e+05
736279 2.195449 2.244674 2.165914 2.244674 2.636507e+05
736280 2.165913 2.254519 2.126533 2.126533 2.535103e+05
736281 2.116688 2.264364 2.116688 2.224984 2.415978e+05
736284 2.215139 2.264364 2.175759 2.234829 1.635265e+05
736285 2.224984 2.224984 2.077308 2.126533 3.057876e+05
736286 2.136378 2.264364 2.096998 2.234829 2.600081e+05
736287 2.264365 2.412041 2.234829 2.323435 2.995853e+05
736288 2.343125 2.362815 2.175759 2.205294 1.981811e+05
736291 2.205294 2.224984 2.146224 2.224984 2.073370e+05
736292 2.274209 2.352970 2.215139 2.254519 2.370691e+05
736293 2.224984 2.313590 2.205294 2.224984 1.331052e+05
736295 2.175759 2.244674 2.175759 2.215139 9.451260e+04
736298 2.185604 2.274210 2.165914 2.195449 4.243222e+05
736299 2.224984 2.303744 2.195448 2.284054 1.904035e+05
736300 2.215139 2.284054 2.165914 2.224984 1.911911e+05
736301 2.274209 2.313589 2.215139 2.264364 2.470126e+05
736302 2.274209 2.352969 2.264364 2.303744 3.695835e+05
736305 2.274210 2.303745 2.116689 2.165914 3.616092e+05
736306 2.165914 2.165914 2.077308 2.077308 2.809781e+05
736307 2.146552 2.205904 2.077308 2.146552 3.736188e+05
736308 2.116876 2.186120 2.116876 2.126768 1.770658e+05
736309 2.116876 2.205904 2.077308 2.166336 2.981432e+05
736312 2.136660 2.166335 2.047632 2.077308 3.568024e+05
736313 2.097092 2.106984 2.037740 2.037740 3.147616e+05
736314 2.106984 2.156444 2.057524 2.146552 3.845988e+05
736315 2.087199 2.106983 1.978388 1.988280 5.429686e+05
736316 1.998172 2.126768 1.978388 2.047632 9.200495e+05
736319 2.077308 2.106984 2.037740 2.087200 2.068405e+05
736320 2.097092 2.097092 2.047632 2.067416 1.047557e+05
736321 2.077308 2.116876 2.047632 2.116876 3.901383e+05
736322 2.116876 2.215795 2.106984 2.215795 2.968572e+05
736326 2.077308 2.097092 1.869577 1.889361 1.028168e+06
736327 1.909145 1.909145 1.721198 1.790442 8.690073e+05
736328 1.721198 1.810225 1.592602 1.671738 1.280907e+06
736329 1.612386 1.671738 1.582710 1.642062 5.758098e+05
736333 1.671738 1.760765 1.622278 1.661846 5.123036e+05
736334 1.671739 1.721198 1.562927 1.622279 4.819356e+05
736335 1.651954 1.740982 1.642062 1.661846 3.608580e+05
736336 1.663827 1.723250 1.584597 1.634116 6.232419e+05
736337 1.544983 1.624212 1.535079 1.564790 4.710216e+05
736340 1.535079 1.535079 1.138929 1.297389 1.220437e+06
736341 1.257774 1.287486 1.168641 1.237967 6.610744e+05
736342 1.228063 1.307293 1.208256 1.307293 3.523749e+05
736343 1.247870 1.277581 1.188448 1.218159 2.900803e+05
736344 1.297389 1.297389 1.188448 1.247870 2.827515e+05
736348 1.247870 1.247870 1.138929 1.138929 5.365841e+05
736349 1.158737 1.188448 1.129025 1.178544 3.856513e+05
736350 1.168640 1.257774 1.168640 1.247870 2.341242e+05
736351 1.287485 1.307292 1.247870 1.287485 2.263993e+05
736354 1.267678 1.366715 1.267678 1.287485 3.108781e+05
736355 1.327100 1.386522 1.327100 1.356811 4.071423e+05
736356 1.366716 1.406330 1.307293 1.386523 3.594066e+05
736357 1.337004 1.376619 1.327101 1.346908 1.821297e+05
736358 1.337004 1.376619 1.327100 1.327100 3.929801e+05
736361 1.337004 1.445945 1.337004 1.366715 2.954283e+05
736362 1.356811 1.386522 1.247870 1.247870 4.527985e+05
736363 1.237967 1.327101 1.237967 1.317197 6.940539e+05
736364 1.346908 1.564790 1.346908 1.465753 8.362715e+05
736365 1.436041 1.594501 1.406330 1.554886 5.005346e+05
736368 1.614309 1.713346 1.604405 1.683635 8.911381e+05
736369 1.735194 1.735194 1.536886 1.576548 5.000334e+05
736370 1.536887 1.665787 1.487310 1.566633 5.586336e+05
736371 1.735195 1.755025 1.616210 1.695533 1.002546e+06
736372 1.685617 1.784771 1.645956 1.675702 8.548063e+05
736376 1.645957 1.675703 1.536887 1.606295 4.302293e+05
736377 1.596379 1.725279 1.576548 1.675702 4.126788e+05
736378 1.685617 1.774856 1.655871 1.755025 8.672996e+05
736379 1.725279 1.784771 1.715364 1.725279 6.520365e+05
736382 1.665787 1.794687 1.665787 1.794687 6.402372e+05
736383 1.844264 1.923587 1.834349 1.893841 6.884261e+05
736384 1.943418 2.062403 1.874010 1.893841 9.625868e+05
736385 1.973165 1.983080 1.893841 1.933503 3.455517e+05
736386 1.923587 1.963249 1.874010 1.923587 4.351868e+05
736389 1.943418 1.973164 1.893841 1.943418 3.760910e+05
736390 1.953333 1.963248 1.883925 1.903756 4.170415e+05
736391 1.913672 1.992995 1.834348 1.973164 4.916054e+05
736392 2.022741 2.151641 2.002910 2.121895 8.695803e+05
736393 2.171472 2.379695 2.072318 2.102064 1.196788e+06
736396 2.181388 2.300373 2.151642 2.211134 4.975547e+05
736397 2.290457 2.349949 2.131811 2.141726 4.948775e+05
736398 2.034540 2.282655 2.004766 2.183409 7.583376e+05
736399 2.084163 2.332278 2.084163 2.252881 8.672103e+05
736400 2.262806 2.312429 2.203259 2.242957 3.211597e+05
736403 2.302505 2.332278 2.203259 2.242957 7.690564e+05
736404 2.203259 2.233032 2.104013 2.193334 3.635377e+05
736405 2.104012 2.352127 2.104012 2.332278 5.696713e+05
736406 2.381901 2.431524 2.252881 2.282655 6.544273e+05
736407 2.262806 2.431524 2.262806 2.421599 1.619792e+06
736410 2.371976 2.471222 2.362052 2.401750 5.230257e+05
736411 2.471222 2.481147 2.401750 2.451373 3.265189e+05
736412 2.342202 2.381901 2.203258 2.233032 5.660984e+05
736413 2.183409 2.302504 2.183409 2.282655 2.049427e+05
736417 2.292580 2.292580 2.223107 2.282655 1.836049e+05
736418 2.292579 2.481147 2.252881 2.421599 5.229264e+05
736419 2.431524 2.441448 2.312429 2.352127 3.400163e+05
736420 2.401750 2.421599 2.312429 2.312429 2.575431e+05
736421 2.262806 2.391826 2.203258 2.381901 6.467854e+05
736424 2.371976 2.371976 2.223108 2.262806 3.362450e+05
736425 2.352127 2.371977 2.292580 2.362052 2.766975e+05
736426 2.352127 2.381901 2.322353 2.381901 2.807666e+05
736427 2.443485 2.483216 2.393820 2.423619 4.343642e+05
736428 2.443485 2.483216 2.403753 2.483216 3.861898e+05
736431 2.503082 2.662008 2.493149 2.662008 8.347580e+05
736432 2.662007 2.791135 2.582544 2.761336 7.504278e+05
736433 2.681874 2.801068 2.632209 2.662008 4.713145e+05
736434 2.622276 2.731538 2.602410 2.701739 4.982325e+05
736435 2.731538 2.801068 2.681874 2.751404 4.301924e+05
736438 2.781202 2.890464 2.751404 2.880531 5.794834e+05
736439 3.009658 3.118920 2.900397 3.029524 7.699957e+05
736440 3.079188 3.118919 2.850732 2.920262 8.620733e+05
736441 2.979859 3.059322 2.900397 2.940128 5.128338e+05
736442 2.950061 3.059323 2.930196 2.969927 4.914782e+05
736445 2.979860 3.009658 2.830867 2.870598 5.273358e+05
736446 2.870598 2.969927 2.751404 2.959994 5.014111e+05
736447 2.959994 3.009658 2.860665 2.930195 5.646833e+05
736448 2.959993 3.079188 2.890463 3.069255 6.850696e+05
736449 3.118920 3.277846 3.108987 3.267913 1.012656e+06
736452 3.406972 3.476503 3.287778 3.367241 1.257997e+06
736453 3.416906 3.426839 3.079188 3.188450 1.057056e+06
736454 3.267913 3.267913 2.880531 2.900397 9.026989e+05
736455 3.029523 3.248046 2.969926 3.208315 7.864842e+05
736456 3.277845 3.516234 3.267912 3.357308 1.253130e+06
736459 3.230092 3.329480 3.061134 3.120766 1.007590e+06
736460 3.090950 3.329479 3.031317 3.309602 6.190844e+05
736461 3.468622 3.518316 3.279786 3.478561 7.441139e+05
736462 3.528255 3.617704 3.289725 3.299664 8.499616e+05
736463 3.359296 3.617703 3.349357 3.428867 8.247171e+05
736466 3.707152 3.736968 3.508377 3.677336 6.512860e+05
736467 3.687275 3.856233 3.627642 3.826417 9.498459e+05
736468 3.776724 3.856234 3.478562 3.498439 9.158556e+05
736469 3.349357 3.488499 2.991562 3.468622 1.766910e+06
736470 3.458684 3.518316 3.329480 3.478561 6.014929e+05
736473 3.269848 3.587887 3.269848 3.528255 5.018073e+05
736474 3.399051 3.418929 2.931930 2.981624 1.664144e+06
736475 2.912053 3.130705 2.882236 3.130705 6.921343e+05
736476 3.289725 3.408990 3.110828 3.140644 5.061804e+05
736477 3.081011 3.110827 2.902114 2.961746 9.100909e+05
736481 2.892175 3.110827 2.802726 3.071072 8.969717e+05
736482 3.090949 3.130704 2.981623 3.071072 5.131374e+05
736483 3.011440 3.071073 2.941869 2.981624 2.968704e+05
736484 3.180399 3.468623 3.180399 3.379174 1.269377e+06
736487 3.468623 3.488500 3.329480 3.458684 8.053367e+05
736488 3.389112 3.428867 3.279786 3.309602 5.217841e+05
736489 3.438807 3.577949 3.428868 3.458684 9.478583e+05
736490 3.430839 3.570061 3.351283 3.480561 6.896483e+05
736491 3.580006 3.729173 3.311505 3.430839 1.033031e+06
736494 3.589950 3.589950 3.241894 3.351283 8.754108e+05
736495 3.331395 3.381117 3.182228 3.291617 6.109878e+05
736496 3.311506 3.520339 3.281672 3.490506 1.084941e+06
736497 3.749062 3.798784 3.341339 3.410950 1.166784e+06
736498 3.410950 3.470617 3.251839 3.321450 1.084245e+06
736501 3.241894 3.341338 3.102671 3.331394 6.084020e+05
736502 3.112616 3.301561 3.112616 3.301561 6.210316e+05
736503 3.222005 3.321450 3.112616 3.281672 7.465307e+05
736504 3.212061 3.460672 3.182227 3.241894 1.203976e+06
736505 3.709284 3.729173 3.291617 3.430839 5.407997e+06
736508 3.480562 3.490506 3.222006 3.251839 1.287211e+06
736509 3.202116 3.460672 3.172283 3.391061 9.280170e+05
736510 3.440784 3.580006 3.420895 3.550173 7.762647e+05
736511 3.540228 3.570061 3.391061 3.570061 8.310585e+05
736512 3.629728 3.918118 3.589951 3.878340 1.292283e+06
736516 3.908173 4.236341 3.898229 4.156785 1.448610e+06
736517 4.405396 4.663952 4.296007 4.574452 1.730535e+06
736518 4.556545 4.626186 4.327723 4.447108 1.161023e+06
736519 4.506801 4.835111 4.437159 4.835111 9.977640e+05
736522 4.855008 5.412140 4.855008 5.312652 2.155902e+06
736523 5.372345 5.372345 4.845060 4.874906 1.853360e+06
736524 5.053984 5.471833 4.884855 5.471833 1.518384e+06
736525 5.292754 5.471832 5.073881 5.302703 1.215344e+06
736526 5.262909 5.551424 5.173370 5.392243 8.147062e+05
736529 5.571321 5.571321 5.243011 5.372345 6.856704e+05
736530 5.233062 5.382294 5.143523 5.272857 6.839791e+05
736531 5.073882 5.113677 4.745572 4.795316 1.211961e+06
736532 4.815213 5.233062 4.815213 5.213164 9.868201e+05
736533 5.073882 5.193267 4.944547 5.014189 6.775124e+05
736536 4.765469 4.964444 4.705776 4.845059 7.636688e+05
736537 4.855008 5.073882 4.825162 5.053984 5.510633e+05
736538 5.103728 5.342499 4.944547 5.342499 1.133465e+06
736539 5.392243 5.441987 5.183318 5.292755 6.402045e+05
736540 5.481781 5.611116 5.372345 5.591218 1.285184e+06
736543 5.571321 5.770297 5.461884 5.710604 9.051407e+05
736544 5.869784 6.038913 5.810091 5.869784 1.332839e+06
736545 5.959323 6.466711 5.710603 6.416967 1.761632e+06
736546 6.476660 6.844765 6.377172 6.665687 1.610012e+06
736547 6.536352 6.556250 6.088657 6.416967 1.274042e+06
736550 6.387121 6.576148 6.317479 6.416967 6.543317e+05
736551 6.438862 6.617995 6.438862 6.568236 5.880562e+05
736552 6.707562 6.836936 6.498573 6.717514 8.032156e+05
736553 6.717515 6.826985 6.518477 6.528429 8.749687e+05
736554 6.588140 6.707562 6.349295 6.498573 6.734432e+05
736557 6.498573 6.717514 6.478669 6.568236 7.016070e+05
736558 6.608043 6.657803 6.399054 6.409006 7.077772e+05
736559 6.418958 6.418958 5.841750 6.200017 2.165528e+06
736560 6.259728 6.369199 6.150258 6.369199 6.669746e+05
736561 6.209968 6.219920 6.020883 6.080594 9.709047e+05
736564 5.971124 6.000979 5.433722 5.782038 1.044350e+06
736565 5.791990 6.100498 5.772086 5.791990 8.621307e+05
736566 5.553145 5.612856 5.075455 5.234685 1.519054e+06
736567 5.184926 5.463578 5.075455 5.334204 1.015788e+06
736568 5.463578 5.672568 5.284445 5.413819 1.060571e+06
736571 5.622808 5.622808 5.224734 5.503386 5.629775e+05
736572 5.403867 5.483482 5.174974 5.254589 8.259059e+05
736573 5.115262 5.214781 4.936128 5.194877 1.282697e+06
736574 5.105311 5.443674 5.055551 5.403867 6.623967e+05
736575 5.752183 5.911413 5.483482 5.911413 1.285185e+06
736579 6.349295 6.568236 6.100498 6.468717 1.556274e+06
736580 6.518477 6.518477 6.130354 6.448814 9.517972e+05
736581 6.271616 6.470715 6.231796 6.291526 5.320919e+05
736582 6.321391 6.321391 5.704184 5.773869 1.347402e+06
736585 5.664364 6.470715 5.524995 6.410985 1.776759e+06
736586 6.251705 6.420939 6.032696 6.112336 1.043378e+06
736587 6.391075 6.470715 6.211886 6.281571 1.060799e+06
736588 6.221841 6.540400 6.072517 6.311436 1.128990e+06
736589 6.132246 6.430894 5.933147 6.331345 3.877152e+06
736592 6.410985 6.490624 6.221841 6.331345 7.289011e+05
736593 6.331345 6.480670 6.221841 6.420940 6.232792e+05
736594 6.560309 7.107831 6.500579 7.107831 2.071923e+06
736595 7.237246 7.456255 6.908733 7.018237 1.230630e+06
736596 6.998327 7.316885 6.849003 6.968462 9.731955e+05
736599 7.077966 7.217336 6.898777 6.948552 7.455259e+05
736600 6.938597 7.147651 6.799228 7.107831 1.128294e+06
736601 7.107831 7.555803 7.018236 7.396524 1.462680e+06
736602 7.366660 7.854452 7.366660 7.744948 1.760632e+06
736603 7.924137 8.182966 7.287021 7.386570 2.638658e+06
736606 7.336795 7.446300 7.097877 7.227291 9.995762e+05
736607 6.829093 6.829093 5.833598 5.883373 2.668722e+06
736608 6.082472 6.082472 5.405536 5.773869 1.737735e+06
736609 5.477108 5.825652 5.447233 5.467150 1.104384e+06
736610 5.755943 6.004903 5.188315 5.228149 2.160072e+06
736613 5.327733 5.467150 5.178357 5.228149 1.118724e+06
736614 5.178358 5.327733 5.118607 5.138524 7.898987e+05
736615 5.188315 5.467150 5.148482 5.387483 9.689503e+05
736616 5.397442 5.616526 5.377525 5.457192 8.475577e+05
736617 5.248066 5.497025 5.128565 5.208232 9.396726e+05
736620 5.218190 5.457192 5.218190 5.417358 7.678906e+05
736621 5.586651 5.855527 5.417359 5.765902 8.886858e+05
736622 5.875444 6.144320 5.785818 6.014861 1.200881e+06
736623 6.044736 6.064653 5.696193 5.865485 5.306820e+05
736624 5.825652 5.955111 5.676277 5.765902 5.091720e+05
736627 5.855528 5.945153 5.477109 5.606568 6.737840e+05
736628 5.795777 5.945153 5.596610 5.815694 6.808544e+05
736629 5.775860 5.925236 5.516943 5.606568 4.977198e+05
736630 5.696192 5.716109 5.317774 5.367566 5.973035e+05
736631 5.367566 5.586650 5.307816 5.417358 6.480913e+05
736634 5.427316 5.676276 5.307816 5.656359 8.022470e+05
736635 5.835610 6.104486 5.795777 5.855527 9.142788e+05
736636 6.174195 6.423155 5.696193 5.745985 1.687248e+06
736637 5.775860 5.955110 5.696193 5.865485 8.800219e+05
736638 5.845568 5.855527 5.347649 5.467150 1.107969e+06
736641 5.267983 5.367566 5.058857 5.228149 1.359319e+06
736642 5.389536 5.558893 5.100633 5.120557 1.255931e+06
736643 5.827872 5.877683 5.220179 5.489158 2.038859e+06
736644 5.469234 5.489158 4.901390 4.971125 1.720766e+06
736645 4.891428 4.941239 4.243887 4.263811 2.217082e+06
736648 4.084492 4.562676 4.044643 4.502903 1.240092e+06
736649 4.512865 4.692184 4.373395 4.622449 9.092477e+05
736650 4.562676 4.612486 4.333546 4.473016 1.111380e+06
736651 4.393319 4.702147 4.243887 4.323584 1.438937e+06
736652 4.034680 4.383356 4.034680 4.363432 7.013370e+05
736655 4.463054 4.552714 4.333546 4.453092 7.954796e+05
736656 4.482979 4.582601 4.194076 4.492941 1.009567e+06
736657 4.184113 4.273773 4.064567 4.214000 8.972931e+05
736659 4.184113 4.363433 4.154227 4.273773 2.756534e+05
736662 4.303659 4.463054 4.214000 4.413243 1.017935e+06
736663 4.263811 4.433168 4.233924 4.393319 4.123344e+05
736664 4.313621 4.353470 4.194075 4.293697 6.905779e+05
736665 4.243886 4.602524 4.144264 4.423205 8.624254e+05
736666 4.502903 4.622449 4.413243 4.582600 8.940055e+05
736669 4.612487 4.771881 4.383357 4.692184 8.582413e+05
736670 4.781843 4.981087 4.502903 4.642373 1.048718e+06
736671 4.732033 4.811730 4.602525 4.622449 7.656927e+05
736672 4.644422 4.754290 4.554530 4.744302 5.892922e+05
736673 4.684374 4.744302 4.424686 4.494602 1.003195e+06
736676 4.494602 4.634434 4.314818 4.374746 8.328997e+05
736677 4.384734 4.564518 4.384734 4.534554 4.396720e+05
736678 4.624446 4.654410 4.155010 4.214938 1.007091e+06
736679 4.015178 4.085094 3.725526 3.815418 1.386535e+06
736680 3.895322 4.045142 3.795442 3.795442 2.847680e+06
736683 3.825406 4.065118 3.785454 3.995202 9.211937e+05
736684 3.905310 3.995202 3.725526 3.995202 1.035456e+06
736685 3.995202 4.075106 3.955250 4.025166 4.332797e+05
736686 3.975226 4.095082 3.925286 3.965238 5.345580e+05
736687 3.965238 4.125046 3.945262 4.075106 4.753292e+05
736691 4.075106 4.194962 3.915298 4.095082 7.250293e+05
736692 4.075106 4.224926 4.005190 4.194962 6.481216e+05
736693 4.294843 5.013979 4.224927 4.974027 1.958248e+06
736694 4.964038 5.083894 4.294842 4.344782 2.758987e+06
736698 4.364758 4.834194 4.324806 4.824206 1.506890e+06
736699 4.994003 5.033955 4.614459 4.894123 1.353075e+06
736700 5.123847 5.573307 5.073907 5.403511 2.105372e+06
736701 5.223727 5.493403 4.914099 5.023967 1.592088e+06
736704 5.375685 5.615492 5.165853 5.225805 1.943740e+06
736705 5.335717 5.695428 5.165853 5.315733 1.589324e+06
736706 5.295749 5.535557 5.065934 5.335717 1.401175e+06
736707 5.545548 5.595508 5.175845 5.255781 1.137986e+06
736708 5.195829 5.325725 5.085917 5.295749 5.452623e+05
736712 5.525565 5.535557 5.305741 5.355701 1.085728e+06
736713 5.385677 5.455620 5.075925 5.155861 1.161468e+06
736714 5.065933 5.255781 5.015973 5.155861 1.009590e+06
736715 5.155861 5.455621 5.125885 5.315733 6.724602e+05
736718 5.375684 5.515572 5.315732 5.445628 8.089505e+05
736719 5.405661 5.675444 5.165853 5.295749 1.409369e+06
736720 5.105901 5.295749 5.055941 5.245789 7.316127e+05
736721 5.065933 5.335717 5.055941 5.225805 8.860887e+05
736722 5.205821 5.335717 5.185837 5.315733 4.374489e+05
736725 5.325725 5.335717 5.145869 5.145869 8.199418e+05
736726 5.335716 5.395668 5.245788 5.375684 7.753775e+05
736727 5.255780 5.465612 5.235796 5.435636 6.994385e+05
736728 5.575524 5.585516 5.395668 5.435636 6.354898e+05
736729 5.455620 5.585516 5.375684 5.575524 5.920247e+05
736732 5.745388 6.225003 5.625484 6.105099 1.989503e+06
736733 6.105099 6.215010 5.915251 5.945227 1.385787e+06
736734 6.225002 6.225002 5.935235 5.945227 9.110686e+05
736735 6.007198 6.047179 5.757314 5.777305 9.074767e+05
736736 5.697342 6.117147 5.697342 6.097156 7.619446e+05
736739 6.037184 6.117147 5.947226 6.097156 5.522424e+05
736740 6.127142 6.147133 5.897250 6.027189 7.252617e+05
736741 5.907245 6.007198 5.847273 5.917240 6.485975e+05
736742 5.977212 6.227096 5.957222 6.057175 1.148664e+06
736743 6.107151 6.267077 5.877259 5.917240 1.019924e+06
736747 5.787301 6.057175 5.577399 5.887254 9.598523e+05
736748 5.837277 5.987207 5.657361 5.847272 8.178185e+05
736749 6.167124 6.177119 5.757315 5.757315 1.097188e+06
736750 5.957222 6.047180 5.507432 5.607385 9.259682e+05
736753 5.587394 5.777306 5.037651 5.107618 1.933698e+06
736754 5.207571 5.377492 5.097622 5.177585 5.970215e+05
736755 4.917707 5.227562 4.657828 5.107618 1.713301e+06
736756 4.957688 5.047646 4.587860 4.667823 1.418139e+06
736757 4.617846 4.777771 4.507897 4.677818 7.602454e+05
736760 4.527888 4.587860 4.208038 4.337977 1.106684e+06
736761 4.238023 4.547878 4.208037 4.417939 6.370028e+05
736762 4.278005 4.417939 4.268009 4.288000 5.536418e+05
736763 4.280000 4.390000 4.180000 4.190000 4.179000e+05
736764 4.280000 4.640000 4.250000 4.580000 9.374000e+05
