736034 17.433909 17.610506 17.433909 17.443721 7.848693e+02
736035 17.473152 17.473152 17.473152 17.473152 1.177304e+03
736036 17.610505 17.610505 17.610505 17.610505 5.886519e+02
736039 17.610505 17.610505 17.610505 17.610505 0.000000e+00
736040 17.610505 17.610505 17.610505 17.610505 0.000000e+00
736041 17.610505 17.610505 17.610505 17.610505 0.000000e+00
736042 17.610505 17.610505 17.610505 17.610505 0.000000e+00
736043 17.600694 17.620314 17.600694 17.610505 4.905433e+03
736046 17.610505 17.610505 17.610505 17.610505 0.000000e+00
736047 17.757668 18.061805 17.708613 18.002940 6.180846e+03
736048 17.885209 18.012751 17.787099 17.953884 3.531912e+03
736049 17.953883 18.061804 17.855777 18.061804 5.101650e+03
736050 18.061804 18.061804 18.061804 18.061804 0.000000e+00
736053 17.649747 17.649747 17.610505 17.610505 3.531912e+03
736054 17.953883 18.051993 17.610505 17.610505 9.418431e+03
736055 18.022562 18.051994 17.630125 17.953884 2.354608e+03
736056 18.179536 18.179536 18.179536 18.179536 9.810866e+01
736060 18.179537 18.179537 17.718424 17.718424 3.924347e+02
736061 17.718424 17.718424 17.718424 17.718424 0.000000e+00
736062 17.718424 17.718424 17.718424 17.718424 0.000000e+00
736063 17.718424 17.718424 17.718424 17.718424 0.000000e+00
736064 17.934264 17.934264 17.934264 17.934264 2.943260e+02
736067 17.983318 17.983318 17.953884 17.953884 6.867606e+02
736068 18.208967 18.208967 18.208967 18.208967 4.905433e+02
736069 18.150102 18.150102 18.150102 18.150102 1.962173e+02
736070 18.150102 18.150102 18.150102 18.150102 0.000000e+00
736071 18.150102 18.150102 18.150102 18.150102 0.000000e+00
736074 17.747857 17.747857 17.747857 17.747857 9.810866e+01
736075 17.747857 17.747857 17.747857 17.747857 0.000000e+00
736076 17.747857 17.747857 17.728235 17.728235 4.905433e+02
736077 17.757668 17.757668 17.757668 17.757668 1.667847e+03
736078 17.757668 17.757668 17.757668 17.757668 6.867606e+02
736081 17.757668 17.757668 17.757668 17.757668 4.905433e+02
736082 17.757668 17.757668 17.757668 17.757668 0.000000e+00
736083 17.757668 17.757668 17.757668 17.757668 0.000000e+00
736084 17.757667 17.885208 17.757667 17.885208 1.540306e+04
736085 18.110858 18.110858 18.110858 18.110858 9.810866e+01
736088 18.150102 18.150102 18.150102 18.150102 9.810866e+01
736089 18.179536 18.228590 18.159914 18.199156 7.063824e+03
736090 18.189346 18.189346 18.150102 18.150102 6.867606e+02
736091 18.197317 18.197317 18.197317 18.197317 0.000000e+00
736092 18.197317 18.197317 18.197317 18.197317 0.000000e+00
736095 18.197317 18.197317 18.197317 18.197317 0.000000e+00
736096 18.197317 18.197317 18.197317 18.197317 0.000000e+00
736097 18.197317 18.197317 18.197317 18.197317 0.000000e+00
736098 18.246498 18.246498 18.148136 18.148136 1.436113e+04
736099 18.197317 18.197317 18.157970 18.197317 1.406603e+04
736102 18.295681 18.295681 18.207154 18.207154 4.918194e+02
736103 18.197317 18.197317 18.197317 18.197317 1.967278e+02
736104 17.666151 17.666151 17.666151 17.666151 1.967278e+02
736105 17.823536 17.823536 17.656317 17.656317 2.950916e+02
736106 17.656317 17.656317 17.656317 17.656317 0.000000e+00
736110 17.715334 17.803861 17.715334 17.715334 8.852749e+02
736111 17.656317 17.941571 17.508769 17.715334 1.514804e+04
736112 17.518606 17.518606 17.518606 17.518606 9.836388e+01
736113 17.508769 17.508769 17.508769 17.508769 1.180367e+03
736116 17.508769 17.508769 17.508769 17.508769 0.000000e+00
736117 17.508769 17.508769 17.508769 17.508769 0.000000e+00
736118 17.508769 17.508769 17.508769 17.508769 1.967278e+02
736119 18.187481 18.197317 17.705498 17.882553 1.967278e+03
736120 17.607134 17.823536 17.607134 17.705498 6.885471e+02
736123 17.607134 18.689137 17.607134 18.689137 3.934555e+03
736124 17.715334 17.715334 17.715334 17.715334 2.950916e+02
736125 17.715334 17.715334 17.715334 17.715334 0.000000e+00
736126 18.236664 18.236664 18.236664 18.236664 2.950916e+02
736127 18.236664 18.236664 18.236664 18.236664 0.000000e+00
736130 19.613758 19.613758 18.443227 18.679300 3.049280e+03
736131 18.689136 18.689136 18.551428 18.551428 1.672186e+03
736132 18.443227 19.131775 18.443227 18.689137 7.377291e+03
736133 18.689137 19.131775 18.639956 19.131775 4.131283e+03
736134 19.131775 19.131775 18.551428 18.551428 1.160694e+04
736137 18.551428 18.551428 18.551428 18.551428 0.000000e+00
736138 18.551428 18.551428 18.551428 18.551428 0.000000e+00
736139 18.098953 18.394046 18.098953 18.374372 6.590380e+03
736140 17.833370 17.833370 17.833370 17.833370 9.836388e+01
736141 17.803862 17.803862 17.803862 17.803862 6.885471e+02
736144 17.597296 17.597296 17.508769 17.508769 1.868914e+03
736145 17.528443 17.577626 17.528443 17.577626 1.967278e+02
736146 17.587459 18.138299 17.587459 17.607133 2.262369e+03
736147 17.607134 17.754679 17.607134 17.754679 1.967278e+02
736151 17.557952 17.567789 17.557952 17.567789 3.934555e+02
736152 17.685825 17.705498 17.656317 17.666151 1.278730e+03
736153 17.528443 17.528443 17.508769 17.508769 3.934555e+02
736154 17.508769 17.508769 17.508769 17.508769 0.000000e+00
736155 18.148135 18.148135 17.508768 18.059608 1.868914e+03
736158 18.059608 18.059608 18.059608 18.059608 0.000000e+00
736159 17.607133 17.951407 17.607133 17.951407 6.885471e+02
736160 18.049771 18.118626 18.049771 18.118626 1.967278e+02
736161 18.118626 18.118626 18.118626 18.118626 0.000000e+00
736162 18.118626 18.118626 18.118626 18.118626 0.000000e+00
736165 18.118626 18.118626 18.118626 18.118626 0.000000e+00
736166 18.118626 18.118626 18.118626 18.118626 0.000000e+00
736167 18.118626 18.118626 18.118626 18.118626 0.000000e+00
736168 18.118626 18.118626 18.118626 18.118626 0.000000e+00
736169 18.118626 18.118626 18.118626 18.118626 0.000000e+00
736172 18.118626 18.118626 18.118626 18.118626 0.000000e+00
736173 17.538279 17.538279 17.538279 17.538279 1.967278e+02
736174 17.538279 17.538279 17.538279 17.538279 0.000000e+00
736175 17.538279 17.538279 17.538279 17.538279 0.000000e+00
736176 17.538279 17.538279 17.538279 17.538279 0.000000e+00
736179 17.675988 17.675988 17.675988 17.675988 9.836388e+01
736180 17.675988 17.675988 17.675988 17.675988 0.000000e+00
736181 17.675988 17.675988 17.675988 17.675988 0.000000e+00
736182 17.723329 17.723329 17.723329 17.723329 0.000000e+00
736183 17.723329 17.723329 17.723329 17.723329 0.000000e+00
736186 17.723329 17.723329 17.723329 17.723329 0.000000e+00
736187 17.723329 17.723329 17.723329 17.723329 0.000000e+00
736188 17.703605 17.703605 17.703605 17.703605 9.862732e+01
736189 17.762781 17.762781 17.762781 17.762781 9.862732e+01
736190 17.762781 17.762781 17.762781 17.762781 0.000000e+00
736193 17.762781 17.762781 17.762781 17.762781 0.000000e+00
736194 18.246054 18.739191 17.703605 18.443310 8.186068e+03
736195 18.443310 18.443310 18.019212 18.157290 1.084901e+03
736196 18.157290 18.157290 18.157290 18.157290 0.000000e+00
736197 18.157290 18.157290 18.157290 18.157290 0.000000e+00
736200 18.157290 18.157290 18.157290 18.157290 0.000000e+00
736201 17.604977 18.709603 17.604977 18.285507 2.071174e+03
736202 18.285507 18.285507 18.285507 18.285507 0.000000e+00
736203 18.285507 18.285507 18.285507 18.285507 0.000000e+00
736204 18.285507 18.285507 18.285507 18.285507 0.000000e+00
736207 18.709602 18.709602 18.709602 18.709602 9.862732e+01
736208 18.709602 18.709602 18.709602 18.709602 0.000000e+00
736209 18.709602 18.709602 18.709602 18.709602 6.903913e+02
736210 18.709602 18.709602 18.709602 18.709602 0.000000e+00
736211 17.999486 17.999486 17.999486 17.999486 3.945093e+02
736215 17.999486 17.999486 17.999486 17.999486 0.000000e+00
736216 17.999486 17.999486 17.999486 17.999486 0.000000e+00
736217 17.999486 17.999486 17.999486 17.999486 0.000000e+00
736218 17.752918 17.762781 17.752918 17.762781 4.931366e+02
736221 17.762781 17.762781 17.762781 17.762781 0.000000e+00
736222 17.762781 17.762781 17.762781 17.762781 0.000000e+00
736223 17.555663 17.555663 17.555663 17.555663 9.862733e+01
736224 17.555663 17.555663 17.555663 17.555663 9.862733e+01
736225 18.492623 18.492623 18.492623 18.492623 3.945093e+02
736228 18.492623 18.492623 18.492623 18.492623 0.000000e+00
736229 18.492623 18.492623 18.492623 18.492623 0.000000e+00
736230 18.492623 18.492623 18.492623 18.492623 0.000000e+00
736231 18.492623 18.492623 18.492623 18.492623 0.000000e+00
736232 18.492623 18.492623 18.492623 18.492623 0.000000e+00
736235 18.492623 18.492623 18.492623 18.492623 0.000000e+00
736236 17.555663 17.555663 17.555663 17.555663 1.972547e+02
736237 17.555663 17.555663 17.555663 17.555663 4.043720e+03
736238 17.555663 17.555663 17.555663 17.555663 0.000000e+00
736239 17.555663 17.555663 17.555663 17.555663 0.000000e+00
736242 17.555663 17.555663 17.555663 17.555663 0.000000e+00
736243 17.555663 17.555663 17.555663 17.555663 0.000000e+00
736244 17.555663 17.555663 17.555663 17.555663 0.000000e+00
736245 17.555663 17.555663 17.555663 17.555663 0.000000e+00
736246 18.107978 18.246055 18.107978 18.246055 1.972546e+02
736249 18.246055 18.246055 18.246055 18.246055 0.000000e+00
736250 18.246055 18.246055 17.762781 17.762781 1.972546e+02
736251 17.762781 17.762781 17.762781 17.762781 0.000000e+00
736252 18.246055 18.246055 18.246055 18.246055 6.903913e+02
736253 18.246055 18.246055 18.246055 18.246055 0.000000e+00
736256 18.246055 18.246055 18.246055 18.246055 0.000000e+00
736257 18.246055 18.246055 18.246055 18.246055 0.000000e+00
736258 18.246055 18.246055 18.246055 18.246055 0.000000e+00
736259 17.555663 18.246055 17.555663 18.246055 3.649211e+03
736260 18.226330 18.246055 18.226330 18.246055 1.972546e+03
736263 17.693743 18.019212 17.693743 18.019212 2.958820e+02
736264 18.019212 18.019212 18.019212 18.019212 0.000000e+00
736265 18.236192 18.246055 18.236192 18.246055 5.917639e+03
736266 18.620838 18.620838 18.620838 18.620838 9.862733e+01
736267 18.620838 18.620838 18.620838 18.620838 0.000000e+00
736270 18.650427 18.650427 18.650427 18.650427 9.862732e+01
736271 18.650427 18.650427 18.650427 18.650427 0.000000e+00
736272 18.650427 18.650427 18.650427 18.650427 0.000000e+00
736273 18.697888 18.697888 18.697888 18.697888 0.000000e+00
736274 18.697888 18.697888 18.697888 18.697888 0.000000e+00
736277 18.697888 18.697888 18.697888 18.697888 0.000000e+00
736278 18.638561 18.638561 18.638561 18.638561 1.977566e+02
736279 18.500130 18.500130 18.500130 18.500130 9.887831e+01
736280 18.678111 18.678111 18.678111 18.678111 9.887831e+01
736281 18.678111 18.678111 18.678111 18.678111 0.000000e+00
736284 18.678111 18.678111 18.678111 18.678111 0.000000e+00
736285 18.490244 18.490244 18.490244 18.490244 5.932698e+02
736286 18.312263 18.312263 18.312263 18.312263 1.977566e+02
736287 18.292487 18.312263 18.292487 18.292487 1.572165e+04
736288 18.243048 18.243048 18.243048 18.243048 1.977566e+02
736291 18.727552 18.727552 18.727552 18.727552 5.932698e+02
736292 18.391365 18.401253 18.055178 18.134281 2.966349e+03
736293 18.114505 18.114505 18.114505 18.114505 1.977566e+02
736295 18.074956 18.144170 18.045292 18.144170 1.760034e+04
736298 18.687999 18.687999 18.687999 18.687999 9.887830e+01
736299 18.687999 18.687999 18.687999 18.687999 0.000000e+00
736300 18.687999 18.687999 18.687999 18.687999 0.000000e+00
736301 18.687999 18.687999 18.687999 18.687999 0.000000e+00
736302 18.687999 18.687999 18.687999 18.687999 0.000000e+00
736305 18.687999 18.687999 18.687999 18.687999 0.000000e+00
736306 18.687999 18.687999 18.687999 18.687999 0.000000e+00
736307 18.687999 18.687999 18.687999 18.687999 0.000000e+00
736308 18.687999 18.687999 18.687999 18.687999 0.000000e+00
736309 18.094729 18.094729 18.094729 18.094729 9.887831e+01
736312 18.490244 18.490244 18.490244 18.490244 9.887830e+01
736313 18.737440 18.737440 18.737440 18.737440 9.887831e+01
736314 18.094728 18.737439 18.094728 18.687999 8.899047e+02
736315 18.687999 18.687999 18.687999 18.687999 1.977566e+02
736316 18.717662 18.717662 18.430914 18.687999 2.274201e+03
736319 18.322151 18.322151 18.322151 18.322151 4.943915e+02
736320 18.322151 18.322151 18.322151 18.322151 0.000000e+00
736321 18.737440 18.737440 18.737440 18.737440 1.977566e+02
736322 18.539682 18.737440 18.055179 18.737440 9.887831e+02
736326 18.737440 18.737440 18.737440 18.737440 0.000000e+00
736327 18.737440 18.737440 18.737440 18.737440 0.000000e+00
736328 18.737440 18.737440 18.421028 18.460580 1.582053e+03
736329 18.678112 18.707776 18.678112 18.707776 6.921482e+02
736333 18.687999 18.687999 18.687999 18.687999 1.087661e+03
736334 18.094729 18.668223 18.094729 18.668223 2.274201e+03
736335 18.104617 18.104617 18.104617 18.104617 1.977566e+02
736336 18.539683 18.776990 18.539683 18.747326 3.856254e+03
736337 18.717664 18.717664 18.717664 18.717664 9.887831e+01
736340 18.688001 18.747327 18.688001 18.717664 1.186540e+03
736341 18.747326 19.775661 18.747326 18.984636 5.141672e+03
736342 18.984636 18.984636 18.984636 18.984636 0.000000e+00
736343 18.717663 18.717663 18.302374 18.678111 2.570836e+03
736344 18.786878 18.786878 18.786878 18.786878 2.966349e+02
736348 18.786878 19.034074 18.786878 19.034074 8.899048e+02
736349 19.172503 19.172503 19.172503 19.172503 1.977566e+02
736350 19.043962 19.043962 19.043962 19.043962 9.887831e+01
736351 19.043962 19.043962 19.043962 19.043962 0.000000e+00
736354 18.539682 18.688000 18.490244 18.510018 1.680931e+03
736355 18.440803 19.103288 18.440803 19.103288 8.899047e+02
736356 19.103288 19.103288 19.103288 19.103288 0.000000e+00
736357 19.103288 19.103288 19.103288 19.103288 0.000000e+00
736358 19.073626 19.073626 18.658337 18.658337 2.966349e+02
736361 19.103288 19.103288 19.103288 19.103288 1.977566e+02
736362 19.103288 19.103288 19.103288 19.103288 0.000000e+00
736363 18.341924 19.182391 18.341924 19.182391 1.483175e+03
736364 19.229971 19.229971 19.229971 19.229971 0.000000e+00
736365 19.229971 19.229971 19.229971 19.229971 0.000000e+00
736368 19.229971 19.229971 19.229971 19.229971 0.000000e+00
736369 19.229971 19.229971 19.229971 19.229971 0.000000e+00
736370 19.229971 19.229971 19.229971 19.229971 0.000000e+00
736371 19.229971 19.229971 19.229971 19.229971 0.000000e+00
736372 19.229971 19.229971 19.229971 19.229971 0.000000e+00
736376 19.229971 19.229971 19.229971 19.229971 0.000000e+00
736377 19.229971 19.229971 19.229971 19.229971 0.000000e+00
736378 19.229971 19.229971 19.229971 19.229971 0.000000e+00
736379 19.229971 19.229971 19.229971 19.229971 0.000000e+00
736382 19.229971 19.229971 19.229971 19.229971 0.000000e+00
736383 19.180410 19.180410 19.180410 19.180410 6.938650e+02
736384 19.180410 19.180410 19.180410 19.180410 0.000000e+00
736385 19.180410 19.180410 19.180410 19.180410 0.000000e+00
736386 19.180410 19.180410 19.180410 19.180410 0.000000e+00
736389 19.120937 19.180410 19.120937 19.180410 9.912357e+02
736390 19.180410 19.180410 19.180410 19.180410 0.000000e+00
736391 19.180410 19.180410 19.180410 19.180410 0.000000e+00
736392 19.180410 19.180410 19.180410 19.180410 0.000000e+00
736393 19.180410 19.180410 19.180410 19.180410 1.982471e+02
736396 19.180409 19.180409 18.982162 18.982162 9.912356e+02
736397 18.992074 18.992074 18.992074 18.992074 1.982471e+02
736398 19.001987 19.001987 18.982162 18.982162 1.387730e+03
736399 18.982162 18.982162 18.982162 18.982162 1.486853e+03
736400 19.180410 19.309271 19.130847 19.180410 9.614986e+03
736403 19.408393 19.408393 19.408393 19.408393 2.973707e+02
736404 19.200236 19.408394 19.180410 19.180410 1.387730e+03
736405 19.180410 19.428219 19.180410 19.180410 1.189483e+03
736406 19.031725 19.517430 19.031725 19.428218 1.784224e+03
736407 19.031724 20.469015 19.031724 20.469015 2.507826e+04
736410 20.290592 20.320330 19.923836 20.320330 7.037773e+03
736411 23.541845 23.541845 21.361126 23.194913 1.982471e+03
736412 23.194913 23.194913 23.194913 23.194913 0.000000e+00
736413 21.906307 22.530785 21.906307 22.530785 2.973707e+02
736417 21.807184 21.807184 21.371039 21.371039 1.486853e+03
736418 20.122082 21.717972 20.122082 20.399629 5.947414e+02
736419 19.824712 19.824712 19.824712 19.824712 1.982471e+02
736420 20.815948 20.815948 19.824712 19.824712 8.921120e+02
736421 21.717972 21.717972 20.320330 20.320330 2.973707e+02
736424 19.527342 19.527342 19.527342 19.527342 9.912356e+01
736425 20.092346 20.122082 20.072521 20.122082 3.964942e+02
736426 20.439279 20.439279 20.369891 20.369891 7.929885e+02
736427 19.388568 19.388568 19.388568 19.388568 1.982471e+02
736428 19.814800 19.814800 19.448044 19.448044 4.956178e+02
736431 19.428218 19.824712 19.428218 19.576903 2.973707e+03
736432 20.815948 20.815948 19.834625 19.834625 1.982471e+02
736433 19.854450 19.854450 19.854450 19.854450 9.912356e+01
736434 19.854450 19.854450 19.854450 19.854450 0.000000e+00
736435 19.824712 19.824712 19.824712 19.824712 1.784224e+03
736438 19.913924 20.112172 19.913924 20.112172 8.921121e+02
736439 20.112172 20.112172 20.112172 20.112172 0.000000e+00
736440 19.418306 19.418306 19.418306 19.418306 9.912356e+01
736441 20.072521 20.072521 19.824712 19.824712 2.973707e+02
736442 19.824712 19.824712 19.824712 19.824712 0.000000e+00
736445 19.824712 19.824712 19.824712 19.824712 0.000000e+00
736446 20.072521 20.072521 20.072521 20.072521 2.973707e+02
736447 20.072521 20.072521 20.072521 20.072521 0.000000e+00
736448 19.408393 19.418306 19.368745 19.368745 8.921121e+02
736449 19.656202 19.824712 19.656202 19.824712 6.938649e+02
736452 19.824712 19.824712 19.824712 19.824712 0.000000e+00
736453 19.824712 19.824712 19.824712 19.824712 0.000000e+00
736454 19.824712 19.824712 19.824712 19.824712 0.000000e+00
736455 19.874399 19.874399 19.874399 19.874399 0.000000e+00
736456 20.172514 20.172514 20.172514 20.172514 1.987440e+02
736459 20.172514 20.172514 20.172514 20.172514 0.000000e+00
736460 20.172514 20.172514 20.172514 20.172514 0.000000e+00
736461 20.172514 20.172514 20.172514 20.172514 0.000000e+00
736462 19.874398 20.570003 19.874398 20.570003 5.962319e+02
736463 20.570003 20.570003 20.570003 20.570003 0.000000e+00
736466 20.371259 20.719061 20.371259 20.719061 2.981160e+02
736467 20.371258 20.758808 20.371258 20.728998 2.086812e+03
736468 20.728998 20.728998 20.728998 20.728998 0.000000e+00
736469 20.728998 20.728998 20.728998 20.728998 0.000000e+00
736470 20.371258 20.768746 20.371258 20.768746 1.391208e+03
736473 20.629626 20.629626 20.629626 20.629626 5.962320e+02
736474 20.808496 20.808496 20.788621 20.788621 2.981160e+02
736475 20.391134 20.391134 20.391134 20.391134 9.937200e+01
736476 20.450756 20.450756 20.450756 20.450756 1.987440e+02
736477 20.450756 20.450756 20.450756 20.450756 0.000000e+00
736481 20.391133 20.470631 20.371259 20.470631 1.093092e+03
736482 20.371259 20.371259 20.371259 20.371259 1.192464e+03
736483 20.371259 20.371259 20.371259 20.371259 0.000000e+00
736484 20.391133 20.391133 20.371259 20.371259 2.186184e+03
736487 20.311637 20.430881 20.252012 20.261949 7.452900e+03
736488 20.232138 20.232138 20.232138 20.232138 9.937199e+01
736489 20.242076 20.242076 20.122829 20.122829 2.384928e+03
736490 19.784964 19.784964 19.784964 19.784964 9.937199e+01
736491 20.063207 20.063207 19.874399 19.874399 1.490580e+03
736494 19.973771 19.973771 19.973771 19.973771 8.943480e+02
736495 19.973771 19.973771 19.973771 19.973771 0.000000e+00
736496 19.874399 19.914149 19.874399 19.874399 2.186184e+03
736497 19.824713 19.824713 19.824713 19.824713 2.981160e+02
736498 19.894273 20.271887 19.735279 19.874399 1.252087e+04
736501 19.924084 20.281824 19.725341 19.725341 1.570078e+04
736502 19.695529 19.715404 19.625969 19.635906 4.571112e+03
736503 19.635906 19.635906 19.635906 19.635906 0.000000e+00
736504 19.874399 19.874399 19.874399 19.874399 2.981160e+02
736505 19.874399 19.874399 19.874399 19.874399 0.000000e+00
736508 19.625968 19.655781 19.625968 19.655781 7.949759e+02
736509 19.874398 19.874398 19.576283 19.576283 7.154783e+03
736510 19.576283 19.576283 19.576283 19.576283 0.000000e+00
736511 20.192389 20.192389 20.192389 20.192389 9.937199e+01
736512 20.192389 20.192389 20.192389 20.192389 0.000000e+00
736516 19.576284 20.252011 19.576284 19.596156 6.956040e+02
736517 19.596156 19.596156 19.596156 19.596156 0.000000e+00
736518 19.596156 19.596156 19.596156 19.596156 0.000000e+00
736519 19.745216 19.745216 19.745216 19.745216 3.974880e+02
736522 20.112891 20.112891 20.112891 20.112891 9.937199e+02
736523 19.546471 20.162578 19.546471 20.162578 7.949759e+02
736524 20.162578 20.162578 20.162578 20.162578 0.000000e+00
736525 20.162578 20.162578 20.162578 20.162578 1.987440e+02
736526 20.162578 20.162578 20.162578 20.162578 0.000000e+00
736529 19.824713 19.874398 19.824713 19.824713 5.962319e+02
736530 19.824713 19.824713 19.824713 19.824713 0.000000e+00
736531 20.112892 20.172514 20.112892 20.172514 5.962320e+03
736532 20.172514 20.172514 20.172514 20.172514 0.000000e+00
736533 20.222201 20.808497 20.222201 20.798559 1.291836e+03
736536 20.699187 20.699187 20.371259 20.371259 1.888068e+03
736537 20.371259 20.371259 20.371259 20.371259 0.000000e+00
736538 20.699186 20.699186 20.381196 20.381196 1.192464e+03
736539 20.669374 20.689249 20.669374 20.669374 8.943480e+02
736540 20.699185 20.728998 20.619688 20.728998 3.974880e+02
736543 20.728998 20.728998 20.728998 20.728998 0.000000e+00
736544 20.728998 20.728998 20.728998 20.728998 0.000000e+00
736545 20.579939 20.619689 20.579939 20.619689 3.080532e+03
736546 20.669494 20.669494 20.669494 20.669494 0.000000e+00
736547 20.370659 20.420464 20.370659 20.370659 1.195344e+03
736550 20.420465 20.420465 20.221240 20.221240 4.183705e+03
736551 20.221240 20.221240 20.221240 20.221240 0.000000e+00
736552 20.221240 20.221240 20.221240 20.221240 0.000000e+00
736553 20.221240 20.221240 20.221240 20.221240 0.000000e+00
736554 20.520076 20.520076 20.370659 20.370659 7.968962e+02
736557 20.370659 20.370659 20.370659 20.370659 0.000000e+00
736558 20.320853 20.320853 20.221240 20.221240 3.984481e+03
736559 20.221239 20.669494 20.221239 20.320852 2.789137e+03
736560 20.320852 20.669494 20.320852 20.320852 3.486421e+03
736561 20.320852 20.320852 20.320852 20.320852 0.000000e+00
736564 20.719300 20.719300 20.719300 20.719300 5.976721e+02
736565 20.719300 20.818913 20.719300 20.789030 7.968962e+02
736566 20.818912 20.818912 20.808950 20.818912 2.291076e+03
736567 20.818912 20.818912 20.818912 20.818912 0.000000e+00
736568 20.898603 20.918525 20.390580 20.918525 4.482541e+03
736571 20.918525 20.918525 20.241163 20.729261 1.095732e+03
736572 20.729261 20.729261 20.729261 20.729261 0.000000e+00
736573 20.828874 20.838835 20.818913 20.838835 1.693404e+03
736574 20.838835 20.838835 20.838835 20.838835 0.000000e+00
736575 20.818912 20.908563 20.410503 20.908563 4.084093e+03
736579 20.908563 20.908563 20.908563 20.908563 0.000000e+00
736580 20.918524 20.918524 20.878678 20.908563 2.091852e+03
736581 20.908563 20.908563 20.908563 20.908563 0.000000e+00
736582 20.908563 20.908563 20.908563 20.908563 0.000000e+00
736585 20.629648 20.858758 20.629648 20.858758 1.992240e+02
736586 20.669494 20.858758 20.619689 20.858758 9.961202e+02
736587 20.211280 20.838835 20.211280 20.798989 7.968962e+02
736588 20.798989 20.798989 20.798989 20.798989 0.000000e+00
736589 20.798989 20.798989 20.798989 20.798989 0.000000e+00
736592 20.868719 20.868719 20.868719 20.868719 3.984481e+02
736593 20.350736 20.490193 19.912443 20.101706 2.191464e+03
736594 20.101706 20.101706 20.101706 20.101706 0.000000e+00
736595 20.101706 20.101706 20.101706 20.101706 0.000000e+00
736596 20.360698 20.360698 20.281008 20.281008 2.988361e+02
736599 20.281008 20.281008 20.281008 20.281008 0.000000e+00
736600 20.111669 20.310891 20.111669 20.310891 6.972842e+02
736601 20.400543 20.719300 20.400543 20.719300 1.593792e+03
736602 20.719300 20.719300 20.719300 20.719300 0.000000e+00
736603 20.779069 20.798989 20.779069 20.798989 2.988361e+02
736606 20.798989 20.798989 20.798989 20.798989 0.000000e+00
736607 20.798989 20.798989 20.798989 20.798989 0.000000e+00
736608 20.798989 20.798989 20.798989 20.798989 0.000000e+00
736609 25.201840 25.401065 25.161996 25.351260 2.794117e+05
736610 25.401066 25.550484 25.341300 25.460832 9.781901e+04
736613 25.500677 25.550483 25.500677 25.530560 4.183705e+03
736614 25.550483 25.550483 25.550483 25.550483 8.566634e+03
736615 25.550483 25.550483 25.550483 25.550483 3.087973e+03
736616 25.550484 25.660057 25.550484 25.660057 2.390689e+03
736617 25.550483 25.550483 25.550483 25.550483 4.681765e+03
736620 25.550484 25.660057 25.341300 25.500678 7.271678e+03
736621 25.500678 25.899126 25.450871 25.450871 3.376848e+04
736622 25.450871 25.450871 25.450871 25.450871 0.000000e+00
736623 25.450871 25.620211 25.450871 25.620211 7.271678e+03
736624 25.620211 25.620211 25.620211 25.620211 0.000000e+00
736627 25.450871 25.450871 25.450871 25.450871 3.586033e+03
736628 25.450871 25.450871 25.450871 25.450871 0.000000e+00
736629 25.540522 25.550484 25.450871 25.500678 3.187585e+03
736630 25.500678 25.500678 25.500678 25.500678 1.195344e+03
736631 25.520601 25.520601 25.500678 25.500678 2.291077e+03
736634 25.450871 25.450871 25.450871 25.450871 1.494180e+03
736635 25.799514 25.799514 25.450871 25.450871 6.972842e+02
736636 25.550483 25.550483 25.550483 25.550483 3.984481e+02
736637 25.849904 25.849904 25.500580 25.500580 4.990329e+02
736638 25.450677 25.450677 25.450677 25.450677 1.197679e+03
736641 25.500580 25.550484 25.400775 25.400775 3.493230e+03
736642 25.540503 25.540503 25.400775 25.400775 1.586925e+04
736643 25.400775 25.500580 25.350871 25.500580 2.105919e+04
736644 25.500580 25.500580 25.500580 25.500580 0.000000e+00
736645 25.400775 25.450677 25.400775 25.450677 4.990329e+02
736648 25.390794 25.450677 25.330908 25.450677 8.184139e+03
736649 25.450677 25.450677 25.450677 25.450677 0.000000e+00
736650 25.450677 25.450677 25.450677 25.450677 0.000000e+00
736651 25.600387 25.650291 25.600387 25.650291 7.984526e+02
736652 25.600387 25.600387 25.600387 25.600387 6.986460e+02
736655 25.450678 25.600388 25.450678 25.500580 2.644874e+04
736656 25.600387 25.849903 25.600387 25.849903 8.583365e+03
736657 25.849903 25.849903 25.849903 25.849903 0.000000e+00
736659 25.849903 25.849903 25.849903 25.849903 0.000000e+00
736662 25.500580 25.800000 25.500580 25.750096 7.984526e+02
736663 25.650291 25.849903 25.650291 25.849903 1.097872e+03
736664 25.650291 25.849903 25.600387 25.650291 7.385687e+03
736665 25.600388 25.600388 25.450678 25.500580 9.082399e+03
736666 25.550483 25.700193 25.500579 25.530522 1.049965e+05
736669 25.600387 25.750096 25.600387 25.750096 9.980658e+02
736670 25.650292 25.800001 25.500580 25.800001 4.631025e+04
736671 25.750096 25.750096 25.660270 25.660270 8.982592e+02
736672 25.750095 25.849903 25.700193 25.849903 1.996132e+03
736673 25.800001 25.800001 25.800001 25.800001 4.990329e+02
736676 25.670251 25.750096 25.600387 25.700194 5.189942e+03
736677 25.710174 25.710174 25.710174 25.710174 2.095938e+03
736678 25.839921 25.849903 25.650291 25.849903 1.696712e+03
736679 25.650291 25.650291 25.650291 25.650291 1.996132e+02
736680 25.849903 25.849903 25.849903 25.849903 9.980658e+01
736683 25.700193 25.700193 25.650291 25.650291 4.990329e+02
736684 25.650291 25.690213 25.650291 25.650291 1.197679e+03
736685 25.700194 25.700194 25.700194 25.700194 4.990329e+02
736686 25.700194 25.700194 25.700194 25.700194 0.000000e+00
736687 25.700194 25.700194 25.700194 25.700194 0.000000e+00
736691 25.700194 25.700194 25.700194 25.700194 0.000000e+00
736692 25.700194 25.700194 25.700194 25.700194 0.000000e+00
736693 25.849903 25.849903 25.849903 25.849903 9.980658e+02
736694 25.700194 25.899809 25.700194 25.800001 2.794584e+03
736698 25.700194 25.700194 25.500580 25.550484 6.916596e+04
736699 25.700194 25.700194 25.650292 25.700194 4.491296e+03
736700 25.800001 25.800001 25.800001 25.800001 1.996132e+02
736701 25.800001 25.800001 25.800001 25.800001 0.000000e+00
736704 25.800001 25.800001 25.800001 25.800001 0.000000e+00
736705 25.800001 25.800001 25.800001 25.800001 0.000000e+00
736706 25.650291 25.650291 25.650291 25.650291 9.980658e+01
736707 25.600387 25.680232 25.600387 25.600387 9.980658e+02
736708 25.949710 25.949710 25.650292 25.700194 5.788782e+03
736712 25.700194 25.700194 25.700194 25.700194 4.990329e+03
736713 25.700193 25.700193 25.650291 25.650291 1.497099e+03
736714 25.650291 25.650291 25.650291 25.650291 0.000000e+00
736715 25.600387 25.600387 25.600387 25.600387 9.980658e+02
736718 25.650291 25.650291 25.650291 25.650291 2.994197e+02
736719 25.650291 25.650291 25.650291 25.650291 0.000000e+00
736720 25.650291 25.650291 25.650291 25.650291 1.896325e+03
736721 25.650291 25.650291 25.650291 25.650291 0.000000e+00
736722 25.650291 25.650291 25.650291 25.650291 0.000000e+00
736725 25.650291 25.650291 25.650291 25.650291 0.000000e+00
736726 25.700194 25.800001 25.700194 25.800001 4.990329e+02
736727 25.650000 25.650000 25.650000 25.650000 1.000000e+03
736728 25.650000 25.650000 25.650000 25.650000 2.000000e+02
736729 25.650000 25.650000 25.650000 25.650000 0.000000e+00
736732 25.650000 25.650000 25.650000 25.650000 0.000000e+00
736733 25.650000 25.650000 25.650000 25.650000 0.000000e+00
736734 25.799999 25.799999 25.799999 25.799999 1.000000e+03
736735 25.900000 25.900000 25.900000 25.900000 1.000000e+02
736736 25.900000 25.900000 25.900000 25.900000 1.000000e+02
736739 25.750000 25.900000 25.750000 25.900000 6.000000e+02
736740 25.850000 25.850000 25.799999 25.850000 4.300000e+03
736741 25.850000 25.850000 25.850000 25.850000 1.000000e+02
736742 25.799999 25.900000 25.799999 25.850000 8.700000e+03
736743 25.799999 25.799999 25.799999 25.799999 1.000000e+03
736747 25.799999 25.799999 25.799999 25.799999 1.900000e+03
736748 25.799999 25.799999 25.799999 25.799999 1.090000e+04
736749 25.750000 25.799999 25.750000 25.799999 1.500000e+03
736750 25.750000 25.799999 25.750000 25.799999 4.000000e+02
736753 25.750000 25.900000 25.700001 25.900000 4.580000e+04
736754 25.900000 25.900000 25.900000 25.900000 0.000000e+00
736755 25.860001 25.900000 25.850000 25.900000 2.600000e+03
736756 25.900000 25.900000 25.900000 25.900000 0.000000e+00
736757 25.900000 25.900000 25.900000 25.900000 0.000000e+00
736760 25.750000 25.750000 25.750000 25.750000 1.000000e+03
736761 25.850000 25.850000 25.750000 25.750000 2.000000e+02
736762 25.830000 25.830000 25.830000 25.830000 4.000000e+02
736763 25.799999 25.799999 25.799999 25.799999 1.000000e+02
736764 25.850000 25.850000 25.850000 25.850000 4.000000e+02
