736034 67.086149 67.945114 66.738703 67.173007 2.229932e+06
736035 67.616966 67.752083 66.314042 66.371948 2.162276e+06
736036 65.860431 66.796607 65.069025 66.593931 2.347002e+06
736039 66.140320 66.951032 65.638455 66.912426 2.110352e+06
736040 66.340937 66.999600 65.430437 66.379683 2.391722e+06
736041 66.011609 68.113517 65.827568 67.580772 3.566080e+06
736042 66.205329 66.534665 65.159216 65.285142 3.100269e+06
736043 65.779142 67.338617 65.721019 66.195642 5.125949e+06
736046 66.554035 67.018976 65.682274 65.691962 2.708655e+06
736047 66.466863 66.495921 65.575725 65.943806 2.937638e+06
736048 66.369995 67.425797 66.060036 66.931797 3.123807e+06
736049 67.764813 68.181320 66.583093 66.738076 2.645017e+06
736050 66.215019 66.253765 65.042987 65.256085 2.639205e+06
736053 66.137527 66.563722 65.614470 66.408740 2.604528e+06
736054 65.672592 66.437797 65.401372 65.740396 3.444324e+06
736055 66.331256 67.910109 66.331256 67.009289 3.362282e+06
736056 66.728387 67.687321 66.127839 67.028658 2.287886e+06
736060 67.609837 70.525385 67.280502 70.254172 3.357632e+06
736061 70.070132 71.106565 69.721435 70.079820 2.395015e+06
736062 70.031393 70.680368 69.450214 69.595508 1.795148e+06
736063 69.605197 70.602876 69.605197 70.108877 2.538662e+06
736064 70.244484 70.883777 69.634254 70.825663 3.636499e+06
736067 71.193736 71.668359 70.331664 70.438212 1.714461e+06
736068 71.009697 72.530433 71.009697 72.288277 2.939091e+06
736069 72.888826 75.794692 72.801654 75.639709 4.186579e+06
736070 75.223209 76.065905 74.612972 75.571906 2.608693e+06
736071 74.932620 75.320070 74.419251 75.029480 2.693060e+06
736074 75.242578 76.521159 75.010111 75.242578 2.366829e+06
736075 75.126341 75.281324 72.356081 72.588555 2.811329e+06
736076 72.762907 73.499054 72.220474 72.917883 1.750397e+06
736077 73.373137 74.167407 73.324703 73.421571 1.621571e+06
736078 72.927572 73.334391 72.433572 72.850080 1.610141e+06
736081 73.111612 73.518432 72.666040 72.859768 1.699932e+06
736082 72.675728 74.448308 72.675728 74.341759 2.486744e+06
736083 75.552537 76.337119 73.034121 75.523479 3.774430e+06
736084 75.930298 76.395241 74.196463 74.487054 2.832542e+06
736085 74.622660 74.855127 72.636981 73.402194 2.068299e+06
736088 73.595924 74.022113 71.842713 72.346400 2.941996e+06
736089 73.024431 73.692784 71.251852 71.581187 4.338750e+06
736090 72.675728 73.247219 71.707105 72.133301 2.678434e+06
736091 71.871770 72.065499 70.457582 71.154991 2.828571e+06
736092 71.833032 72.026753 70.515704 72.007376 3.075182e+06
736095 72.026754 72.162360 69.401788 69.440533 2.494493e+06
736096 69.450214 69.769861 68.791550 69.256492 2.460107e+06
736097 69.731115 69.876409 67.687321 68.045714 2.320141e+06
736098 68.142574 68.665631 67.067403 67.232075 1.870022e+06
736099 67.067404 67.910108 66.495921 67.474231 1.788077e+06
736102 66.815567 66.902740 66.147216 66.728387 1.642008e+06
736103 66.001921 66.399060 65.159217 65.575725 2.347844e+06
736104 65.817881 67.454854 65.246397 67.367682 4.454888e+06
736105 67.919797 68.191010 67.203011 67.745444 2.694320e+06
736106 66.873682 67.357993 66.282822 66.854306 2.185890e+06
736110 65.992231 66.282821 65.033297 65.197962 2.544668e+06
736111 65.004242 66.001921 64.858946 65.110790 1.981801e+06
736112 64.917061 65.382003 64.335889 65.178593 1.990809e+06
736113 65.168905 65.662904 64.752396 65.401372 2.777040e+06
736116 65.072044 65.227020 64.597421 64.665225 2.695482e+06
736117 65.033298 65.575724 64.452126 65.178593 1.650242e+06
736118 65.081733 65.691963 64.636167 64.665225 1.155276e+06
736119 64.219660 64.548987 63.938758 64.093734 2.017543e+06
736120 63.919381 65.536986 63.638480 64.006561 2.570723e+06
736123 63.735348 64.287463 62.805464 62.950759 4.727748e+06
736124 63.880636 64.781454 63.444758 63.512562 2.263186e+06
736125 64.471497 64.839577 63.444759 63.580365 2.044374e+06
736126 67.328935 67.706698 66.495920 66.670272 5.875372e+06
736127 66.971636 67.253561 65.387029 65.775892 3.646644e+06
736130 65.017606 65.941157 64.969003 65.455080 2.014010e+06
736131 65.348142 67.574374 65.270368 67.467437 2.887198e+06
736132 68.128501 68.702068 66.825812 67.574374 2.801065e+06
736133 67.836852 68.274325 67.166063 67.379939 1.799164e+06
736134 67.068851 67.642425 66.582774 66.728598 3.247186e+06
736137 66.854976 67.331336 66.125861 67.020247 1.625537e+06
736138 67.438274 68.497917 66.864700 68.274326 2.000400e+06
736139 67.963237 68.410427 67.039687 67.243838 2.887003e+06
736140 67.282725 67.506323 66.086980 66.135584 1.932835e+06
736141 66.135585 66.816096 65.591181 66.524447 5.271209e+06
736144 65.474519 66.077257 65.037054 65.105104 3.053339e+06
736145 65.805055 65.805055 64.609304 65.017606 2.183845e+06
736146 65.046778 65.309256 63.258012 63.598264 2.564540e+06
736147 63.734365 64.356542 63.617711 63.880189 1.984068e+06
736151 62.801097 63.248288 62.315021 62.616394 2.414926e+06
736152 62.353909 63.549661 61.547023 63.238572 3.036326e+06
736153 62.752495 63.510773 62.120594 62.577507 2.935417e+06
736154 63.792699 63.821862 62.733048 62.849709 2.045022e+06
736155 63.131634 63.666314 62.246971 62.548336 1.929433e+06
736158 62.664997 62.830261 61.887275 62.198364 3.863629e+06
736159 62.198365 63.539937 61.955326 62.771935 5.074640e+06
736160 62.373356 62.888595 60.672084 61.294261 3.102433e+06
736161 61.517857 62.023377 60.866516 60.934566 2.704822e+06
736162 60.642921 60.963730 59.505500 59.709651 2.169263e+06
736165 59.272185 59.408286 57.852838 57.940332 2.416773e+06
736166 58.134763 58.873601 57.357041 57.532029 2.401705e+06
736167 57.687574 58.086157 56.977903 57.357042 2.085074e+06
736168 57.318154 57.833398 56.725140 57.629243 2.268131e+06
736169 57.736180 57.736180 56.093243 56.861245 4.456837e+06
736172 56.044637 56.919572 55.587723 56.073800 3.229201e+06
736173 56.365445 58.212537 55.976586 57.988943 3.731319e+06
736174 58.280588 60.156844 57.551473 58.368082 5.922066e+06
736175 58.368082 59.087473 58.018105 58.650007 2.901002e+06
736176 58.056993 58.620840 57.172333 57.366761 2.948638e+06
736179 56.589039 57.250103 55.723824 56.093243 3.204023e+06
736180 56.452940 57.347323 55.714104 55.947419 2.907905e+06
736181 56.832078 57.308435 54.362808 54.362808 3.769913e+06
736182 54.032279 55.315522 53.128177 55.228027 3.712848e+06
736183 55.023872 56.132131 54.139214 54.362808 3.086392e+06
736186 54.557238 56.870964 54.528075 56.812634 2.603718e+06
736187 55.626610 56.375169 55.023872 56.277951 2.326946e+06
736188 55.821038 57.833399 55.480786 57.765344 4.621519e+06
736189 57.463979 57.891725 56.822358 57.152890 3.167664e+06
736190 57.094560 58.329195 57.065397 57.434816 2.589039e+06
736193 56.987622 57.959776 56.754308 57.143167 1.726836e+06
736194 57.852838 58.134763 56.812635 57.561193 1.724211e+06
736195 57.114003 57.532028 54.741950 55.150253 2.402871e+06
736196 54.955822 55.646054 54.148937 54.187824 2.566776e+06
736197 53.769797 54.596126 53.283720 53.458709 3.331375e+06
736200 50.338094 52.496275 48.977081 49.560372 5.572480e+06
736201 51.533841 52.340731 48.510449 48.549332 3.692724e+06
736202 49.803411 50.143666 48.471562 49.793690 3.907376e+06
736203 51.106096 54.498912 50.901945 54.207263 4.962842e+06
736204 53.964225 56.968179 52.982352 55.859925 3.852741e+06
736207 54.547519 58.134763 53.789241 57.794511 4.069725e+06
736208 55.675216 56.977902 54.955821 55.480785 3.794508e+06
736209 56.209901 56.248789 53.808681 55.908532 3.456005e+06
736210 56.384888 57.629243 55.053039 55.801598 3.197898e+06
736211 54.839165 55.412736 54.294757 54.780834 2.112781e+06
736215 55.325241 55.509948 53.653137 54.955822 2.874852e+06
736216 55.403016 56.618208 53.273998 53.390655 2.634924e+06
736217 53.604529 54.051719 52.146299 52.593489 3.833589e+06
736218 51.601896 51.689386 49.978398 51.038045 3.823187e+06
736221 50.901944 50.940831 49.667309 50.532525 3.508501e+06
736222 50.843614 52.087973 50.717233 51.319971 2.892545e+06
736223 52.000479 53.312884 51.835211 53.167060 2.461200e+06
736224 53.215894 54.729650 52.551793 53.323318 2.752694e+06
736225 52.346701 52.717817 50.852478 51.204060 3.470508e+06
736228 51.721666 51.907226 50.852477 51.077098 3.925905e+06
736229 50.159079 51.418916 49.524275 49.953990 2.642043e+06
736230 50.256739 50.520427 48.742983 48.899242 1.809770e+06
736231 48.694154 49.221528 48.157014 48.879709 3.576764e+06
736232 49.348486 49.621940 48.547659 49.094566 2.705035e+06
736235 48.254675 48.723451 47.102266 47.131563 2.553562e+06
736236 47.336654 47.746832 46.721384 47.151095 2.164966e+06
736237 47.502678 48.977374 47.317123 48.889477 3.239050e+06
736238 49.621940 50.354403 48.850411 49.563342 3.295010e+06
736239 48.479295 52.659217 48.479295 52.434596 3.046266e+06
736242 52.688519 54.973804 52.688519 54.573391 4.644598e+06
736243 54.602689 57.805993 54.397600 57.405580 4.285789e+06
736244 58.821676 59.876424 56.594989 58.577522 4.359523e+06
736245 58.548224 61.683165 58.440795 61.106961 5.146189e+06
736246 61.048363 61.731996 59.602970 60.462394 2.987571e+06
736249 60.462394 60.677251 58.196642 58.724016 2.492328e+06
736250 58.138043 59.427177 57.542305 58.870506 3.238562e+06
736251 58.567757 59.173259 58.108746 58.802143 1.946887e+06
736252 58.743550 60.110811 58.206406 59.983850 1.626752e+06
736253 60.296370 60.862807 58.802143 59.602969 2.101583e+06
736256 58.821676 59.075599 57.845059 58.421263 2.351695e+06
736257 57.972021 59.222089 57.747398 58.938869 2.993528e+06
736258 58.645884 58.958402 57.591139 57.698568 1.697850e+06
736259 58.352900 59.749463 58.196641 59.700633 2.657474e+06
736260 59.290452 60.354965 58.606819 59.446711 2.109396e+06
736263 59.163495 59.222089 57.229788 57.337217 2.203835e+06
736264 56.428963 56.516859 54.436666 55.598839 4.186955e+06
736265 52.053716 56.194576 51.809561 55.735565 6.999125e+06
736266 55.716032 57.239557 54.758948 54.827310 4.120057e+06
736267 55.198425 55.667202 53.401449 54.895673 3.634580e+06
736270 54.436666 56.497325 54.387832 56.272704 2.914227e+06
736271 56.936804 59.290452 56.741479 58.743549 2.876627e+06
736272 58.743549 60.110811 57.561839 59.007232 3.814571e+06
736273 59.114661 62.581656 58.802143 60.735846 7.366040e+06
736274 60.237772 61.390182 59.935020 61.292517 2.972824e+06
736277 61.185093 62.503524 60.130344 60.530757 3.041285e+06
736278 60.159640 61.439011 59.866656 61.321818 2.358922e+06
736279 61.282753 61.731996 59.524842 59.729931 3.378999e+06
736280 58.606819 59.534607 58.059916 58.323603 2.683061e+06
736281 58.050148 59.143962 57.161426 58.362665 2.128440e+06
736284 58.597055 60.403795 58.079448 60.394031 2.358141e+06
736285 59.339282 59.700633 57.825526 58.684950 2.442618e+06
736286 59.104896 60.267069 58.177109 59.739695 2.274640e+06
736287 59.358816 59.739696 57.932955 58.694715 2.011051e+06
736288 58.636120 59.270920 57.366518 57.561839 3.321965e+06
736291 57.561839 58.157576 56.985634 57.376283 2.048065e+06
736292 57.845059 60.237772 57.766931 59.925255 2.706696e+06
736293 59.251386 60.091278 58.538457 59.456479 1.954700e+06
736295 58.733780 59.095128 57.102831 57.708333 9.723205e+05
736298 57.932955 58.548225 57.278623 57.620437 2.220145e+06
736299 57.932955 58.245472 57.073530 58.157576 2.163892e+06
736300 57.513008 57.679035 54.973804 55.413283 3.215709e+06
736301 55.813697 56.634056 54.065550 54.260874 5.129391e+06
736302 53.088932 53.938588 51.907225 53.616306 4.848516e+06
736305 51.770495 52.219742 50.618090 51.760731 4.840898e+06
736306 50.227442 51.838863 49.436381 50.735284 3.580280e+06
736307 51.174764 52.854543 50.227443 50.754817 3.257996e+06
736308 50.412998 51.868160 49.905156 51.252890 3.631748e+06
736309 50.520428 50.539960 48.342571 49.250825 4.045345e+06
736312 48.684384 49.534044 47.746832 48.948072 3.983818e+06
736313 50.174963 50.979804 49.851065 50.773687 4.019297e+06
736314 50.420342 51.549083 49.468277 49.978660 4.327493e+06
736315 50.096444 50.233854 47.573954 48.290459 4.406995e+06
736316 48.290459 49.900140 47.573955 47.603399 5.421487e+06
736319 47.966557 48.329720 46.170390 46.562993 5.335801e+06
736320 46.837819 47.858590 46.494287 47.583768 3.258821e+06
736321 48.849921 50.371267 48.633987 50.322191 3.838208e+06
736322 50.165149 50.312373 48.908813 49.635131 1.125894e+06
736326 48.516206 48.977519 47.838964 48.084342 2.256107e+06
736327 48.879365 49.065855 47.888038 48.447501 1.858496e+06
736328 47.593586 48.692880 47.210792 47.279498 1.896578e+06
736329 46.857450 47.996006 46.828002 47.583768 2.350430e+06
736333 47.505250 48.928440 46.690592 47.289315 3.213082e+06
736334 46.798558 47.230423 45.767970 47.181348 3.085387e+06
736335 45.817045 45.905381 44.030691 44.236808 7.821091e+06
736336 43.186589 44.668672 42.686019 42.813613 4.478547e+06
736337 43.117883 43.598822 42.067664 42.774355 3.780691e+06
736340 42.744907 42.960841 40.536502 40.919292 5.910183e+06
736341 41.704506 42.028403 38.082718 38.867928 6.174799e+06
736342 39.447022 40.291124 37.513443 37.876602 6.912799e+06
736343 38.161242 39.790554 37.758821 39.221274 7.821091e+06
736344 37.297508 38.485139 37.012869 38.004199 6.795606e+06
736348 38.249578 38.534214 35.059659 35.854683 6.035817e+06
736349 35.108733 35.108733 31.810849 34.559085 1.032444e+07
736350 34.421674 37.248433 34.352968 36.924532 7.330531e+06
736351 38.681442 39.211461 36.119692 37.621410 7.460483e+06
736354 36.473037 37.140466 33.646278 33.744431 9.903961e+06
736355 34.470749 35.314852 33.911287 34.166482 8.628582e+06
736356 34.323525 38.926822 33.391086 36.168767 1.121742e+07
736357 39.839628 41.213749 38.328097 39.594250 9.706186e+06
736358 40.075194 41.871361 39.770922 41.714319 7.984121e+06
736361 40.615025 41.478754 40.045745 40.987997 6.066636e+06
736362 39.819997 39.819997 38.053273 38.632367 7.145810e+06
736363 39.525544 42.224705 38.249577 42.195262 9.873730e+06
736364 42.578052 44.325145 41.743763 42.666388 9.934486e+06
736365 37.984569 38.573475 37.297509 37.317139 3.945046e+07
736368 36.541743 38.396802 36.315994 38.269208 1.427464e+07
736369 37.572331 38.642181 36.659523 37.984569 8.745284e+06
736370 38.494956 39.407764 38.033644 38.563662 9.809147e+06
736371 37.729373 38.681442 36.266920 38.210316 9.527747e+06
736372 38.553844 39.407764 37.788265 39.368502 1.217862e+07
736376 40.242049 40.487427 39.221274 40.085007 6.461793e+06
736377 40.801512 43.324000 40.664100 42.666388 7.667190e+06
736378 43.186589 43.382892 40.722992 41.292268 7.848868e+06
736379 40.772067 41.557276 39.505913 41.527832 6.046417e+06
736382 42.666387 43.765681 42.244336 43.755868 5.300859e+06
736383 42.852874 43.883462 40.840773 41.145039 5.056168e+06
736384 39.898521 41.262824 39.240905 40.929109 4.818249e+06
736385 40.889847 41.586721 39.211460 40.811328 4.178597e+06
736386 41.900805 42.813612 41.694688 42.273781 5.446712e+06
736389 42.254151 43.196402 41.832100 42.793982 6.573490e+06
736390 42.980472 43.883462 41.773211 43.490859 5.135572e+06
736391 43.274925 46.072237 43.049178 46.052606 4.954974e+06
736392 45.738521 47.348207 45.394994 47.112642 5.646254e+06
736393 48.261011 49.605688 46.729854 47.495432 6.921534e+06
736396 47.613212 48.957888 47.073380 48.368978 8.316854e+06
736397 47.937114 48.054894 45.669817 45.895564 5.798094e+06
736398 46.798558 47.318759 45.375364 46.209652 4.566687e+06
736399 46.278358 47.465988 45.139802 47.377651 5.422076e+06
736400 48.408240 50.989621 48.368978 50.312374 7.544108e+06
736403 49.075668 49.713654 48.172678 49.271972 4.252505e+06
736404 48.157311 49.597492 47.516132 49.488984 3.448939e+06
736405 49.962472 51.274417 49.242378 51.126455 3.962374e+06
736406 51.580210 53.444554 51.234959 52.467991 5.850886e+06
736407 53.760210 53.908175 52.300299 53.168356 7.281697e+06
736410 52.675144 53.770072 51.511160 53.109169 4.608582e+06
736411 52.931612 54.085732 52.724464 52.971070 3.284206e+06
736412 52.359488 52.576499 50.751613 50.899574 4.188858e+06
736413 49.498851 51.560481 49.025368 51.392787 4.155122e+06
736417 51.777497 51.876137 49.548172 50.149892 3.793103e+06
736418 48.976047 49.735591 48.236227 49.715866 4.374700e+06
736419 50.899573 51.323737 49.577763 50.278128 3.225810e+06
736420 50.041384 52.241113 49.834235 51.935324 4.206514e+06
736421 50.712154 51.471702 50.426089 51.323737 3.369039e+06
736424 51.826816 52.162201 49.784915 49.863827 3.436905e+06
736425 49.262108 50.731883 48.847810 50.564189 3.159029e+06
736426 50.800932 53.701023 50.633242 53.266997 4.448583e+06
736427 52.744192 53.533331 51.294145 52.181930 3.542551e+06
736428 53.898308 54.302743 53.099306 53.740481 3.373281e+06
736431 54.312609 55.101750 53.908176 53.996954 3.820131e+06
736432 54.578945 57.005552 54.046275 56.581389 5.296121e+06
736433 56.502473 56.867454 55.368085 55.811978 4.014359e+06
736434 55.959940 57.094331 55.693604 56.936503 3.804053e+06
736435 56.472882 56.798405 55.821841 56.393966 4.516055e+06
736438 54.667721 59.294061 54.549350 59.027725 9.220912e+06
736439 59.589987 60.517226 58.455596 60.339669 4.724388e+06
736440 59.649174 61.237320 59.175690 60.349535 5.814389e+06
736441 60.536956 60.961119 59.146095 59.363110 4.838419e+06
736442 59.678765 62.756413 59.599849 62.519673 5.829777e+06
736445 61.888361 62.194151 60.152250 61.030168 3.802080e+06
736446 61.207725 62.647906 61.030168 62.391437 4.633834e+06
736447 61.158405 62.894512 59.876052 60.438314 8.332734e+06
736448 59.619580 60.615872 58.297768 58.376684 6.938026e+06
736449 58.998133 59.895780 57.242293 58.810710 4.566363e+06
736452 58.751526 58.948808 57.449445 58.179398 3.250372e+06
736453 57.488899 58.021570 55.673875 55.979668 4.081732e+06
736454 56.620847 56.975956 54.006816 54.569079 3.744867e+06
736455 56.433423 56.887178 54.598670 55.121479 3.588815e+06
736456 54.312609 56.127633 54.273151 55.387814 3.537126e+06
736459 54.657858 55.131342 53.197948 53.730619 3.121841e+06
736460 54.204103 56.975956 53.888446 56.926636 4.383085e+06
736461 56.729350 58.445733 56.147359 57.528357 4.395020e+06
736462 58.396413 59.481480 56.689897 57.350800 3.662599e+06
736463 57.084465 58.080757 56.788538 56.975957 3.173135e+06
736466 58.021570 58.909355 57.409987 57.626998 3.293676e+06
736467 57.508628 58.208989 56.581389 56.877316 4.577411e+06
736468 56.946366 57.715776 56.551798 57.173243 3.947085e+06
736469 56.236138 56.758946 54.786094 56.482744 3.786297e+06
736470 56.768808 57.163380 55.782382 56.877316 2.706161e+06
736473 56.186817 58.287905 55.851432 57.794692 2.523869e+06
736474 58.130077 58.189264 57.015415 57.409987 2.280321e+06
736475 57.982113 60.102929 57.982113 59.816865 3.658358e+06
736476 60.675054 61.158404 59.580125 59.619579 3.353453e+06
736477 59.126366 60.339668 58.652881 59.412430 3.696335e+06
736481 59.619579 60.290349 58.751526 59.116503 2.614522e+06
736482 59.116503 59.116503 56.887179 58.120211 3.239620e+06
736483 57.449444 58.426004 57.015414 58.426004 2.417927e+06
736484 58.524649 58.929084 57.340937 57.567815 2.051075e+06
736487 58.149807 59.550530 57.794692 59.491346 2.885592e+06
736488 60.083200 60.921660 59.382839 60.734241 3.313996e+06
736489 61.385282 62.144829 60.388992 61.020305 2.654275e+06
736490 59.895780 60.892069 59.530799 59.560395 2.273120e+06
736491 58.702202 59.096774 56.403832 56.916774 3.586546e+06
736494 56.502473 57.774963 56.157225 56.709625 2.306757e+06
736495 56.471847 57.640913 56.283608 57.284249 2.124927e+06
736496 57.115826 57.720170 55.728796 56.620459 3.603498e+06
736497 55.867499 55.936850 53.915752 55.580185 4.082320e+06
736498 56.491662 57.076196 56.204349 56.432217 2.919991e+06
736501 57.640913 58.265077 57.195083 57.779616 2.799121e+06
736502 57.581468 58.274983 56.967214 58.156096 2.221127e+06
736503 58.483037 58.483037 57.304064 57.482396 1.863076e+06
736504 58.185817 59.235997 57.789526 59.216181 2.478222e+06
736505 56.511477 57.531933 54.995651 55.312690 4.785543e+06
736508 54.361583 54.609266 51.339844 52.142340 6.019701e+06
736509 53.995012 55.025377 53.222240 54.629081 4.187734e+06
736510 55.352317 57.442767 54.916395 57.234713 3.802041e+06
736511 58.869423 59.820531 58.265078 59.543122 1.179439e+07
736512 59.453954 60.969780 59.136920 59.592661 3.284878e+06
736516 58.106561 58.730720 55.669352 56.432217 4.051211e+06
736517 56.016110 56.432217 55.342411 56.352960 3.036699e+06
736518 57.195083 58.136280 55.332501 55.956665 4.179016e+06
736519 57.145547 57.333785 55.253244 56.283609 3.229001e+06
736522 56.699716 56.878048 55.471207 55.550464 2.315346e+06
736523 56.709625 59.612472 56.551108 59.572846 4.519432e+06
736524 59.434144 59.562937 56.927584 57.482396 3.982652e+06
736525 58.542482 58.879331 57.442767 57.472487 2.813190e+06
736526 57.541842 57.819247 56.154812 56.402496 3.377710e+06
736529 56.194443 57.115827 55.728797 57.066286 2.776731e+06
736530 56.570918 56.947399 55.322595 55.590094 2.283840e+06
736531 55.292874 56.154812 54.212974 55.837778 3.141618e+06
736532 55.758518 56.402496 54.212974 54.401213 1.899832e+06
736533 54.747968 54.916395 53.162795 53.618532 2.747702e+06
736536 53.004278 53.281682 51.874842 52.320672 4.061416e+06
736537 51.973913 53.212331 51.676694 53.182610 3.753991e+06
736538 51.518177 53.162795 50.081611 51.121881 9.280405e+06
736539 51.022809 52.508910 50.804847 51.686599 5.258916e+06
736540 50.933643 53.321312 50.933643 53.152889 4.060029e+06
736543 52.181966 52.241412 50.537348 50.755311 5.571096e+06
736544 51.002995 51.478546 49.843837 51.270493 4.689343e+06
736545 51.260588 53.232147 51.151606 52.895296 6.119765e+06
736546 52.786315 54.629080 52.617892 53.370848 5.300329e+06
736547 53.499645 54.252601 53.083539 54.133714 3.447359e+06
736550 54.926301 55.936849 54.767783 55.401852 3.561887e+06
736551 55.570279 55.649536 54.321956 54.906485 2.639712e+06
736552 55.015467 55.520743 54.044547 54.212974 3.411791e+06
736553 54.718247 56.749251 54.470564 56.016110 3.924595e+06
736554 56.283608 56.452032 55.332500 55.758517 3.239899e+06
736557 56.283608 56.907769 55.817962 56.125092 4.433139e+06
736558 55.936850 56.412402 55.035282 56.144903 3.047796e+06
736559 56.045832 56.372776 55.233430 56.174628 2.585420e+06
736560 56.412402 57.343694 56.343050 57.086101 3.289336e+06
736561 56.749252 57.026659 55.996295 56.699716 2.860646e+06
736564 55.728797 56.204349 54.767784 55.679261 4.456818e+06
736565 55.421668 56.313329 55.421668 55.897219 2.267989e+06
736566 55.560374 56.402496 55.322596 55.827868 3.258723e+06
736567 55.788242 56.818602 55.352317 56.283609 3.432200e+06
736568 56.452033 57.353600 55.639631 56.144903 2.592157e+06
736571 55.926944 56.055740 55.342411 55.897219 2.302367e+06
736572 56.243979 57.086102 55.342411 55.560374 1.887051e+06
736573 55.045191 55.510834 53.509550 53.796864 3.522456e+06
736574 53.251961 53.717607 52.271132 52.816039 3.741706e+06
736575 53.420384 53.846399 52.380114 52.588171 3.880607e+06
736579 50.953458 51.230862 48.417177 50.755311 1.105223e+07
736580 51.082255 51.171422 49.744762 50.339204 7.191145e+06
736581 50.913827 52.271132 50.606703 52.063079 5.143892e+06
736582 51.290307 51.537991 49.417821 49.457447 5.137155e+06
736585 49.120602 50.091520 48.625235 49.417821 5.084943e+06
736586 48.496438 48.565789 46.782468 47.327371 6.359027e+06
736587 47.178759 47.575054 46.148399 46.475339 5.630045e+06
736588 46.724350 47.082925 46.156606 46.465381 5.569172e+06
736589 45.608784 46.604826 45.479297 46.296052 5.496959e+06
736592 46.813994 47.082926 45.768151 45.778109 3.638145e+06
736593 45.798031 46.246250 45.190444 45.489256 5.135993e+06
736594 46.146648 46.823952 45.618742 46.813994 6.430848e+06
736595 47.650670 48.397701 47.381738 47.590906 5.385004e+06
736596 47.172570 47.979361 46.325931 46.724350 4.663769e+06
736599 46.943481 48.029167 46.823953 47.441502 5.235498e+06
736600 46.903639 47.063006 46.146649 46.624748 3.819325e+06
736601 47.003242 49.782201 46.226329 49.642755 6.617507e+06
736602 49.324020 53.178704 49.324020 51.943614 9.258712e+06
736603 52.461553 53.746448 52.043217 53.407794 6.935543e+06
736606 53.357993 54.413799 52.541238 53.686689 4.096324e+06
736607 53.856014 54.015381 51.724483 52.043217 4.716161e+06
736608 52.830091 53.656805 52.610961 53.268349 3.413935e+06
736609 53.517360 53.816172 52.491437 53.447637 2.970497e+06
736610 53.338070 53.945657 52.840049 52.859971 4.009270e+06
736613 53.397836 54.453638 53.338071 53.736490 3.285048e+06
736614 53.567160 53.626924 52.312148 52.361950 2.994900e+06
736615 52.033259 52.122903 51.146777 51.754364 3.298793e+06
736616 51.226462 51.525275 50.459510 51.316106 3.092214e+06
736617 51.684640 52.302185 50.818084 51.495394 3.843628e+06
736620 51.276264 51.604959 50.100933 50.618876 2.646186e+06
736621 51.475473 51.515315 50.588996 50.778243 2.443790e+06
736622 51.415709 53.029301 51.077055 52.162741 3.680576e+06
736623 51.535236 52.561158 51.336027 52.441635 2.239203e+06
736624 51.933652 52.571119 51.724484 52.551197 2.478154e+06
736627 52.551197 53.168746 51.176661 52.013337 3.226879e+06
736628 52.212541 52.591039 50.598954 50.698561 4.491554e+06
736629 51.844008 52.800208 48.477384 50.061091 8.731408e+06
736630 50.499353 51.077055 49.682598 50.220458 4.793653e+06
736631 50.190577 51.465510 49.822042 50.100933 3.211241e+06
736634 49.881808 50.051133 47.620790 47.780157 4.918657e+06
736635 48.327979 48.567028 46.624748 47.660629 4.053694e+06
736636 46.823953 47.262214 45.877715 46.903638 4.781701e+06
736637 47.321974 48.158649 46.694470 46.903638 2.544689e+06
736638 46.724351 47.341896 46.076921 46.236288 3.577286e+06
736641 47.331936 47.580947 46.724351 47.252252 3.411047e+06
736642 46.694470 47.859837 46.614784 47.551067 2.877268e+06
736643 47.421581 49.463467 47.351858 48.806079 4.326111e+06
736644 48.457467 50.140777 48.377782 49.443546 3.135641e+06
736645 48.756278 49.025210 47.351858 47.391701 3.524197e+06
736648 46.943480 48.069005 46.425538 47.879759 6.849385e+06
736649 48.537148 50.579034 48.487346 50.389787 6.909546e+06
736650 50.130817 51.186619 49.513268 50.618876 3.338137e+06
736651 51.326066 52.043217 50.180619 50.300143 3.530373e+06
736652 50.389787 52.182662 50.389787 50.768284 5.400243e+06
736655 52.292228 53.686689 51.973494 52.601002 3.817731e+06
736656 53.138862 53.726528 51.136819 52.411752 2.643895e+06
736657 51.764326 53.328112 51.395787 52.989458 2.338708e+06
736659 52.411751 52.700605 51.903772 52.521317 9.436506e+05
736662 52.899815 53.178704 50.658719 50.798164 3.102971e+06
736663 49.503310 49.612874 48.327979 48.855880 4.811483e+06
736664 52.551196 56.704695 52.551196 55.738533 1.374708e+07
736665 57.561292 57.670858 55.499484 55.887941 5.569172e+06
736666 55.658852 58.507535 55.499486 57.690776 6.089505e+06
736669 58.766503 60.260567 58.417890 58.766503 7.502889e+06
736670 58.129037 60.360170 57.601136 59.573299 4.933299e+06
736671 59.682860 60.738667 59.085237 60.708787 4.688571e+06
736672 61.545463 61.754631 60.509578 61.425935 5.981036e+06
736673 61.635107 62.531543 61.157007 62.511621 4.382786e+06
736676 64.045530 64.682997 62.551463 62.651070 5.264682e+06
736677 63.278575 65.300540 62.531543 64.882203 6.517106e+06
736678 63.935966 64.752721 62.551464 62.919999 6.041495e+06
736679 62.180000 63.709999 61.750000 62.680000 3.641100e+06
736680 62.980000 63.110001 62.049999 62.500000 3.908400e+06
736683 62.250000 63.660000 61.610001 63.369999 2.864100e+06
736684 63.630001 64.389999 63.119999 63.389999 2.434300e+06
736685 63.970001 64.489998 63.509998 63.560001 2.246500e+06
736686 63.580002 63.770000 62.880001 63.709999 1.813500e+06
736687 63.380001 64.190002 63.090000 63.779999 2.235900e+06
736691 64.139999 64.849998 63.660000 64.410004 1.534000e+06
736692 64.449997 64.910004 63.279999 63.480000 1.490300e+06
736693 63.610001 63.750000 62.419998 62.900002 1.435800e+06
736694 62.900002 63.279999 62.070000 62.290001 1.968300e+06
736698 63.380001 64.400002 62.150002 62.820000 4.515200e+06
736699 62.840000 63.049999 60.880001 61.930000 4.988500e+06
736700 62.110001 62.470001 60.939999 62.099998 3.788200e+06
736701 62.209999 62.400002 61.700001 61.900002 1.973900e+06
736704 61.330002 61.580002 60.570000 60.610001 2.456700e+06
736705 60.820000 62.000000 60.500000 61.450001 2.238100e+06
736706 61.750000 62.240002 60.790001 61.840000 2.052100e+06
736707 59.860001 59.990002 56.650002 58.849998 1.672280e+07
736708 58.400002 59.869999 58.250000 58.889999 1.324430e+07
736712 59.270000 60.130001 58.410000 59.299999 5.680700e+06
736713 58.689999 59.419998 58.389999 58.830002 2.599500e+06
736714 58.500000 58.970001 57.650002 57.720001 3.166300e+06
736715 58.709999 59.080002 57.540001 57.980000 3.192300e+06
736718 57.470001 57.959999 56.689999 57.150002 3.023100e+06
736719 57.720001 58.040001 56.650002 57.520000 4.008900e+06
736720 57.049999 58.500000 56.220001 56.459999 6.197100e+06
736721 56.380001 57.040001 55.740002 56.169998 3.901600e+06
736722 55.830002 55.959999 54.509998 54.869999 3.962200e+06
736725 54.720001 54.830002 53.000000 53.939999 5.805100e+06
736726 53.900002 54.209999 53.130001 54.180000 4.132000e+06
736727 54.630001 54.959999 53.040001 53.509998 3.987800e+06
736728 53.700001 54.290001 52.939999 53.959999 3.165700e+06
736729 54.000000 54.759998 53.619999 54.310001 3.457100e+06
736732 54.389999 54.480000 52.660000 53.160000 3.314400e+06
736733 52.630001 52.639999 51.070000 51.509998 4.937400e+06
736734 51.029999 52.389999 50.430000 51.540001 4.880500e+06
736735 51.540001 52.570000 51.540001 52.320000 2.511500e+06
736736 53.080002 53.529999 52.200001 52.509998 2.995900e+06
736739 52.169998 52.290001 51.720001 51.880001 3.596600e+06
736740 52.119999 52.250000 51.400002 52.000000 2.844900e+06
736741 51.900002 52.130001 51.020000 51.049999 2.961200e+06
736742 51.400002 51.619999 50.860001 51.299999 4.123400e+06
736743 50.990002 51.860001 50.799999 51.750000 3.327200e+06
736747 52.560001 53.419998 52.470001 52.820000 4.048100e+06
736748 52.270000 52.610001 51.529999 51.560001 2.923700e+06
736749 52.570000 53.340000 51.889999 52.520000 5.008100e+06
736750 51.840000 53.119999 51.680000 52.490002 3.084300e+06
736753 52.770000 52.980000 52.240002 52.689999 4.037200e+06
736754 52.290001 52.310001 51.310001 51.439999 4.376000e+06
736755 51.900002 52.299999 51.279999 51.660000 5.225300e+06
736756 51.250000 52.200001 51.230000 51.759998 3.652100e+06
736757 51.849998 52.020000 50.900002 51.029999 2.890600e+06
736760 51.119999 51.189999 50.470001 51.029999 2.406600e+06
736761 51.150002 51.259998 49.250000 49.509998 3.771400e+06
736762 49.169998 49.689999 47.779999 47.869999 3.767700e+06
736763 47.910000 48.549999 46.830002 48.380001 4.178900e+06
736764 48.840000 48.950001 47.070000 47.419998 3.384600e+06
