736158 20.322211 20.346796 20.281240 20.281240 8.030552e+03
736159 20.281240 20.281240 20.281240 20.281240 0.000000e+00
736160 20.281240 20.281240 20.281240 20.281240 0.000000e+00
736161 20.281240 20.281240 20.281240 20.281240 0.000000e+00
736162 20.281240 20.281240 20.281240 20.281240 0.000000e+00
736165 20.281240 20.281240 20.281240 20.281240 0.000000e+00
736166 20.281240 20.281240 20.281240 20.281240 0.000000e+00
736167 20.281240 20.281240 20.281240 20.281240 0.000000e+00
736168 20.281240 20.281240 20.281240 20.281240 0.000000e+00
736169 20.281240 20.281240 20.281240 20.281240 0.000000e+00
736172 20.281240 20.281240 20.281240 20.281240 0.000000e+00
736173 20.281240 20.281240 20.281240 20.281240 0.000000e+00
736174 20.281240 20.281240 20.281240 20.281240 0.000000e+00
736175 20.281240 20.281240 20.281240 20.281240 0.000000e+00
736176 20.297629 20.297629 20.264851 20.264851 4.916664e+02
736179 20.182907 20.387768 20.182907 20.387768 3.933332e+03
736180 20.387768 20.387768 20.387768 20.387768 0.000000e+00
736181 20.412351 20.412351 20.412351 20.412351 3.277776e+02
736182 20.346796 20.346796 20.346796 20.346796 3.277776e+02
736183 20.346796 20.346796 20.346796 20.346796 0.000000e+00
736186 20.518880 20.518880 20.518880 20.518880 2.458332e+02
736187 20.461517 20.461517 20.371380 20.371380 3.277776e+02
736188 20.371380 20.371380 20.371380 20.371380 0.000000e+00
736189 20.371380 20.371380 20.371380 20.371380 0.000000e+00
736190 20.371380 20.371380 20.371380 20.371380 0.000000e+00
736193 20.371380 20.371380 20.371380 20.371380 0.000000e+00
736194 20.371380 20.371380 20.371380 20.371380 0.000000e+00
736195 20.371380 20.371380 20.371380 20.371380 0.000000e+00
736196 20.371380 20.371380 20.371380 20.371380 0.000000e+00
736197 20.371380 20.371380 20.371380 20.371380 0.000000e+00
736200 20.371380 20.371380 20.371380 20.371380 0.000000e+00
736201 20.371380 20.371380 20.371380 20.371380 0.000000e+00
736202 20.371380 20.371380 20.371380 20.371380 0.000000e+00
736203 20.371380 20.371380 20.371380 20.371380 0.000000e+00
736204 20.371380 20.371380 20.371380 20.371380 0.000000e+00
736207 20.371380 20.371380 20.371380 20.371380 0.000000e+00
736208 20.371380 20.371380 20.371380 20.371380 0.000000e+00
736209 20.371380 20.371380 20.371380 20.371380 0.000000e+00
736210 20.371380 20.371380 20.371380 20.371380 0.000000e+00
736211 20.371380 20.371380 20.371380 20.371380 0.000000e+00
736215 20.371380 20.371380 20.371380 20.371380 0.000000e+00
736216 20.371380 20.371380 20.371380 20.371380 0.000000e+00
736217 19.445407 19.445407 19.445407 19.445407 1.638888e+02
736218 19.445407 19.445407 19.445407 19.445407 0.000000e+00
736221 19.445407 19.445407 19.445407 19.445407 0.000000e+00
736222 19.445407 19.445407 19.445407 19.445407 0.000000e+00
736223 19.445407 19.445407 19.445407 19.445407 0.000000e+00
736224 20.002629 20.002629 20.002629 20.002629 8.194440e+01
736225 20.002629 20.002629 20.002629 20.002629 0.000000e+00
736228 20.002629 20.002629 20.002629 20.002629 0.000000e+00
736229 20.002629 20.002629 20.002629 20.002629 0.000000e+00
736230 20.002629 20.002629 20.002629 20.002629 0.000000e+00
736231 20.002629 20.002629 20.002629 20.002629 0.000000e+00
736232 20.002629 20.002629 20.002629 20.002629 0.000000e+00
736235 20.002629 20.002629 20.002629 20.002629 0.000000e+00
736236 20.002629 20.002629 20.002629 20.002629 0.000000e+00
736237 20.002629 20.002629 20.002629 20.002629 0.000000e+00
736238 20.002629 20.002629 20.002629 20.002629 0.000000e+00
736239 20.002629 20.002629 20.002629 20.002629 0.000000e+00
736242 20.002629 20.002629 20.002629 20.002629 0.000000e+00
736243 20.002629 20.002629 20.002629 20.002629 0.000000e+00
736244 20.002629 20.002629 20.002629 20.002629 0.000000e+00
736245 20.002629 20.002629 20.002629 20.002629 0.000000e+00
736246 20.002629 20.002629 20.002629 20.002629 0.000000e+00
736249 20.002629 20.002629 20.002629 20.002629 0.000000e+00
736250 20.002629 20.002629 20.002629 20.002629 0.000000e+00
736251 20.002629 20.002629 20.002629 20.002629 0.000000e+00
736252 20.002629 20.002629 20.002629 20.002629 0.000000e+00
736253 20.002629 20.002629 20.002629 20.002629 0.000000e+00
736256 20.002629 20.002629 20.002629 20.002629 0.000000e+00
736257 20.002629 20.002629 20.002629 20.002629 0.000000e+00
736258 20.002629 20.002629 20.002629 20.002629 0.000000e+00
736259 20.002629 20.002629 20.002629 20.002629 0.000000e+00
736260 20.002629 20.002629 20.002629 20.002629 0.000000e+00
736263 20.002629 20.002629 20.002629 20.002629 0.000000e+00
736264 20.002629 20.002629 20.002629 20.002629 0.000000e+00
736265 20.240269 20.240269 20.240269 20.240269 2.458332e+02
736266 20.232075 20.232075 20.092768 20.109158 3.851387e+03
736267 20.109158 20.109158 20.109158 20.109158 0.000000e+00
736270 20.109158 20.109158 20.109158 20.109158 0.000000e+00
736271 20.109158 20.109158 20.109158 20.109158 0.000000e+00
736272 20.510685 20.510685 20.510685 20.510685 1.229166e+03
736273 20.510685 20.510685 20.510685 20.510685 0.000000e+00
736274 20.387767 20.576241 20.232074 20.305824 5.162497e+03
736277 20.125546 20.125546 20.125546 20.125546 1.638888e+03
736278 20.125546 20.125546 20.125546 20.125546 0.000000e+00
736279 20.125546 20.125546 20.125546 20.125546 0.000000e+00
736280 20.125546 20.125546 20.125546 20.125546 0.000000e+00
736281 20.125546 20.125546 20.125546 20.125546 0.000000e+00
736284 19.732213 19.732213 19.732213 19.732213 1.147222e+03
736285 19.732213 19.732213 19.732213 19.732213 4.097220e+03
736286 20.117351 20.117351 20.117351 20.117351 1.638888e+02
736287 20.117351 20.117351 20.117351 20.117351 0.000000e+00
736288 20.117351 20.117351 20.117351 20.117351 0.000000e+00
736291 29.573737 29.573737 20.428741 20.428741 2.458332e+02
736292 20.428741 20.428741 20.428741 20.428741 0.000000e+00
736293 20.428741 20.428741 20.428741 20.428741 0.000000e+00
736295 20.207490 20.207490 20.207490 20.207490 0.000000e+00
736298 20.150129 20.150129 19.872337 19.872337 2.540277e+03
736299 19.872337 19.872337 19.872337 19.872337 0.000000e+00
736300 21.103698 21.103698 21.103698 21.103698 0.000000e+00
736301 21.103698 21.103698 21.103698 21.103698 0.000000e+00
736302 19.519028 19.597348 19.510326 19.597348 2.001505e+03
736305 19.398938 19.405898 19.397198 19.397198 9.572417e+02
736306 19.397198 19.397198 19.397198 19.397198 0.000000e+00
736307 19.397198 19.397198 19.397198 19.397198 0.000000e+00
736308 19.276236 19.276236 19.276236 19.276236 1.740439e+02
736309 19.276236 19.276236 19.276236 19.276236 0.000000e+00
736312 18.875066 18.875066 18.875066 18.875066 8.702197e+01
736313 18.875066 18.875066 18.875066 18.875066 0.000000e+00
736314 18.875066 18.875066 18.875066 18.875066 0.000000e+00
736315 18.875066 18.875066 18.875066 18.875066 0.000000e+00
736316 18.875066 18.875066 18.875066 18.875066 0.000000e+00
736319 18.875066 18.875066 18.875066 18.875066 0.000000e+00
736320 18.875066 18.875066 18.875066 18.875066 0.000000e+00
736321 18.875066 18.875066 18.875066 18.875066 0.000000e+00
736322 18.875066 18.875066 18.875066 18.875066 0.000000e+00
736326 19.030363 19.030363 19.030363 19.030363 0.000000e+00
736327 19.030363 19.030363 19.030363 19.030363 0.000000e+00
736328 19.591885 19.591885 19.460278 19.460278 9.651175e+02
736329 19.460278 19.460278 19.460278 19.460278 0.000000e+00
736333 19.460278 19.460278 19.460278 19.460278 0.000000e+00
736334 19.460278 19.460278 19.460278 19.460278 0.000000e+00
736335 19.460278 19.460278 19.460278 19.460278 0.000000e+00
736336 19.460278 19.460278 19.460278 19.460278 0.000000e+00
736337 19.460278 19.460278 19.460278 19.460278 0.000000e+00
736340 19.460278 19.460278 19.460278 19.460278 0.000000e+00
736341 19.460278 19.460278 19.460278 19.460278 0.000000e+00
736342 19.460278 19.460278 19.460278 19.460278 0.000000e+00
736343 19.460278 19.460278 19.460278 19.460278 0.000000e+00
736344 19.460278 19.460278 19.460278 19.460278 0.000000e+00
736348 19.460278 19.460278 19.460278 19.460278 0.000000e+00
736349 18.337232 18.337232 18.337232 18.337232 2.632139e+02
736350 18.337232 18.337232 18.337232 18.337232 0.000000e+00
736351 18.337232 18.337232 18.337232 18.337232 0.000000e+00
736354 18.337232 18.337232 18.337232 18.337232 0.000000e+00
736355 18.337232 18.337232 18.337232 18.337232 0.000000e+00
736356 18.337232 18.337232 18.337232 18.337232 0.000000e+00
736357 18.337232 18.337232 18.337232 18.337232 0.000000e+00
736358 18.337232 18.337232 18.337232 18.337232 0.000000e+00
736361 18.337232 18.337232 18.337232 18.337232 0.000000e+00
736362 18.337232 18.337232 18.337232 18.337232 0.000000e+00
736363 18.337232 18.337232 18.337232 18.337232 0.000000e+00
736364 18.337232 18.337232 18.337232 18.337232 0.000000e+00
736365 18.337232 18.337232 18.337232 18.337232 0.000000e+00
736368 18.337232 18.337232 18.337232 18.337232 0.000000e+00
736369 18.337232 18.337232 18.337232 18.337232 0.000000e+00
736370 19.197064 19.197064 19.197064 19.197064 4.386898e+02
736371 19.197064 19.197064 19.197064 19.197064 0.000000e+00
736372 19.197064 19.197064 19.197064 19.197064 0.000000e+00
736376 19.197064 19.197064 19.197064 19.197064 0.000000e+00
736377 19.197064 19.197064 19.197064 19.197064 0.000000e+00
736378 19.609433 19.609433 19.591885 19.591885 2.632139e+03
736379 19.591885 19.591885 19.591885 19.591885 0.000000e+00
736382 19.591885 19.591885 19.591885 19.591885 0.000000e+00
736383 19.662075 19.662075 19.662075 19.662075 8.773795e+01
736384 19.662075 19.662075 19.662075 19.662075 0.000000e+00
736385 19.662075 19.662075 19.662075 19.662075 0.000000e+00
736386 19.653301 19.662075 19.583111 19.583111 3.509518e+02
736389 19.583111 19.583111 19.583111 19.583111 0.000000e+00
736390 19.837552 19.837552 19.837552 19.837552 8.773795e+01
736391 19.837552 19.837552 19.837552 19.837552 0.000000e+00
736392 19.837552 19.837552 19.837552 19.837552 0.000000e+00
736393 19.837552 19.837552 19.837552 19.837552 0.000000e+00
736396 19.837552 19.837552 19.837552 19.837552 0.000000e+00
736397 19.837552 19.837552 19.837552 19.837552 0.000000e+00
736398 19.837552 19.837552 19.837552 19.837552 0.000000e+00
736399 19.837552 19.837552 19.837552 19.837552 0.000000e+00
736400 19.837552 19.837552 19.837552 19.837552 0.000000e+00
736403 19.837552 19.837552 19.837552 19.837552 0.000000e+00
736404 19.837552 19.837552 19.837552 19.837552 0.000000e+00
736405 19.837552 19.837552 19.837552 19.837552 0.000000e+00
736406 19.837552 19.837552 19.837552 19.837552 0.000000e+00
736407 19.837552 19.837552 19.837552 19.837552 0.000000e+00
736410 19.837552 19.837552 19.837552 19.837552 0.000000e+00
736411 19.837552 19.837552 19.837552 19.837552 0.000000e+00
736412 19.837552 19.837552 19.837552 19.837552 0.000000e+00
736413 19.837552 19.837552 19.837552 19.837552 0.000000e+00
736417 19.837552 19.837552 19.837552 19.837552 0.000000e+00
736418 19.837552 19.837552 19.837552 19.837552 0.000000e+00
736419 19.837552 19.837552 19.837552 19.837552 0.000000e+00
736420 19.837552 19.837552 19.837552 19.837552 0.000000e+00
736421 19.837552 19.837552 19.837552 19.837552 0.000000e+00
736424 19.837552 19.837552 19.837552 19.837552 0.000000e+00
736425 19.837552 19.837552 19.837552 19.837552 0.000000e+00
736426 19.837552 19.837552 19.837552 19.837552 0.000000e+00
736427 20.381526 20.504360 20.381526 20.381526 2.544401e+03
736428 20.381526 20.381526 20.381526 20.381526 0.000000e+00
736431 20.381526 20.381526 20.381526 20.381526 0.000000e+00
736432 20.381526 20.381526 20.381526 20.381526 0.000000e+00
736433 20.381526 20.381526 20.381526 20.381526 0.000000e+00
736434 20.381526 20.381526 20.381526 20.381526 0.000000e+00
736435 20.381526 20.381526 20.381526 20.381526 0.000000e+00
736438 20.381526 20.381526 20.381526 20.381526 0.000000e+00
736439 20.776348 20.776348 20.776348 20.776348 3.948208e+03
736440 20.776348 20.776348 20.776348 20.776348 0.000000e+00
736441 20.776348 20.776348 20.776348 20.776348 0.000000e+00
736442 20.776348 20.776348 20.776348 20.776348 0.000000e+00
736445 20.600871 20.600871 20.600871 20.600871 1.754759e+02
736446 20.600871 20.600871 20.600871 20.600871 0.000000e+00
736447 20.600871 20.600871 20.600871 20.600871 0.000000e+00
736448 20.600871 20.600871 20.600871 20.600871 0.000000e+00
736449 20.635967 20.635967 20.635967 20.635967 8.773795e+01
736452 20.635967 20.635967 20.635967 20.635967 0.000000e+00
736453 20.635967 20.635967 20.635967 20.635967 0.000000e+00
736454 20.635967 20.635967 20.635967 20.635967 0.000000e+00
736455 20.399074 20.416622 20.363978 20.372752 1.930235e+03
736456 20.416621 20.416621 20.346432 20.346432 2.281187e+03
736459 20.311336 20.311336 20.293788 20.293788 1.754759e+02
736460 20.293788 20.293788 20.293788 20.293788 0.000000e+00
736461 20.293788 20.293788 20.293788 20.293788 0.000000e+00
736462 20.662287 20.662287 20.662287 20.662287 7.896416e+02
736463 20.662287 20.662287 20.662287 20.662287 0.000000e+00
736466 20.662287 20.662287 20.662287 20.662287 8.773795e+01
736467 20.662287 20.662287 20.662287 20.662287 1.754759e+02
736468 20.662287 20.662287 20.662287 20.662287 0.000000e+00
736469 20.662287 20.662287 20.662287 20.662287 0.000000e+00
736470 20.662287 20.662287 20.662287 20.662287 0.000000e+00
736473 20.662287 20.662287 20.662287 20.662287 0.000000e+00
736474 20.662287 20.662287 20.662287 20.662287 0.000000e+00
736475 20.662287 20.662287 20.662287 20.662287 0.000000e+00
736476 20.662287 20.662287 20.662287 20.662287 0.000000e+00
736477 20.662287 20.662287 20.662287 20.662287 0.000000e+00
736481 20.662287 20.662287 20.662287 20.662287 0.000000e+00
736482 20.662287 20.662287 20.662287 20.662287 0.000000e+00
736483 20.662287 20.662287 20.662287 20.662287 0.000000e+00
736484 20.662287 20.662287 20.662287 20.662287 0.000000e+00
736487 20.662287 20.662287 20.662287 20.662287 0.000000e+00
736488 20.662287 20.662287 20.662287 20.662287 0.000000e+00
736489 20.662287 20.662287 20.662287 20.662287 0.000000e+00
736490 20.662287 20.662287 20.662287 20.662287 0.000000e+00
736491 20.662287 20.662287 20.662287 20.662287 0.000000e+00
736494 20.662287 20.662287 20.662287 20.662287 0.000000e+00
736495 20.091991 20.091991 20.091991 20.091991 8.773795e+01
736496 20.162181 20.162181 20.162181 20.162181 8.773795e+01
736497 20.162181 20.162181 20.162181 20.162181 0.000000e+00
736498 20.162181 20.162181 20.162181 20.162181 0.000000e+00
736501 20.162181 20.162181 20.162181 20.162181 0.000000e+00
736502 20.486813 20.486813 20.486813 20.486813 8.773796e+01
736503 20.565777 20.565777 20.565777 20.565777 1.316069e+03
736504 20.565777 20.565777 20.565777 20.565777 0.000000e+00
736505 20.565777 20.565777 20.565777 20.565777 0.000000e+00
736508 20.565777 20.565777 20.565777 20.565777 0.000000e+00
736509 20.565777 20.565777 20.565777 20.565777 0.000000e+00
736510 20.565777 20.565777 20.565777 20.565777 0.000000e+00
736511 20.574551 20.574551 20.574551 20.574551 1.754759e+02
736512 20.574551 20.574551 20.574551 20.574551 0.000000e+00
736516 20.574551 20.574551 20.574551 20.574551 0.000000e+00
736517 21.053989 21.053989 21.053989 21.053989 0.000000e+00
736518 21.053989 21.053989 21.053989 21.053989 0.000000e+00
736519 21.053989 21.053989 21.053989 21.053989 0.000000e+00
736522 21.053989 21.053989 21.053989 21.053989 0.000000e+00
736523 21.053989 21.053989 21.053989 21.053989 0.000000e+00
736524 21.053989 21.053989 21.053989 21.053989 0.000000e+00
736525 21.053989 21.053989 21.053989 21.053989 0.000000e+00
736526 21.053989 21.053989 21.053989 21.053989 0.000000e+00
736529 21.053989 21.053989 21.053989 21.053989 0.000000e+00
736530 21.053989 21.053989 21.053989 21.053989 0.000000e+00
736531 21.053989 21.053989 21.053989 21.053989 0.000000e+00
736532 21.053989 21.053989 21.053989 21.053989 0.000000e+00
736533 21.053989 21.053989 21.053989 21.053989 0.000000e+00
736536 21.053989 21.053989 21.053989 21.053989 0.000000e+00
736537 21.053989 21.053989 21.053989 21.053989 0.000000e+00
736538 21.053989 21.053989 21.053989 21.053989 0.000000e+00
736539 21.053989 21.053989 21.053989 21.053989 0.000000e+00
736540 21.053989 21.053989 21.053989 21.053989 0.000000e+00
736543 21.053989 21.053989 21.053989 21.053989 0.000000e+00
736544 21.053989 21.053989 21.053989 21.053989 0.000000e+00
736545 21.053989 21.053989 21.053989 21.053989 0.000000e+00
736546 21.053989 21.053989 21.053989 21.053989 0.000000e+00
736547 21.053989 21.053989 21.053989 21.053989 0.000000e+00
736550 21.053989 21.053989 21.053989 21.053989 0.000000e+00
736551 21.053989 21.053989 21.053989 21.053989 0.000000e+00
736552 21.053989 21.053989 21.053989 21.053989 0.000000e+00
736553 21.053989 21.053989 21.053989 21.053989 0.000000e+00
736554 21.053989 21.053989 21.053989 21.053989 0.000000e+00
736557 21.053989 21.053989 21.053989 21.053989 0.000000e+00
736558 21.053989 21.053989 21.053989 21.053989 0.000000e+00
736559 21.053989 21.053989 21.053989 21.053989 0.000000e+00
736560 21.053989 21.053989 21.053989 21.053989 0.000000e+00
736561 21.053989 21.053989 21.053989 21.053989 0.000000e+00
736564 21.053989 21.053989 21.053989 21.053989 0.000000e+00
736565 21.053989 21.053989 21.053989 21.053989 0.000000e+00
736566 21.053989 21.053989 21.053989 21.053989 0.000000e+00
736567 21.053989 21.053989 21.053989 21.053989 0.000000e+00
736568 21.053989 21.053989 21.053989 21.053989 0.000000e+00
736571 21.179684 21.179684 21.179684 21.179684 8.978247e+01
736572 21.179684 21.179684 21.179684 21.179684 0.000000e+00
736573 21.179684 21.179684 21.179684 21.179684 0.000000e+00
736574 21.179684 21.179684 21.179684 21.179684 0.000000e+00
736575 21.179684 21.179684 21.179684 21.179684 0.000000e+00
736579 21.395161 21.395161 21.395161 21.395161 7.182597e+02
736580 21.395161 21.395161 21.395161 21.395161 0.000000e+00
736581 21.395161 21.395161 21.395161 21.395161 8.978246e+01
736582 20.946249 20.968695 20.865445 20.865445 2.244562e+03
736585 20.865445 20.865445 20.865445 20.865445 0.000000e+00
736586 20.865445 20.865445 20.865445 20.865445 0.000000e+00
736587 20.865445 20.865445 20.865445 20.865445 0.000000e+00
736588 20.412941 20.412941 20.371642 20.412044 2.693474e+02
736589 20.412044 20.412044 20.412044 20.412044 0.000000e+00
736592 20.412044 20.412044 20.412044 20.412044 0.000000e+00
736593 20.412044 20.412044 20.412044 20.412044 0.000000e+00
736594 20.757707 20.757707 20.757707 20.757707 3.591299e+02
736595 20.757707 20.757707 20.757707 20.757707 0.000000e+00
736596 20.757707 20.757707 20.757707 20.757707 0.000000e+00
736599 20.757707 20.757707 20.757707 20.757707 0.000000e+00
736600 20.757707 20.757707 20.757707 20.757707 0.000000e+00
736601 20.757707 20.757707 20.757707 20.757707 0.000000e+00
736602 20.964206 20.964206 20.964206 20.964206 8.978247e+02
736603 20.964206 20.964206 20.964206 20.964206 0.000000e+00
736606 20.964206 20.964206 20.964206 20.964206 0.000000e+00
736607 20.964206 20.964206 20.964206 20.964206 0.000000e+00
736608 20.964206 20.964206 20.964206 20.964206 0.000000e+00
736609 20.964206 20.964206 20.964206 20.964206 0.000000e+00
736610 20.964206 20.964206 20.964206 20.964206 0.000000e+00
736613 20.964206 20.964206 20.964206 20.964206 0.000000e+00
736614 20.964206 20.964206 20.964206 20.964206 0.000000e+00
736615 20.964206 20.964206 20.964206 20.964206 0.000000e+00
736616 21.107858 21.107858 21.107858 21.107858 8.978247e+01
736617 21.107858 21.107858 21.107858 21.107858 0.000000e+00
736620 21.107858 21.107858 21.107858 21.107858 0.000000e+00
736621 21.107858 21.107858 21.107858 21.107858 0.000000e+00
736622 21.107858 21.107858 21.107858 21.107858 0.000000e+00
736623 21.107858 21.107858 21.107858 21.107858 0.000000e+00
736624 21.107858 21.107858 21.107858 21.107858 0.000000e+00
736627 21.107858 21.107858 21.107858 21.107858 0.000000e+00
736628 21.107858 21.107858 21.107858 21.107858 0.000000e+00
736629 21.107858 21.107858 21.107858 21.107858 0.000000e+00
736630 21.107858 21.107858 21.107858 21.107858 0.000000e+00
736631 21.107858 21.107858 21.107858 21.107858 0.000000e+00
736634 21.107858 21.107858 21.107858 21.107858 0.000000e+00
736635 21.107858 21.107858 21.107858 21.107858 0.000000e+00
736636 21.107858 21.107858 21.107858 21.107858 0.000000e+00
736637 20.948045 20.948045 20.948045 20.948045 1.795649e+02
736638 20.948045 20.948045 20.948045 20.948045 0.000000e+00
736641 20.948045 20.948045 20.948045 20.948045 0.000000e+00
736642 21.558564 21.558564 21.539710 21.539710 2.693474e+02
736643 21.206619 21.211108 20.874423 21.188662 8.978247e+02
736644 21.188662 21.188662 21.188662 21.188662 0.000000e+00
736645 21.188662 21.188662 21.188662 21.188662 0.000000e+00
736648 20.380621 20.380621 20.254924 20.254924 3.591299e+02
736649 20.398575 20.398575 20.217215 20.227990 6.284772e+02
736650 20.227990 20.227990 20.227990 20.227990 0.000000e+00
736651 20.156164 20.156164 20.084338 20.084338 8.080422e+02
736652 20.084338 20.084338 20.084338 20.084338 8.978246e+01
736655 20.084338 20.084338 20.084338 20.084338 0.000000e+00
736656 19.859882 19.879633 19.859882 19.879633 3.591299e+02
736657 19.879633 19.879633 19.879633 19.879633 0.000000e+00
736659 19.879633 19.879633 19.879633 19.879633 0.000000e+00
736662 19.879633 19.879633 19.879633 19.879633 0.000000e+00
736663 19.879633 19.879633 19.879633 19.879633 0.000000e+00
736664 19.879633 19.879633 19.879633 19.879633 0.000000e+00
736665 20.147186 20.192076 19.976598 19.976598 1.975214e+03
736666 19.954659 19.954659 19.944687 19.944687 9.972343e+02
736669 20.034438 20.034438 20.034438 20.034438 1.994469e+02
736670 20.034438 20.034438 20.034438 20.034438 0.000000e+00
736671 20.034438 20.034438 20.034438 20.034438 0.000000e+00
736672 20.463249 20.523083 20.463249 20.523083 1.096958e+03
736673 20.612834 20.612834 20.612834 20.612834 3.988937e+02
736676 20.742474 20.742474 20.742474 20.742474 1.994469e+02
736677 20.802309 20.802309 20.802309 20.802309 3.988937e+02
736678 20.802309 20.802309 20.802309 20.802309 0.000000e+00
736679 20.632780 20.632780 20.582916 20.582916 8.975109e+02
736680 20.114217 20.114217 20.094272 20.094272 4.986172e+02
736683 20.165077 20.193996 20.074327 20.074327 5.983406e+02
736684 20.144135 20.144135 19.954660 19.994548 4.288108e+03
736685 19.944687 19.944687 19.944687 19.944687 9.972343e+01
736686 19.944687 19.984577 19.936710 19.936710 3.988937e+03
736687 19.936710 19.936710 19.936710 19.936710 0.000000e+00
736691 20.203967 20.553000 20.203967 20.553000 3.191150e+03
736692 20.610001 20.610001 20.610001 20.610001 0.000000e+00
736693 20.309999 20.309999 20.309999 20.309999 3.000000e+02
736694 20.389999 20.410000 20.389999 20.410000 9.000000e+02
736698 20.677000 20.677000 20.677000 20.677000 1.000000e+02
736699 20.690001 20.719999 20.690001 20.719999 2.000000e+03
736700 20.660000 20.860001 20.660000 20.860001 2.000000e+03
736701 20.860001 20.860001 20.860001 20.860001 0.000000e+00
736704 20.860001 20.860001 20.860001 20.860001 0.000000e+00
736705 20.469999 20.480000 20.469999 20.469999 4.000000e+02
736706 20.410000 20.459999 20.410000 20.410999 3.000000e+02
736707 20.480000 21.000000 20.480000 21.000000 4.800000e+03
736708 20.860001 21.020000 20.760000 20.760000 2.300000e+03
736712 20.676001 20.684999 20.660000 20.670000 7.000000e+02
736713 20.670000 20.670000 20.670000 20.670000 0.000000e+00
736714 20.639999 20.639999 20.639999 20.639999 1.000000e+02
736715 20.299999 20.690001 20.190001 20.690001 1.190000e+04
736718 20.639999 20.639999 20.639999 20.639999 2.100000e+03
736719 20.639999 20.639999 20.639999 20.639999 0.000000e+00
736720 21.459000 21.629999 21.209999 21.629999 4.200000e+03
736721 21.260000 21.280001 21.233999 21.243999 1.180000e+04
736722 21.049999 21.181000 21.049999 21.181000 1.100000e+03
736725 21.090000 21.090000 20.959000 20.959000 9.000000e+02
736726 21.010000 21.010000 20.910000 20.910000 1.300000e+03
736727 20.920000 21.110001 20.920000 21.110001 9.000000e+02
736728 21.160000 21.260000 21.110001 21.260000 1.900000e+03
736729 21.120001 21.330000 21.030001 21.330000 3.700000e+03
736732 21.330000 21.330000 21.330000 21.330000 0.000000e+00
736733 21.330000 21.330000 21.330000 21.330000 0.000000e+00
736734 21.090000 21.090000 21.090000 21.090000 1.000000e+02
736735 21.170000 21.170000 21.170000 21.170000 2.000000e+02
736736 21.389999 21.690001 21.389999 21.690001 1.400000e+03
736739 21.709999 21.709999 21.400000 21.400000 1.100000e+03
736740 21.400000 21.400000 21.400000 21.400000 0.000000e+00
736741 21.400000 21.400000 21.400000 21.400000 0.000000e+00
736742 21.400000 21.400000 21.400000 21.400000 0.000000e+00
736743 21.150000 21.270000 21.150000 21.270000 5.000000e+02
736747 21.440001 21.450001 21.379999 21.450001 9.000000e+02
736748 21.355000 21.389999 21.355000 21.389999 1.100000e+03
736749 21.110001 21.139999 21.070000 21.139999 1.300000e+03
736750 20.889999 20.900000 20.889999 20.900000 2.000000e+02
736753 21.025000 21.190001 21.025000 21.188999 2.000000e+03
736754 20.910000 20.910000 20.830999 20.830999 2.000000e+02
736755 21.160000 21.160000 20.770000 21.030001 2.480000e+04
736756 20.700001 20.719999 20.700001 20.700001 1.500000e+03
736757 20.430000 20.770000 20.430000 20.770000 2.500000e+03
736760 20.850000 20.980000 20.500000 20.980000 8.900000e+03
736761 20.790001 20.790001 20.790001 20.790001 9.000000e+02
736762 20.820000 20.820000 20.760000 20.760000 1.700000e+03
736763 20.405001 20.610001 20.405001 20.610001 1.500000e+03
736764 20.530001 20.590000 20.530001 20.590000 1.300000e+03
