736034 4.140000 4.140000 3.970000 4.060000 9.700000e+03
736035 3.840000 4.110000 3.820000 4.090000 1.210000e+04
736036 4.250000 4.250000 4.070000 4.070000 3.000000e+03
736039 4.090000 4.100000 4.090000 4.100000 7.000000e+02
736040 4.100000 4.100000 4.100000 4.100000 0.000000e+00
736041 3.960000 4.000000 3.910000 3.910000 1.350000e+04
736042 3.770000 3.860000 3.760000 3.840000 1.700000e+04
736043 4.030000 4.030000 3.970000 3.970000 3.500000e+03
736046 4.320000 4.800000 4.320000 4.800000 1.310000e+04
736047 5.240000 5.240000 5.050000 5.050000 4.580000e+04
736048 5.010000 5.140000 5.010000 5.120000 5.660000e+04
736049 4.950000 4.950000 4.910000 4.910000 2.400000e+03
736050 4.750000 4.940000 4.750000 4.870000 6.700000e+03
736053 5.070000 5.120000 5.070000 5.120000 3.000000e+03
736054 5.180000 5.190000 5.060000 5.060000 1.380000e+04
736055 5.140000 5.290000 5.140000 5.280000 5.000000e+03
736056 5.380000 5.650000 5.380000 5.650000 1.930000e+04
736060 5.850000 5.990000 5.810000 5.930000 1.640000e+04
736061 6.120000 6.140000 6.010000 6.100000 2.040000e+04
736062 6.320000 6.380000 6.300000 6.380000 1.370000e+04
736063 6.540000 6.540000 6.410000 6.450000 2.700000e+03
736064 6.430000 6.440000 6.360000 6.360000 2.500000e+03
736067 6.350000 6.390000 6.340000 6.340000 1.700000e+03
736068 6.030000 6.200000 6.030000 6.190000 7.900000e+03
736069 6.670000 6.670000 6.670000 6.670000 5.000000e+02
736070 7.200000 7.670000 7.200000 7.610000 6.500000e+03
736071 8.040000 8.200000 7.350000 7.790000 1.425000e+05
736074 7.980000 9.340000 7.850000 8.250000 6.319000e+05
736075 8.390000 8.390000 7.300000 7.700000 1.818000e+05
736076 7.620000 7.760000 7.310000 7.650000 3.700000e+04
736077 7.700000 7.750000 6.850000 7.270000 2.721000e+05
736078 6.910000 7.270000 6.910000 7.220000 7.610000e+04
736081 7.220000 7.640000 6.080000 6.260000 1.321000e+05
736082 6.370000 6.710000 6.060000 6.300000 2.163000e+05
736083 6.490000 6.730000 6.430000 6.580000 5.320000e+04
736084 6.800000 7.090000 6.570000 6.820000 9.370000e+04
736085 6.900000 7.040000 6.830000 6.920000 8.920000e+04
736088 7.370000 7.480000 6.960000 7.180000 1.763000e+05
736089 7.180000 7.380000 6.750000 6.770000 9.340000e+04
736090 6.800000 6.820000 6.440000 6.490000 6.180000e+04
736091 6.510000 6.950000 6.420000 6.900000 9.360000e+04
736092 6.920000 7.210000 6.720000 6.900000 8.730000e+04
736095 7.100000 7.210000 6.900000 7.000000 8.240000e+04
736096 7.060000 7.250000 6.950000 7.150000 8.410000e+04
736097 7.220000 7.470000 7.150000 7.330000 6.990000e+04
736098 7.530000 7.670000 7.280000 7.660000 7.920000e+04
736099 7.820000 7.850000 7.310000 7.690000 7.540000e+04
736102 7.490000 8.500000 7.350000 8.320000 8.450000e+04
736103 7.930000 7.930000 7.350000 7.530000 1.915000e+05
736104 7.990000 7.990000 7.320000 7.640000 1.545000e+05
736105 7.610000 7.820000 7.490000 7.620000 1.093000e+05
736106 7.780000 7.780000 7.450000 7.530000 9.500000e+04
736110 7.530000 7.530000 6.930000 7.150000 1.204000e+05
736111 7.340000 7.340000 7.010000 7.210000 9.920000e+04
736112 7.390000 7.390000 6.800000 7.010000 1.063000e+05
736113 6.980000 6.980000 6.720000 6.830000 1.001000e+05
736116 6.780000 7.200000 6.550000 7.140000 1.102000e+05
736117 7.100000 7.250000 7.010000 7.120000 5.940000e+04
736118 7.100000 7.260000 6.990000 7.170000 1.000000e+05
736119 7.190000 7.190000 6.910000 7.040000 4.890000e+04
736120 7.050000 7.180000 7.000000 7.170000 9.510000e+04
736123 7.160000 7.340000 7.100000 7.240000 1.988000e+05
736124 7.210000 7.320000 7.090000 7.250000 1.520000e+05
736125 7.280000 7.310000 7.190000 7.310000 2.070000e+05
736126 7.250000 7.330000 7.060000 7.140000 1.280000e+05
736127 7.150000 7.150000 7.000000 7.100000 1.009000e+05
736130 7.090000 7.300000 6.850000 6.850000 1.283000e+05
736131 6.940000 6.980000 6.660000 6.710000 9.670000e+04
736132 6.500000 6.590000 6.090000 6.200000 2.252000e+05
736133 6.400000 6.940000 6.400000 6.540000 2.065000e+05
736134 6.580000 6.700000 6.300000 6.620000 9.727000e+05
736137 6.540000 6.780000 6.490000 6.740000 8.970000e+04
736138 6.850000 6.850000 6.440000 6.650000 1.713000e+05
736139 6.570000 6.770000 6.450000 6.720000 2.447000e+05
736140 6.800000 7.100000 6.710000 7.060000 2.854000e+05
736141 7.000000 7.260000 6.820000 7.000000 2.219600e+06
736144 6.850000 6.870000 6.550000 6.550000 2.363000e+05
736145 6.630000 6.820000 6.630000 6.800000 1.426000e+05
736146 6.850000 7.000000 6.770000 6.980000 1.152000e+05
736147 7.000000 7.290000 6.830000 7.230000 1.039200e+06
736151 7.260000 7.380000 6.940000 7.140000 5.665000e+05
736152 7.090000 7.120000 6.940000 7.100000 3.658000e+05
736153 7.060000 7.250000 6.930000 7.050000 3.423000e+05
736154 7.060000 7.190000 6.940000 6.990000 2.731000e+05
736155 7.100000 7.240000 7.040000 7.230000 1.992000e+05
736158 7.310000 7.470000 7.250000 7.410000 5.152000e+05
736159 7.400000 7.450000 7.280000 7.300000 2.548000e+05
736160 7.300000 7.340000 7.010000 7.100000 3.013000e+05
736161 7.110000 7.140000 7.010000 7.030000 3.720000e+05
736162 7.000000 7.060000 6.830000 7.000000 1.390000e+05
736165 7.080000 7.800000 6.930000 6.970000 2.435000e+05
736166 7.030000 7.030000 6.660000 6.700000 2.120000e+05
736167 6.630000 6.790000 6.500000 6.540000 1.979000e+05
736168 6.540000 6.700000 6.520000 6.600000 1.526000e+05
736169 6.590000 6.730000 6.570000 6.590000 2.132000e+05
736172 6.490000 6.640000 6.040000 6.090000 5.783000e+05
736173 6.130000 6.230000 5.750000 6.110000 4.452000e+05
736174 6.120000 6.120000 5.600000 5.680000 2.787000e+05
736175 5.800000 6.030000 5.690000 5.920000 6.860000e+05
736176 5.980000 6.070000 5.860000 5.890000 4.338000e+05
736179 5.980000 6.050000 5.890000 6.000000 2.163000e+05
736180 6.070000 6.080000 5.760000 5.980000 3.196000e+05
736181 6.110000 6.430000 6.000000 6.330000 2.716000e+05
736182 6.370000 6.520000 5.870000 5.890000 3.276000e+05
736183 5.860000 5.900000 5.360000 5.370000 4.205000e+05
736186 5.360000 5.650000 5.320000 5.490000 3.634000e+05
736187 5.500000 5.500000 4.670000 4.770000 4.152000e+05
736188 4.750000 5.210000 4.480000 5.180000 2.638000e+05
736189 5.010000 5.150000 4.950000 5.100000 2.166000e+05
736190 5.550000 5.900000 5.380000 5.460000 8.420000e+05
736193 5.500000 5.790000 5.480000 5.650000 4.696000e+05
736194 5.670000 5.670000 5.260000 5.280000 4.187000e+05
736195 5.250000 5.250000 4.980000 5.100000 3.032000e+05
736196 5.150000 5.150000 4.800000 4.900000 3.119000e+05
736197 4.740000 4.740000 4.400000 4.620000 6.366000e+05
736200 4.280000 4.590000 3.830000 4.450000 5.803000e+05
736201 4.650000 5.060000 4.600000 4.790000 3.969000e+05
736202 5.100000 5.510000 4.920000 5.510000 5.424000e+05
736203 5.550000 5.740000 5.370000 5.440000 3.297000e+05
736204 5.400000 5.460000 5.220000 5.290000 3.377000e+05
736207 5.280000 5.410000 5.120000 5.200000 1.879000e+05
736208 5.020000 5.100000 4.990000 5.060000 3.069000e+05
736209 5.110000 5.340000 5.040000 5.340000 1.547000e+05
736210 5.480000 5.480000 5.080000 5.170000 1.711000e+05
736211 5.130000 5.150000 4.980000 5.000000 2.504000e+05
736215 5.100000 5.140000 4.990000 5.020000 2.720000e+05
736216 5.100000 5.100000 4.800000 4.870000 3.192000e+05
736217 4.880000 4.910000 4.690000 4.710000 1.521000e+05
736218 4.670000 4.810000 4.470000 4.780000 5.530000e+05
736221 4.770000 4.860000 4.560000 4.590000 2.378000e+05
736222 4.570000 5.200000 4.540000 5.130000 2.810000e+05
736223 5.180000 5.540000 5.020000 5.520000 5.755000e+05
736224 5.530000 5.540000 5.350000 5.470000 3.637000e+05
736225 5.410000 5.620000 5.410000 5.460000 6.576000e+05
736228 5.390000 5.450000 5.120000 5.230000 2.901000e+05
736229 5.230000 5.260000 5.100000 5.100000 1.551000e+05
736230 5.300000 5.410000 5.200000 5.380000 3.580000e+05
736231 5.480000 5.480000 5.130000 5.300000 1.971000e+05
736232 5.340000 5.380000 4.920000 4.930000 2.342000e+05
736235 4.850000 4.930000 4.690000 4.740000 2.679000e+05
736236 4.770000 4.980000 4.620000 4.820000 3.507000e+05
736237 4.980000 5.350000 4.820000 5.220000 8.326000e+05
736238 5.250000 5.340000 5.110000 5.230000 1.740000e+05
736239 5.180000 5.500000 5.050000 5.500000 2.393000e+05
736242 5.600000 5.870000 5.600000 5.750000 4.112000e+05
736243 5.800000 5.950000 5.540000 5.600000 2.421000e+05
736244 5.650000 5.720000 5.310000 5.430000 3.823000e+05
736245 5.410000 5.460000 5.170000 5.240000 2.590000e+05
736246 5.300000 5.470000 3.660000 3.820000 4.885400e+06
736249 3.690000 4.030000 3.330000 3.670000 1.951600e+06
736250 3.630000 4.340000 3.470000 3.920000 1.707400e+06
736251 3.960000 4.100000 3.630000 3.650000 8.278000e+05
736252 3.640000 3.730000 3.110000 3.280000 1.083800e+06
736253 3.240000 3.450000 2.900000 2.930000 2.010400e+06
736256 2.940000 3.270000 2.810000 3.070000 1.066000e+06
736257 3.180000 3.290000 3.100000 3.180000 1.124900e+06
736258 3.140000 3.150000 2.700000 2.790000 1.142600e+06
736259 2.740000 2.760000 2.150000 2.520000 1.572300e+06
736260 2.530000 3.220000 2.530000 3.050000 1.468600e+06
736263 3.180000 3.460000 3.050000 3.070000 1.297100e+06
736264 3.080000 3.080000 2.820000 2.910000 7.871000e+05
736265 2.900000 3.130000 2.790000 3.060000 4.568000e+05
736266 3.050000 3.120000 2.870000 2.880000 3.459000e+05
736267 2.830000 2.870000 2.730000 2.820000 2.791000e+05
736270 2.890000 3.090000 2.840000 3.070000 3.998000e+05
736271 3.110000 3.730000 2.980000 3.700000 3.095400e+06
736272 3.890000 4.130000 3.750000 4.090000 1.615200e+06
736273 4.070000 4.170000 3.750000 3.820000 6.864000e+05
736274 3.760000 3.810000 3.610000 3.760000 3.809000e+05
736277 3.740000 3.780000 3.490000 3.500000 3.238000e+05
736278 3.400000 3.550000 3.230000 3.380000 3.852000e+05
736279 3.350000 3.690000 3.170000 3.600000 4.942000e+05
736280 3.100000 3.170000 2.640000 2.950000 2.052700e+06
736281 2.870000 2.900000 2.700000 2.760000 4.229000e+05
736284 2.700000 2.780000 2.320000 2.370000 1.021000e+06
736285 2.320000 2.330000 2.180000 2.240000 8.274000e+05
736286 2.250000 2.670000 2.150000 2.550000 7.718000e+05
736287 2.560000 2.780000 2.430000 2.640000 5.592000e+05
736288 2.670000 2.740000 2.600000 2.690000 2.965000e+05
736291 2.680000 2.680000 2.400000 2.450000 4.005000e+05
736292 2.380000 2.580000 2.380000 2.500000 1.880000e+05
736293 2.380000 2.530000 2.310000 2.500000 3.334000e+05
736295 2.560000 2.630000 2.530000 2.580000 8.420000e+04
736298 2.560000 2.660000 2.500000 2.530000 2.386000e+05
736299 2.550000 2.650000 2.550000 2.600000 1.946000e+05
736300 2.600000 2.690000 2.540000 2.550000 1.481000e+05
736301 2.580000 2.620000 2.500000 2.570000 4.900000e+05
736302 2.580000 2.660000 2.530000 2.590000 3.176000e+05
736305 2.570000 2.570000 2.500000 2.500000 2.902000e+05
736306 2.460000 2.560000 2.430000 2.500000 1.967000e+05
736307 2.420000 2.720000 2.400000 2.700000 2.369000e+05
736308 2.680000 2.900000 2.660000 2.860000 2.473000e+05
736309 2.770000 2.940000 2.770000 2.860000 2.792000e+05
736312 2.880000 2.940000 2.700000 2.710000 1.953000e+05
736313 2.800000 2.970000 2.770000 2.880000 5.014000e+05
736314 2.870000 2.950000 2.850000 2.850000 2.365000e+05
736315 2.870000 3.020000 2.700000 2.980000 4.588000e+05
736316 3.030000 3.230000 2.900000 3.120000 1.313000e+06
736319 3.190000 3.220000 2.950000 3.000000 3.344000e+05
736320 2.930000 3.080000 2.930000 2.980000 2.061000e+05
736321 2.840000 2.900000 2.770000 2.890000 2.541000e+05
736322 2.700000 2.960000 2.700000 2.910000 1.247000e+05
736326 2.830000 2.970000 2.800000 2.860000 6.370000e+04
736327 2.890000 2.970000 2.880000 2.930000 1.348000e+05
736328 2.910000 2.950000 2.850000 2.860000 1.244000e+05
736329 2.850000 2.870000 2.750000 2.820000 2.116000e+05
736333 2.710000 2.780000 2.670000 2.770000 3.155000e+05
736334 2.750000 2.850000 2.740000 2.750000 1.489000e+05
736335 2.740000 3.250000 2.740000 3.100000 9.381000e+05
736336 2.740000 2.770000 2.340000 2.470000 1.684700e+06
736337 2.500000 2.580000 2.330000 2.410000 6.137000e+05
736340 2.410000 2.500000 2.310000 2.430000 3.889000e+05
736341 2.450000 2.510000 2.300000 2.400000 3.404000e+05
736342 3.050000 3.060000 2.520000 2.680000 3.435300e+06
736343 2.720000 2.730000 2.340000 2.410000 1.152400e+06
736344 2.260000 2.380000 2.220000 2.310000 1.016700e+06
736348 2.280000 2.310000 2.120000 2.150000 6.261000e+05
736349 2.060000 2.080000 1.880000 2.010000 1.672400e+06
736350 1.990000 2.110000 1.950000 2.020000 3.616000e+05
736351 2.070000 2.160000 2.040000 2.130000 2.250000e+05
736354 2.120000 2.130000 2.010000 2.020000 4.317000e+05
736355 2.060000 2.080000 2.010000 2.060000 4.008000e+05
736356 2.070000 2.080000 1.940000 1.950000 7.916000e+05
736357 1.920000 2.020000 1.820000 1.850000 4.218000e+05
736358 1.860000 2.110000 1.850000 2.110000 7.289000e+05
736361 2.040000 2.210000 1.970000 2.170000 4.106000e+05
736362 2.120000 2.230000 2.120000 2.190000 4.198000e+05
736363 2.280000 2.350000 2.190000 2.300000 4.936000e+05
736364 2.340000 2.450000 2.310000 2.350000 3.442000e+05
736365 2.350000 2.350000 2.220000 2.220000 2.895000e+05
736368 2.280000 2.280000 2.140000 2.160000 2.844000e+05
736369 2.110000 2.130000 2.010000 2.010000 2.096000e+05
736370 2.020000 2.070000 1.940000 1.980000 2.718000e+05
736371 1.940000 1.990000 1.860000 1.930000 2.651000e+05
736372 2.000000 2.000000 1.920000 1.980000 1.215000e+05
736376 2.000000 2.110000 1.960000 2.080000 1.565000e+05
736377 2.130000 2.300000 2.130000 2.260000 3.678000e+05
736378 2.290000 2.340000 2.260000 2.340000 2.584000e+05
736379 2.320000 2.490000 2.250000 2.420000 3.650000e+05
736382 2.500000 2.670000 2.460000 2.610000 3.537000e+05
736383 2.750000 2.850000 2.540000 2.640000 4.562000e+05
736384 2.570000 2.670000 2.500000 2.630000 1.996000e+05
736385 2.690000 2.750000 2.660000 2.700000 1.789000e+05
736386 2.740000 2.780000 2.670000 2.700000 2.362000e+05
736389 2.700000 2.850000 2.680000 2.850000 1.883000e+05
736390 2.810000 2.810000 2.720000 2.760000 2.455000e+05
736391 2.720000 2.820000 2.720000 2.800000 2.964000e+05
736392 2.790000 2.840000 2.750000 2.790000 1.756000e+05
736393 2.780000 2.780000 2.660000 2.760000 2.269000e+05
736396 2.760000 2.790000 2.700000 2.760000 1.206000e+05
736397 2.740000 2.740000 2.580000 2.680000 1.284000e+05
736398 2.730000 2.800000 2.700000 2.800000 9.000000e+04
736399 2.770000 3.070000 2.710000 3.000000 3.288000e+05
736400 3.120000 3.310000 3.120000 3.250000 8.442000e+05
736403 3.300000 3.470000 3.250000 3.450000 5.262000e+05
736404 3.420000 3.440000 2.900000 3.280000 5.158000e+05
736405 3.600000 3.620000 3.310000 3.400000 5.468000e+05
736406 3.490000 3.490000 3.190000 3.340000 3.657000e+05
736407 3.330000 3.450000 3.170000 3.230000 3.742000e+05
736410 3.190000 3.380000 3.190000 3.290000 2.397000e+05
736411 3.290000 3.290000 3.200000 3.240000 2.495000e+05
736412 3.150000 3.210000 3.050000 3.080000 1.748000e+05
736413 3.080000 3.200000 3.000000 3.030000 2.326000e+05
736417 3.060000 3.070000 2.910000 2.940000 2.859000e+05
736418 2.950000 3.100000 2.860000 3.050000 2.775000e+05
736419 3.090000 3.210000 3.050000 3.160000 1.975000e+05
736420 3.150000 3.220000 3.120000 3.120000 2.176000e+05
736421 3.110000 3.220000 3.090000 3.170000 1.968000e+05
736424 3.150000 3.370000 3.150000 3.330000 2.456000e+05
736425 3.310000 3.340000 3.150000 3.160000 1.708000e+05
736426 3.200000 3.340000 3.200000 3.290000 3.133000e+05
736427 3.330000 3.360000 3.250000 3.310000 4.561000e+05
736428 3.350000 3.440000 3.310000 3.400000 4.071000e+05
736431 3.430000 3.480000 3.400000 3.430000 2.555000e+05
736432 3.410000 3.500000 3.410000 3.470000 3.478000e+05
736433 3.490000 3.860000 3.480000 3.830000 8.234000e+05
736434 3.870000 3.910000 3.650000 3.700000 4.211000e+05
736435 3.700000 3.980000 3.700000 3.970000 7.433000e+05
736438 3.980000 4.250000 3.970000 4.230000 7.613000e+05
736439 4.310000 4.550000 4.250000 4.430000 8.039000e+05
736440 4.380000 4.470000 4.260000 4.290000 3.267000e+05
736441 4.350000 4.350000 4.010000 4.310000 4.032000e+05
736442 4.350000 4.370000 4.150000 4.340000 3.801000e+05
736445 4.360000 4.360000 4.230000 4.320000 3.187000e+05
736446 4.360000 4.380000 4.250000 4.360000 2.983000e+05
736447 4.360000 4.370000 4.260000 4.350000 2.470000e+05
736448 4.270000 4.360000 4.200000 4.220000 2.553000e+05
736449 4.200000 4.290000 4.000000 4.220000 4.290000e+05
736452 4.240000 4.480000 4.160000 4.460000 3.453000e+05
736453 4.370000 4.500000 4.280000 4.420000 3.600000e+05
736454 4.380000 4.630000 4.380000 4.580000 4.342000e+05
736455 4.600000 4.660000 4.400000 4.440000 4.377000e+05
736456 4.400000 4.460000 4.240000 4.340000 2.377000e+05
736459 4.380000 4.380000 4.240000 4.350000 1.721000e+05
736460 4.390000 4.650000 4.310000 4.500000 3.448000e+05
736461 4.050000 4.090000 3.500000 3.720000 1.525800e+06
736462 3.670000 3.700000 2.720000 2.720000 2.131900e+06
736463 2.870000 3.470000 2.860000 3.330000 1.880300e+06
736466 3.440000 3.450000 3.090000 3.140000 1.007400e+06
736467 3.110000 3.200000 2.910000 2.960000 7.968000e+05
736468 2.930000 3.070000 2.870000 2.900000 1.001500e+06
736469 2.850000 2.910000 2.680000 2.760000 5.492000e+05
736470 2.780000 2.930000 2.700000 2.920000 5.289000e+05
736473 2.930000 2.990000 2.750000 2.770000 2.328000e+05
736474 2.770000 2.890000 2.760000 2.800000 2.839000e+05
736475 2.800000 2.860000 2.760000 2.820000 3.100000e+05
736476 2.860000 2.860000 2.750000 2.780000 2.551000e+05
736477 2.740000 2.770000 2.700000 2.750000 4.577000e+05
736481 2.750000 2.860000 2.710000 2.740000 2.413000e+05
736482 2.710000 2.750000 2.660000 2.750000 3.551000e+05
736483 2.710000 2.730000 2.670000 2.710000 2.485000e+05
736484 2.740000 2.760000 2.700000 2.760000 2.164000e+05
736487 2.730000 2.760000 2.700000 2.710000 2.792000e+05
736488 2.710000 2.710000 2.560000 2.610000 4.108000e+05
736489 2.610000 2.680000 2.610000 2.630000 2.121000e+05
736490 2.670000 2.770000 2.660000 2.700000 3.440000e+05
736491 2.660000 2.720000 2.590000 2.610000 2.301000e+05
736494 2.600000 2.680000 2.580000 2.580000 2.631000e+05
736495 2.540000 2.620000 2.440000 2.460000 2.452000e+05
736496 2.400000 2.450000 2.370000 2.420000 7.377000e+05
736497 2.360000 2.410000 2.340000 2.370000 4.113000e+05
736498 2.360000 2.490000 2.290000 2.290000 5.870000e+05
736501 2.340000 2.350000 2.230000 2.260000 6.143000e+05
736502 2.250000 2.700000 2.240000 2.540000 1.139400e+06
736503 2.530000 2.590000 2.370000 2.390000 7.647000e+05
736504 2.440000 2.470000 2.360000 2.390000 3.607000e+05
736505 2.220000 2.400000 2.220000 2.270000 2.974900e+06
736508 2.270000 2.310000 2.170000 2.180000 6.727000e+05
736509 2.240000 2.320000 2.180000 2.210000 5.010000e+05
736510 2.250000 2.290000 2.190000 2.210000 6.511000e+05
736511 2.240000 2.260000 2.200000 2.230000 5.571000e+05
736512 2.250000 2.270000 2.160000 2.180000 2.265000e+05
736516 2.240000 2.320000 2.180000 2.250000 3.096000e+05
736517 2.240000 2.280000 2.210000 2.230000 2.108000e+05
736518 2.240000 2.350000 2.220000 2.260000 4.234000e+05
736519 2.280000 2.430000 2.270000 2.350000 4.717000e+05
736522 2.400000 2.500000 2.380000 2.430000 4.609000e+05
736523 2.460000 2.500000 2.300000 2.320000 4.579000e+05
736524 2.340000 2.430000 2.330000 2.400000 3.055000e+05
736525 2.400000 2.430000 2.320000 2.340000 4.853000e+05
736526 2.370000 2.420000 2.340000 2.360000 2.868000e+05
736529 2.330000 2.400000 2.330000 2.390000 1.386000e+05
736530 2.400000 2.400000 2.310000 2.360000 1.640000e+05
736531 2.380000 2.450000 2.350000 2.450000 2.588000e+05
736532 2.450000 2.580000 2.440000 2.500000 4.552000e+05
736533 2.580000 2.600000 2.440000 2.520000 1.580000e+05
736536 2.550000 2.560000 2.500000 2.540000 2.144000e+05
736537 2.580000 2.610000 2.510000 2.550000 2.455000e+05
736538 2.520000 2.710000 2.520000 2.700000 3.616000e+05
736539 2.720000 2.900000 2.720000 2.890000 6.475000e+05
736540 2.870000 2.890000 2.730000 2.850000 1.257000e+06
736543 2.850000 2.850000 2.510000 2.640000 9.963000e+05
736544 2.760000 2.870000 2.620000 2.640000 7.778000e+05
736545 2.800000 2.880000 2.710000 2.810000 1.052800e+06
736546 2.830000 2.910000 2.780000 2.850000 2.447000e+05
736547 2.860000 3.090000 2.820000 3.010000 4.859000e+05
736550 3.050000 3.130000 2.960000 2.990000 4.473000e+05
736551 3.010000 3.070000 2.920000 3.040000 3.096000e+05
736552 3.000000 3.170000 2.980000 3.150000 3.343000e+05
736553 3.150000 3.250000 3.120000 3.140000 3.403000e+05
736554 3.140000 3.190000 3.010000 3.090000 3.355000e+05
736557 3.050000 3.160000 3.050000 3.120000 1.918000e+05
736558 3.110000 3.160000 3.090000 3.110000 1.450000e+05
736559 3.090000 3.110000 3.050000 3.060000 1.261000e+05
736560 3.090000 3.090000 3.040000 3.060000 2.017000e+05
736561 3.050000 3.110000 3.010000 3.070000 3.398000e+05
736564 3.000000 3.110000 3.000000 3.060000 1.697000e+05
736565 3.060000 3.100000 3.020000 3.070000 2.592000e+05
736566 3.100000 3.250000 3.070000 3.220000 7.780000e+05
736567 3.250000 3.260000 3.160000 3.250000 3.778000e+05
736568 3.260000 3.290000 3.150000 3.210000 3.561000e+05
736571 3.200000 3.270000 3.170000 3.250000 1.926000e+05
736572 3.240000 3.350000 3.210000 3.330000 2.144000e+05
736573 3.300000 3.500000 3.270000 3.500000 3.064000e+05
736574 3.510000 3.600000 3.440000 3.600000 2.939000e+05
736575 3.600000 3.740000 3.520000 3.740000 2.799000e+05
736579 3.800000 3.860000 3.770000 3.830000 3.869000e+05
736580 3.860000 3.860000 3.640000 3.720000 4.060000e+05
736581 3.690000 3.690000 3.430000 3.570000 3.747000e+05
736582 3.530000 3.530000 3.340000 3.340000 3.115000e+05
736585 3.290000 3.620000 3.200000 3.620000 3.787000e+05
736586 3.540000 3.540000 3.300000 3.300000 2.934000e+05
736587 3.330000 3.460000 3.310000 3.350000 1.373000e+05
736588 3.400000 3.410000 3.250000 3.390000 1.942000e+05
736589 3.420000 3.420000 3.220000 3.320000 3.628000e+05
736592 3.370000 3.530000 3.370000 3.410000 3.275000e+05
736593 3.400000 3.450000 3.320000 3.350000 2.332000e+05
736594 3.400000 3.520000 3.350000 3.520000 1.803000e+05
736595 3.500000 3.630000 3.470000 3.500000 3.084000e+05
736596 3.500000 3.510000 3.410000 3.410000 1.564000e+05
736599 3.350000 3.410000 3.320000 3.350000 1.943000e+05
736600 3.380000 3.430000 3.320000 3.400000 1.092000e+05
736601 3.400000 3.450000 3.360000 3.440000 2.293000e+05
736602 3.440000 3.450000 3.340000 3.350000 2.161000e+05
736603 3.350000 3.390000 3.300000 3.350000 2.611000e+05
736606 3.310000 3.410000 3.310000 3.390000 1.653000e+05
736607 3.390000 3.480000 3.350000 3.460000 1.668000e+05
736608 3.400000 3.580000 3.400000 3.530000 4.145000e+05
736609 3.530000 3.570000 3.480000 3.490000 2.136000e+05
736610 3.500000 3.530000 3.470000 3.490000 1.461000e+05
736613 3.480000 3.560000 3.470000 3.500000 9.530000e+04
736614 3.500000 3.520000 3.450000 3.480000 1.455000e+05
736615 3.480000 3.510000 3.450000 3.470000 6.920000e+04
736616 3.460000 3.510000 3.430000 3.480000 1.463000e+05
736617 3.490000 3.530000 3.460000 3.480000 1.709000e+05
736620 3.450000 3.550000 3.350000 3.400000 2.257000e+05
736621 3.400000 3.500000 3.350000 3.400000 1.373000e+05
736622 3.400000 3.400000 3.300000 3.400000 7.010000e+04
736623 3.350000 3.400000 3.300000 3.300000 7.930000e+04
736624 3.250000 3.300000 3.250000 3.250000 6.330000e+04
736627 3.300000 3.330000 3.050000 3.250000 4.158000e+05
736628 3.350000 3.350000 3.200000 3.200000 1.622000e+05
736629 3.200000 3.200000 3.050000 3.050000 3.153000e+05
736630 3.100000 3.100000 3.000000 3.000000 1.951000e+05
736631 3.050000 3.650000 2.750000 3.350000 1.627900e+06
736634 3.350000 3.450000 3.250000 3.350000 4.613000e+05
736635 3.350000 3.350000 3.200000 3.250000 4.489000e+05
736636 3.250000 3.250000 2.950000 3.000000 3.135000e+05
736637 2.950000 3.000000 2.750000 2.800000 3.871000e+05
736638 2.850000 3.100000 2.750000 3.000000 2.358000e+05
736641 2.900000 2.900000 2.550000 2.600000 6.607000e+05
736642 2.600000 2.600000 2.350000 2.400000 5.421000e+05
736643 2.300000 2.550000 2.250000 2.550000 4.423000e+05
736644 2.550000 2.550000 2.300000 2.400000 7.101000e+05
736645 2.350000 2.350000 2.250000 2.350000 5.432000e+05
736648 2.350000 2.400000 2.250000 2.300000 6.544000e+05
736649 2.350000 2.390000 2.250000 2.300000 8.126000e+05
736650 2.200000 2.400000 2.200000 2.400000 4.709000e+05
736651 2.400000 2.850000 2.350000 2.700000 9.331000e+05
736652 2.750000 2.900000 2.650000 2.900000 7.713000e+05
736655 2.950000 3.050000 2.900000 3.000000 7.363000e+05
736656 2.950000 2.950000 2.600000 2.650000 5.615000e+05
736657 2.650000 2.650000 2.450000 2.500000 8.897000e+05
736659 2.600000 2.600000 2.450000 2.500000 1.633000e+05
736662 2.600000 2.600000 2.450000 2.550000 4.357000e+05
736663 2.550000 2.550000 2.450000 2.450000 2.959000e+05
736664 2.500000 2.550000 2.350000 2.350000 4.631000e+05
736665 2.350000 2.390000 2.170000 2.200000 8.093000e+05
736666 2.250000 2.300000 2.200000 2.200000 3.617000e+05
736669 2.250000 2.300000 2.200000 2.250000 2.240000e+05
736670 2.250000 2.350000 2.200000 2.350000 2.432000e+05
736671 2.350000 2.350000 2.300000 2.300000 2.526000e+05
736672 2.350000 2.350000 2.300000 2.350000 3.404000e+05
736673 2.350000 2.400000 2.300000 2.350000 2.790000e+05
736676 2.350000 2.350000 2.200000 2.250000 4.695000e+05
736677 2.250000 2.250000 2.150000 2.200000 3.400000e+05
736678 2.200000 2.200000 2.100000 2.100000 3.047000e+05
736679 2.100000 2.150000 2.050000 2.050000 2.470000e+05
736680 2.000000 2.050000 1.800000 1.900000 1.800700e+06
736683 1.950000 1.950000 1.800000 1.900000 6.176000e+05
736684 1.900000 1.900000 1.800000 1.900000 8.811000e+05
736685 1.900000 2.050000 1.850000 2.000000 3.775000e+05
736686 2.000000 2.250000 2.000000 2.200000 8.538000e+05
736687 2.250000 2.400000 2.200000 2.350000 5.798000e+05
736691 2.260000 2.350000 2.260000 2.350000 2.487000e+05
736692 2.300000 2.400000 2.300000 2.300000 4.097000e+05
736693 2.300000 2.300000 2.150000 2.200000 6.157000e+05
736694 2.250000 2.250000 2.100000 2.100000 1.771100e+06
736698 2.100000 2.450000 2.100000 2.400000 8.935000e+05
736699 2.500000 2.600000 2.400000 2.600000 8.686000e+05
736700 2.550000 2.600000 2.350000 2.350000 6.448000e+05
736701 2.400000 2.500000 2.400000 2.450000 2.774000e+05
736704 2.550000 2.700000 2.500000 2.600000 1.323800e+06
736705 2.600000 2.750000 2.550000 2.750000 8.459000e+05
736706 2.700000 2.800000 2.600000 2.600000 6.243000e+05
736707 2.600000 2.600000 2.500000 2.500000 4.018000e+05
736708 2.550000 2.550000 2.350000 2.400000 5.383000e+05
736712 2.400000 2.450000 2.200000 2.200000 6.610000e+05
736713 2.200000 2.300000 2.150000 2.250000 3.766000e+05
736714 2.250000 2.250000 2.150000 2.150000 4.873000e+05
736715 2.150000 2.250000 2.150000 2.200000 6.629000e+05
736718 2.200000 2.250000 2.150000 2.200000 2.817000e+05
736719 2.250000 2.250000 2.150000 2.200000 3.746000e+05
736720 2.200000 2.200000 2.150000 2.200000 4.564000e+05
736721 2.200000 2.200000 2.150000 2.150000 4.578000e+05
736722 2.150000 2.300000 2.150000 2.250000 4.157000e+05
736725 2.300000 2.400000 2.150000 2.200000 3.438000e+05
736726 2.200000 2.200000 2.100000 2.150000 3.852000e+05
736727 2.200000 2.200000 2.100000 2.150000 4.368000e+05
736728 2.150000 2.150000 2.100000 2.100000 2.309000e+05
736729 2.150000 2.150000 2.100000 2.150000 2.213000e+05
736732 2.150000 2.150000 2.050000 2.100000 6.742000e+05
736733 2.150000 2.200000 2.050000 2.100000 3.699000e+05
736734 2.100000 2.150000 2.050000 2.150000 3.563000e+05
736735 2.150000 2.200000 2.100000 2.200000 3.734000e+05
736736 2.150000 2.250000 2.150000 2.250000 3.074000e+05
736739 2.250000 2.250000 2.100000 2.150000 4.244000e+05
736740 2.150000 2.150000 2.100000 2.150000 3.644000e+05
736741 2.100000 2.200000 2.100000 2.200000 2.913000e+05
736742 2.150000 2.200000 2.150000 2.150000 2.241000e+05
736743 2.200000 2.200000 2.150000 2.200000 3.447000e+05
736747 2.200000 2.250000 2.100000 2.200000 5.409000e+05
736748 2.200000 2.200000 2.100000 2.150000 7.500000e+05
736749 2.200000 2.200000 2.080000 2.150000 8.774000e+05
736750 2.150000 2.200000 2.100000 2.150000 6.641000e+05
736753 2.150000 2.200000 2.100000 2.200000 2.469000e+05
736754 2.200000 2.200000 2.150000 2.200000 2.474000e+05
736755 2.200000 2.200000 2.100000 2.150000 2.970000e+05
736756 2.100000 2.150000 2.100000 2.150000 3.251000e+05
736757 2.150000 2.150000 2.050000 2.100000 4.854000e+05
736760 2.100000 2.150000 2.050000 2.100000 6.164000e+05
736761 2.100000 2.100000 2.050000 2.050000 4.282000e+05
736762 2.050000 2.080000 1.850000 1.900000 2.307700e+06
736763 1.950000 2.000000 1.900000 1.950000 5.794000e+05
736764 1.950000 2.000000 1.900000 1.950000 7.708000e+05
