736034 14.250159 14.250159 13.996040 13.996040 5.864263e+02
736035 13.976493 14.575951 13.943913 14.575951 2.019913e+03
736036 14.080747 14.510792 13.930881 14.080747 1.042536e+03
736039 13.917851 13.989524 13.748438 13.748438 3.257924e+03
736040 13.865724 13.930881 13.754954 13.930881 7.167432e+02
736041 13.748438 13.748438 13.201107 13.442193 8.926711e+03
736042 13.455225 13.455225 13.194591 13.220655 1.036020e+04
736043 13.194591 13.683279 13.194591 13.572510 1.935207e+04
736046 13.748438 13.826627 13.494319 13.494319 4.821727e+03
736047 13.370520 13.930882 13.357488 13.878755 6.971957e+03
736048 13.559478 14.250159 13.357488 13.611605 4.170142e+03
736049 13.663731 14.100293 13.194591 14.002556 5.408153e+03
736050 13.657216 14.256674 13.657216 14.256674 6.450689e+03
736053 14.334865 14.367444 13.487805 13.904819 3.655391e+04
736054 13.846176 13.846176 13.194591 13.194591 4.300459e+03
736055 13.357487 14.087263 13.292329 13.774501 4.978108e+04
736056 13.878754 13.878754 13.670248 13.781017 7.623541e+03
736060 13.781018 13.781018 13.227170 13.305361 1.003441e+04
736061 13.207623 13.357488 13.194591 13.227170 2.671498e+03
736062 13.370519 13.370519 12.686354 13.025179 1.068599e+04
736063 13.057759 13.220655 12.966536 12.966536 1.609414e+04
736064 12.999116 13.683279 12.966536 12.966536 2.150230e+03
736067 12.712418 12.960019 12.614681 12.914409 8.666077e+03
736068 12.692871 12.692871 12.380110 12.575585 6.450689e+03
736069 12.614681 12.738481 12.575585 12.738481 6.841640e+03
736070 12.744996 12.946989 12.744996 12.777577 7.167432e+02
736071 12.999117 12.999117 12.771061 12.849251 8.796394e+03
736074 12.966536 12.966536 12.966536 12.966536 1.303169e+02
736075 12.836220 12.836220 12.438753 12.438753 5.277837e+03
736076 12.438753 12.543007 12.412689 12.445269 5.277837e+03
736077 12.445268 12.464815 11.767620 12.380110 5.017202e+03
736078 12.380110 13.057759 12.380110 13.057759 7.493225e+03
736081 12.758030 12.875315 12.731967 12.868799 6.581006e+03
736082 12.256309 12.862283 12.256309 12.653776 4.626252e+03
736083 12.549523 12.705903 12.510428 12.686355 6.776482e+03
736084 12.738481 12.738481 12.536490 12.549522 8.796394e+03
736085 12.744997 12.744997 12.380110 12.614681 4.495935e+03
736088 12.575585 12.575585 12.562554 12.569070 1.238011e+03
736089 12.471331 12.477848 12.367078 12.386626 4.691410e+03
736090 12.999116 13.683279 12.999116 13.155496 2.410863e+04
736091 13.285812 13.364003 13.162012 13.168527 4.691410e+03
736092 13.285812 13.285812 12.705902 12.992600 1.022988e+04
736095 12.868798 13.357487 12.432237 13.357487 5.473312e+03
736096 12.771061 12.777578 12.536491 12.673324 6.646164e+03
736097 12.673324 12.771061 12.503912 12.543006 6.320372e+03
736098 12.771061 12.771061 12.445269 12.464816 3.055933e+04
736099 12.458301 12.523458 12.295405 12.523458 1.628962e+03
736102 12.445025 12.451560 12.262009 12.399270 7.582053e+03
736103 12.484242 12.484242 12.386199 12.399270 3.333489e+03
736104 12.425416 12.549605 12.412343 12.451560 7.124515e+03
736105 12.451560 12.490779 12.438489 12.451560 6.863065e+03
736106 12.451560 12.719546 12.307763 12.719546 4.902189e+03
736110 12.699938 12.699938 12.699938 12.699938 1.960876e+02
736111 12.745692 12.745692 12.451560 12.484242 3.464214e+03
736112 12.706475 12.739156 12.497315 12.497315 3.987114e+03
736113 12.529995 12.719546 12.333908 12.719546 3.529576e+03
736116 13.333954 13.333954 12.392733 12.680329 6.470890e+03
736117 12.588821 12.706474 12.360052 12.582285 1.261497e+04
736118 12.516923 12.549605 12.418879 12.516923 5.621177e+03
736119 12.536532 12.647648 12.536532 12.647648 7.189877e+02
736120 12.739155 12.739155 12.726082 12.726082 3.921751e+02
736123 12.575749 12.745691 12.445024 12.739155 5.882627e+03
736124 12.843736 12.843736 12.458096 12.641112 1.085018e+04
736125 12.490779 12.706475 12.222792 12.614966 8.889303e+03
736126 12.745691 13.314346 12.614966 13.314346 2.483776e+03
736127 13.347026 13.399316 13.059431 13.059431 1.634063e+03
736130 13.333954 13.386244 13.072504 13.105185 8.170315e+03
736131 13.229375 13.235911 12.954852 12.974461 8.497128e+02
736132 12.837199 13.235911 12.837199 13.235911 1.895513e+03
736133 13.392781 13.392781 13.203230 13.203230 3.921751e+02
736134 13.137867 13.137867 12.745692 12.745692 1.522947e+04
736137 12.765301 12.935244 12.471169 12.869881 1.411830e+04
736138 12.961388 12.961388 12.562676 12.876417 8.366402e+03
736139 12.693402 13.137867 12.614966 12.647648 1.294178e+04
736140 12.745692 12.850272 12.451560 12.451560 8.104953e+03
736141 12.412343 12.654185 12.222792 12.614966 8.431765e+03
736144 12.301226 12.471169 12.262009 12.386198 8.693215e+03
736145 12.484241 12.516923 12.177037 12.320835 5.294364e+03
736146 12.281619 13.386245 12.124748 12.974461 2.274616e+04
736147 12.451560 12.451560 12.157429 12.170502 3.725664e+03
736151 12.098602 12.529995 11.922124 12.529995 1.274569e+04
736152 12.373125 12.392733 12.092066 12.144356 9.150753e+02
736153 12.157429 12.445025 12.157429 12.412343 2.745226e+03
736154 12.431952 12.431952 12.431952 12.431952 8.497128e+02
736155 12.235863 12.516923 12.235863 12.510386 4.771464e+03
736158 12.503850 12.752228 12.503850 12.745692 9.150753e+02
736159 12.529995 13.366636 12.190110 12.732619 3.130865e+04
736160 12.771837 13.301273 12.654185 13.301273 2.287688e+03
736161 12.778372 12.928707 12.745691 12.915634 9.804378e+02
736162 13.065968 13.065968 12.909098 13.013678 4.640739e+03
736165 13.052895 13.092114 12.889489 12.941779 3.006676e+03
736166 12.954851 13.131330 12.954851 12.954851 1.372613e+03
736167 13.039823 13.268591 12.974460 13.229374 4.052476e+03
736168 12.909097 13.039823 12.909097 13.039823 4.575376e+02
736169 13.059431 13.301273 12.928707 13.124794 1.241888e+03
736172 12.994069 13.209765 12.745692 12.752228 5.098277e+03
736173 12.909098 12.948315 12.752228 12.915634 3.921751e+03
736174 13.013677 13.079040 12.830662 13.007141 2.549138e+03
736175 12.797981 12.928707 12.582285 12.582285 3.268126e+03
736176 12.850272 13.118259 12.850272 13.026751 2.287688e+03
736179 13.026751 13.026751 13.026751 13.026751 0.000000e+00
736180 13.399317 14.706567 13.399317 14.098696 1.398758e+04
736181 14.334001 14.667350 13.765346 14.445117 2.614501e+03
736182 14.229421 14.517015 14.216348 14.281711 2.287688e+03
736183 14.445117 14.706567 14.445117 14.706567 2.353051e+03
736186 14.379755 14.588915 14.379755 14.386291 9.804378e+02
736187 14.543161 14.876509 14.379754 14.405900 6.144077e+03
736188 14.830757 14.869974 14.575842 14.869974 1.830151e+03
736189 14.771930 14.902654 14.379754 14.902654 1.372613e+03
736190 14.941975 15.420382 14.941975 15.125474 1.100988e+04
736193 15.210669 15.295865 15.210669 15.276204 5.242799e+02
736194 15.243436 15.269650 15.066492 15.066492 6.356893e+03
736195 14.948528 15.236883 14.948528 15.236883 2.621399e+02
736196 15.073046 15.092707 15.073046 15.073046 5.373869e+03
736197 15.800485 16.141265 15.767716 16.101945 1.854640e+04
736200 16.023303 16.350978 15.905340 16.088837 1.900514e+04
736201 16.285443 16.285443 15.997089 15.997089 9.305967e+03
736202 16.056070 16.101944 16.010195 16.075731 1.605607e+04
736203 16.285443 16.285443 16.082285 16.206801 3.932099e+03
736204 16.160926 16.324763 16.160926 16.298550 9.174897e+03
736207 16.174033 16.318210 16.174033 16.213354 8.060803e+03
736208 16.174033 16.219908 16.141265 16.141265 7.208848e+03
736209 16.154373 16.154373 16.095391 16.154373 7.667593e+03
736210 16.154373 16.167480 16.088837 16.167480 5.636008e+03
736211 16.088837 16.160926 16.088837 16.128159 1.933282e+04
736215 16.154372 16.154372 15.997089 16.003642 3.132572e+04
736216 16.121605 16.121605 16.016750 16.088837 8.519547e+03
736217 16.121606 16.121606 16.062625 16.121606 3.669959e+03
736218 16.128160 16.318211 16.128160 16.252675 1.992263e+04
736221 16.318210 16.318210 16.187141 16.246122 4.784053e+03
736222 16.219908 16.331317 16.193693 16.324764 2.142994e+04
736223 16.383746 16.383746 16.187141 16.252675 1.153416e+04
736224 16.278890 16.278890 16.069178 16.069178 1.133755e+04
736225 16.069177 16.318210 16.069177 16.318210 6.225823e+03
736228 16.318210 16.318210 15.983981 16.318210 2.883539e+03
736229 15.780824 15.780824 15.708735 15.708735 5.242799e+02
736230 15.073046 16.056071 15.073046 15.793931 2.424794e+03
736231 15.728396 15.951214 15.728396 15.892233 4.390844e+03
736232 15.892233 15.892233 15.741503 15.741503 1.310700e+03
736235 15.741502 15.761162 15.177902 15.564558 1.789105e+04
736236 15.512129 15.512129 15.197562 15.335185 3.735494e+03
736237 15.761163 15.761163 15.322078 15.571112 4.194239e+03
736238 15.669414 15.761162 15.433487 15.630093 6.684568e+03
736239 15.623540 15.879126 15.623540 15.879126 2.162654e+03
736242 15.892233 19.018252 15.636648 17.045649 1.966049e+04
736243 17.714106 18.185957 17.563374 18.153190 2.883539e+03
736244 18.244939 18.356348 16.731082 18.087655 8.322943e+03
736245 18.205619 18.677470 18.205619 18.592275 2.097119e+03
736246 18.356348 18.572614 18.264600 18.317028 6.094753e+03
736249 18.349795 18.677470 18.067994 18.651255 8.847222e+03
736250 18.644703 18.677470 17.229147 17.661678 1.245165e+04
736251 17.694445 17.877944 16.403407 16.685206 1.605607e+04
736252 16.803168 17.202932 16.803168 17.163612 4.259774e+03
736253 17.039095 17.130843 17.039095 17.052202 2.162654e+03
736256 17.052202 18.179404 17.039095 18.179404 1.703910e+03
736257 17.609250 18.172850 17.045648 17.111184 5.308333e+03
736258 17.609250 18.009013 17.078416 17.969692 3.276749e+03
736259 17.963138 18.303920 17.727211 17.825515 2.228189e+03
736260 18.113869 18.166296 17.930372 18.159743 1.310700e+03
736263 18.166296 18.166296 17.392985 17.694445 4.456379e+03
736264 17.746873 17.746873 17.039095 17.039095 4.128704e+03
736265 17.170166 17.956585 17.170166 17.248807 1.048560e+03
736266 17.170166 18.074548 17.170166 18.074548 1.441770e+03
736267 18.041780 18.284259 17.694444 18.284259 1.179630e+03
736270 18.349794 18.349794 17.766534 17.858282 2.031584e+03
736271 18.140083 18.546399 17.930372 18.146637 3.735494e+03
736272 18.120422 18.349794 18.120422 18.343241 4.456379e+03
736273 18.277706 18.330134 18.238386 18.330134 2.621399e+02
736274 18.336688 18.513632 18.159743 18.362902 1.245165e+03
736277 18.978930 18.978930 18.120422 18.271152 7.012243e+03
736278 18.690576 18.743004 18.526739 18.526739 3.932099e+02
736279 18.644703 18.841307 18.644703 18.841307 5.242798e+02
736280 19.025188 19.044890 18.841307 19.044890 3.020914e+03
736281 19.044890 19.701610 19.044890 19.307578 2.495537e+03
736284 19.478326 19.478326 18.223990 18.545783 3.349274e+03
736285 18.447275 19.110563 18.388170 19.071160 2.758226e+03
736286 19.373251 19.373251 18.644290 18.847875 1.116425e+03
736287 19.044891 19.044891 18.565485 18.985786 1.182097e+03
736288 18.808471 18.959518 18.585186 18.854441 1.247769e+03
736291 18.683695 18.683695 17.527867 17.672345 4.531371e+03
736292 17.527867 18.427572 17.527867 18.250259 8.931397e+03
736293 18.453842 19.327280 18.453842 18.604888 3.020914e+03
736295 18.716530 19.038323 18.552350 19.038323 1.838817e+03
736298 19.044891 19.570266 19.044891 19.379818 1.720607e+04
736299 20.161316 20.318929 19.511161 20.089076 9.916478e+03
736300 20.279524 21.238337 19.701611 20.732662 1.878220e+04
736301 20.732661 21.671772 20.732661 21.310576 5.779139e+03
736302 21.080722 21.573262 21.021617 21.317142 1.044185e+04
736305 21.047886 21.310576 20.181016 21.231770 1.385680e+04
736306 21.061022 21.501026 21.015051 21.146396 1.044185e+04
736307 21.474756 21.494457 21.061022 21.258037 4.005994e+03
736308 21.093857 21.106991 20.844304 21.008484 1.063887e+04
736309 20.588183 20.824601 20.102210 20.220420 2.534941e+04
736312 20.358331 20.804901 20.292659 20.430571 8.274677e+03
736313 20.798334 21.474757 20.220421 20.253256 5.385107e+03
736314 20.220420 20.568481 19.051457 19.977433 3.808978e+03
736315 20.634154 21.487891 19.406086 19.406086 4.137338e+03
736316 19.695044 19.931463 19.051458 19.051458 4.597043e+03
736319 19.228774 20.515945 19.064593 19.576834 3.349274e+03
736320 19.865792 19.865792 19.353549 19.353549 2.561209e+03
736321 19.379818 19.504595 19.360116 19.360116 4.597042e+03
736322 19.471758 19.504595 19.438922 19.504595 2.298521e+03
736326 19.504595 19.504595 19.353548 19.386385 2.298521e+03
736327 19.438923 19.990569 19.399520 19.701611 6.041827e+03
736328 19.603103 19.734446 18.959517 19.570266 8.011988e+03
736329 19.701610 19.701610 18.847875 19.675341 2.232849e+03
736333 19.392953 19.649073 19.071160 19.504595 1.372546e+04
736334 19.438922 19.504595 19.327280 19.504595 8.537365e+02
736335 19.307579 19.504595 19.307579 19.333848 7.223924e+02
736336 19.491461 19.491461 19.189369 19.373251 6.632876e+03
736337 19.373251 19.373251 19.077726 19.373251 6.238844e+03
736340 19.373251 19.373251 18.900413 19.314146 6.370188e+03
736341 19.307578 19.373250 17.199506 17.317716 2.337924e+04
736342 17.120700 17.678912 15.892633 16.654429 1.477621e+04
736343 16.569054 17.685479 16.483681 17.619807 1.004782e+04
736344 17.370255 17.908765 17.370255 17.632942 5.582123e+03
736348 17.921900 17.921900 17.455627 17.731450 1.411949e+04
736349 17.554136 17.731450 16.720100 17.468762 2.252551e+04
736350 17.475330 17.632942 17.475330 17.495030 4.728387e+03
736351 17.981003 17.981003 17.718316 17.731450 4.071666e+03
736354 17.816823 17.816823 17.646077 17.678912 9.850805e+02
736355 17.698614 17.731450 17.646077 17.692047 6.041827e+03
736356 17.751152 17.751152 17.422792 17.744584 4.137338e+03
736357 17.731450 17.744584 17.692047 17.744584 9.785133e+03
736358 18.388170 18.952950 18.342199 18.414439 1.208365e+04
736361 18.453842 19.701611 18.453842 19.406086 9.916477e+03
736362 19.064593 19.353549 18.066377 18.755933 1.365978e+04
736363 18.716530 19.176235 18.059810 18.132050 5.647795e+03
736364 18.414439 18.414439 18.112347 18.112347 1.182097e+03
736365 18.388170 18.677128 18.388170 18.486678 4.334354e+03
736368 18.723097 18.821605 17.383387 17.383387 1.523591e+04
736369 17.849659 17.849659 17.619807 17.619807 3.020914e+03
736370 17.738370 18.509031 17.376093 18.212623 1.007787e+04
736371 17.540764 18.271904 17.474897 17.639568 5.664686e+03
736372 17.797652 18.133582 16.928189 16.980884 5.928159e+03
736376 16.980884 17.652740 16.842559 17.402441 5.532949e+03
736377 17.646154 18.100646 17.218008 18.100646 3.491027e+03
736378 17.784478 18.015018 17.409028 17.409028 4.610791e+03
736379 17.896454 17.896454 16.796451 16.875494 6.257501e+03
736382 16.875495 17.323399 16.427589 16.961123 4.017975e+03
736383 16.605432 16.763518 16.605432 16.691062 1.712579e+03
736384 16.605432 17.125793 16.605432 16.631780 1.449106e+03
736385 16.677888 17.165314 16.631780 16.737170 7.047923e+03
736386 16.664714 17.125794 16.664714 16.901841 2.371264e+03
736389 17.119207 17.119207 16.631780 16.737170 5.467080e+03
736390 16.737170 17.125794 16.737170 16.994056 2.832343e+03
736391 16.789864 17.066512 16.789864 16.842559 6.520975e+03
736392 16.961123 17.046752 16.868908 16.941362 2.041922e+03
736393 17.125794 17.125794 16.947949 16.947949 2.634738e+03
736396 17.040165 17.270704 17.026991 17.026991 7.574870e+03
736397 17.257531 17.257531 17.026991 17.073099 1.844316e+03
736398 17.106033 18.094059 17.106033 17.600046 6.125765e+03
736399 17.777892 17.949150 17.521005 17.534179 6.257502e+03
736400 17.764718 17.929389 17.521005 17.521005 3.688633e+03
736403 17.632980 18.054538 17.521004 17.560525 4.874264e+03
736404 17.521005 17.916216 17.514418 17.514418 3.688633e+03
736405 17.606634 17.777892 17.514418 17.514418 3.754501e+03
736406 17.488070 17.764717 17.455136 17.514418 4.544922e+03
736407 17.652741 18.047952 17.336573 18.047952 1.060482e+04
736410 17.876694 17.975498 17.494657 17.494657 6.652712e+03
736411 17.521004 18.034777 17.521004 17.916215 4.479054e+03
736412 17.744957 17.955736 17.619807 17.870106 5.137738e+03
736413 17.521004 17.995257 17.521004 17.784478 1.646711e+03
736417 17.784478 17.817411 17.534178 17.705435 8.299423e+03
736418 17.679089 18.001844 17.659327 18.001844 5.994028e+03
736419 17.903041 17.949149 17.784478 17.830586 7.245528e+03
736420 17.784478 17.856934 17.586873 17.586873 3.556896e+03
736421 17.586874 17.751545 17.534179 17.600046 2.305395e+03
736424 17.718609 17.856934 17.619807 17.731783 4.149711e+03
736425 17.725196 18.047952 17.560525 17.810826 1.976053e+03
736426 17.718610 18.047952 17.586873 17.784478 6.323370e+03
736427 17.968910 19.055739 17.521004 17.593459 7.970081e+03
736428 17.646154 18.008430 17.521004 17.718609 1.844316e+03
736431 17.672502 17.909629 17.573699 17.600046 2.568869e+03
736432 17.646154 17.903041 17.646154 17.718609 1.053895e+03
736433 17.731783 17.777891 17.534179 17.758130 1.910185e+03
736434 17.758130 18.285078 17.751544 18.285078 1.106590e+04
736435 18.271904 18.772505 18.271904 18.739571 1.910185e+03
736438 18.528791 18.779092 17.949150 18.779092 5.532949e+03
736439 18.785679 19.009632 18.785679 18.910828 9.221581e+02
736440 18.838373 19.068913 18.469510 18.970109 4.479054e+03
736441 18.930589 20.070113 18.871308 19.846160 2.964080e+03
736442 19.793465 19.826400 18.621008 19.279692 1.910185e+03
736445 19.832988 19.832988 19.180890 19.332387 3.161685e+03
736446 19.101847 19.760531 19.101847 19.576099 2.437132e+03
736447 19.497058 19.747358 19.437776 19.437776 9.221581e+02
736448 19.602447 19.635380 19.220410 19.233584 2.173658e+03
736449 19.035978 20.287478 19.035978 20.287478 5.928159e+02
736452 20.201850 20.412629 19.003044 19.477297 1.073656e+04
736453 19.655141 20.419215 19.431189 20.327000 5.598817e+03
736454 20.254544 21.071313 20.254544 20.498258 2.568869e+03
736455 21.012032 21.295267 20.438977 21.282093 1.001200e+04
736456 21.374309 22.362336 21.097660 22.270120 3.425159e+03
736459 22.270119 22.889282 21.756344 22.830000 4.413185e+03
736460 22.889282 23.521618 22.737785 23.053953 1.165871e+04
736461 22.770719 23.053953 22.724611 23.034193 4.610791e+03
736462 23.053953 23.165928 22.349161 22.935390 6.520975e+03
736463 22.915630 22.915630 21.604846 22.138382 3.095816e+03
736466 21.703651 22.322813 21.703651 22.263531 5.928159e+03
736467 21.986227 22.507823 21.986227 22.395580 3.367260e+03
736468 22.402184 22.494619 22.006037 22.098471 3.103161e+03
736469 22.072060 22.362568 21.392007 21.392007 9.045385e+03
736470 21.873987 21.873987 21.385403 21.563670 2.442914e+03
736473 21.675913 21.814565 20.731759 21.497646 1.399724e+04
736474 21.418415 22.118278 21.418415 21.728732 3.499310e+03
736475 22.118277 22.118277 21.180728 21.405209 3.433285e+03
736476 21.603285 22.355967 21.411813 22.019239 3.367260e+03
736477 22.118277 22.388978 21.854177 22.243723 6.470421e+03
736481 22.184301 22.296544 21.821166 21.959817 3.103161e+03
736482 22.091866 22.118277 21.570271 22.105072 5.017878e+03
736483 21.926805 22.217315 21.576874 22.118277 6.008248e+03
736484 22.124878 22.250327 21.893793 22.243723 2.310865e+03
736487 22.263532 23.055827 22.058855 23.055827 7.064644e+03
736488 23.009609 26.079760 22.950187 25.617586 2.779640e+04
736489 25.241247 25.710021 25.195029 25.373296 8.781286e+03
736490 25.320475 25.320475 23.755690 23.788702 1.148830e+04
736491 24.085813 25.062978 23.768895 24.250875 4.093532e+03
736494 24.217863 24.330103 23.438771 23.603833 6.074273e+03
736495 23.663256 24.198057 23.438772 24.198057 3.631359e+03
736496 24.191453 24.323503 23.867934 24.184852 5.083903e+03
736497 24.191453 24.323503 23.933957 24.026391 8.649237e+03
736498 24.231069 24.244274 23.484989 23.544411 6.272347e+03
736501 23.610434 24.237670 22.237122 23.075636 6.536446e+03
736502 23.108648 23.247299 22.322955 22.844548 8.121039e+03
736503 23.293517 23.372749 22.745513 23.174672 1.584593e+04
736504 23.418964 24.290490 22.752113 22.765319 1.795872e+04
736505 21.979626 23.359543 21.979626 22.501222 1.957633e+05
736508 22.395580 22.448401 22.065456 22.072060 1.406326e+04
736509 22.131483 23.339734 22.058856 22.177700 1.129023e+04
736510 22.540835 22.580451 22.144688 22.448401 9.441533e+03
736511 23.069033 23.676462 21.920204 22.098471 2.013754e+04
736512 21.458030 22.461606 21.458030 22.303146 6.668496e+03
736516 22.316351 22.844548 22.118278 22.488017 1.247867e+04
736517 22.415390 23.069033 21.807961 22.917176 6.536446e+03
736518 22.732308 23.042625 22.448401 22.785126 5.942224e+03
736519 22.646474 23.339733 22.527630 23.108648 9.177434e+03
736522 23.768895 23.768895 22.402184 22.844548 6.404397e+03
736523 22.771923 22.778524 22.441799 22.771923 7.592841e+03
736524 23.082237 23.273710 22.606861 22.639873 1.010178e+04
736525 23.108648 23.108648 22.461606 22.884164 5.546076e+03
736526 22.943586 22.943586 22.316351 22.428594 5.414026e+03
736529 22.250327 22.613462 22.184300 22.606861 4.555705e+03
736530 22.514425 23.260505 22.514425 23.135059 7.196693e+03
736531 22.778524 23.313325 22.567245 23.115249 5.810174e+03
736532 23.108648 23.108648 22.402184 22.877563 5.876199e+03
736533 22.877562 22.917175 22.527629 22.765319 3.565334e+03
736536 22.831345 22.877562 22.824741 22.857753 1.584593e+03
736537 22.461605 22.844547 22.461605 22.606861 6.800545e+03
736538 22.798331 22.851152 22.547439 22.844548 2.442914e+03
736539 22.844548 22.844548 22.646475 22.778525 3.235211e+03
736540 22.653078 22.943586 22.653078 22.910574 7.658866e+03
736543 22.884163 23.108647 22.884163 23.069032 5.017878e+03
736544 23.108648 23.108648 23.036020 23.062431 4.291606e+03
736545 23.069033 23.267109 23.029419 23.141660 7.328743e+03
736546 23.108648 23.108648 22.963393 23.108648 2.046766e+03
736547 23.445373 23.907546 23.372748 23.768895 2.707013e+03
736550 23.729279 24.330104 23.729279 24.257479 7.460792e+03
736551 24.283887 26.026939 24.204658 25.650598 2.013754e+04
736552 25.617586 25.617586 24.739459 25.379897 5.942224e+03
736553 25.261052 26.059953 24.547986 25.036568 7.460792e+03
736554 25.228041 25.228041 24.554589 24.924328 4.489680e+03
736557 25.089389 25.208234 24.765867 25.023366 1.036588e+04
736558 25.036597 25.036597 24.778557 24.778557 4.168355e+03
736559 24.712391 24.712391 24.494050 24.639613 2.448082e+03
736560 24.460969 24.705776 24.460969 24.639613 1.124794e+03
736561 24.639613 24.639613 23.488352 23.693462 6.947259e+03
736564 23.713310 23.805940 23.528050 23.700077 4.234520e+03
736565 23.772859 23.812558 22.806859 23.058282 9.858491e+03
736566 22.879641 23.819173 22.826708 23.078133 3.175890e+03
736567 23.316326 23.316326 23.170763 23.170763 3.969862e+02
736568 23.170762 23.170762 22.899489 22.925955 2.315753e+03
736571 22.965652 22.972270 22.555434 22.806859 4.499177e+03
736572 22.436339 22.787009 22.330476 22.634831 2.911232e+03
736573 22.495886 22.727460 22.495886 22.495886 4.168355e+03
736574 22.608364 22.608364 22.224612 22.462804 3.242054e+03
736575 22.310626 22.595133 22.310626 22.462804 3.572876e+03
736579 22.542201 23.475119 22.542201 23.137681 1.224041e+04
736580 23.693461 24.811638 23.157529 24.771939 8.005889e+03
736581 24.474202 24.811639 24.295558 24.474202 8.072053e+03
736582 24.183077 24.619762 24.149995 24.368339 5.491643e+03
736585 24.322021 24.454351 23.905188 24.441118 1.349753e+04
736586 24.355105 24.480817 23.819173 24.249243 7.145752e+03
736587 24.302174 24.480817 24.169844 24.242625 8.799861e+03
736588 24.149996 24.480818 24.149996 24.355106 1.349753e+04
736589 24.368339 24.480817 23.878721 23.925036 4.717520e+04
736592 23.918422 24.050748 23.356023 23.547900 4.829999e+03
736593 23.647148 23.647148 22.112132 22.363557 1.091712e+04
736594 22.356942 22.449571 21.847475 22.019502 8.535204e+03
736595 22.138597 23.157529 22.138597 23.091366 1.263739e+04
736596 23.131063 23.541284 22.846556 23.117830 4.829999e+03
736599 22.859789 23.415570 22.859789 23.243544 2.448082e+03
736600 23.183996 23.488352 23.183996 23.362640 5.094657e+03
736601 23.309708 23.408955 23.256777 23.296474 3.506712e+03
736602 23.236925 23.362639 23.011967 23.144296 5.690136e+03
736603 23.283241 23.488352 23.197229 23.468503 2.977397e+03
736606 23.157529 23.442036 22.906104 23.190611 1.852602e+03
736607 23.144297 23.144297 22.614982 22.614982 1.257123e+03
736608 22.628215 22.641448 22.495886 22.555434 9.329176e+03
736609 22.310627 22.317242 22.032735 22.184913 4.300684e+03
736610 22.224612 22.224612 21.205680 21.629132 2.560561e+04
736613 21.973187 21.973187 21.225532 21.900406 4.565342e+03
736614 22.079050 22.079050 21.596050 21.596050 8.601368e+02
736615 21.344625 22.045969 21.344625 21.860709 2.117260e+03
736616 21.576201 21.576201 21.324776 21.384324 2.381917e+03
736617 21.443872 21.443872 21.443872 21.443872 3.969862e+02
736620 21.278461 21.278461 21.278461 21.278461 4.631506e+02
736621 21.271846 21.298310 21.020420 21.298310 5.888629e+03
736622 21.205680 21.271847 21.060120 21.238762 1.852602e+03
736623 21.172598 21.338009 21.013804 21.146132 1.720274e+03
736624 21.245380 21.728379 21.027037 21.728379 3.969862e+03
736627 21.503420 21.582817 21.338009 21.582817 1.720274e+03
736628 21.609283 21.609283 20.907941 21.013804 2.514246e+03
736629 21.384324 21.384324 20.431557 20.749147 1.654109e+03
736630 20.709446 20.729296 20.510954 20.636667 7.873560e+03
736631 20.530805 20.682982 18.876696 19.326612 1.230657e+04
736634 19.260449 19.439092 18.896544 19.108270 1.184342e+04
736635 19.108269 19.108269 16.104408 17.262284 4.677821e+04
736636 16.997627 18.526024 16.997627 17.738667 5.359314e+03
736637 17.301983 17.493861 17.268901 17.480627 3.374383e+03
736638 17.182887 17.354915 16.587408 17.268901 1.005698e+04
736641 17.335065 17.857763 17.335065 17.857763 2.514246e+03
736642 17.335066 17.851148 17.335066 17.732051 6.881095e+03
736643 17.652654 18.512791 17.546791 18.512791 8.270546e+03
736644 18.532712 19.807624 18.532712 19.807624 3.917700e+03
736645 19.435774 21.613749 19.435774 21.540707 8.698621e+03
736648 20.850130 21.872715 20.850130 21.268460 3.386486e+03
736649 21.215340 21.414544 20.312276 21.228619 2.058452e+03
736650 21.295021 21.394625 18.213983 21.354783 3.054478e+03
736651 21.354783 21.680153 20.557962 21.480945 5.444938e+03
736652 21.680152 22.523451 21.029414 22.078561 6.507365e+03
736655 21.885997 22.098482 21.381345 21.812954 1.925649e+03
736656 21.866076 22.862101 21.866076 22.709378 4.050503e+03
736657 22.689456 23.539399 22.676178 23.326914 5.179332e+03
736659 23.167548 23.791726 23.167548 23.791726 4.050503e+03
736662 23.858126 24.037412 21.919196 22.284407 1.812766e+04
736663 22.516812 22.550012 22.483612 22.483612 5.976152e+02
736664 22.569935 22.901943 21.965680 22.569935 6.706570e+03
736665 22.523451 22.961705 22.244565 22.344169 2.921674e+03
736666 22.038720 22.377370 21.686792 21.978958 3.120879e+03
736669 22.191443 22.191443 21.228619 21.248540 7.702596e+03
736670 21.607110 21.779753 21.215340 21.494226 4.382511e+03
736671 21.500867 21.872715 20.850130 21.680152 4.847323e+03
736672 21.879356 22.204723 21.640310 21.680152 4.581716e+03
736673 21.421183 22.045361 20.803649 21.607110 4.249708e+03
736676 21.281740 21.600468 20.365397 20.996214 5.444938e+03
736677 21.042696 21.281741 20.923172 21.221979 2.788871e+03
736678 20.445081 21.168858 20.445081 20.597804 1.195230e+03
736679 20.856771 21.301663 20.345477 20.783728 2.257657e+03
736680 20.943093 21.255179 20.166193 20.943093 1.049147e+04
736683 20.909891 20.943093 20.571243 20.943093 1.401076e+04
736684 20.790368 21.401264 20.743888 21.175498 6.905776e+03
736685 20.810290 21.248541 20.810290 21.009494 4.581717e+03
736686 20.737247 21.248540 20.737247 21.129017 4.116905e+03
736687 21.129017 21.520787 20.783728 21.235260 4.316110e+03
736691 20.916531 21.434464 20.591163 20.883331 4.183306e+03
736692 20.889970 21.135657 20.889970 20.996214 1.660042e+03
736693 21.381344 21.407906 20.889970 21.082536 2.324059e+03
736694 21.261821 21.261821 20.949732 21.082536 3.519289e+03
736698 21.514148 21.514148 21.115736 21.195419 7.304186e+02
736699 21.248540 21.348144 21.155579 21.235260 6.507365e+03
736700 21.235260 21.248540 21.082536 21.195419 4.116905e+03
736701 21.162219 21.162219 21.062615 21.142298 1.128829e+03
736704 20.763808 20.943093 20.757168 20.850130 2.324059e+03
736705 20.816929 20.916531 20.511480 20.631004 4.980126e+03
736706 20.684126 20.684126 20.478281 20.478281 7.968203e+02
736707 20.770449 20.870051 20.318917 20.571243 1.660042e+03
736708 20.743888 20.743888 19.927147 20.199394 6.839374e+03
736712 20.259155 20.664206 20.086511 20.252515 4.980127e+03
736713 20.325557 20.325557 19.601778 19.834185 5.511340e+03
736714 19.880666 19.920507 19.721302 19.827545 1.195230e+03
736715 19.734581 19.913866 18.944402 19.183447 1.022586e+04
736718 19.528737 19.528737 18.977603 19.150247 3.054478e+03
736719 19.329533 19.329533 19.117047 19.256490 4.515315e+03
736720 19.263130 19.787703 19.156888 19.787703 4.648118e+03
736721 19.110407 19.920506 19.110407 19.588498 7.968203e+02
736722 20.584523 20.584523 18.592472 18.858079 2.895114e+04
736725 18.599112 18.937761 18.393268 18.698715 5.179332e+03
736726 18.698716 18.698716 18.293665 18.466309 4.847323e+03
736727 18.592473 18.592473 18.194063 18.247184 1.593641e+03
736728 18.360067 18.360067 18.074539 18.207343 2.788871e+03
736729 18.466308 19.057285 18.074538 18.672155 1.454197e+04
736732 18.499511 19.528736 18.499511 19.170168 5.776947e+03
736733 19.256490 19.289690 18.506151 18.878000 4.714520e+03
736734 18.539999 18.813332 18.226666 18.419999 2.666667e+03
736735 18.226666 18.313332 17.326666 17.466667 1.180000e+04
736736 17.693334 18.120000 17.166667 17.860001 2.400000e+04
736739 17.860001 18.046667 17.700000 17.946667 3.266667e+03
736740 17.886666 18.553333 17.886666 18.460000 5.333333e+03
736741 18.453334 19.000000 18.366666 18.666667 3.200000e+03
736742 18.833333 18.846667 18.553333 18.693334 3.600000e+03
736743 18.846666 18.939999 18.339999 18.520000 3.533333e+03
736747 18.593333 18.593333 18.206666 18.206666 2.533333e+03
736748 18.120000 18.266667 18.066667 18.080001 1.466667e+03
736749 18.486667 18.486667 18.066667 18.073334 3.733333e+03
736750 18.066666 18.160000 17.593332 17.833333 2.733333e+03
736753 18.233334 18.233334 17.766667 18.066667 2.066667e+03
736754 17.940000 18.000000 17.746667 17.793334 4.866667e+03
736755 17.773333 18.613333 17.773333 18.613333 3.266667e+03
736756 18.853334 18.853334 17.866666 17.866666 2.000000e+03
736757 17.666667 18.166667 17.666667 17.953334 2.933333e+03
736760 17.720000 17.726667 17.473333 17.506667 5.800000e+03
736761 17.760000 18.490000 17.600000 18.030001 2.300000e+04
736762 18.180000 18.180000 17.370001 17.370001 8.300000e+03
736763 17.360001 17.360001 17.000000 17.070000 6.200000e+03
736764 17.129999 17.200001 16.370001 16.549999 3.070000e+04
