736034 46.645427 46.898827 46.460246 46.733143 2.881958e+05
736035 46.820860 47.259441 46.820860 47.220455 2.804963e+05
736036 47.259570 47.464918 46.799979 47.044442 1.836405e+05
736039 47.328021 47.768051 47.200899 47.318240 2.218745e+05
736040 47.083557 47.181341 46.839095 47.093334 2.371290e+05
736041 46.927102 47.406248 46.653301 47.073777 2.454408e+05
736042 47.005327 47.367131 46.907543 47.249790 1.973305e+05
736043 47.455139 47.494254 46.809757 46.946655 4.986065e+05
736046 46.907544 47.240013 46.692415 47.122669 2.438762e+05
736047 47.161783 47.572483 46.858647 47.249790 3.318828e+05
736048 47.367133 47.904954 46.663081 46.711973 4.461937e+05
736049 46.467509 47.005327 46.252381 46.731530 3.910429e+05
736050 46.760865 47.621376 46.760865 47.552926 2.534591e+05
736053 47.748497 48.256976 47.748497 47.836500 4.224319e+05
736054 47.689824 48.208085 47.621375 47.914730 2.944311e+05
736055 47.836500 47.865839 47.093335 47.640933 4.443358e+05
736056 47.816946 48.374320 47.200897 47.650709 6.251405e+05
736060 47.973402 48.961031 47.885395 48.530777 1.684349e+06
736061 48.589447 49.000146 48.540554 48.560112 3.539823e+05
736062 48.569888 49.254386 48.501439 49.205494 3.862514e+05
736063 49.146820 49.430398 48.716568 49.293500 2.194299e+05
736064 49.019703 49.772650 49.000146 49.586855 1.592920e+05
736067 49.665086 50.036667 49.665086 49.968217 2.646067e+05
736068 49.762868 50.017112 49.459737 49.987774 4.100132e+05
736069 50.036666 50.202902 49.479290 49.665085 3.606317e+05
736070 49.577078 50.046446 49.498848 49.870433 3.106635e+05
736071 49.684642 49.938883 49.156601 49.909548 3.212243e+05
736074 50.105119 50.418030 49.958439 50.222460 2.055444e+05
736075 50.476700 50.691828 50.017113 50.574487 2.384980e+05
736076 50.623380 50.897177 50.290910 50.858062 1.592920e+05
736077 50.818950 50.955849 50.584265 50.760278 2.069134e+05
736078 50.789612 50.858061 50.535372 50.789612 1.453088e+05
736081 50.838508 51.092748 49.694420 50.095339 1.791424e+05
736082 49.997554 50.095339 49.313057 50.066004 2.278394e+05
736083 49.929105 50.134453 49.313057 49.498848 1.517626e+05
736084 49.234827 49.655304 48.726348 48.833909 3.244512e+05
736085 48.951253 49.528187 48.530777 48.716568 4.719112e+05
736088 48.697010 49.479291 48.667676 49.205494 7.637021e+05
736089 54.065417 54.065417 48.315648 48.726348 9.183005e+05
736090 48.785016 49.567297 48.530777 49.127267 5.783992e+05
736091 49.146821 49.586855 48.990365 49.185936 3.064587e+05
736092 49.498849 49.889991 49.234828 49.401065 3.083166e+05
736095 49.332616 50.066005 49.332616 49.801984 3.191708e+05
736096 49.616193 49.704200 49.000146 49.342392 2.439740e+05
736097 49.449957 49.596636 49.039261 49.391284 1.279030e+05
736098 49.665086 50.281130 49.283725 50.251795 1.768934e+05
736099 50.320244 50.750502 50.075781 50.682052 3.288515e+05
736102 50.584265 50.965626 50.418031 50.701605 2.232435e+05
736103 50.789613 50.975406 50.506039 50.965626 2.119004e+05
736104 50.975406 51.014518 50.496257 51.004741 2.040776e+05
736105 50.916734 51.014517 50.515815 50.818950 2.549259e+05
736106 50.701605 50.936292 50.496257 50.525592 8.605094e+04
736110 50.408250 50.594045 49.743311 49.870433 1.592920e+05
736111 49.850876 50.701605 49.850876 50.623379 2.179631e+05
736112 50.603821 50.721162 50.085561 50.506038 1.425708e+05
736113 50.408251 50.623379 50.056224 50.418031 3.190730e+05
736116 50.486480 50.848284 50.281128 50.506038 2.284261e+05
736117 50.310467 50.466924 50.124673 50.418031 1.931257e+05
736118 50.525592 50.975407 50.261576 50.906957 2.836748e+05
736119 50.848284 51.210089 50.760278 51.200312 2.847504e+05
736120 51.082971 51.190531 50.496257 51.131863 2.487655e+05
736123 50.965626 51.229646 50.691829 50.691829 1.296631e+05
736124 50.613598 50.613598 50.124672 50.232237 1.488290e+05
736125 50.447366 51.327434 49.968216 51.249204 2.474942e+05
736126 51.259010 51.847520 51.180544 51.759243 2.509985e+05
736127 51.563073 51.808285 51.209968 51.474797 2.723809e+05
736130 51.180544 51.553267 50.680311 51.514032 2.687518e+05
736131 51.514031 51.788667 51.023608 51.376714 3.156362e+05
736132 54.809674 56.840025 53.946529 54.633122 2.130986e+06
736133 54.682164 55.515881 54.505612 54.917569 1.436743e+06
736134 55.025458 55.770904 54.760633 55.545309 8.668717e+05
736137 55.908221 56.114198 55.133352 55.260863 3.942020e+05
736138 55.290287 55.692434 55.005845 55.496268 4.604091e+05
736139 55.388374 55.702245 54.848906 54.858716 5.040568e+05
736140 54.897951 55.064693 54.417335 54.623312 5.026836e+05
736141 54.790058 54.996035 54.368293 54.878334 1.082069e+06
736144 54.642929 55.035269 53.956336 54.024999 3.710540e+05
736145 54.466376 54.642929 53.220701 53.289364 6.564802e+05
736146 53.642466 53.887677 52.936259 53.240319 6.370595e+05
736147 53.534576 53.740553 52.965683 53.171660 3.570279e+05
736151 52.867601 53.573807 52.759707 53.210895 5.355419e+05
736152 53.289364 53.318789 51.945603 53.171660 3.603628e+05
736153 52.857789 53.161853 52.220242 52.426219 6.281338e+05
736154 52.857789 52.995108 52.318325 52.357560 2.444268e+05
736155 52.847983 53.171660 52.455644 53.083384 4.496198e+05
736158 53.377637 53.456106 52.622389 52.975490 7.504453e+05
736159 52.946066 54.162316 52.946066 54.074040 3.908671e+05
736160 54.152506 54.230976 53.858254 53.995571 2.817971e+05
736161 54.280017 54.613505 54.123082 54.397718 4.684520e+05
736162 54.436952 54.682164 54.152506 54.368293 3.160286e+05
736165 54.397717 55.045075 54.162316 54.868523 2.589433e+05
736166 54.819482 55.290288 54.436953 54.691971 3.767429e+05
736167 54.623312 55.015652 54.525229 54.897951 1.741982e+05
736168 54.946992 55.182393 54.329058 54.446759 1.619377e+05
736169 54.329059 54.633123 54.044612 54.250593 2.190229e+05
736172 53.985764 54.230976 53.495342 53.505148 3.632073e+05
736173 53.662083 53.769977 53.083384 53.485531 5.916463e+05
736174 53.495341 54.132889 53.397255 54.064230 2.253984e+05
736175 53.868059 54.446758 53.358023 54.309441 2.549219e+05
736176 54.515421 55.241245 54.378100 54.956799 2.538429e+05
736179 54.937182 55.074504 53.887678 54.191741 3.537911e+05
736180 54.181935 55.211822 54.054424 54.162317 1.765523e+05
736181 54.407528 55.202011 54.407528 54.809675 2.707135e+05
736182 54.790058 55.133352 53.112812 53.514958 4.954253e+05
736183 53.514958 54.093658 50.631269 51.896561 8.277359e+05
736186 52.151579 53.622848 52.112348 53.387447 5.405442e+05
736187 53.063766 53.603235 52.642002 52.877407 3.345666e+05
736188 52.583154 53.083383 51.935795 53.034342 3.002370e+05
736189 52.906831 53.622848 52.740089 53.495341 3.659536e+05
736190 53.112812 53.819018 52.661620 53.426682 4.113668e+05
736193 53.112813 53.514959 52.720472 53.308978 4.680597e+05
736194 53.044153 53.691512 52.995108 53.014725 2.777756e+05
736195 52.651812 52.916642 52.249666 52.386984 2.767947e+05
736196 51.925986 52.220243 51.455180 51.455180 3.955752e+05
736197 51.141309 52.043689 50.994185 51.121692 4.797318e+05
736200 49.032493 50.601845 48.355706 50.013339 8.649100e+05
736201 50.896098 51.612115 50.062380 50.435099 6.638366e+05
736202 51.317862 51.945603 50.346827 51.827902 7.565265e+05
736203 52.151580 52.808748 51.759243 52.269284 4.365746e+05
736204 52.073113 52.396791 51.818095 52.279090 2.407977e+05
736207 52.122155 52.543920 51.690585 51.827902 3.214232e+05
736208 50.866673 51.259009 49.581763 49.640616 5.509412e+05
736209 50.062381 50.278164 49.287511 49.836786 5.066070e+05
736210 49.925062 50.513568 49.797550 50.023145 3.120071e+05
736211 49.571957 49.983910 49.160000 49.591574 3.428057e+05
736215 50.219316 50.562610 49.836786 50.474334 2.026428e+05
736216 51.602308 52.288901 51.121692 51.317862 6.151866e+05
736217 51.239397 52.308519 51.003992 52.004455 4.387324e+05
736218 51.808285 52.995108 51.739626 52.406601 4.281393e+05
736221 52.564008 52.564008 51.668757 51.914705 3.177648e+05
736222 52.003247 52.544332 51.895029 52.406601 2.506702e+05
736223 52.337736 53.272340 52.062272 53.134605 3.825967e+05
736224 53.144444 55.289112 53.144444 54.748027 6.123121e+05
736225 54.344672 56.509011 53.774071 56.430310 9.347992e+05
736228 56.617229 57.778105 56.459822 56.853341 1.107356e+06
736229 56.410634 56.764800 55.279272 55.859709 4.420177e+05
736230 55.918738 56.922207 55.781008 56.292580 4.976020e+05
736231 55.830197 57.237019 55.741655 56.420470 5.416759e+05
736232 56.912366 57.020585 53.656018 54.128237 7.330234e+05
736235 54.167590 54.167590 51.235890 51.668757 8.809858e+05
736236 51.737622 52.721414 50.596424 50.921073 6.975085e+05
736237 51.275238 51.599891 50.537394 51.147348 7.416808e+05
736238 51.147348 51.599892 50.448853 51.550703 5.445289e+05
736239 51.088319 52.436113 50.970265 52.436113 3.359650e+05
736242 52.839467 53.341203 52.416437 52.623036 3.588873e+05
736243 52.544331 52.878821 51.098156 51.845840 3.161908e+05
736244 51.983570 52.455791 51.678594 52.278707 2.709363e+05
736245 52.170489 52.278706 51.107996 51.816323 3.988293e+05
736246 51.816323 52.426277 51.540862 52.367248 3.338006e+05
736249 52.081947 53.085415 51.599891 52.878820 3.006468e+05
736250 52.554167 52.947685 51.806487 51.885192 2.981874e+05
736251 51.993406 52.367249 51.314591 51.462161 2.378809e+05
736252 51.540862 52.249194 51.216213 52.190165 2.515556e+05
736253 52.170489 52.613196 51.865515 52.288547 2.368971e+05
736256 52.180329 52.416437 51.334267 51.570375 5.741410e+05
736257 51.491673 51.570375 50.999777 51.275238 2.948425e+05
736258 51.540862 51.845839 50.566911 51.521186 2.690671e+05
736259 51.757299 51.757299 49.868417 49.937281 4.021742e+05
736260 50.320963 51.107995 49.897931 50.891560 6.432032e+05
736263 50.862047 51.412968 50.645612 50.773506 4.748764e+05
736264 50.714477 50.960425 50.291446 50.960425 4.592341e+05
736265 51.137508 51.796651 50.852208 51.442485 7.037064e+05
736266 51.304755 51.993406 51.245726 51.816323 4.797954e+05
736267 51.776973 52.337735 51.629404 51.835999 4.742861e+05
736270 51.934381 52.229517 51.668756 52.013082 6.194938e+05
736271 51.934381 52.298383 51.540862 51.944217 3.979439e+05
736272 52.032758 52.495142 51.590052 51.816323 6.355296e+05
736273 52.534495 54.364344 52.249194 53.410069 6.111316e+05
736274 53.203474 53.203474 51.698269 52.780443 4.960279e+05
736277 52.632872 52.928009 51.914704 52.504978 3.444256e+05
736278 52.475466 53.223146 52.465630 53.223146 4.457562e+05
736279 53.252663 53.252663 52.367249 52.485302 2.857916e+05
736280 52.200005 52.200005 50.261934 50.379988 3.998131e+05
736281 50.232421 50.547235 49.779874 50.124204 4.277528e+05
736284 50.114364 50.911237 50.075015 50.871884 3.439337e+05
736285 50.842371 51.511350 50.557070 50.714477 3.119604e+05
736286 50.842372 51.019455 50.478370 50.684965 3.068447e+05
736287 50.675124 50.704641 49.789714 49.838903 2.867754e+05
736288 49.956957 50.311122 49.819226 50.104527 2.761504e+05
736291 50.006150 50.507882 49.809391 50.498046 3.173713e+05
736292 50.153717 50.586583 49.632308 50.379988 3.040901e+05
736293 50.379988 50.606260 50.261934 50.448853 1.924297e+05
736295 50.478369 50.852208 50.232421 50.763666 1.097912e+05
736298 50.812859 50.940749 50.075015 50.084851 3.424580e+05
736299 50.153717 50.547235 49.907769 50.311123 5.513170e+05
736300 50.350475 50.566911 49.750362 49.858579 4.003050e+05
736301 49.937280 50.094687 47.959860 48.481269 4.425096e+05
736302 48.451757 48.943653 47.969697 48.176296 5.835854e+05
736305 48.195972 48.815758 47.408935 47.713912 6.313977e+05
736306 47.477800 48.284513 47.418775 47.841806 3.877124e+05
736307 47.615535 48.028725 47.005581 47.094122 4.944539e+05
736308 47.054774 47.438452 46.887527 47.261369 2.905138e+05
736309 46.787574 47.063954 46.412481 46.530930 2.964200e+05
736312 46.521060 46.896148 45.988036 46.106485 5.975780e+05
736313 46.392739 46.609898 45.711655 46.550672 5.728023e+05
736314 47.290981 48.712374 47.290981 48.514962 1.302254e+06
736315 48.534700 48.870307 47.952327 48.090517 1.010079e+06
736316 48.129997 48.426124 47.833875 48.051033 1.058939e+06
736319 48.297803 48.396510 47.419303 47.675942 5.424002e+05
736320 47.833875 47.843748 47.379820 47.596978 8.087143e+05
736321 47.626589 48.159613 47.488399 48.051033 4.552411e+05
736322 48.021423 48.238577 47.754910 47.922712 1.478645e+05
736326 47.468655 48.435993 47.439044 48.357029 4.006556e+05
736327 48.574185 49.087467 48.505089 48.623538 3.893042e+05
736328 48.663021 48.929533 48.317545 48.366898 3.044153e+05
736329 48.129998 48.495220 47.439045 47.439045 3.925615e+05
736333 46.994859 47.133050 46.224938 46.530930 8.442492e+05
736334 46.530929 47.221886 46.461835 46.876410 5.307527e+05
736335 46.284159 46.856667 46.185453 46.629640 1.616836e+06
736336 45.849847 46.432224 45.543850 45.978168 6.964833e+05
736337 46.106485 46.185454 45.385918 45.731398 8.111820e+05
736340 45.918942 46.106486 44.615998 45.089795 5.166374e+05
736341 45.899199 47.981938 45.435271 47.784521 1.158239e+06
736342 48.051033 49.235529 47.458787 47.567363 1.204138e+06
736343 47.656200 47.705557 46.836926 47.429172 7.598538e+05
736344 46.511188 47.863490 46.422350 47.745037 7.278725e+05
736348 48.149740 48.337287 46.570414 47.320593 6.361728e+05
736349 46.866538 46.935633 45.237859 46.481577 9.902382e+05
736350 47.340334 47.952326 46.787572 47.281112 8.554031e+05
736351 47.725294 48.337287 47.350207 47.981938 6.988523e+05
736354 47.715426 47.972065 47.182402 47.300851 3.843688e+05
736355 47.369950 47.873359 47.123181 47.873359 6.322245e+05
736356 47.863490 48.653153 47.596978 47.922712 5.782312e+05
736357 48.129996 48.366898 46.925762 47.281112 5.684591e+05
736358 47.379819 48.258319 47.379819 48.248450 8.217437e+05
736361 49.521780 49.965967 48.189225 48.663022 8.862000e+05
736362 48.278062 48.870307 47.735169 48.643280 6.962859e+05
736363 48.850569 49.136819 47.083696 47.656200 6.213666e+05
736364 47.596977 47.853617 47.133049 47.508140 5.357868e+05
736365 47.290983 47.547621 45.129279 45.336565 4.443832e+05
736368 44.852894 44.852894 42.888607 43.332794 8.023970e+05
736369 43.164989 44.339612 42.997186 43.599302 5.483227e+05
736370 43.855945 44.852895 43.855945 44.260648 4.729098e+05
736371 43.668402 43.934909 42.701060 42.730675 3.955228e+05
736372 43.500597 44.191553 42.434553 43.698013 6.161351e+05
736376 44.211294 44.823283 44.211294 44.615997 4.036168e+05
736377 44.882508 45.642560 44.882508 44.981215 4.264184e+05
736378 44.971346 45.188501 44.606124 44.675219 4.853470e+05
736379 44.615998 45.218116 44.023747 45.079922 3.871326e+05
736382 45.336565 46.185454 45.178632 45.425402 3.578163e+05
736383 45.158890 45.514240 44.991088 45.010826 3.112262e+05
736384 44.655481 45.267470 44.418580 45.158890 3.046128e+05
736385 45.267469 46.165710 45.218115 46.126227 4.008530e+05
736386 46.294033 46.797442 45.691914 45.968295 4.417181e+05
736389 45.928811 46.076874 45.435272 45.751136 4.627429e+05
736390 45.938684 46.511188 45.691914 46.511188 4.293796e+05
736391 46.363128 46.501319 45.849846 46.392739 4.813000e+05
736392 46.412481 46.856668 45.948553 46.856668 3.791373e+05
736393 46.955374 47.399560 46.678993 47.073823 3.721290e+05
736396 46.866537 47.251497 46.412480 46.965247 4.903811e+05
736397 46.600025 46.787573 46.067001 46.116358 4.075652e+05
736398 46.244675 46.333513 45.859715 46.145969 2.759874e+05
736399 46.373826 46.601683 45.888390 46.245036 3.316803e+05
736400 46.552149 47.146557 46.304479 47.067300 2.543081e+05
736403 46.888981 47.523017 46.710659 47.344694 3.069133e+05
736404 47.017767 47.186185 46.334198 46.373826 2.917559e+05
736405 46.274756 46.502613 45.848762 46.205408 3.154332e+05
736406 46.195503 46.274756 45.056218 45.868576 2.962139e+05
736407 45.759601 47.057395 45.700162 46.581868 4.749330e+05
736410 46.423360 47.592365 46.126155 47.572550 5.114891e+05
736411 47.275346 48.285843 47.275346 48.157053 5.295195e+05
736412 48.166959 48.820809 47.790502 48.147144 5.744965e+05
736413 47.790501 48.117424 47.473479 48.028263 5.414077e+05
736417 48.196681 48.355189 47.721150 48.196681 5.779639e+05
736418 48.137239 49.900651 47.919287 49.761957 5.926260e+05
736419 50.019536 50.633758 49.861027 50.069069 6.689085e+05
736420 50.009628 50.366273 49.662890 49.831304 4.430330e+05
736421 49.652981 50.960681 49.643076 50.871519 3.831958e+05
736424 51.020123 51.416398 50.693196 51.267794 6.193744e+05
736425 50.792266 50.980494 50.604038 50.673386 1.040216e+06
736426 50.663476 52.119781 50.653571 52.000900 6.885240e+05
736427 51.743321 52.109871 51.564997 51.802763 4.858305e+05
736428 52.258476 52.367452 51.743322 52.060339 4.269839e+05
736431 52.169314 52.734003 51.832482 51.911739 4.000374e+05
736432 52.090062 52.446704 51.981086 52.357542 3.766573e+05
736433 52.704283 52.981673 52.288195 52.951954 2.587661e+05
736434 52.951954 53.189716 52.575494 53.031207 2.688711e+05
736435 53.011392 53.239253 52.674560 53.229344 2.513360e+05
736438 53.189717 53.833661 53.189717 53.714780 3.087956e+05
736439 53.724685 53.922822 52.971768 53.070835 3.245474e+05
736440 53.189716 53.972356 52.902422 53.704871 3.190987e+05
736441 53.754404 54.041703 53.358134 53.546362 2.601531e+05
736442 53.447294 53.813846 53.001486 53.358133 4.428348e+05
736445 53.229344 53.813847 53.159997 53.635523 4.830565e+05
736446 53.774219 53.942636 53.417572 53.803941 3.344542e+05
736447 53.893104 54.061518 53.496829 53.883194 3.950840e+05
736448 53.694966 53.823756 52.486333 52.605213 6.248231e+05
736449 50.415806 50.415806 47.186185 47.899473 1.567259e+06
736452 47.909383 48.147144 46.819630 47.641898 1.009901e+06
736453 47.295160 47.414041 46.591773 46.918700 8.643700e+05
736454 46.671031 47.126744 46.354013 47.116838 5.550791e+05
736455 47.245624 47.612178 46.879073 47.463575 4.398628e+05
736456 47.206000 47.592365 46.671031 47.087115 5.157491e+05
736459 46.988047 47.889568 46.988047 47.394227 4.654224e+05
736460 47.483389 47.889569 46.888982 47.760779 3.449555e+05
736461 47.770687 48.394814 47.414042 48.236306 6.234362e+05
736462 48.355190 48.454257 46.908791 47.285252 4.500668e+05
736463 47.354598 47.731059 46.651215 46.720563 4.277765e+05
736466 46.809725 47.602270 46.750283 47.473480 6.216530e+05
736467 47.265438 47.869755 47.017767 47.077209 6.346309e+05
736468 46.948419 47.295161 46.651216 46.958329 5.020776e+05
736469 46.780005 47.374414 46.472893 47.077209 5.262503e+05
736470 47.305066 47.750874 47.017767 47.641898 6.394852e+05
736473 47.523017 48.048077 47.344694 47.572550 4.361973e+05
736474 47.889569 48.553324 47.523017 48.474071 7.519276e+05
736475 48.652394 49.108107 48.414628 48.543418 3.305906e+05
736476 48.543418 48.632580 48.216491 48.226400 2.535155e+05
736477 48.335376 48.721741 48.048078 48.573138 1.760442e+05
736481 48.751461 48.751461 48.295748 48.672208 2.500481e+05
736482 48.642485 49.345872 48.325468 49.256711 3.127583e+05
736483 49.157641 49.752052 49.157641 49.742143 3.550604e+05
736484 49.841213 49.841213 49.226988 49.563820 4.196529e+05
736487 49.583633 49.950185 49.415219 49.870932 3.091919e+05
736488 49.920465 49.999721 49.553913 49.732237 3.164238e+05
736489 49.752116 50.825690 49.543367 50.795866 4.913581e+05
736490 50.636819 51.034440 50.537416 50.915155 4.252539e+05
736491 50.517535 50.875392 49.682534 49.801818 4.011979e+05
736494 49.622890 49.960866 49.016523 49.056282 3.729669e+05
736495 48.887295 49.105988 48.420091 48.658665 3.637223e+05
736496 48.807769 49.006580 48.579139 48.618902 2.963258e+05
736497 50.050330 51.442000 49.911164 51.243189 1.363735e+06
736498 51.173606 51.471820 50.318723 50.597060 9.086595e+05
736501 51.143785 51.471819 50.736226 50.766046 3.853925e+05
736502 50.746165 50.984738 50.418131 50.815748 5.898683e+05
736503 50.935036 51.471819 50.825690 50.974795 5.710807e+05
736504 51.501644 51.929086 51.133844 51.750156 3.572610e+05
736505 50.219320 50.666643 49.692476 49.970808 1.060550e+06
736508 49.672594 50.040391 47.883304 48.072176 6.703862e+05
736509 48.012533 48.559258 47.475746 47.773963 7.873857e+05
736510 48.251106 49.066225 47.823665 48.917116 5.794308e+05
736511 49.145746 50.159675 48.917115 50.149737 4.991116e+05
736512 50.259083 50.795866 49.940988 50.447951 6.032879e+05
736516 50.358487 50.438013 49.125865 49.314737 4.852944e+05
736517 49.185510 50.179558 49.185510 50.060273 7.319178e+05
736518 50.229260 50.616938 50.100037 50.497653 2.614347e+05
736519 50.696463 51.123904 50.378368 51.064260 3.279365e+05
736522 51.203426 51.203426 50.676582 50.736226 4.161086e+05
736523 50.825690 51.143786 50.746164 50.925094 3.281353e+05
736524 51.183549 51.273013 50.537415 50.636819 2.489097e+05
736525 50.905213 51.034441 50.338606 50.467833 4.870837e+05
736526 50.547354 50.706402 50.050330 50.179558 4.668051e+05
736529 50.209378 50.288903 49.603012 49.990690 3.805217e+05
736530 50.159677 50.507596 49.811762 50.249141 4.259497e+05
736531 50.547353 52.058308 50.517534 51.690511 9.984221e+05
736532 51.680573 51.929085 51.412179 51.521525 5.932480e+05
736533 51.461880 51.670630 51.064260 51.372416 4.384747e+05
736536 51.342597 51.372416 51.004619 51.243189 3.174990e+05
736537 51.193487 51.829677 51.024501 51.809796 3.994086e+05
736538 52.018550 52.098072 51.422119 51.998668 5.574623e+05
736539 52.048370 52.664679 51.968844 52.277000 6.916588e+05
736540 52.207417 53.261110 52.197475 53.112001 6.998100e+05
736543 53.131882 53.867476 53.092120 53.698489 7.494130e+05
736544 53.549380 53.917181 53.151763 53.519560 5.259510e+05
736545 53.589143 54.046404 53.191522 53.956940 8.382809e+05
736546 54.871467 54.871467 53.271048 54.006646 1.378347e+06
736547 54.603073 56.372477 54.006646 56.362539 9.914638e+05
736550 56.322777 56.660753 56.173667 56.452004 7.158142e+05
736551 56.571288 57.436109 56.432121 56.899326 5.977212e+05
736552 56.859563 57.475872 56.561350 57.137896 6.272445e+05
736553 57.247241 57.784028 57.118014 57.485815 5.615379e+05
736554 57.485815 57.684622 57.088194 57.664740 2.934431e+05
736557 57.853612 58.360574 57.843669 58.310873 3.908598e+05
736558 58.211469 58.211469 57.485815 57.525574 2.636216e+05
736559 57.704503 57.744266 57.078251 57.585218 3.236621e+05
736560 57.595158 57.754204 57.296943 57.664740 2.940395e+05
736561 57.545455 57.933133 57.336705 57.883432 2.068614e+05
736564 57.843669 58.082242 57.525574 57.694564 4.434449e+05
736565 57.853611 58.569323 57.823787 58.092181 4.703837e+05
736566 58.141887 58.261172 57.137896 57.157777 4.055717e+05
736567 56.929145 58.161763 56.809862 58.092181 5.411599e+05
736568 58.181646 59.096172 58.072299 58.907300 1.188484e+06
736571 58.947063 59.384447 58.937125 58.966945 4.656122e+05
736572 59.066348 59.314860 58.907300 59.165755 2.765442e+05
736573 59.046471 59.175695 58.827779 58.957006 4.977200e+05
736574 59.016647 59.036528 58.300935 58.897362 3.146163e+05
736575 59.175695 59.642898 59.006709 59.613078 5.121337e+05
736579 59.623016 60.120041 59.265158 59.881471 6.100474e+05
736580 59.901348 60.060395 59.344683 59.623016 6.073635e+05
736581 59.642897 59.702541 59.125992 59.225399 3.420520e+05
736582 58.847660 58.986825 57.376468 57.396350 6.938457e+05
736585 57.267124 59.175695 57.167716 59.076291 6.858933e+05
736586 58.579266 58.698551 57.426170 57.873493 5.624325e+05
736587 58.033005 58.431791 57.664131 57.883463 3.760531e+05
736588 57.903403 58.940238 57.903403 58.810636 5.269927e+05
736589 58.730877 59.448689 58.621211 59.229357 9.056379e+05
736592 59.239325 59.797624 59.239325 59.508505 5.222073e+05
736593 59.897321 59.897321 59.029964 59.049904 3.245103e+05
736594 59.358963 59.677990 58.591303 59.568323 2.486417e+05
736595 59.947169 60.734764 59.717869 60.655009 4.334779e+05
736596 60.615129 60.794583 60.485523 60.595190 4.163302e+05
736599 60.266195 60.744735 60.066803 60.425709 3.398635e+05
736600 60.515436 61.332941 60.365890 61.043823 3.328847e+05
736601 61.083702 61.572210 60.993976 61.532335 3.654853e+05
736602 61.542303 61.562242 60.345950 60.774643 4.307861e+05
736603 60.904248 61.980962 60.804554 61.791542 4.258013e+05
736606 61.472516 61.612089 61.083702 61.472516 4.921989e+05
736607 61.711788 61.961028 60.944128 61.322970 3.875181e+05
736608 61.342909 62.240174 61.342909 61.671908 7.986642e+05
736609 61.711788 61.961028 61.043824 61.721756 5.275909e+05
736610 61.592150 62.080662 61.332942 62.020843 5.898012e+05
736613 62.090630 62.928076 62.090630 62.260115 4.615922e+05
736614 61.961028 61.961028 59.668018 60.126622 5.157271e+05
736615 60.266196 60.425710 59.677990 59.947169 4.601965e+05
736616 59.468629 60.266196 59.079811 59.817563 5.334730e+05
736617 60.176469 60.176469 59.398842 59.398842 2.624994e+05
736620 59.319084 59.598231 59.289176 59.358963 1.675889e+05
736621 59.957136 60.126621 59.648082 59.717869 3.285978e+05
736622 59.707897 60.156530 59.209417 59.339023 3.473407e+05
736623 59.199450 59.727837 59.079811 59.458657 1.713773e+05
736624 59.119691 59.329052 58.790697 59.199450 1.551269e+05
736627 59.917257 59.917257 59.199450 59.508505 2.791486e+05
736628 59.388870 59.438717 57.295257 57.484678 1.126564e+06
736629 57.055986 57.055986 55.331246 55.829726 7.173123e+05
736630 56.118845 56.328205 54.832766 55.161765 6.720503e+05
736631 55.082007 55.590454 55.042127 55.221580 4.636858e+05
736634 55.211612 55.560547 54.832767 55.241520 6.443349e+05
736635 55.271427 55.281399 53.795928 54.324319 7.938788e+05
736636 54.015259 54.852705 53.496840 53.576599 1.070136e+06
736637 53.855746 57.624252 53.855746 55.799818 1.238224e+06
736638 56.059026 57.773797 55.759938 57.235438 9.574798e+05
736641 58.371972 59.797625 58.112764 59.249297 6.850108e+05
736642 59.069844 59.518476 58.631182 59.279204 4.647825e+05
736643 55.680180 56.138784 50.346449 53.387174 2.730173e+06
736644 54.045167 55.181700 53.915566 54.493800 1.608793e+06
736645 54.414045 54.942433 52.818908 52.998361 1.124770e+06
736648 53.147906 54.254528 52.828880 54.194713 1.318180e+06
736649 54.344255 55.381094 54.344255 54.882614 8.354520e+05
736650 54.493800 55.082007 54.284440 54.972340 5.029660e+05
736651 55.111914 55.690153 55.012219 55.580486 7.154181e+05
736652 55.640304 55.640304 55.042127 55.281399 5.516176e+05
736655 55.391065 56.009179 55.062067 55.261459 4.154330e+05
736656 54.523708 54.852705 53.287480 53.636414 1.028264e+06
736657 53.466933 54.693193 53.317388 54.663285 8.210957e+05
736659 54.892585 55.430940 54.693193 55.062067 1.945068e+05
736662 55.022187 55.082006 54.354225 54.483832 3.475400e+05
736663 54.493801 54.762980 53.337328 53.795928 1.251483e+06
736664 53.885654 53.945474 52.938542 53.177814 5.515179e+05
736665 53.317388 53.636414 52.420127 52.759089 5.917951e+05
736666 52.848815 54.274468 52.779029 53.546688 5.499228e+05
736669 54.015260 54.134894 53.706201 53.905594 5.270924e+05
736670 54.055139 54.962373 53.636415 54.852706 7.046509e+05
736671 54.723099 55.141824 54.433980 54.832766 7.298740e+05
736672 54.942432 55.819758 54.483832 55.690152 4.959873e+05
736673 55.749967 56.288326 55.022187 55.301338 7.747371e+05
736676 55.091974 56.228511 55.091974 55.919452 6.087434e+05
736677 56.228511 57.036045 55.700120 55.739999 5.171228e+05
736678 55.830002 56.320000 54.830002 55.049999 5.061000e+05
736679 55.070000 55.349998 54.590000 55.139999 4.453000e+05
736680 55.130001 55.480000 54.799999 54.930000 7.995000e+05
736683 54.880001 55.610001 54.880001 55.080002 4.291000e+05
736684 55.180000 55.970001 55.020000 55.950001 6.291000e+05
736685 56.020000 56.720001 55.919998 56.369999 6.877000e+05
736686 56.340000 56.889999 56.070000 56.500000 4.352000e+05
736687 56.490002 57.150002 56.360001 57.080002 2.698000e+05
736691 57.169998 57.480000 56.689999 57.169998 3.016000e+05
736692 57.369999 57.369999 56.270000 56.340000 4.082000e+05
736693 56.259998 56.820000 56.139999 56.360001 3.202000e+05
736694 56.360001 56.369999 55.950001 56.139999 2.953000e+05
736698 56.619999 56.869999 55.849998 56.840000 5.214000e+05
736699 57.139999 57.880001 56.139999 57.730000 7.125000e+05
736700 57.680000 57.990002 56.500000 56.759998 8.137000e+05
736701 56.779999 58.380001 56.360001 57.869999 1.148300e+06
736704 57.820000 58.299999 57.720001 58.119999 5.779000e+05
736705 57.009998 58.970001 55.040001 58.630001 1.586400e+06
736706 58.590000 59.139999 57.889999 58.599998 1.045000e+06
736707 58.439999 59.830002 57.980000 59.750000 7.068000e+05
736708 60.000000 60.410000 59.799999 60.299999 5.487000e+05
736712 60.070000 60.200001 59.480000 60.139999 5.882000e+05
736713 60.310001 60.310001 59.139999 59.419998 4.795000e+05
736714 59.250000 59.410000 58.820000 59.310001 3.860000e+05
736715 59.630001 60.189999 58.320000 58.570000 6.882000e+05
736718 58.320000 58.860001 58.220001 58.520000 4.882000e+05
736719 59.570000 60.860001 58.889999 59.930000 8.412000e+05
736720 60.090000 60.509998 59.950001 60.189999 5.228000e+05
736721 60.189999 60.189999 59.619999 59.849998 4.717000e+05
736722 60.250000 60.450001 57.180000 59.630001 1.005300e+06
736725 59.570000 59.610001 57.959999 58.470001 6.072000e+05
736726 58.070000 58.970001 57.450001 58.869999 4.503000e+05
736727 58.919998 59.740002 58.770000 59.470001 4.257000e+05
736728 59.209999 59.730000 58.889999 59.549999 4.079000e+05
736729 59.840000 60.070000 59.320000 60.020000 2.654000e+05
736732 60.240002 60.270000 59.740002 60.160000 3.893000e+05
736733 60.070000 60.590000 60.000000 60.360001 4.328000e+05
736734 60.389999 60.930000 59.959999 60.810001 5.089000e+05
736735 60.720001 61.980000 60.020000 61.330002 4.765000e+05
736736 61.549999 61.900002 61.279999 61.509998 3.579000e+05
736739 61.910000 62.400002 61.660000 62.320000 5.950000e+05
736740 61.970001 62.299999 61.750000 62.060001 4.286000e+05
736741 61.799999 62.500000 61.799999 62.240002 3.672000e+05
736742 62.439999 63.200001 61.910000 63.189999 6.938000e+05
736743 63.029999 64.360001 63.020000 64.190002 8.234000e+05
736747 64.199997 65.300003 64.190002 65.169998 7.694000e+05
736748 65.089996 65.400002 64.430000 64.750000 8.458000e+05
736749 65.000000 65.639999 64.570000 65.459999 5.517000e+05
736750 65.180000 66.730003 65.139999 66.709999 6.762000e+05
736753 66.900002 67.349998 66.440002 66.930000 6.350000e+05
736754 66.930000 67.370003 66.360001 66.449997 6.798000e+05
736755 67.110001 67.440002 66.739998 67.209999 4.857000e+05
736756 67.220001 67.309998 66.690002 66.769997 2.884000e+05
736757 66.760002 67.040001 65.889999 66.129997 5.747000e+05
736760 65.830002 66.129997 65.370003 65.769997 5.718000e+05
736761 65.639999 65.940002 65.089996 65.550003 4.444000e+05
736762 65.809998 65.930000 65.470001 65.529999 2.519000e+05
736763 65.629997 66.820000 65.250000 66.809998 5.784000e+05
736764 67.139999 67.690002 66.709999 67.419998 8.342000e+05
