736034 7.721721 7.936994 7.721721 7.899555 3.659628e+04
736035 7.965073 8.096108 7.965073 8.096108 1.609862e+04
736036 8.096108 8.227143 7.983792 8.170985 1.375870e+04
736039 8.236504 8.330101 8.180346 8.320741 2.405434e+04
736040 8.339459 8.414337 8.292661 8.376898 5.101016e+04
736041 8.376898 8.498574 8.367539 8.470495 6.589203e+04
736042 8.489214 8.517293 8.358179 8.414337 1.124096e+05
736043 8.433057 8.498574 8.395618 8.451776 1.691291e+05
736046 8.470495 8.582811 8.395618 8.554732 2.218240e+04
736047 8.461136 8.582811 8.461136 8.536013 5.054218e+03
736048 8.545372 8.545372 8.283302 8.302021 1.179318e+04
736049 8.273942 8.442416 8.273942 8.330100 1.572423e+04
736050 8.367539 8.376899 8.199065 8.348820 1.198037e+04
736053 8.320740 8.498574 8.320740 8.470495 1.291633e+04
736054 8.507934 8.554733 8.442417 8.545373 1.123160e+04
736055 8.554731 8.582810 8.404977 8.564091 5.194613e+04
736056 8.582811 8.751285 8.564092 8.704487 3.566032e+04
736060 8.704487 8.704487 8.536013 8.638969 1.403949e+04
736061 8.648329 8.741925 8.582811 8.667048 1.300993e+04
736062 8.685767 8.704486 8.517293 8.601530 1.029563e+04
736063 8.526653 8.526653 8.320741 8.423697 6.738958e+03
736064 8.423696 8.433056 8.358179 8.404977 1.085721e+04
736067 8.386258 8.433056 8.367538 8.376898 1.179317e+04
736068 8.395618 8.423697 8.348819 8.414337 3.088689e+04
736069 8.423697 8.423697 8.376899 8.423697 1.282274e+04
736070 8.423698 8.479856 8.348820 8.442417 3.603471e+04
736071 8.376899 8.517294 8.376899 8.433057 6.682800e+04
736074 8.451776 8.451776 8.348820 8.423697 2.012328e+04
736075 8.423697 8.433056 8.330100 8.414337 1.351535e+05
736076 8.414337 8.423697 8.376899 8.423697 5.802991e+03
736077 8.358179 8.414337 8.311381 8.330100 3.416277e+04
736078 8.283302 8.498574 8.255223 8.479855 8.704487e+04
736081 8.536012 8.676407 8.498574 8.573451 3.257163e+04
736082 8.648328 8.788723 8.545372 8.760644 5.250771e+04
736083 8.760645 8.770005 8.629610 8.629610 2.068486e+04
736084 8.610890 8.629610 8.339460 8.339460 3.079329e+04
736085 8.414337 8.545372 8.255223 8.358179 2.995092e+04
736088 8.330100 8.442416 8.292662 8.311381 2.293118e+04
736089 8.330100 8.386258 8.199065 8.273942 2.293117e+04
736090 8.283302 8.311381 8.189705 8.227144 2.817259e+04
736091 8.264582 8.404977 8.236503 8.404977 1.516265e+04
736092 8.470496 8.470496 8.339460 8.348820 1.179318e+04
736095 8.348819 8.461135 8.348819 8.367538 3.715786e+04
736096 8.367539 8.376983 8.225876 8.263653 4.825973e+04
736097 8.358095 8.358095 8.263653 8.273097 1.454403e+04
736098 8.348650 8.490313 8.348650 8.443092 1.473291e+04
736099 8.433648 8.433648 8.273097 8.301430 1.501624e+04
736102 8.263653 8.433648 8.263653 8.424204 1.888835e+04
736103 8.471425 8.471425 8.367539 8.395872 2.663257e+04
736104 8.443092 8.490313 8.367539 8.471425 1.643286e+04
736105 8.490313 8.499757 8.424204 8.490313 1.350517e+04
736106 8.499757 8.565867 8.443092 8.480869 3.758782e+04
736110 8.471425 8.499757 8.282541 8.490313 4.835417e+04
736111 8.471425 8.603643 8.424204 8.584755 1.832170e+04
736112 8.603643 8.603643 8.480868 8.565866 3.862667e+04
736113 8.518646 8.584755 8.414760 8.518646 4.863750e+04
736116 8.546978 8.546978 8.320318 8.414760 1.539401e+04
736117 8.376983 8.537534 8.376983 8.443092 9.727500e+03
736118 8.499758 8.537534 8.386428 8.518646 3.825835e+05
736119 8.499757 8.528090 8.480869 8.499757 1.905834e+05
736120 8.509201 8.613087 8.480869 8.613087 2.389376e+04
736123 8.641419 8.735861 8.631975 8.726417 2.606592e+04
736124 8.698084 8.735861 8.669752 8.726417 1.681063e+04
736125 8.735862 8.849192 8.735862 8.811415 5.147075e+04
736126 8.773638 8.839747 8.726417 8.820859 1.341073e+04
736127 8.773638 9.019187 8.641420 8.934189 2.861585e+04
736130 8.886969 8.915301 8.641420 8.641420 5.080966e+04
736131 8.688640 8.877524 8.679196 8.773638 4.693755e+04
736132 8.820860 8.820860 8.726418 8.735862 2.464930e+04
736133 8.735862 8.971966 8.735862 8.962522 7.763112e+04
736134 8.962522 9.104184 8.934189 9.085296 7.187017e+04
736137 9.123072 9.160849 9.094740 9.113628 4.476539e+04
736138 9.113629 9.170294 9.038076 9.104185 5.241517e+04
736139 9.056963 9.236403 9.056963 9.208070 3.551010e+04
736140 9.236403 9.321400 9.141961 9.189182 1.062470e+05
736141 9.236403 9.245847 9.160849 9.208070 1.241909e+05
736144 9.208070 9.217515 9.009743 9.019187 3.371570e+04
736145 9.038075 9.132517 8.990854 9.075852 1.879391e+04
736146 9.075852 9.123073 9.009743 9.123073 3.975998e+04
736147 9.151405 9.151405 8.953077 8.953077 3.711560e+04
736151 8.877524 8.971966 8.783082 8.924745 3.475456e+04
736152 8.896412 9.038075 8.801970 9.000298 4.155437e+04
736153 9.000299 9.056964 8.896413 9.009743 3.031580e+04
736154 9.132517 9.160849 9.066407 9.094740 3.126022e+04
736155 9.160849 9.302512 9.151405 9.255291 3.513233e+04
736158 9.255291 9.302512 9.236403 9.245847 3.088245e+04
736159 9.198626 9.293067 9.170293 9.274179 7.130351e+04
736160 9.198626 9.415842 9.198626 9.368621 1.032248e+05
736161 9.387510 9.614170 9.387510 9.444175 5.364291e+04
736162 9.481951 9.510284 9.066407 9.472507 1.197521e+05
736165 9.491396 9.585838 9.396954 9.491396 3.484901e+04
736166 9.529172 9.670835 9.529172 9.642502 3.994886e+04
736167 9.604725 10.398036 9.604725 10.180820 2.801142e+05
736168 10.388592 10.520811 10.228041 10.473590 1.647064e+05
736169 10.473590 10.766359 10.294150 10.331927 1.050192e+05
736172 10.388592 10.483034 10.331927 10.454701 1.079469e+05
736173 10.662474 10.662474 10.143044 10.303595 9.028631e+04
736174 10.265818 10.350815 10.152487 10.180820 7.961439e+04
736175 10.133599 10.294150 10.067490 10.275262 5.940386e+04
736176 10.275262 10.520811 10.171376 10.473590 1.364683e+05
736179 10.530254 10.577475 10.454701 10.568031 5.534286e+04
736180 10.624696 10.860800 10.568031 10.841912 1.174855e+05
736181 11.002463 11.040240 10.823024 10.841912 7.848109e+04
736182 10.908022 10.945799 10.605809 10.794692 9.104185e+04
736183 10.794691 10.794691 10.520810 10.568031 5.742058e+04
736186 10.747471 10.747471 10.426369 10.435813 8.537534e+04
736187 10.473865 10.530943 10.274091 10.369221 1.833164e+05
736188 10.264578 10.321656 10.102856 10.236039 3.871810e+04
736189 10.226527 10.492892 10.112370 10.321657 7.772160e+04
736190 10.283605 10.521431 10.226527 10.521431 3.653010e+04
736193 10.426299 10.645099 10.312143 10.568995 3.710088e+04
736194 10.578509 10.607049 10.435814 10.483379 5.527081e+04
736195 10.483378 10.511917 10.397761 10.454839 3.862297e+04
736196 10.359709 10.359709 10.140909 10.159935 9.370352e+04
736197 9.969673 10.635587 9.960160 10.502404 1.012188e+05
736200 10.255065 10.607047 9.950647 10.112369 7.439203e+04
736201 10.397761 10.397761 9.960161 9.988700 5.726855e+04
736202 10.159935 10.226526 10.007726 10.217013 4.594802e+04
736203 10.226526 10.226526 10.007725 10.112369 4.528210e+04
736204 10.055291 10.159934 9.960160 10.112369 4.071584e+04
736207 10.017239 10.064804 9.969674 10.064804 5.736367e+04
736208 9.931621 10.017239 9.665256 9.712821 1.781794e+05
736209 9.788926 9.941135 9.741361 9.798439 8.599795e+04
736210 9.884056 9.988699 9.750873 9.779412 1.398418e+05
736211 9.655743 10.112369 9.655743 10.064804 4.347463e+04
736215 10.131396 10.407274 10.112370 10.350196 8.647360e+04
736216 10.378735 10.445326 10.293117 10.426300 5.993220e+04
736217 10.274091 10.445326 10.226526 10.426300 8.105116e+04
736218 10.359709 10.540457 10.312144 10.521431 7.629464e+04
736221 10.540456 10.540456 10.454839 10.502404 6.040785e+04
736222 10.511917 10.645099 10.492890 10.607047 1.145371e+05
736223 10.635587 10.654613 10.492891 10.626074 4.490158e+04
736224 10.654613 10.702178 10.597535 10.635587 7.667516e+04
736225 10.511917 10.654613 10.464352 10.626074 2.504785e+05
736228 10.654613 10.882926 10.654613 10.797309 1.200547e+05
736229 10.721204 10.920978 10.721204 10.882926 2.135679e+05
736230 10.873413 10.940004 10.825848 10.920978 8.875673e+04
736231 10.854387 11.092213 10.835361 11.025622 2.083357e+05
736232 11.082700 11.339552 11.054161 11.253935 1.895950e+05
736235 11.149292 11.149292 10.635587 10.997083 1.910220e+05
736236 11.006596 11.073187 10.911465 11.035135 1.299482e+05
736237 11.168318 11.272961 10.778283 10.787796 5.078065e+05
736238 10.806821 10.911465 10.702178 10.740230 1.339437e+05
736239 10.673639 10.683152 10.331169 10.464352 1.680004e+05
736242 10.568995 10.721204 10.568995 10.673639 2.169926e+05
736243 10.711691 10.740230 10.464351 10.568995 1.426957e+05
736244 10.616561 10.882927 10.616561 10.778283 1.670491e+05
736245 10.721204 10.892439 10.607048 10.835361 1.219573e+05
736246 10.892439 10.892439 10.607048 10.664126 8.514177e+04
736249 10.597535 10.806822 10.483379 10.749744 1.108270e+05
736250 10.664125 10.901952 10.664125 10.768769 9.151551e+04
736251 10.730718 10.740231 10.378735 10.388248 7.505795e+04
736252 10.445326 10.673639 10.388248 10.664126 6.192994e+04
736253 10.711691 10.730717 10.435813 10.464352 9.836491e+04
736256 10.464352 10.711691 10.378735 10.664126 1.500208e+05
736257 10.626075 10.930492 10.597535 10.911466 8.637848e+04
736258 10.940005 10.997083 10.721205 10.787796 5.241689e+04
736259 10.806822 10.987570 10.797309 10.882926 6.935011e+04
736260 11.006596 11.044648 10.892439 11.016109 1.298531e+05
736263 11.035135 11.130266 10.911465 11.025622 8.571256e+04
736264 10.854388 10.959031 10.274092 10.283605 1.562042e+05
736265 10.245551 10.616560 10.245551 10.607047 1.347999e+05
736266 10.578509 10.654614 10.445326 10.549970 5.898090e+04
736267 10.492891 10.635587 10.017239 10.064804 8.666386e+04
736270 10.017239 10.274091 10.017239 10.255065 1.158689e+05
736271 10.197987 10.321656 10.026752 10.226526 6.954038e+04
736272 10.245552 10.264578 10.093343 10.217013 5.974194e+04
736273 10.140909 10.378735 10.140909 10.321657 6.231046e+04
736274 10.398326 10.542082 10.043729 10.532498 7.111113e+04
736277 10.522914 10.542082 10.427077 10.532498 8.970353e+04
736278 10.484580 10.532498 10.369575 10.474996 6.871521e+04
736279 10.474995 10.503746 10.216235 10.379158 4.111412e+04
736280 10.321656 10.321656 10.120398 10.149149 5.414796e+04
736281 10.062896 10.168316 9.804135 9.852054 1.061875e+05
736284 9.832888 9.957476 9.689132 9.919141 6.469005e+04
736285 9.919140 10.062896 9.861638 9.986226 1.061875e+05
736286 9.995810 10.062896 9.880805 10.053312 4.293502e+04
736287 10.082064 10.149150 9.986227 10.120399 3.900570e+04
736288 10.120398 10.206652 10.014978 10.101231 8.289910e+04
736291 10.197068 10.752923 9.727466 10.455828 9.468706e+04
736292 10.465412 10.465412 10.369575 10.436661 5.251873e+04
736293 10.350407 10.427077 10.273738 10.292905 4.149747e+04
736295 10.264154 10.379158 10.216235 10.350407 2.482181e+04
736298 10.398326 10.407909 10.331240 10.350407 6.823602e+04
736299 10.350408 10.503747 10.292905 10.436661 5.012281e+04
736300 10.388741 10.503746 9.957474 10.168316 2.903864e+04
736301 10.158734 10.302489 10.043729 10.110815 8.472000e+04
736302 10.082063 10.216235 10.034144 10.149149 3.996407e+04
736305 10.072480 10.216235 9.986226 10.062896 1.346511e+05
736306 10.014977 10.072480 9.890389 9.928724 5.568136e+04
736307 9.909556 9.976642 9.842470 9.976642 5.596887e+04
736308 9.976643 10.340824 9.928725 10.120399 7.858643e+04
736309 9.957475 10.082063 9.871222 9.957475 5.242290e+04
736312 9.938308 10.129983 9.871222 10.082064 4.561846e+04
736313 10.177901 10.532498 9.919141 10.474996 3.785566e+04
736314 10.532498 10.714589 10.292906 10.676254 7.245285e+04
736315 10.695421 10.800842 10.628335 10.724172 3.498054e+04
736316 10.724172 10.867928 10.647503 10.839177 2.707398e+05
736319 10.858345 10.992517 10.551666 10.714589 8.903268e+04
736320 10.743340 10.743340 10.474996 10.637919 4.120996e+04
736321 10.647502 10.695421 10.570832 10.647502 2.645104e+04
736322 10.724172 11.385448 10.695421 11.241692 7.877810e+04
736326 11.260860 11.510037 10.398326 11.500453 7.647801e+04
736327 11.442951 11.740046 11.117104 11.692127 9.526208e+04
736328 11.692126 11.864633 11.548371 11.740045 4.619348e+04
736329 11.711294 11.740046 11.308779 11.462118 2.091166e+05
736333 11.241693 11.251277 10.858344 11.040435 1.166338e+05
736334 11.088354 11.193774 10.839177 11.040435 7.705304e+04
736335 10.848761 11.078770 10.474996 11.069186 5.654389e+04
736336 10.848760 11.078769 10.820009 10.992516 6.651095e+04
736337 11.011683 11.280027 10.599583 10.647502 1.263133e+05
736340 10.666670 10.867928 10.436661 10.705005 5.980236e+04
736341 10.781674 10.800842 10.503747 10.657086 7.868226e+04
736342 10.724172 10.820009 10.436660 10.580416 9.947891e+04
736343 10.561249 10.599584 9.871222 9.880806 1.020665e+05
736344 9.737049 9.794552 9.037439 9.219529 1.889908e+05
736348 9.104525 9.746634 9.104525 9.698715 1.018748e+05
736349 9.564543 10.043729 9.449539 9.631629 1.082001e+05
736350 9.593295 10.005394 9.142860 9.353702 5.673557e+04
736351 9.420787 9.420787 9.257864 9.334534 8.864932e+04
736354 9.334534 9.382452 9.171611 9.257864 9.554959e+04
736355 9.334534 9.622046 9.142860 9.507041 8.050317e+04
736356 9.459123 9.516625 9.152444 9.181195 6.325249e+04
736357 9.238697 9.622046 9.200362 9.277032 3.124290e+04
736358 9.286615 9.449539 9.267448 9.401620 1.368554e+05
736361 9.430372 9.430372 9.171611 9.353702 7.427376e+04
736362 9.190778 9.219529 9.037438 9.085357 5.846063e+04
736363 9.114109 9.114109 8.788263 8.941602 1.230548e+05
736364 8.874515 9.056606 8.874515 8.989520 4.178498e+04
736365 8.932017 9.018271 8.778678 8.807429 7.005692e+04
736368 8.759039 9.020358 8.555790 8.962287 7.336300e+04
736369 8.865501 9.291355 8.826787 9.001000 4.239181e+04
736370 9.175213 9.271998 8.817109 8.836466 1.259172e+05
736371 8.710646 8.884858 8.662253 8.778395 4.258538e+04
736372 8.894537 9.068750 8.826788 9.049393 4.955390e+04
736376 9.146178 9.165535 8.991322 9.068750 1.225297e+05
736377 9.107463 9.184891 8.981643 9.001000 5.526420e+04
736378 9.039714 9.049393 8.730003 8.759038 3.310045e+04
736379 8.759037 8.913893 8.730002 8.749359 2.574480e+04
736382 8.788074 8.904215 8.739681 8.817109 4.887640e+04
736383 8.807431 8.846145 8.807431 8.807431 5.419958e+04
736384 8.739682 8.875180 8.710646 8.846145 3.561686e+04
736385 8.894537 9.126821 8.865502 9.107464 2.855156e+04
736386 9.146177 9.310712 9.001000 9.117142 2.332517e+04
736389 9.165535 9.184892 8.952608 9.030036 8.710646e+04
736390 9.068749 9.320390 9.068749 9.262319 3.019690e+04
736391 9.242962 9.330068 9.165534 9.223605 3.474579e+04
736392 9.262321 9.397819 9.242964 9.291356 3.368117e+04
736393 9.310712 9.426854 9.194571 9.281677 2.003449e+04
736396 9.262320 9.533318 9.184892 9.494604 4.655356e+04
736397 9.465568 9.533317 9.417175 9.513960 4.432750e+04
736398 9.533318 9.717209 9.455890 9.649460 3.368116e+04
736399 9.668816 9.823672 9.455890 9.504282 2.739014e+04
736400 9.620424 9.620424 9.330069 9.542996 3.368116e+04
736403 9.465568 9.572031 9.359105 9.426854 1.171098e+04
736404 9.407498 9.407498 9.097786 9.291356 4.490822e+04
736405 9.223606 9.320391 9.049393 9.088107 4.094003e+04
736406 9.088106 9.649459 9.010678 9.630102 7.887973e+04
736407 9.659138 9.988207 9.659138 9.852708 9.465568e+04
736410 9.901100 9.949493 9.542996 9.562353 3.232617e+04
736411 9.552674 9.552674 9.281677 9.388140 6.136166e+04
736412 9.388139 9.446210 9.271998 9.301033 6.726554e+04
736413 9.242963 9.359104 9.242963 9.349426 5.216709e+04
736417 9.262320 9.455890 9.262320 9.397819 5.313494e+04
736418 9.397818 9.591388 9.320390 9.513960 3.958504e+04
736419 9.542996 9.775279 9.455889 9.746244 3.426187e+04
736420 9.707531 9.804316 9.639782 9.688174 1.209812e+05
736421 9.620425 9.813994 9.552675 9.765602 2.042163e+04
736424 9.736565 9.755922 9.601067 9.630102 4.500500e+04
736425 9.581710 9.823673 9.475247 9.572032 4.694070e+04
736426 9.552674 9.649459 9.504282 9.630102 3.784291e+04
736427 9.542996 9.736566 9.446211 9.484925 4.597285e+04
736428 9.581710 9.649459 9.513961 9.542996 2.003448e+04
736431 9.552675 9.804315 9.552675 9.581710 2.642229e+04
736432 9.581710 9.784958 9.552675 9.736566 6.823339e+04
736433 9.930135 10.046277 9.891422 9.920457 4.461786e+04
736434 9.930136 10.201134 9.930136 10.007564 1.896985e+04
736435 9.959172 10.191455 9.930136 10.123706 1.625987e+04
736438 10.055957 10.210812 9.988207 10.123706 2.535766e+04
736439 10.143063 10.143063 9.997886 10.055957 2.613194e+04
736440 9.968850 10.133384 9.581710 9.678495 1.234008e+05
736441 9.533317 9.794636 9.533317 9.707530 5.255423e+04
736442 9.736566 10.259204 9.581710 10.075313 4.035932e+04
736445 10.026921 10.539881 9.678495 10.172098 6.368450e+04
736446 10.143063 10.249526 9.872065 10.220491 3.968183e+04
736447 10.220491 10.297918 10.065635 10.249526 1.645344e+04
736448 10.181777 10.210812 10.055957 10.084992 2.729336e+04
736449 10.036599 10.181776 10.036599 10.104348 2.806763e+04
736452 10.094670 10.510845 10.094670 10.404382 6.503949e+04
736453 10.297919 10.423739 10.007564 10.007564 3.610079e+04
736454 9.949494 10.123706 9.852709 10.055957 3.445544e+04
736455 9.978529 10.123706 9.872066 10.055957 4.694070e+04
736456 10.124297 10.212164 10.046192 10.192638 4.432431e+04
736459 10.182876 10.221928 10.182876 10.221928 4.676508e+04
736460 10.212165 10.407426 10.192639 10.368374 3.153470e+04
736461 10.329321 10.407425 10.134060 10.202401 2.899630e+04
736462 10.202402 10.290269 10.173112 10.251217 4.090724e+04
736463 10.231691 10.260980 9.977851 10.085245 1.337540e+04
736466 10.114535 10.290270 9.929036 10.173113 3.075365e+04
736467 10.085246 10.085246 9.636145 9.850932 6.629121e+04
736468 9.763063 10.387899 9.763063 10.358610 2.587212e+04
736469 10.280507 10.348848 9.958325 10.046193 2.548160e+04
736470 10.124297 10.260980 10.016903 10.095008 6.082389e+04
736473 10.104771 10.153587 9.997378 10.065719 2.118585e+04
736474 10.143823 10.456241 10.143823 10.446478 6.355754e+04
736475 10.485531 10.534346 10.348848 10.378137 3.739254e+04
736476 10.339084 10.407425 10.280505 10.358610 1.513275e+04
736477 10.300032 10.426952 10.270743 10.417189 1.659721e+04
736481 10.456242 10.534346 10.358611 10.505057 3.085128e+04
736482 10.407426 10.563635 10.397663 10.505057 2.636027e+04
736483 10.524583 10.524583 10.368374 10.495294 9.060124e+04
736484 10.466005 10.553872 10.426952 10.534346 2.128348e+04
736487 10.514819 10.729607 10.505056 10.651502 3.768542e+04
736488 10.622214 10.739370 10.583161 10.671029 2.235742e+04
736489 10.700318 10.778423 10.641740 10.700318 4.168828e+04
736490 10.758896 10.768660 10.466005 10.690555 4.403142e+04
736491 10.661266 10.778422 10.553872 10.710081 3.856410e+04
736494 10.710080 10.758896 10.466004 10.680791 4.012619e+04
736495 10.661265 10.729607 10.524582 10.651502 5.457552e+04
736496 10.671028 10.719844 10.485530 10.602687 9.929036e+04
736497 10.505057 10.505057 10.270744 10.339085 6.209309e+04
736498 10.348848 10.387900 9.929036 10.055956 1.767115e+05
736501 10.260980 10.329321 10.143823 10.153586 7.322298e+04
736502 10.163350 10.231692 10.016904 10.143824 1.272127e+05
736503 10.124297 10.290269 10.104771 10.134060 3.426835e+04
736504 10.260980 10.573398 10.260980 10.368374 7.175852e+04
736505 9.977851 10.075482 9.860694 9.987614 3.548874e+05
736508 9.870458 9.948562 9.675196 9.782590 5.711392e+04
736509 9.880221 9.880221 9.714249 9.772827 7.712821e+04
736510 9.792353 10.016903 9.792353 9.968088 3.680675e+04
736511 10.036429 10.300032 9.919273 10.280506 3.495177e+04
736512 10.251216 10.348847 10.036429 10.192638 3.065602e+04
736516 10.085245 10.124297 9.977851 10.104771 2.372424e+04
736517 10.026666 10.046193 9.919273 9.958325 1.972139e+04
736518 10.036429 10.114534 9.889983 9.977851 3.065602e+04
736519 10.065719 10.104771 10.016904 10.085245 6.424096e+04
736522 10.095008 10.231691 10.046193 10.055956 7.898319e+04
736523 10.124297 10.495294 10.065719 10.407426 1.058316e+05
736524 10.456241 10.544108 10.378136 10.485530 2.831288e+04
736525 10.602687 10.719844 10.563635 10.602687 1.640195e+04
736526 10.690554 10.719843 10.592923 10.680791 2.479818e+04
736529 10.700318 10.797948 10.563635 10.602687 4.364089e+04
736530 10.612451 10.690555 10.592925 10.661266 1.318014e+04
736531 10.729607 10.739370 10.641740 10.710081 1.523038e+04
736532 10.631977 10.690555 10.553872 10.553872 3.944278e+04
736533 10.592924 10.758896 10.407426 10.573398 7.585901e+04
736536 10.378136 10.583161 10.378136 10.475767 1.503512e+04
736537 10.397663 10.485530 10.329321 10.436715 2.313846e+04
736538 10.426952 10.514820 10.221928 10.387900 1.640195e+04
736539 10.270744 10.407426 10.212165 10.339085 2.108822e+04
736540 10.544108 10.544108 10.182875 10.231690 4.149302e+04
736543 10.202401 10.270743 10.124297 10.134060 2.411477e+04
736544 10.153586 10.251216 9.909509 10.192638 5.272054e+04
736545 10.221928 10.407426 10.221928 10.387900 1.913561e+04
736546 10.436715 10.602687 10.192638 10.475767 1.239909e+04
736547 10.574224 10.840057 10.249318 10.810520 1.929747e+05
736550 10.810520 10.859748 10.741601 10.840057 1.147018e+05
736551 10.849903 10.928668 10.810520 10.928668 5.661247e+04
736552 10.928667 10.958204 10.869593 10.908976 5.011434e+04
736553 10.918822 10.977896 10.908976 10.908976 3.150607e+04
736554 10.859749 11.007433 10.830212 10.958205 4.706219e+04
736557 10.968051 11.096044 10.968051 11.046816 4.873595e+04
736558 10.968050 11.105889 10.938513 11.076352 4.322239e+04
736559 11.036970 11.243729 11.036970 11.155118 9.944103e+04
736560 11.184654 11.322493 11.115735 11.302802 8.132504e+04
736561 11.312648 11.371722 11.233883 11.342185 1.292733e+05
736564 11.273266 11.430796 11.204346 11.411105 1.467001e+05
736565 11.411105 11.430796 11.253574 11.401259 3.515880e+05
736566 11.489870 11.726165 11.381568 11.480024 3.272693e+05
736567 11.470179 11.785239 11.420950 11.657246 5.624818e+05
736568 11.726165 11.795084 11.588326 11.716319 1.086959e+05
736571 11.745856 11.814775 11.519406 11.598171 1.007210e+06
736572 11.598172 11.686783 11.322494 11.411105 1.642254e+05
736573 11.420950 11.558789 11.283111 11.312648 1.673760e+05
736574 11.332339 11.352030 11.243728 11.332339 8.152195e+04
736575 11.332340 11.342185 11.273266 11.322494 4.627454e+04
736579 11.292957 11.352031 11.194501 11.322494 9.796419e+04
736580 11.283111 11.332339 11.253574 11.312648 7.088866e+04
736581 11.322493 11.361876 11.292956 11.302802 7.374389e+04
736582 11.273265 11.312648 11.086198 11.105889 6.537509e+04
736585 11.076353 11.233883 10.938514 11.204346 5.356032e+04
736586 11.105890 11.105890 10.879440 10.968051 6.921490e+04
736587 11.066507 11.224037 11.017279 11.066507 5.572636e+04
736588 11.017279 11.174809 11.007433 11.115735 3.928413e+04
736589 11.164963 11.174808 10.840056 11.017278 2.243823e+05
736592 11.086198 11.184655 11.086198 11.125581 5.365878e+04
736593 11.204347 11.204347 11.125581 11.135427 4.312393e+04
736594 11.145272 11.184655 11.036970 11.174809 7.167631e+04
736595 11.174809 11.302802 11.155117 11.302802 5.858160e+04
736596 11.253575 11.322494 11.155118 11.214192 4.794830e+04
736599 11.125581 11.125581 10.918822 10.918822 3.780728e+04
736600 10.879439 10.958204 10.879439 10.908976 5.946770e+04
736601 10.908976 10.987742 10.840057 10.948359 5.001588e+04
736602 10.879440 10.968050 10.692372 10.702218 4.164709e+04
736603 10.751446 10.908976 10.721909 10.771137 5.877851e+04
736606 10.692372 10.771137 10.495459 10.652989 2.618942e+04
736607 10.652990 10.771138 10.465923 10.544688 5.710475e+04
736608 10.524996 10.820365 10.524996 10.741600 5.198501e+04
736609 10.672681 10.830211 10.229626 10.771137 4.174554e+04
736610 10.780983 10.780983 10.505305 10.643144 3.150607e+04
736613 10.613607 10.780983 10.564378 10.741600 3.140761e+04
736614 10.692372 10.820366 10.613607 10.702218 5.188656e+04
736615 10.712064 10.869594 10.515151 10.810520 8.841391e+04
736616 10.623453 10.672682 10.584071 10.603762 3.583816e+04
736617 10.603761 10.761291 10.603761 10.662835 3.505050e+04
736620 10.613607 10.771137 10.603761 10.692372 2.569714e+04
736621 10.682526 10.712063 10.505305 10.584070 5.592327e+04
736622 10.524996 10.790828 10.524996 10.692372 3.298292e+04
736623 10.692372 10.771137 10.623452 10.741600 3.377057e+04
736624 10.633299 10.780983 10.544688 10.682527 2.687862e+04
736627 10.682527 10.899131 10.682527 10.761292 3.593661e+04
736628 10.800674 10.800674 10.643143 10.731754 6.360287e+04
736629 10.652989 10.790828 10.633298 10.652989 2.618942e+04
736630 10.731755 10.731755 10.574225 10.603762 3.121070e+04
736631 10.485614 10.879440 10.367466 10.849903 9.816110e+04
736634 10.810520 10.889286 10.633299 10.682527 9.392747e+04
736635 10.682526 10.731755 10.544687 10.692372 6.724576e+04
736636 10.702219 10.702219 10.544688 10.633299 5.218193e+04
736637 10.672682 10.751447 10.505306 10.721910 3.564124e+04
736638 10.771548 10.791403 10.582921 10.692126 3.643464e+04
736641 10.791403 10.930391 10.156031 10.791403 5.787845e+04
736642 10.751692 10.850969 10.533283 10.761620 4.119993e+04
736643 10.751693 11.317571 10.751693 11.287788 1.276701e+05
736644 11.367210 11.704751 11.099162 11.585619 1.327333e+05
736645 11.585618 12.310340 11.585618 11.982726 1.790956e+05
736648 12.171353 12.211063 11.734534 11.833811 8.319407e+04
736649 11.784173 11.943016 11.655113 11.873522 1.478234e+05
736650 11.863594 11.962870 11.853666 11.913232 1.018581e+05
736651 11.972798 12.220990 11.665039 12.062147 1.937389e+06
736652 12.062148 12.350051 11.665040 12.340123 1.197379e+06
736655 12.340123 12.647881 11.913232 12.399689 1.354932e+06
736656 12.399689 12.498966 12.012509 12.369906 9.510730e+05
736657 12.369906 12.578388 12.330195 12.498966 2.358820e+05
736659 12.508894 12.568460 12.250774 12.419545 6.730976e+04
736662 12.469183 12.518821 12.350051 12.399689 3.136158e+05
736663 12.409617 12.449328 12.240846 12.280557 1.440508e+05
736664 12.389762 12.459256 12.111787 12.300413 6.884856e+05
736665 12.369906 12.508893 12.161424 12.359978 3.192448e+06
736666 12.409618 12.657810 12.399690 12.628027 3.790394e+05
736669 12.687593 13.005279 12.647882 12.935785 2.882010e+05
736670 12.906001 13.293181 12.896073 13.104555 4.912223e+05
736671 13.064845 13.193905 12.945712 13.114483 3.221537e+05
736672 13.035062 13.779639 13.035062 13.640651 2.995185e+05
736673 13.720072 13.948409 13.591012 13.888843 3.545179e+05
736676 13.948409 14.077469 13.412314 13.799494 2.219832e+05
736677 13.819350 13.908699 13.690290 13.819350 9.272466e+04
736678 13.730001 14.097325 13.531447 13.650579 1.609279e+05
736679 13.739929 13.799495 13.610869 13.670435 1.723448e+05
736680 13.730000 13.898771 13.600940 13.859060 4.818902e+05
736683 13.799494 13.868988 13.531447 13.779639 1.489154e+05
736684 13.868988 14.107253 13.829277 14.067542 1.740325e+05
736685 14.176746 14.176746 13.868988 14.057614 9.421381e+04
736686 14.117180 14.146963 13.908698 13.988120 1.169482e+05
736687 13.928555 13.978193 13.819350 13.958338 5.629003e+04
736691 13.938481 14.206529 13.898771 14.176746 1.972633e+05
736692 14.117180 14.385228 14.117180 14.355445 1.492132e+05
736693 14.285951 14.444794 13.998048 14.266096 1.233020e+05
736694 14.246240 14.375300 14.097325 14.325662 1.738339e+05
736698 14.355445 14.444794 13.978192 13.988120 1.343217e+05
736699 14.137035 14.285951 14.027831 14.216457 1.146649e+05
736700 14.196602 14.246241 13.829278 13.918627 8.438540e+04
736701 13.968265 14.017903 13.849132 13.928554 5.281533e+04
736704 13.859060 13.918626 13.571157 13.640651 9.480947e+04
736705 13.739927 14.305806 13.670434 14.176746 4.603471e+05
736706 14.226385 14.444795 13.998048 14.365373 1.642041e+05
736707 14.305807 14.325663 13.422242 14.246241 1.636084e+05
736708 14.375300 14.563926 14.236312 14.315734 1.629135e+05
736712 14.355444 14.355444 13.710144 13.878915 1.505038e+05
736713 13.978193 14.087397 13.690290 14.037759 1.923987e+05
736714 14.037759 14.097325 13.819349 13.898771 1.304499e+05
736715 13.898771 14.087397 13.898771 14.037759 1.096017e+05
736718 14.047687 14.365373 14.007976 14.037759 1.139699e+05
736719 14.077470 14.295879 13.958337 14.266096 1.504046e+05
736720 14.395155 14.583781 14.295878 14.335589 5.023413e+04
736721 14.295878 14.415010 14.226384 14.295878 1.159555e+05
736722 14.593709 14.593709 14.196602 14.315734 1.360094e+05
736725 13.859061 14.057615 13.859061 13.918627 1.592402e+05
736726 13.809422 14.077470 13.799494 13.938482 1.564605e+05
736727 14.047686 14.176746 13.690289 13.759783 1.877327e+05
736728 13.749856 13.769712 13.591013 13.660507 8.656949e+04
736729 13.759783 14.186674 13.759783 14.127108 1.636084e+05
736732 14.017903 14.097325 13.849133 13.998048 7.902444e+04
736733 14.057614 14.087397 13.710145 13.730000 1.004683e+05
736734 13.710000 13.710000 13.400000 13.610000 1.061000e+05
736735 13.600000 13.800000 13.600000 13.710000 7.320000e+04
736736 13.750000 13.840000 13.620000 13.820000 6.700000e+04
736739 13.920000 14.070000 13.820000 13.920000 1.556000e+05
736740 13.900000 14.190000 13.600000 14.140000 1.028000e+05
736741 14.100000 14.360000 14.050000 14.270000 1.145000e+05
736742 14.220000 14.410000 14.190000 14.390000 1.135000e+05
736743 14.390000 14.410000 13.700000 14.210000 5.900000e+04
736747 14.300000 14.300000 14.100000 14.250000 6.370000e+04
736748 14.180000 14.370000 14.090000 14.340000 5.780000e+04
736749 14.220000 14.390000 14.140000 14.310000 7.340000e+04
736750 14.290000 14.430000 14.230000 14.400000 9.310000e+04
736753 14.370000 14.490000 14.240000 14.420000 6.010000e+04
736754 14.420000 14.690000 14.110000 14.200000 1.001000e+05
736755 14.490000 14.530000 14.250000 14.480000 5.870000e+04
736756 14.460000 14.500000 14.040000 14.050000 7.470000e+04
736757 14.130000 14.130000 13.960000 14.080000 3.200000e+04
736760 14.020000 14.490000 13.890000 14.170000 7.850000e+04
736761 14.100000 14.220000 14.090000 14.110000 5.250000e+04
736762 14.240000 14.240000 13.830000 13.850000 5.900000e+04
736763 13.850000 14.060000 13.850000 13.990000 6.110000e+04
736764 14.130000 14.130000 13.820000 13.890000 7.610000e+04
