736034 9.612229 9.707009 9.422670 9.422670 2.424778e+04
736035 9.383179 9.604331 9.383179 9.525348 1.461185e+04
736036 9.462161 9.572738 9.422670 9.556941 2.077252e+04
736039 9.541143 9.556940 9.272601 9.398974 1.168948e+04
736040 9.398975 9.430568 9.264704 9.319992 2.614337e+04
736041 9.319992 9.462161 9.233110 9.462161 3.127726e+04
736042 9.454263 9.477958 9.383179 9.422670 3.451556e+04
736043 9.438466 9.462161 9.217314 9.359483 3.364675e+04
736046 9.398975 9.470059 9.335788 9.462161 1.074169e+04
736047 9.462161 9.635924 9.351585 9.612229 2.116744e+04
736048 9.691211 9.762296 9.604330 9.628025 4.604708e+04
736049 9.667517 9.825482 9.620127 9.785991 4.138708e+04
736050 9.714906 9.730703 9.620126 9.635923 1.777117e+04
736053 9.604331 9.643822 9.414772 9.525348 2.551150e+04
736054 9.580635 9.651720 9.414771 9.470059 3.301488e+04
736055 9.406873 9.517449 9.406873 9.493754 1.003084e+04
736056 9.493754 9.635923 9.359483 9.367381 3.498946e+04
736060 9.225211 9.564838 9.217313 9.477957 3.309387e+04
736061 9.414771 9.588533 9.375279 9.398974 4.565216e+04
736062 9.398974 9.683313 9.327890 9.628025 1.129457e+04
736063 9.549042 9.635924 9.517449 9.541144 1.571761e+04
736064 9.525348 9.707009 9.446365 9.525348 1.548067e+04
736067 9.462161 9.635924 9.430568 9.556941 2.195727e+04
736068 9.477958 9.477958 9.351585 9.383178 2.574845e+04
736069 9.375279 9.549042 9.375279 9.477957 3.285692e+04
736070 9.438466 9.517449 9.359483 9.367381 2.953963e+04
736071 9.383178 9.446364 9.343686 9.391076 1.911388e+04
736074 9.462161 9.596432 9.383178 9.485856 2.606438e+04
736075 9.485855 9.604330 9.462161 9.580635 1.137355e+04
736076 9.549042 9.635923 9.493754 9.604330 1.350609e+04
736077 9.620126 9.667516 9.525347 9.533245 2.843387e+04
736078 9.541143 9.604329 9.517448 9.564838 1.326914e+04
736081 9.533245 9.635923 9.517449 9.549042 1.018880e+04
736082 9.549042 9.635923 9.477957 9.501652 2.408981e+04
736083 9.438466 9.612229 9.438466 9.485856 2.645930e+04
736084 9.501652 9.635923 9.462160 9.477957 1.587558e+04
736085 9.477957 9.564838 9.343686 9.343686 3.040845e+04
736088 9.406873 9.517449 9.375280 9.383178 2.527455e+04
736089 9.359484 9.501653 9.359484 9.422670 1.887693e+04
736090 9.485855 9.556940 9.398974 9.533245 1.208440e+04
736091 9.485855 9.501652 9.319991 9.446364 2.566947e+04
736092 9.438466 9.493754 9.319992 9.327890 4.241386e+04
736095 9.272602 9.319992 9.217314 9.225212 2.322100e+04
736096 9.106737 9.327890 9.043551 9.233110 3.277794e+04
736097 9.169924 9.319991 9.162025 9.256805 1.437490e+04
736098 9.248907 9.406873 9.217314 9.272602 2.274710e+04
736099 9.272602 9.367381 9.106737 9.256805 3.364675e+04
736102 9.225211 9.383177 9.193618 9.241008 1.524371e+04
736103 9.193618 9.272601 9.162025 9.209415 2.867082e+04
736104 9.177822 9.248907 9.130433 9.169924 2.843387e+04
736105 9.209416 9.264704 9.154128 9.162026 2.251015e+04
736106 9.154127 9.241008 9.019856 9.019856 3.254099e+04
736110 9.004060 9.114636 8.972466 9.043551 3.412065e+04
736111 9.043552 9.154128 9.004060 9.130433 2.266812e+04
736112 9.083043 9.130433 8.893484 8.956670 3.356777e+04
736113 8.909280 9.067246 8.885585 8.909280 3.198811e+04
736116 8.893483 8.909280 8.782907 8.830297 4.075522e+04
736117 8.719721 8.980365 8.711822 8.964568 4.810063e+04
736118 9.004059 9.075144 8.940873 9.075144 2.140439e+04
736119 9.067246 9.130432 8.964568 9.011958 2.653828e+04
736120 8.925076 9.106737 8.901381 8.972466 2.811794e+04
736123 8.932975 9.067246 8.932975 8.988263 2.764404e+04
736124 8.988263 8.996390 8.825727 8.850107 3.388884e+04
736125 8.890741 8.980136 8.793219 8.825726 3.681449e+04
736126 8.776965 9.077657 8.776965 8.874487 2.998796e+04
736127 8.841979 8.955755 8.801345 8.898867 2.608709e+04
736130 8.801346 8.858233 8.785092 8.833853 2.299890e+04
736131 8.793219 8.866360 8.736331 8.752585 2.982543e+04
736132 8.752585 8.817599 8.679444 8.793219 3.397011e+04
736133 8.776965 8.817599 8.703824 8.703824 3.437645e+04
736134 8.687570 8.768838 8.679443 8.728204 3.055684e+04
736137 8.720077 8.768838 8.687570 8.720077 1.917929e+04
736138 8.711951 8.752585 8.614429 8.663190 5.940705e+04
736139 8.630683 8.663190 8.508781 8.549415 3.624562e+04
736140 8.638809 8.638809 8.500653 8.508780 4.656668e+04
736141 8.484400 8.492527 8.248722 8.297483 8.362498e+04
736144 8.183708 8.256849 8.134947 8.167454 5.152404e+04
736145 8.248722 8.248722 8.013044 8.191834 7.159728e+04
736146 8.224341 8.305609 8.175580 8.232468 2.535568e+04
736147 8.256849 8.281230 8.143074 8.175581 3.315743e+04
736151 8.118693 8.134947 8.029298 8.134947 4.364102e+04
736152 8.110566 8.118693 8.004918 8.118693 2.649343e+04
736153 8.045551 8.078058 8.029297 8.045551 9.995988e+03
736154 8.175580 8.175580 8.037425 8.061805 2.738738e+04
736155 8.061805 8.118693 8.053678 8.061805 4.884219e+04
736158 8.094313 8.183708 8.094313 8.143074 4.754190e+04
736159 8.167454 8.199961 8.086186 8.110566 4.811077e+04
736160 8.102439 8.151200 8.094312 8.151200 2.746865e+04
736161 8.151201 8.183708 8.126820 8.134947 3.502659e+04
736162 8.143073 8.159326 8.053678 8.078058 6.030100e+04
736165 8.086185 8.102439 7.988664 8.013044 3.364503e+04
736166 7.972410 8.061805 7.964284 8.037425 3.015050e+04
736167 7.980536 8.053678 7.948029 7.956156 2.511187e+04
736168 7.988663 8.029297 7.834254 7.907395 4.420990e+04
736169 7.907396 7.972411 7.655465 7.769240 1.150758e+05
736172 7.720478 7.769239 7.606703 7.647337 3.551420e+04
736173 7.663591 7.826127 7.663591 7.793620 3.234474e+04
736174 7.809874 7.874889 7.793620 7.858635 2.023578e+04
736175 7.858635 7.923649 7.842381 7.850508 1.722886e+04
736176 7.915522 7.939903 7.826127 7.842381 3.835859e+04
736179 7.818001 7.874888 7.801747 7.842381 3.015050e+04
736180 7.850507 7.883014 7.809873 7.809873 9.102037e+03
736181 7.818000 7.939902 7.818000 7.907395 3.315742e+04
736182 7.931776 8.045552 7.931776 7.939903 2.584329e+04
736183 7.923649 8.110566 7.899268 7.956156 2.714358e+04
736186 7.980538 8.013045 7.907396 8.004918 3.559547e+04
736187 7.948030 7.972410 7.874888 7.883015 2.056085e+04
736188 7.850508 7.931776 7.818000 7.923649 4.859838e+04
736189 7.891142 7.948030 7.883015 7.899269 1.202769e+04
736190 7.907396 7.948030 7.883015 7.899269 3.193840e+04
736193 7.883015 7.923650 7.842381 7.858635 2.933782e+04
736194 7.850508 7.907395 7.785493 7.785493 2.600582e+04
736195 7.752986 7.801747 7.639211 7.720479 2.803753e+04
736196 7.655464 7.744859 7.639210 7.655464 1.219023e+04
736197 7.631083 7.696098 7.468547 7.541688 4.811077e+04
736200 7.184109 7.566069 7.184109 7.354772 7.606703e+04
736201 7.509182 7.663591 7.468548 7.590450 6.119496e+04
736202 7.574196 7.801747 7.574196 7.712352 5.339321e+04
736203 7.712352 7.850508 7.712352 7.793620 5.534364e+04
736204 7.777366 7.842381 7.744859 7.744859 4.713555e+04
736207 7.736732 7.801747 7.728605 7.785493 1.527842e+04
736208 7.663591 7.752986 7.606703 7.606703 3.518913e+04
736209 7.712352 7.801747 7.655464 7.793620 3.998395e+04
736210 7.744859 7.874888 7.744859 7.850508 2.909402e+04
736211 7.793620 7.907395 7.761112 7.907395 2.754992e+04
736215 7.907395 7.980536 7.907395 7.956156 3.006923e+04
736216 8.056974 8.065375 7.914150 7.922551 2.259985e+04
736217 7.888945 7.956157 7.888945 7.939354 4.041089e+04
736218 7.880543 7.947755 7.863741 7.930952 1.083785e+04
736221 7.922551 7.947756 7.855340 7.855340 2.167570e+04
736222 7.905748 7.981361 7.888945 7.939354 3.688229e+04
736223 7.989763 8.040171 7.981361 8.031770 1.671885e+04
736224 8.048572 8.048572 7.922551 7.947755 3.058121e+04
736225 7.939354 8.056974 7.939354 7.956157 4.637591e+04
736228 8.031769 8.031769 7.930952 7.930952 3.083326e+04
736229 7.821734 7.905748 7.788128 7.880544 2.285190e+04
736230 7.838537 7.855340 7.720917 7.746121 2.856487e+04
736231 7.704113 7.746120 7.670508 7.737719 2.444817e+04
736232 7.821734 7.888945 7.720917 7.821734 2.948903e+04
736235 7.821734 7.821734 7.586494 7.645304 3.192545e+04
736236 7.645304 7.704114 7.561290 7.645304 1.201405e+04
736237 7.762923 7.796529 7.729318 7.796529 2.831283e+04
736238 7.846938 7.880544 7.796529 7.846938 2.965706e+04
736239 7.762924 7.855340 7.762924 7.813333 2.621247e+04
736242 7.846938 7.897347 7.838537 7.880544 2.705261e+04
736243 7.863741 7.947755 7.813332 7.846938 1.873519e+04
736244 7.930952 7.981361 7.771325 7.830135 6.116243e+04
736245 7.830135 7.956157 7.796529 7.905748 2.906896e+04
736246 7.947755 8.023368 7.922551 8.006565 3.419383e+04
736249 7.981361 8.082178 7.930952 7.947755 6.208659e+04
736250 7.897346 7.956156 7.872142 7.897346 2.024745e+04
736251 7.914149 7.930952 7.746121 7.754522 6.065834e+04
736252 7.838536 7.897346 7.788127 7.897346 1.077904e+05
736253 7.846938 7.981361 7.846938 7.947755 6.175053e+04
736256 7.947756 8.048573 7.939354 8.014967 3.671426e+04
736257 8.006565 8.107382 7.939354 7.964558 4.032688e+04
736258 8.014967 8.040171 7.939354 7.939354 5.402121e+04
736259 7.998164 8.107382 7.939354 8.098981 5.393720e+04
736260 8.107383 8.309017 8.107383 8.208200 6.897576e+04
736263 8.208200 8.241805 8.166192 8.216601 2.755670e+04
736264 8.182996 8.208200 8.023369 8.031770 4.511570e+04
736265 8.056974 8.082178 7.998164 7.998164 3.553806e+04
736266 7.922551 7.998164 7.914150 7.914150 2.495226e+04
736267 7.972960 8.031770 7.939354 7.989763 4.452760e+04
736270 7.981361 8.107382 7.981361 8.107382 3.360573e+04
736271 8.048573 8.182996 8.031770 8.132587 5.477734e+04
736272 8.132587 8.140989 7.947756 7.956157 6.091039e+04
736273 8.023369 8.073777 7.989763 8.065376 3.570609e+04
736274 8.023368 8.023368 7.930952 7.964558 2.478423e+04
736277 7.930952 7.989762 7.880543 7.972959 8.132586e+04
736278 8.006565 8.031770 7.930953 7.998164 4.973648e+04
736279 7.972959 7.998164 7.687311 7.754522 5.309705e+04
736280 7.746120 7.788127 7.678909 7.720916 3.226150e+04
736281 7.687311 7.746121 7.645304 7.729318 2.226380e+04
736284 7.779726 8.098981 7.729318 8.048572 1.181241e+05
736285 8.048572 8.309017 7.981361 8.199798 7.930952e+04
736286 8.283812 8.351024 8.140988 8.199798 9.888486e+04
736287 8.258609 8.384630 8.157792 8.376229 4.057892e+04
736288 8.401433 8.661877 8.359426 8.577863 5.889404e+04
736291 8.619870 9.107153 8.502250 8.913920 2.070953e+05
736292 8.888715 8.888715 8.687081 8.745891 3.192544e+04
736293 8.737489 8.913919 8.729088 8.771095 1.730695e+04
736295 8.813103 8.813103 8.703884 8.762694 1.243412e+04
736298 8.729088 8.897117 8.695482 8.745891 6.670737e+04
736299 8.737490 8.913920 8.729088 8.913920 3.814250e+04
736300 8.863511 8.913920 8.670278 8.687081 7.267239e+04
736301 8.678680 8.745891 8.611469 8.737490 3.579010e+04
736302 8.745891 9.023139 8.745891 8.930723 3.368975e+04
736305 8.930723 8.939125 8.729089 8.905519 6.460702e+04
736306 8.863512 8.880315 8.661878 8.863512 4.738408e+04
736307 8.932825 9.296723 8.898168 8.958818 6.619475e+04
736308 8.958817 8.967481 8.802861 8.802861 2.460642e+04
736309 8.672898 8.759541 8.412971 8.551599 5.345832e+04
736312 8.516941 8.854846 8.378314 8.837518 7.667846e+04
736313 8.837518 8.950153 8.594919 8.950153 5.727058e+04
736314 8.958817 9.227409 8.889504 9.166759 4.098182e+04
736315 9.218744 9.227409 9.045460 9.132102 4.219482e+04
736316 9.071452 9.088781 8.854846 8.915496 3.292409e+04
736319 8.958817 8.958817 8.525606 8.542934 2.989160e+04
736320 8.542935 8.724884 8.464957 8.629577 2.937175e+04
736321 8.612248 8.794197 8.612248 8.716219 3.500350e+04
736322 8.742211 8.742211 8.586255 8.586255 1.057036e+04
736326 8.681562 8.906832 8.421635 8.421635 6.636803e+04
736327 8.464956 8.863511 8.464956 8.620912 3.881576e+04
736328 8.577592 8.776869 8.534271 8.698891 3.812263e+04
736329 8.750876 8.941489 8.664234 8.863511 4.557387e+04
736333 8.733547 8.802861 8.473620 8.724883 4.557387e+04
736334 8.776868 8.854846 8.638240 8.733547 1.663533e+04
736335 8.638241 8.776869 8.612248 8.750876 2.174723e+04
736336 8.603584 8.750876 8.568927 8.664234 1.238985e+04
736337 8.716219 8.802861 8.516941 8.577591 2.131401e+04
736340 8.655569 8.724883 8.542934 8.568927 1.455591e+04
736341 8.612248 8.612248 8.326328 8.421635 3.283745e+04
736342 8.464957 8.551599 8.334993 8.369650 2.313350e+04
736343 8.378313 8.482284 8.075065 8.438963 3.777606e+04
736344 8.205029 8.395642 7.763153 7.832467 6.818752e+04
736348 7.945102 8.343657 7.945102 8.083730 6.116949e+04
736349 7.884453 8.083730 7.737161 8.005752 4.340781e+04
736350 7.979760 8.386979 7.901782 8.248351 2.807212e+04
736351 8.412972 8.542935 8.075067 8.534271 2.815876e+04
736354 8.551598 8.551598 8.231022 8.360985 5.709730e+04
736355 8.360986 8.577592 8.083730 8.404307 4.557387e+04
736356 8.421635 8.447628 8.274343 8.343657 2.521292e+04
736357 8.447627 8.525605 8.300335 8.395642 1.524905e+04
736358 8.473620 8.750875 8.456292 8.733547 3.179774e+04
736361 8.629577 8.993475 8.568928 8.993475 3.890241e+04
736362 8.984810 8.984810 8.802861 8.932825 1.724183e+04
736363 8.993475 9.097445 8.785533 9.045460 2.408657e+04
736364 9.080117 9.166759 8.906832 9.158095 3.214431e+04
736365 9.097446 9.218745 8.950154 9.140767 3.517679e+04
736368 9.010803 9.010803 8.655569 8.716219 4.054861e+04
736369 8.646905 8.906832 8.646905 8.906832 2.209380e+04
736370 8.984810 9.210080 8.889504 9.158095 1.368949e+04
736371 8.976146 9.019467 8.820190 8.984810 2.408657e+04
736372 9.002139 9.149431 8.863511 9.088781 2.322015e+04
736376 9.244737 9.305387 9.045460 9.279394 2.157394e+04
736377 9.314052 9.470008 9.262066 9.366037 2.755226e+04
736378 9.322715 9.348707 9.210080 9.296722 1.542233e+04
736379 9.357372 9.452679 9.314051 9.383365 1.724182e+04
736382 9.452679 9.470007 9.305387 9.305387 2.486635e+04
736383 9.296722 9.296722 9.132102 9.132102 4.011540e+04
736384 9.097445 9.270730 8.958817 9.088781 4.851971e+04
736385 9.097446 9.253402 9.010803 9.149431 1.871475e+04
736386 9.218745 9.288058 9.010803 9.088781 3.145117e+04
736389 9.045460 9.305387 9.045460 9.123438 4.020204e+04
736390 9.132102 9.314051 9.132102 9.227409 1.360285e+04
736391 9.253401 9.314051 9.227409 9.244737 1.299635e+04
736392 9.288058 9.530657 9.236073 9.530657 6.255577e+04
736393 9.530658 9.686614 9.496001 9.617300 1.672197e+04
736396 9.651956 9.660621 9.513329 9.599971 2.685912e+04
736397 9.539322 9.790585 9.400694 9.764592 4.436088e+04
736398 9.853766 9.898353 9.764592 9.791344 2.184772e+04
736399 9.809179 9.809179 9.604078 9.604078 1.408955e+04
736400 9.630830 9.657583 9.514904 9.523821 4.860002e+04
736403 9.568408 9.711087 9.532738 9.630830 4.538975e+04
736404 9.523822 9.675418 9.291968 9.675418 8.899601e+04
736405 9.586243 9.720004 9.425729 9.568408 4.431965e+04
736406 9.497069 9.630831 9.407895 9.514904 2.407708e+04
736407 9.532738 9.630830 9.505986 9.586243 2.273946e+04
736410 9.532739 9.630830 9.505986 9.559491 4.280369e+04
736411 9.470317 9.648665 9.381142 9.621913 1.649726e+04
736412 9.648665 9.648665 9.550573 9.568408 2.131267e+04
736413 9.559491 9.675417 9.559491 9.586243 2.924919e+04
736417 9.657583 9.720005 9.639748 9.684335 3.370791e+04
736418 9.648665 9.711087 9.586243 9.604078 1.792405e+04
736419 9.595160 9.755674 9.595160 9.755674 3.183524e+04
736420 9.764592 9.764592 9.595161 9.684335 3.049763e+04
736421 9.684335 9.764592 9.684335 9.746757 1.622973e+04
736424 9.737839 9.755674 9.595160 9.630830 1.524881e+04
736425 9.559491 9.621913 9.559491 9.568408 1.685395e+04
736426 9.559490 9.648665 9.390059 9.470316 2.211524e+04
736427 9.425729 9.470316 9.336555 9.363307 2.916001e+04
736428 9.461399 9.577326 9.398977 9.523821 5.038351e+04
736431 9.505986 9.559490 9.381142 9.532738 3.121102e+04
736432 9.488151 9.550573 9.488151 9.505986 1.747817e+04
736433 9.523821 9.577325 9.497068 9.532738 1.801322e+04
736434 9.479234 9.514904 9.398977 9.452482 1.114679e+04
736435 9.407895 9.523821 9.407895 9.434647 1.453542e+04
736438 9.425729 9.604078 9.425729 9.523821 1.685395e+04
736439 9.488152 9.675418 9.452482 9.488152 3.575892e+04
736440 9.479234 9.541657 9.407895 9.407895 2.728735e+04
736441 9.407895 9.559491 9.390060 9.452482 2.024258e+04
736442 9.488151 9.514903 9.363307 9.425729 4.645984e+04
736445 9.372225 9.443564 9.184958 9.318720 2.800075e+04
736446 9.274132 9.327637 9.202793 9.202793 1.845909e+04
736447 9.202793 9.309802 9.095784 9.095784 6.126278e+04
736448 9.060114 9.354389 9.060114 9.274132 6.830755e+04
736449 9.309803 9.345472 9.095784 9.113619 3.950424e+04
736452 9.131454 9.229546 9.122537 9.184959 1.783487e+04
736453 9.131454 9.247381 9.095784 9.149289 2.594974e+04
736454 9.140371 9.211711 9.131454 9.131454 3.192442e+04
736455 9.238463 9.256298 9.131454 9.149289 4.699489e+04
736456 9.095785 9.247381 9.095785 9.158207 3.067598e+04
736459 9.158206 9.274132 9.122536 9.122536 4.226864e+04
736460 9.131454 9.202794 9.104702 9.104702 2.345286e+04
736461 9.095784 9.256298 9.095784 9.176041 3.656149e+04
736462 9.176041 9.220628 9.104701 9.122536 1.649725e+04
736463 9.104702 9.247380 9.104702 9.176041 6.331379e+03
736466 9.122537 9.229546 9.122537 9.158207 3.433213e+04
736467 9.176041 9.193876 9.095784 9.095784 2.068845e+04
736468 9.095783 9.140371 9.051196 9.086866 2.363120e+04
736469 9.086867 9.220629 9.051197 9.184959 2.907084e+04
736470 9.176041 9.318720 9.122537 9.229546 2.327451e+04
736473 9.274133 9.497068 9.229545 9.425729 7.677912e+04
736474 9.381142 9.497068 9.345472 9.390059 2.764405e+04
736475 9.363307 9.470317 9.283051 9.291968 4.717323e+04
736476 9.265216 9.416812 9.238463 9.291968 2.300698e+04
736477 9.247381 9.309803 9.113619 9.131454 1.899414e+04
736481 9.140372 9.309803 8.917436 9.024445 8.640995e+04
736482 9.042279 9.247380 8.970940 8.979857 3.852332e+04
736483 8.970940 9.176041 8.970940 9.122536 4.146607e+04
736484 9.042280 9.211711 9.024445 9.211711 2.924919e+04
736487 9.211711 9.541656 9.211711 9.541656 5.296957e+04
736488 9.550573 9.586243 9.497069 9.541656 3.549139e+04
736489 9.541656 9.666500 9.523821 9.639748 4.645984e+04
736490 9.612179 9.795968 9.529474 9.768400 6.625603e+04
736491 9.740832 9.759210 9.492716 9.492716 5.651520e+04
736494 9.465148 9.630558 9.455958 9.492716 2.159524e+04
736495 9.465149 9.557043 9.465149 9.474338 1.865461e+04
736496 9.465147 9.547852 9.262979 9.327305 5.008257e+04
736497 9.354874 9.446768 9.134327 9.262979 5.403404e+04
736498 9.281358 9.382442 8.987295 9.097569 6.451003e+04
736501 9.106759 9.336495 9.106759 9.189464 3.997417e+04
736502 9.152706 9.400822 9.134327 9.345685 2.747650e+04
736503 9.272168 9.501905 9.272168 9.364063 1.773566e+04
736504 9.437580 9.455959 9.189465 9.198654 5.100153e+04
736505 8.638097 9.290549 8.638097 9.198654 5.476921e+04
736508 9.207843 9.253790 8.987296 9.106759 5.274752e+04
736509 9.318116 9.501905 9.235411 9.354874 6.000720e+04
736510 9.354874 9.602990 9.290548 9.602990 1.929787e+04
736511 9.832727 9.887863 9.455959 9.501906 4.135259e+04
736512 9.648937 9.823537 9.612179 9.750021 4.732574e+04
736516 9.658127 9.832726 9.520285 9.566232 4.190396e+04
736517 9.465147 9.630558 9.373253 9.520284 2.968197e+04
736518 9.446769 9.630558 9.391632 9.630558 2.444397e+04
736519 9.860294 9.860294 9.492716 9.557042 4.162827e+04
736522 9.557042 9.639748 9.226222 9.391632 5.973151e+04
736523 9.465148 9.465148 9.281359 9.308927 1.957356e+04
736524 9.272168 9.400821 9.207842 9.327305 2.692513e+04
736525 9.235412 9.400822 9.198654 9.281359 3.712544e+04
736526 9.217033 9.281359 9.198654 9.226222 2.324934e+04
736529 9.217031 9.336494 9.207842 9.327305 2.242229e+04
736530 9.253790 9.455959 9.235411 9.345685 2.444397e+04
736531 9.308927 9.345685 9.262980 9.345685 1.893030e+04
736532 9.327306 9.364063 9.308927 9.336495 7.167782e+03
736533 9.308926 9.400821 9.308926 9.400821 1.608156e+04
736536 9.336495 9.391632 9.336495 9.391632 8.362412e+03
736537 9.354874 9.410011 9.143517 9.226222 8.132676e+04
736538 9.152706 9.253790 9.014864 9.226222 5.054205e+04
736539 9.134327 9.290547 9.097569 9.262979 2.545481e+04
736540 9.207843 9.318117 9.171086 9.318117 1.773567e+04
736543 9.253790 9.318116 9.180274 9.262979 2.288176e+04
736544 9.226221 9.318116 9.198653 9.217032 3.482807e+04
736545 9.180275 9.281359 9.106759 9.226222 2.811976e+04
736546 9.180275 9.281359 9.143517 9.161896 2.931439e+04
736547 9.143516 9.281358 9.125137 9.235411 4.107690e+04
736550 9.327306 9.465147 9.308927 9.455958 5.669899e+04
736551 9.455959 9.823537 9.455959 9.740832 6.699119e+04
736552 9.694884 9.777589 9.612179 9.713263 4.778521e+04
736553 9.759211 9.970568 9.630558 9.887863 3.611459e+04
736554 9.841916 10.108411 9.768401 9.970569 8.674855e+04
736557 10.071652 10.071652 9.814347 9.924621 3.813628e+04
736558 9.924621 10.007326 9.887863 9.924621 1.654103e+04
736559 9.869484 9.878673 9.658126 9.731642 7.535360e+04
736560 9.667316 9.961379 9.667316 9.786779 2.563860e+04
736561 9.685695 9.814348 9.685695 9.814348 1.580588e+04
736564 9.704074 9.795968 9.676505 9.768400 1.598967e+04
736565 9.777590 9.998137 9.777590 9.933811 3.262260e+04
736566 9.906241 9.970567 9.805157 9.823536 4.668247e+04
736567 9.759211 10.062463 9.722453 10.062463 3.969848e+04
736568 10.007326 10.062463 9.924621 9.998137 3.170365e+04
736571 9.943001 9.988948 9.869485 9.970569 2.701703e+04
736572 9.897052 10.062463 9.869484 9.952189 4.126069e+04
736573 9.906242 10.062463 9.897053 10.034895 2.609808e+04
736574 10.080842 10.108410 10.007326 10.099221 3.648217e+04
736575 10.062463 10.319768 10.062463 10.145168 7.673202e+04
736579 10.237063 10.384094 10.163547 10.301389 7.673202e+04
736580 10.328957 10.448420 10.292200 10.439231 7.443466e+04
736581 10.363584 10.628347 10.306849 10.505421 5.021043e+04
736582 10.382496 10.382496 10.165012 10.165012 3.158246e+04
736585 10.108277 10.155556 9.890793 10.146100 5.560025e+04
736586 10.070453 10.117732 9.730043 9.796234 4.491517e+04
736587 9.758411 9.900248 9.644941 9.654397 4.822471e+04
736588 9.767867 9.796234 9.692220 9.767867 1.494020e+04
736589 9.654398 9.767867 9.626030 9.739500 2.874571e+04
736592 9.786778 9.928616 9.786778 9.909704 1.191434e+04
736593 9.938073 10.155557 9.900249 10.023175 2.411235e+04
736594 10.013719 10.269026 10.013719 10.221747 2.836748e+04
736595 10.193379 10.373040 10.098821 10.212291 3.139334e+04
736596 10.155556 10.458143 10.060998 10.439231 3.129878e+04
736599 10.297394 10.373041 10.127189 10.297394 4.311856e+04
736600 10.363585 10.524334 10.278483 10.420320 3.205525e+04
736601 10.439232 10.439232 10.174468 10.250115 1.172522e+04
736602 10.250114 10.467598 10.117733 10.212291 2.184296e+04
736603 10.401408 10.495966 10.297394 10.335217 4.075461e+04
736606 10.382496 10.382496 10.165012 10.278482 2.411235e+04
736607 10.221747 10.391951 10.136644 10.363584 2.836747e+04
736608 10.316306 10.335217 10.240659 10.250115 1.087420e+04
736609 10.174467 10.193379 10.117733 10.146100 9.266708e+03
736610 10.108277 10.193379 9.947528 10.042086 2.751645e+04
736613 10.023174 10.202835 10.023174 10.202835 3.139334e+04
736614 10.127189 10.127189 9.881337 9.956984 1.702049e+04
736615 9.919161 10.079910 9.909705 9.975896 1.758784e+04
736616 9.881337 10.079910 9.871882 9.900249 2.137016e+04
736617 9.909705 10.089366 9.871882 9.900249 2.477426e+04
736620 9.900249 9.985352 9.796235 9.815147 3.498655e+04
736621 9.871882 9.909705 9.739500 9.815147 1.295448e+04
736622 9.786778 9.938071 9.786778 9.909704 3.716139e+04
736623 9.862426 9.938072 9.777323 9.843514 8.037451e+03
736624 9.871881 10.023174 9.862425 9.928616 1.664225e+04
736627 10.042086 10.108277 9.975896 10.060998 1.966812e+04
736628 10.117733 10.146100 10.051542 10.146100 2.165384e+04
736629 10.098821 10.136644 10.042086 10.108277 9.644942e+03
736630 10.117733 10.183924 10.098821 10.108277 1.390006e+04
736631 10.108277 10.108277 9.711133 9.862426 3.035320e+04
736634 9.824602 9.834058 9.777323 9.786779 1.437285e+04
736635 9.786779 9.834058 9.711133 9.739500 1.957356e+04
736636 9.692220 9.692220 9.578751 9.607118 4.425326e+04
736637 9.578751 9.597663 9.503105 9.540928 2.515250e+04
736638 9.493648 9.786779 9.465281 9.503104 4.510428e+04
736641 9.607118 9.796234 9.550383 9.635485 2.439603e+04
736642 9.588206 9.663853 9.588206 9.607118 1.200890e+04
736643 9.503104 9.720588 9.455825 9.654397 6.931119e+04
736644 9.616574 9.692221 9.550384 9.578751 5.720774e+04
736645 9.550383 9.616574 9.550383 9.559839 9.644941e+03
736648 9.550383 9.616574 9.399090 9.399090 3.224436e+04
736649 9.361267 9.427458 9.361267 9.380179 3.716139e+04
736650 9.342355 9.484193 9.276164 9.295076 3.668860e+04
736651 9.351811 9.493649 8.992490 9.143783 1.312469e+05
736652 9.115415 9.418002 9.115415 9.181606 3.999814e+04
736655 9.200518 9.559839 9.200518 9.455825 2.798924e+04
736656 9.418001 9.834057 9.418001 9.796234 4.699545e+04
736657 9.758412 9.786779 9.635486 9.739500 1.654769e+04
736659 9.692221 9.786780 9.682766 9.711133 3.404097e+03
736662 9.711132 9.994807 9.711132 9.843514 2.940762e+04
736663 9.834058 9.975896 9.711133 9.966440 3.895800e+04
736664 9.919161 10.013719 9.767868 9.815147 3.574302e+04
736665 9.824602 9.843514 9.616574 9.673309 2.666543e+04
736666 9.682764 9.824602 9.503104 9.644941 2.865115e+04
736669 9.739500 9.748956 9.607119 9.692221 2.628719e+04
736670 9.626030 9.739500 9.569295 9.739500 2.467970e+04
736671 9.692221 9.852970 9.607119 9.805691 4.113284e+04
736672 9.815448 9.815448 9.610553 9.727636 4.010089e+04
736673 9.708122 9.805691 9.581282 9.795934 2.507525e+04
736676 9.795934 9.795934 9.659338 9.727636 1.356210e+04
736677 9.708121 9.854475 9.669094 9.834961 3.746652e+04
736678 9.766662 9.776419 9.522740 9.581281 6.146850e+04
736679 9.512983 9.600795 9.444685 9.503226 4.966265e+04
736680 9.503227 9.610553 9.395901 9.464199 3.610055e+04
736683 9.415414 9.532497 9.415414 9.464199 3.561271e+04
736684 9.532497 9.571524 9.464198 9.512983 3.522243e+04
736685 9.542254 9.659337 9.483712 9.620309 2.897801e+04
736686 9.678851 9.795934 9.610553 9.795934 3.044155e+04
736687 9.756906 9.825204 9.600795 9.630066 1.570862e+04
736691 9.727635 9.913017 9.698365 9.873989 3.668597e+04
736692 9.795934 9.844718 9.649580 9.669094 4.595503e+04
736693 9.610553 9.756906 9.571525 9.571525 3.824707e+04
736694 9.717878 9.854475 9.483712 9.493469 6.449315e+04
736698 9.581282 9.737393 9.532498 9.727636 2.497768e+04
736699 9.756906 9.766663 9.630066 9.747149 1.970895e+04
736700 9.678851 9.834961 9.620309 9.630066 4.234497e+04
736701 9.688607 9.805690 9.630066 9.786176 3.063668e+04
736704 9.756907 9.844719 9.610553 9.727636 1.229370e+04
736705 9.708122 9.805691 9.600796 9.795934 4.039359e+04
736706 9.737392 9.873989 9.639823 9.873989 3.805193e+04
736707 9.854475 9.854475 9.708122 9.776420 1.248884e+04
736708 9.727635 9.873989 9.717878 9.854475 1.892840e+04
736712 9.825204 9.913017 9.717878 9.864232 3.571028e+04
736713 9.825205 9.854475 9.708122 9.795934 2.146519e+04
736714 9.747148 9.786176 9.737391 9.786176 3.063668e+04
736715 9.756906 9.795934 9.688608 9.688608 3.551514e+04
736718 9.659337 9.698365 9.659337 9.688608 2.000166e+04
736719 9.688608 9.737392 9.639823 9.639823 5.141889e+04
736720 9.708121 9.776419 9.610552 9.620309 3.610055e+04
736721 9.620309 9.669094 9.386143 9.415414 5.922442e+04
736722 9.425171 9.659337 9.425171 9.571525 3.405160e+04
736725 9.571525 9.698365 9.493470 9.552011 2.878287e+04
736726 9.581283 9.766664 9.493470 9.532498 6.800564e+04
736727 9.581281 9.669094 9.425171 9.425171 7.678685e+04
736728 9.425172 9.542255 9.425172 9.522741 3.063669e+04
736729 9.483712 9.669093 9.454441 9.581281 2.078221e+04
736732 9.522740 9.727635 9.512983 9.630066 5.980983e+04
736733 9.600796 9.776420 9.600796 9.756906 4.585746e+04
736734 9.717878 9.805691 9.659337 9.756906 3.697867e+04
736735 9.805691 9.844719 9.756906 9.795934 5.629735e+04
736736 9.873989 9.873989 9.708121 9.834961 7.522574e+04
736739 9.873988 9.873988 9.756905 9.786176 3.092939e+04
736740 9.737392 9.805691 9.737392 9.766663 2.800232e+04
736741 9.737393 9.864232 9.737393 9.805691 3.746652e+04
736742 9.756906 9.854475 9.756906 9.854475 1.570862e+04
736743 9.864232 9.873989 9.844718 9.854475 3.366133e+04
736747 9.805690 9.873989 9.786177 9.844718 4.078387e+04
736748 9.815447 9.903259 9.776420 9.844718 4.293039e+04
736749 9.864231 9.942287 9.795933 9.903259 3.278320e+04
736750 9.269061 9.395901 8.976354 9.259304 2.447032e+05
736753 9.181248 9.249547 8.839757 8.917812 2.059683e+05
736754 8.878784 9.015381 8.790972 8.966596 1.117166e+05
736755 9.142220 9.142220 8.878784 8.976353 1.334745e+05
736756 8.898299 9.005625 8.820244 8.878785 6.312719e+04
736757 8.830000 8.917812 8.732431 8.917812 4.771127e+04
736760 8.878785 8.908056 8.742188 8.878785 3.883249e+04
736761 8.830000 8.995867 8.800729 8.908055 6.068795e+04
736762 8.966597 8.966597 8.830000 8.830000 4.312552e+04
736763 8.980000 9.010000 8.620000 8.690000 1.003000e+05
736764 8.810000 8.810000 8.690000 8.790000 5.180000e+04
