736034 46.855046 47.221932 46.855046 47.077107 1.187548e+04
736035 47.260552 48.013630 47.260552 48.013630 5.503271e+03
736036 47.830189 47.839842 47.395720 47.646744 1.197203e+04
736039 47.781916 48.390169 47.781916 48.322585 1.187548e+04
736040 48.293621 48.312931 48.023286 48.264658 4.248139e+03
736041 48.013630 48.631541 47.878462 48.390169 7.337695e+03
736042 48.467409 48.467409 47.955699 48.081213 7.627341e+03
736043 48.351553 48.650850 48.216382 48.534993 1.197203e+04
736046 48.679813 48.959805 48.621887 48.621887 1.139274e+04
736047 48.592924 48.592924 48.245348 48.312932 2.317167e+03
736048 48.369153 48.369153 47.680932 47.680932 4.342561e+04
736049 47.419214 47.700318 47.361057 47.651853 9.208556e+03
736050 47.525841 47.584001 47.361058 47.496762 3.024284e+04
736053 47.642161 48.233444 47.642161 48.126822 1.890177e+04
736054 47.962036 48.058970 47.642162 47.971731 3.799741e+04
736055 47.584001 47.952345 47.584001 47.787558 2.617169e+03
736056 47.836022 48.126822 47.836022 48.107435 1.240732e+04
736060 47.758479 48.417618 47.671240 48.223753 9.596285e+03
736061 48.126823 48.291606 48.000809 48.000809 2.384531e+04
736062 48.068662 48.252832 48.020197 48.175288 1.347357e+04
736063 48.146205 48.475775 48.136514 48.446697 4.071151e+03
736064 48.407923 48.437004 48.272218 48.291605 4.943540e+03
736067 48.214061 48.708413 48.214061 48.611483 1.948337e+04
736068 48.533936 48.621175 48.262527 48.475775 1.822325e+04
736069 48.766574 48.979823 48.708413 48.776266 1.696313e+04
736070 48.630866 48.853814 48.582401 48.815040 7.754573e+03
736071 48.601787 48.601787 47.932957 48.097740 7.172980e+03
736074 48.301300 48.495162 48.291605 48.378844 5.912862e+03
736075 48.495163 48.495163 47.787558 47.797253 1.996803e+04
736076 47.836022 47.952344 47.457988 47.952344 6.009794e+03
736077 47.923262 48.175287 47.865104 48.126822 4.032378e+04
736078 48.301301 48.301301 47.932958 48.117127 1.124413e+04
736081 48.310993 48.310993 47.748784 47.748784 1.579994e+04
736082 47.758479 48.136514 47.642162 48.078353 1.647847e+04
736083 48.010502 48.204367 47.942649 48.155901 6.397523e+03
736084 48.097740 48.097740 47.467683 47.487070 1.086610e+05
736085 47.826331 48.126823 47.826331 48.039583 1.483062e+04
736088 48.243139 48.340070 48.136513 48.301300 1.095333e+04
736089 48.136514 48.349766 48.058970 48.088049 1.005187e+05
736090 47.962036 47.962036 47.768171 47.952344 3.101829e+03
736091 47.962036 48.543631 47.855410 48.310992 7.948438e+03
736092 48.563014 48.659949 48.563014 48.621175 6.688320e+03
736095 48.504857 48.785962 48.504857 48.708414 1.052683e+05
736096 48.553323 48.553323 48.340071 48.427310 7.076048e+03
736097 48.417619 48.475775 48.214062 48.320684 2.471770e+04
736098 48.572709 48.737492 48.495162 48.737492 2.103428e+04
736099 48.844118 48.844118 48.291605 48.407923 5.185871e+04
736102 48.330380 48.834427 48.330380 48.834427 8.626963e+03
736103 48.950744 49.076757 48.844118 49.028292 6.882184e+03
736104 49.057371 49.163997 49.008905 49.086449 4.265015e+03
736105 49.086448 49.154301 48.979823 48.979823 1.337664e+04
736106 49.047675 49.047675 48.785962 48.805345 5.815930e+03
736110 48.689027 48.689027 48.126822 48.214061 9.499352e+03
736111 48.437005 48.611483 48.301300 48.592096 2.268213e+04
736112 48.533936 48.563014 48.320684 48.563014 1.744779e+03
736113 48.533937 48.533937 48.097741 48.281914 4.749676e+03
736116 48.369154 48.369154 48.078353 48.155901 6.397523e+03
736117 48.136514 48.621175 48.136514 48.456392 3.751275e+04
736118 48.659949 49.115527 48.659949 49.115527 1.667233e+04
736119 48.931359 49.047675 48.640562 48.640562 4.265015e+03
736120 48.921666 49.105836 48.689028 48.727801 2.723794e+04
736123 48.640561 48.718105 48.359457 48.359457 4.458880e+03
736124 48.388536 48.640562 48.214062 48.437005 1.269811e+04
736125 48.882892 49.629270 48.882892 49.609883 2.016189e+04
736126 49.619575 49.958840 49.619575 49.890987 3.954832e+04
736127 49.852213 49.852213 49.551722 49.716509 1.386130e+04
736130 49.406327 49.774666 49.096145 49.532336 1.424903e+04
736131 49.367552 50.007304 49.367552 49.861905 5.912862e+03
736132 50.094544 50.094544 49.745588 49.745588 5.370042e+04
736133 49.968530 50.404726 49.968530 50.269022 1.269811e+04
736134 50.288409 50.288409 49.920066 49.920066 3.673729e+04
736137 50.201171 50.404727 50.201171 50.298101 3.256921e+04
736138 50.375648 50.647057 50.346567 50.501657 4.139004e+04
736139 50.500685 50.500685 50.160385 50.160385 2.216819e+04
736140 50.277059 50.277059 49.752022 49.752022 8.847829e+03
736141 49.956204 50.140938 49.956204 50.063157 6.028191e+03
736144 49.761746 49.761746 48.808904 48.808904 3.393288e+04
736145 49.178374 49.314494 48.867238 49.129757 8.458913e+03
736146 50.539577 50.675696 50.072878 50.267337 4.073890e+04
736147 50.228445 50.354844 50.043711 50.160385 1.487602e+04
736151 49.752021 50.111771 49.508949 50.043711 2.333493e+04
736152 49.849252 50.286783 49.343662 50.267337 1.701506e+04
736153 49.722853 49.878419 49.382554 49.450614 8.847829e+03
736154 49.936759 50.131217 49.703408 49.858974 2.819638e+03
736155 50.364564 50.549302 50.140939 50.471517 6.562950e+04
736158 50.802096 50.957662 50.734036 50.899323 7.457456e+04
736159 50.831262 51.045167 50.753481 51.025721 3.091879e+04
736160 51.035447 51.278519 50.967382 51.171566 2.207096e+04
736161 51.531313 51.531313 51.297961 51.492420 3.762758e+04
736162 51.531312 51.531312 51.122952 51.317407 2.109867e+04
736165 51.424358 51.424358 51.132673 51.191012 6.582396e+04
736166 51.191013 51.472973 51.045167 51.249347 3.957216e+04
736167 51.200734 51.482699 51.200734 51.385467 3.996107e+04
736168 51.521591 51.531312 51.152120 51.181287 2.187650e+04
736169 51.317407 51.628539 51.220180 51.356300 1.273698e+04
736172 51.142394 51.152120 50.802095 50.996554 6.728239e+04
736173 51.463253 51.463253 51.025723 51.336854 3.937770e+04
736174 51.229902 51.968844 51.229902 51.949397 3.004373e+04
736175 51.968843 52.017457 51.599372 51.988289 2.634903e+04
736176 51.978564 51.978564 51.638265 51.696599 1.876518e+04
736179 51.852170 51.988289 51.589651 51.910504 1.614000e+04
736180 51.793829 51.793829 51.239626 51.482698 2.002915e+04
736181 51.618819 51.793831 51.463252 51.492420 1.147301e+04
736182 51.774385 51.774385 51.220180 51.336854 1.409819e+04
736183 51.288239 51.356300 51.025721 51.152120 1.195915e+04
736186 51.579926 52.124409 51.579926 51.988289 2.294602e+04
736187 51.696599 51.706324 51.472974 51.609097 1.273698e+04
736188 51.278519 51.307686 50.510410 51.307686 4.005830e+04
736189 51.356300 51.716046 51.249347 51.531312 2.469614e+04
736190 51.541033 52.017456 51.541033 51.959118 2.440445e+04
736193 51.939672 52.192469 51.511867 52.017457 1.283421e+04
736194 51.891057 52.056349 51.852169 51.929950 1.876518e+04
736195 51.667432 52.211916 51.249348 51.579926 2.362662e+04
736196 50.996555 51.113228 50.452071 50.452071 1.964024e+04
736197 50.121492 50.121492 48.964470 48.983916 3.334951e+04
736200 48.556107 48.556107 28.303331 46.893494 2.769079e+05
736201 48.147747 48.770012 46.349011 46.485134 5.794842e+04
736202 47.321299 47.651878 46.572641 47.612989 3.286337e+04
736203 48.138022 48.906131 48.031074 48.808904 4.978119e+04
736204 48.692230 48.731119 48.419986 48.614445 1.361204e+04
736207 48.497771 48.536660 48.254699 48.517218 1.623722e+04
736208 47.554650 47.690770 46.961553 47.156012 9.421480e+04
736209 47.671324 47.671324 47.156012 47.642156 1.400096e+04
736210 47.875507 48.293588 47.836615 48.001902 6.708793e+03
736211 47.272686 47.350471 46.951833 47.175458 9.042287e+03
736215 47.904674 48.108855 47.583818 48.099133 2.916867e+04
736216 48.351927 48.633891 47.642156 47.642156 5.707336e+04
736217 47.564371 48.040794 47.467144 47.797722 3.432180e+04
736218 47.564371 47.933842 47.486590 47.933842 3.811373e+04
736221 47.739384 47.836616 47.681050 47.739384 4.375300e+03
736222 47.836615 48.478326 47.836615 48.390819 1.234807e+04
736223 48.351928 48.643614 48.351928 48.633892 2.382108e+04
736224 48.575552 48.828349 48.040794 48.079687 2.887698e+04
736225 47.360192 47.583818 47.156012 47.175458 1.195915e+04
736228 47.408806 47.856062 47.408806 47.739384 8.750600e+03
736229 47.233797 47.233797 47.010166 47.107398 7.292167e+03
736230 47.311579 47.447698 47.136567 47.292132 3.344674e+04
736231 46.864327 47.204626 46.767095 47.204626 1.983469e+04
736232 47.652930 47.994771 47.652930 47.672464 6.250845e+03
736235 47.506424 47.506424 46.656700 46.715304 8.106565e+03
736236 46.773902 47.027846 46.490660 47.027846 6.797794e+04
736237 47.408756 47.535724 47.076680 47.467355 2.851948e+04
736238 47.584561 47.584561 46.910640 47.369687 9.766946e+03
736239 46.510194 47.477124 46.363692 47.477124 4.297456e+04
736242 47.750597 48.356147 47.750597 48.317082 2.207330e+04
736243 48.190111 48.365916 48.014306 48.131508 2.304999e+04
736244 48.346381 48.678457 48.278013 48.571021 1.103665e+04
736245 48.541721 49.108202 48.522186 49.108202 1.308771e+04
736246 49.137506 49.157041 48.815196 48.951932 1.250169e+04
736249 48.971465 49.157040 48.854262 49.108202 9.278598e+03
736250 48.912867 49.205874 48.824964 48.873798 4.121651e+04
736251 48.776126 48.776126 48.297548 48.297548 7.813557e+03
736252 48.561255 49.196105 48.492888 49.196105 4.580698e+04
736253 49.274243 49.577015 49.235174 49.577015 4.033749e+04
736256 49.410979 49.694221 49.362145 49.694221 9.669276e+03
736257 49.811424 50.211869 49.811424 50.133735 2.539406e+04
736258 50.241168 50.504875 50.036063 50.036063 1.631080e+04
736259 50.377909 50.856488 50.377909 50.641613 2.578474e+04
736260 50.915090 51.071361 50.719750 51.022527 1.181800e+04
736263 51.042057 51.100661 50.846721 50.924855 7.315442e+04
736264 50.622082 50.622082 50.250937 50.329071 2.666376e+04
736265 50.651382 51.676910 50.651382 51.676910 8.829319e+04
736266 51.549940 51.764813 51.462037 51.647611 1.611546e+04
736267 51.364369 51.540174 51.100661 51.120195 3.066821e+04
736270 51.120195 51.667146 51.120195 51.608542 3.105889e+04
736271 51.276466 51.364368 51.139729 51.227632 1.386906e+04
736272 51.247166 51.247166 50.827187 50.905321 4.004448e+04
736273 50.915090 51.198329 50.827188 51.169029 6.250845e+03
736274 51.813647 51.842950 51.501105 51.715979 1.397650e+05
736277 51.745279 51.755048 51.042057 51.188563 2.558940e+04
736278 51.120194 51.413202 51.110429 51.383903 8.985590e+03
736279 51.462036 51.530404 51.247165 51.266700 7.032201e+03
736280 51.042057 51.042057 50.397439 50.397439 2.871482e+04
736281 50.299771 50.475576 50.182568 50.211868 4.395126e+03
736284 50.143500 50.778353 50.133735 50.778353 5.860167e+03
736285 50.963923 51.276466 50.778353 50.846721 5.762498e+03
736286 50.963924 51.647611 50.963924 51.598777 2.500338e+04
736287 51.569474 51.647611 51.510875 51.540174 4.395126e+03
736288 51.745279 51.921084 51.745279 51.803882 2.617541e+04
736291 51.950384 52.048056 51.745279 51.794113 1.611546e+04
736292 51.481571 51.901549 51.471806 51.794113 6.807561e+04
736293 51.979686 51.979686 51.589007 51.667145 4.981142e+03
736295 51.706211 51.882016 51.628077 51.852716 1.250169e+04
736298 51.715979 52.048055 51.657375 51.833181 2.930084e+04
736299 51.989453 52.331298 51.989453 52.311763 5.430422e+04
736300 52.360598 52.370363 51.813647 51.813647 6.221545e+04
736301 51.813647 51.813647 50.895556 51.002992 1.611546e+04
736302 51.227631 52.184791 51.227631 52.155492 6.543854e+03
736305 52.048055 52.126189 51.549939 51.667145 1.699449e+04
736306 51.315535 51.481571 51.032292 51.276466 1.943622e+04
736307 51.325300 51.452271 50.446278 50.553710 6.348515e+03
736308 50.553709 50.739284 50.446277 50.446277 6.651290e+04
736309 49.811424 49.938395 49.235174 49.274243 1.621313e+04
736312 49.362145 49.674687 48.834729 49.020300 5.791799e+04
736313 49.567250 50.084897 49.567250 49.977460 8.106565e+03
736314 50.407209 50.602548 49.909092 50.553710 1.679915e+04
736315 50.592778 50.680681 49.713756 49.713756 5.547625e+04
736316 49.518416 49.518416 48.717526 48.785895 4.492795e+03
736319 49.069137 49.196105 48.785895 49.108202 1.201334e+04
736320 49.303543 49.938395 49.186340 49.821189 1.084131e+04
736321 50.016529 50.338840 50.016529 50.338840 1.631080e+04
736322 50.303505 50.548888 50.303505 50.548888 1.668604e+03
736326 50.401656 50.480180 50.097384 50.470363 5.437686e+04
736327 50.715747 51.039654 50.715747 51.010209 3.847605e+04
736328 51.029839 51.069098 50.686300 50.735377 2.974041e+04
736329 50.548887 50.686301 50.205353 50.205353 4.210771e+04
736333 49.125666 49.194373 48.634900 48.841021 1.874726e+04
736334 49.204190 49.341604 49.135483 49.292528 6.772569e+03
736335 48.723238 48.723238 48.114689 48.261917 2.002325e+04
736336 47.515955 47.879120 47.113527 47.280385 1.069870e+04
736337 47.604292 47.604292 46.622760 46.622760 2.522537e+04
736340 46.789618 46.985926 46.171256 46.779805 1.226915e+04
736341 47.103713 47.113526 46.514791 47.015375 2.012140e+04
736342 47.584661 47.614105 46.073101 46.249777 2.355676e+04
736343 46.367564 46.995744 45.974950 46.701285 2.159370e+04
736344 45.523446 46.014212 45.199539 45.886612 6.271988e+04
736348 46.338116 46.465716 45.582336 45.945505 9.511043e+04
736349 45.140650 45.543078 44.178745 45.179908 1.043368e+05
736350 45.209356 45.729567 45.081756 45.356584 1.835464e+04
736351 45.749198 46.131995 45.690305 46.014212 9.010462e+04
736354 45.808087 45.906243 45.170094 45.179908 1.698050e+04
736355 45.415476 46.014211 45.415476 45.690304 5.751776e+04
736356 45.631416 46.269408 45.395846 45.395846 7.754101e+03
736357 45.827719 45.984763 45.425291 45.857167 1.531190e+04
736358 45.935688 46.927037 45.935688 46.927037 1.963064e+04
736361 46.691468 46.985926 46.377378 46.946668 1.776573e+04
736362 46.387191 46.387191 45.886612 46.043657 2.473460e+04
736363 46.171257 46.181070 44.973787 45.778642 2.277154e+04
736364 45.651042 45.886612 45.405659 45.621598 2.277154e+04
736365 45.651042 45.916057 45.307508 45.395846 4.102803e+04
736368 44.669510 44.816742 44.178744 44.630252 6.792200e+04
736369 43.962811 44.885449 43.962811 44.718590 1.609712e+04
736370 44.954156 45.346770 44.659697 44.659697 1.678419e+04
736371 43.697796 43.697796 43.207030 43.432782 4.426708e+04
736372 43.776317 45.013050 43.776317 44.924711 2.179001e+04
736376 45.464553 45.464553 45.042493 45.278063 1.236730e+04
736377 45.817905 46.269408 45.817905 46.131995 9.422705e+03
736378 46.092732 46.102550 45.896425 46.053470 7.655948e+03
736379 45.768829 45.974949 45.709936 45.965136 2.630505e+04
736382 46.308670 46.495160 46.181070 46.338115 1.030608e+04
736383 46.141808 46.141808 45.709935 45.788460 6.085497e+03
736384 45.258432 45.886612 45.013049 45.837536 1.374145e+04
736385 45.974950 46.465716 45.974950 46.465716 1.442852e+04
736386 46.652205 46.848512 46.446084 46.534422 2.493091e+04
736389 46.455902 46.455902 45.974949 46.004394 4.122434e+03
736390 46.269408 47.319647 46.259595 47.319647 2.463645e+04
736391 47.270571 47.574847 47.270571 47.574847 8.244867e+03
736392 47.506141 47.682816 47.466878 47.672999 1.354514e+04
736393 47.947827 47.947827 47.486510 47.771151 4.711353e+03
736396 47.565029 47.869305 47.555216 47.830044 8.244867e+03
736397 47.447247 47.594479 47.064451 47.349096 7.940592e+04
736398 47.574847 47.574847 47.192051 47.378540 1.050239e+04
736399 47.594479 47.879120 47.005557 47.447247 7.165182e+03
736400 47.908567 48.733055 47.908567 48.733055 1.138577e+04
736403 48.507300 48.605455 48.340441 48.546562 4.515046e+03
736404 48.124503 48.497486 48.085245 48.497486 6.870723e+03
736405 48.693794 48.831207 48.546562 48.791945 6.576263e+03
736406 48.683976 49.410311 48.654532 49.282711 8.931939e+03
736407 49.469205 49.704769 49.282711 49.596801 5.005812e+03
736410 49.704769 49.704769 49.312159 49.518280 4.711353e+03
736411 49.125665 49.596800 49.125665 49.400497 5.300272e+03
736412 49.373855 49.373855 49.018646 49.048246 7.301489e+03
736413 48.436501 48.485834 48.189829 48.485834 4.538764e+03
736417 48.574637 48.979178 48.574637 48.969313 1.006421e+04
736418 48.752241 48.900245 48.574637 48.900245 5.920126e+03
736419 49.038380 49.758661 49.038380 49.620526 3.038998e+04
736420 49.541589 49.620526 49.156782 49.235719 5.229445e+03
736421 49.038381 49.837595 48.880511 49.827730 7.498827e+03
736424 49.837595 49.886932 49.344251 49.354120 4.736101e+03
736425 49.028512 49.028512 48.643704 48.643704 6.808145e+03
736426 48.663438 48.890375 48.584505 48.742375 6.808145e+03
736427 48.485833 48.485833 47.943156 48.041824 6.216133e+03
736428 48.387168 48.653573 48.140496 48.199694 1.657635e+04
736431 48.406900 48.801573 48.406900 48.436500 1.963509e+04
736432 48.643703 49.097579 48.397032 49.077849 7.794833e+03
736433 49.334386 49.867199 49.334386 49.837595 9.472202e+03
736434 49.995465 50.054668 49.689594 49.807996 6.808145e+03
736435 49.877063 50.005333 49.699459 49.877063 1.124824e+04
736438 49.630391 50.104001 49.630391 50.104001 7.696164e+03
736439 50.232272 50.587479 50.232272 50.380276 6.018795e+03
736440 50.409875 50.834151 50.301340 50.686147 8.682852e+03
736441 50.419740 50.528277 49.788261 49.788261 2.131245e+04
736442 49.886932 50.271740 49.886932 50.271740 2.466719e+03
736445 50.182939 50.182939 49.689595 49.926397 3.413940e+04
736446 50.084266 50.350673 50.025068 50.350673 7.498827e+03
736447 50.291474 50.557880 50.291474 50.508543 4.933439e+03
736448 50.143470 50.163204 49.729063 49.729063 1.085356e+04
736449 49.620526 49.738927 49.413322 49.689594 1.381363e+04
736452 49.788262 50.340808 49.788262 50.321074 5.821458e+03
736453 49.729063 49.956000 49.482391 49.956000 3.552076e+03
736454 49.531724 49.531724 49.255449 49.462656 3.650745e+03
736455 49.521855 49.906666 49.521855 49.699459 5.328114e+03
736456 49.433053 49.778396 49.403454 49.738928 3.256069e+03
736459 49.788261 49.975735 49.679725 49.896798 7.005483e+03
736460 50.015200 50.666413 50.015200 50.666413 2.358184e+04
736461 50.755216 50.755216 50.242137 50.242137 6.699610e+04
736462 50.419741 50.567746 50.242137 50.567746 3.650745e+03
736463 50.400010 50.538145 50.163203 50.222406 2.762726e+03
736466 50.182939 50.498678 50.182939 50.478944 6.117464e+03
736467 50.222407 50.419741 49.926397 49.985600 8.682852e+03
736468 49.867199 50.942689 49.867199 50.913085 1.509632e+04
736469 50.676282 50.676282 50.311208 50.557880 3.256069e+03
736470 50.696015 51.278161 50.696015 50.962422 2.802193e+04
736473 50.863750 51.021620 50.755215 50.804552 2.417385e+04
736474 51.307761 51.692569 51.307761 51.584033 1.262960e+04
736475 51.662970 52.047777 51.662970 51.741903 3.177134e+04
736476 51.840574 51.840574 51.406428 51.514965 1.282694e+03
736477 51.672834 51.870173 51.613635 51.870173 4.933439e+03
736481 52.037912 52.037912 51.554433 51.791240 9.373533e+03
736482 51.218960 51.840574 51.218960 51.830705 7.498827e+03
736483 51.682704 51.751772 51.662970 51.751772 2.466719e+03
736484 51.288027 51.327495 50.824282 51.288027 2.851527e+04
736487 51.238693 51.574167 51.238693 51.495231 4.242757e+03
736488 51.475496 51.505100 51.366964 51.505100 1.233360e+04
736489 51.228824 51.465631 51.228824 51.386698 7.301489e+03
736490 51.001887 51.149892 50.972288 51.120292 4.242757e+03
736491 50.567746 50.676283 50.370408 50.498678 4.084887e+04
736494 50.291474 50.587480 50.005334 50.064537 1.243227e+04
736495 49.936267 49.936267 49.462656 49.659995 7.696164e+03
736496 49.778396 49.946131 49.452787 49.452787 1.105090e+04
736497 49.117314 49.679725 48.762105 49.650126 7.794833e+03
736498 49.699459 49.719193 49.334385 49.531724 6.709476e+03
736501 49.936266 50.459209 49.877063 49.886932 2.141112e+04
736502 50.081156 50.170339 49.863152 50.130701 7.927369e+03
736503 50.140608 50.477522 50.120794 50.140608 9.017382e+03
736504 50.596435 51.131529 50.596435 51.131529 7.828277e+03
736505 49.001051 49.546057 48.515498 48.565043 5.251882e+03
736508 48.029949 48.029949 46.821024 46.910207 3.577225e+04
736509 47.425486 48.069582 47.425486 48.039856 4.508691e+04
736510 48.396589 49.179417 48.376770 49.169506 1.139559e+04
736511 49.238870 50.190157 49.238870 50.170338 7.630093e+03
736512 50.140607 50.269429 50.140607 50.229791 1.387290e+04
736516 49.288419 49.377602 49.080323 49.288419 1.169287e+04
736517 49.090234 49.387509 48.961413 49.377602 4.954606e+03
736518 49.793787 49.793787 49.159598 49.377602 3.567316e+03
736519 49.783880 50.219883 49.783880 50.209972 1.040467e+04
736522 50.289248 50.536978 50.289248 50.437888 7.431909e+03
736523 50.745071 50.953163 50.626161 50.844165 5.945527e+03
736524 50.685618 50.814435 50.566704 50.685618 5.846435e+03
736525 51.260350 51.369351 51.230623 51.260350 1.526019e+04
736526 51.408989 51.408989 51.091895 51.151348 3.864592e+03
736529 51.260350 51.319806 51.111714 51.111714 8.521922e+03
736530 50.873891 51.002711 50.863983 50.982893 2.279119e+03
736531 51.091895 51.220713 51.062165 51.101803 7.927369e+03
736532 51.101803 51.101803 50.903618 50.992801 3.468224e+03
736533 51.002713 51.369353 51.002713 51.339626 1.189105e+04
736536 51.359445 51.379259 51.161259 51.280169 1.218833e+04
736537 51.359445 51.389172 51.171167 51.299988 4.260961e+03
736538 51.260351 51.349534 51.052258 51.210805 8.621014e+03
736539 51.022532 51.369352 51.022532 51.369352 3.270040e+03
736540 51.121622 51.121622 50.883799 50.883799 7.035540e+03
736543 50.745071 50.943256 50.566705 50.655888 8.323738e+03
736544 50.477522 50.655888 50.309067 50.467614 6.738264e+03
736545 50.645980 51.369352 50.645980 51.329714 6.936448e+03
736546 51.200893 51.200893 50.735163 50.764890 1.981842e+03
736547 51.002711 51.706264 51.002711 51.686446 1.555746e+04
736550 51.805356 51.944084 51.805356 51.894539 3.666408e+03
736551 51.874719 52.003541 51.825174 51.904450 5.945527e+03
736552 51.815268 51.815268 51.537807 51.547718 7.431909e+03
736553 51.706266 51.775630 51.666628 51.666628 3.270040e+03
736554 51.369353 51.408991 51.280170 51.379260 5.747343e+03
736557 51.389171 51.726084 51.389171 51.706265 9.611935e+03
736558 51.498173 51.726085 51.498173 51.557626 9.611935e+03
736559 51.567537 51.597264 51.359445 51.557626 6.341895e+03
736560 51.626990 51.696355 51.547718 51.666628 3.884411e+04
736561 51.438716 51.656720 51.379259 51.656720 4.360053e+03
736564 51.567537 51.646809 51.428809 51.646809 4.360053e+03
736565 51.844993 51.844993 51.626989 51.636901 3.121402e+04
736566 51.547718 51.735992 51.547718 51.646809 1.298107e+04
736567 51.557627 52.033268 51.557627 51.953996 1.228742e+04
736568 51.973814 52.360273 51.735991 52.053086 3.696136e+04
736571 52.429637 52.598096 52.429637 52.508913 1.119741e+04
736572 52.508913 52.895372 52.508913 52.865641 8.521922e+03
736573 52.855734 53.014281 52.528728 52.875553 2.893490e+04
736574 52.875553 53.014281 52.390000 52.637730 2.774579e+03
736575 52.984555 53.004374 52.766551 52.855734 4.260961e+03
736579 52.905279 52.905279 52.558458 52.816096 3.270040e+03
736580 52.647641 52.935005 52.647641 52.935005 3.369132e+03
736581 52.786368 52.875552 52.717005 52.717005 5.053698e+03
736582 52.528727 52.717005 52.102635 52.102635 1.426926e+04
736585 51.735992 52.637730 51.626989 52.637730 6.242803e+03
736586 52.053086 52.181907 51.904450 52.172000 3.567316e+03
736587 52.013452 52.221545 51.745903 51.815267 3.963685e+03
736588 51.696354 52.429637 51.696354 52.360273 5.549158e+03
736589 52.251272 52.251272 51.775630 51.835086 6.242803e+03
736592 51.953995 52.320635 51.924270 52.033267 1.288197e+03
736593 52.152181 52.221545 52.072905 52.201726 3.567316e+03
736594 52.003542 52.707095 52.003542 52.677368 6.044619e+03
736595 52.647640 52.954824 52.647640 52.954824 4.756421e+03
736596 52.746732 52.746732 52.508913 52.588185 1.684566e+03
736599 52.127328 52.147235 51.838675 51.888442 6.071734e+03
736600 51.978025 52.266679 51.978025 52.226867 1.791659e+03
736601 52.246775 52.724550 52.177096 52.724550 2.080315e+04
736602 52.644918 52.814132 52.007885 52.236819 5.275441e+03
736603 52.276634 52.794226 52.276634 52.634967 4.538870e+04
736606 52.445845 52.445845 52.157192 52.187051 2.587952e+03
736607 52.406033 52.455800 52.007884 52.455800 2.388879e+03
736608 52.933576 53.092834 52.913668 53.013203 8.361076e+03
736609 53.192370 53.252093 52.724550 52.923620 6.967564e+03
736610 52.595151 53.351627 52.595151 53.242141 5.474514e+03
736613 53.371536 53.630333 53.371536 53.520842 1.114810e+04
736614 53.371535 53.520841 52.993299 53.162509 5.673587e+03
736615 53.540749 53.670144 53.530794 53.610425 9.157369e+03
736616 53.112742 53.351627 52.804177 53.182417 1.015274e+04
736617 53.829408 53.829408 53.461119 53.550702 9.057833e+03
736620 53.431258 53.660192 53.431258 53.481026 1.184486e+04
736621 53.660193 53.690053 53.371535 53.381491 1.542818e+04
736622 53.441211 53.630333 53.391443 53.540750 2.996052e+04
736623 53.291908 53.291908 52.654875 52.734502 1.264115e+04
736624 52.555335 52.555335 52.216910 52.376169 7.465247e+03
736627 52.734502 52.764361 52.525475 52.585199 6.270807e+03
736628 52.525475 52.525475 52.356261 52.356261 7.166637e+03
736629 52.535427 52.814132 52.535427 52.784269 1.592586e+03
736630 52.714594 52.923620 52.704642 52.923620 1.493049e+03
736631 52.983344 53.072927 52.595151 52.634967 2.886562e+03
736634 52.843993 52.973392 52.814133 52.814133 7.564783e+03
736635 52.585199 52.585199 51.968069 52.356261 4.678221e+03
736636 52.246775 52.346309 52.017836 52.117376 1.144671e+04
736637 52.117376 52.386125 52.117376 52.187051 8.162003e+03
736638 52.157191 52.306493 51.838674 51.838674 8.361076e+03
736641 52.336358 52.774317 52.336358 52.774317 1.055088e+04
736642 52.704643 53.272001 52.585200 53.262045 4.976831e+03
736643 52.873852 54.755093 52.873852 54.585883 4.638407e+04
736644 55.063660 56.118749 55.063660 55.999302 2.617813e+04
736645 55.790275 56.377541 55.770368 56.347682 1.204393e+04
736648 57.014576 57.283325 56.775690 57.014576 3.682855e+04
736649 56.666199 56.915041 56.427311 56.915041 8.162003e+03
736650 56.477081 56.626383 56.287959 56.516893 1.682169e+04
736651 56.526848 57.044438 56.526848 57.024531 6.198145e+05
736652 57.173835 57.283325 56.905085 57.163882 1.258143e+05
736655 57.223606 57.442584 57.044439 57.323141 6.818259e+04
736656 57.611798 57.611798 57.193742 57.402768 4.946970e+04
736657 57.542121 57.890499 57.372907 57.761100 4.588638e+04
736659 58.029850 58.049759 57.721290 57.830776 2.528230e+04
736662 57.512258 57.761100 57.323140 57.343048 3.205079e+04
736663 57.462491 57.542122 57.353000 57.382864 1.005320e+04
736664 57.950223 57.950223 57.392817 57.502307 4.389565e+04
736665 57.880548 58.189109 57.731241 57.999990 1.104857e+04
736666 57.731240 57.800916 57.552074 57.591890 9.256906e+03
736669 57.950222 58.029849 57.721289 57.920359 2.110176e+04
736670 57.940267 58.418043 57.870591 58.408090 2.249528e+04
736671 58.497673 59.134707 58.477765 59.015264 3.006006e+04
736672 59.104847 59.801604 59.104847 59.562714 1.662262e+04
736673 59.532854 59.672206 59.353688 59.632390 3.682855e+04
736676 59.712021 59.712021 59.363640 59.632390 2.528230e+04
736677 59.921047 59.950907 59.463179 59.791648 2.986099e+04
736678 59.612481 60.050445 59.184474 59.413408 1.891196e+04
736679 59.463180 60.179841 59.463180 59.811556 1.761798e+04
736680 59.861323 59.861323 59.343733 59.453224 1.532864e+04
736683 59.493039 59.662250 59.204383 59.632390 4.130770e+04
736684 59.881232 60.130073 59.761789 59.930999 2.030547e+04
736685 59.919998 60.180000 59.790001 60.060001 2.362000e+05
736686 60.070000 60.070000 59.700001 59.889999 1.950000e+04
736687 59.959999 59.980000 59.790001 59.959999 5.800000e+03
736691 60.150002 60.150002 60.000000 60.000000 1.370000e+04
736692 60.230000 60.230000 59.520000 59.520000 1.640000e+04
736693 59.509998 59.660000 59.320000 59.400002 8.300000e+03
736694 59.470001 59.470001 59.310001 59.330002 2.990000e+04
736698 59.930000 59.950001 59.200001 59.439999 1.130000e+04
736699 59.580002 60.040001 59.580002 59.919998 2.250000e+04
736700 59.650002 59.799999 59.049999 59.349998 7.890000e+04
736701 59.480000 59.900002 59.480000 59.770000 6.500000e+03
736704 59.570000 59.980000 59.099998 59.099998 9.900000e+03
736705 59.180000 59.820000 59.180000 59.490002 8.400000e+03
736706 59.450001 59.770000 59.330002 59.669998 2.230000e+04
736707 59.520000 59.520000 58.660000 59.130001 2.460000e+04
736708 59.299999 59.790001 59.299999 59.410000 1.410000e+04
736712 59.070000 59.270000 58.919998 59.000000 1.970000e+04
736713 59.209999 59.599998 58.860001 59.599998 1.120000e+04
736714 59.680000 59.689999 59.049999 59.279999 5.900000e+03
736715 59.389999 59.840000 59.270000 59.480000 2.760000e+04
736718 59.369999 59.549999 59.070000 59.189999 2.260000e+04
736719 59.259998 59.750000 59.259998 59.560001 1.830000e+04
736720 59.919998 60.299999 59.919998 60.299999 1.910000e+04
736721 60.259998 60.500000 60.169998 60.330002 7.600000e+03
736722 60.220001 60.220001 59.990002 60.080002 1.640000e+04
736725 59.880001 59.880001 59.270000 59.630001 7.100000e+03
736726 59.520000 59.790001 59.099998 59.389999 7.800000e+03
736727 59.520000 59.840000 59.110001 59.299999 1.120000e+04
736728 58.950001 59.500000 58.830002 59.169998 3.240000e+04
736729 59.830002 59.840000 59.520000 59.740002 1.410000e+04
736732 59.480000 59.880001 59.480000 59.709999 1.610000e+04
736733 59.860001 59.860001 59.610001 59.610001 4.700000e+03
736734 59.990002 59.990002 59.209999 59.500000 9.000000e+03
736735 59.610001 60.209999 59.610001 60.180000 1.130000e+04
736736 60.240002 60.660000 60.240002 60.470001 2.770000e+04
736739 60.639999 61.189999 60.639999 61.000000 2.860000e+04
736740 60.980000 61.369999 60.980000 61.279999 2.360000e+04
736741 61.029999 61.090000 60.650002 61.090000 1.180000e+04
736742 60.970001 61.360001 60.919998 61.349998 1.290000e+04
736743 61.110001 61.119999 60.889999 61.119999 6.600000e+03
736747 61.389999 61.590000 61.360001 61.540001 8.400000e+03
736748 61.470001 61.650002 61.459999 61.639999 6.100000e+03
736749 61.770000 61.950001 61.599998 61.900002 8.100000e+03
736750 61.470001 61.660000 61.410000 61.599998 8.300000e+03
736753 61.580002 61.669998 61.450001 61.570000 5.700000e+03
736754 61.380001 61.529999 61.320000 61.490002 1.230000e+04
736755 62.220001 62.869999 62.220001 62.759998 2.500000e+04
736756 62.750000 62.750000 62.130001 62.130001 9.300000e+03
736757 62.139999 62.330002 61.980000 62.240002 8.600000e+03
736760 61.849998 61.970001 61.779999 61.840000 8.500000e+03
736761 61.689999 61.689999 61.400002 61.549999 9.600000e+03
736762 61.939999 62.009998 61.439999 61.439999 2.570000e+04
736763 61.750000 61.759998 61.439999 61.520000 1.720000e+04
736764 61.840000 61.840000 61.459999 61.669998 6.600000e+03
