736034 49.261000 49.261000 49.261000 49.261000 0.000000e+00
736035 49.261000 49.261000 49.261000 49.261000 0.000000e+00
736036 49.261000 49.261000 49.261000 49.261000 0.000000e+00
736039 49.261000 49.261000 49.261000 49.261000 0.000000e+00
736040 49.261000 49.261000 49.261000 49.261000 1.972807e+02
736041 49.261000 49.261000 49.261000 49.261000 3.945615e+02
736042 49.270866 49.270866 49.270866 49.270866 1.972807e+02
736043 49.270866 49.270866 49.270866 49.270866 0.000000e+00
736046 49.270866 49.300457 49.270866 49.270866 2.170088e+03
736047 49.270866 49.270866 49.270866 49.270866 0.000000e+00
736048 49.270866 49.270866 49.270866 49.270866 2.959211e+02
736049 49.339913 49.339913 49.261000 49.261000 4.833378e+03
736050 49.261000 49.261000 49.261000 49.261000 0.000000e+00
736053 49.261000 49.261000 49.261000 49.261000 0.000000e+00
736054 49.320185 49.339913 49.270866 49.270866 4.932019e+02
736055 49.291590 49.291590 49.291590 49.291590 0.000000e+00
736056 49.271854 49.271854 49.271854 49.271854 5.920912e+02
736060 49.360667 49.360667 49.360667 49.360667 1.085500e+03
736061 49.281720 49.291590 49.281720 49.291590 5.920912e+02
736062 49.291590 49.291590 49.291590 49.291590 0.000000e+00
736063 49.321194 49.321194 49.321194 49.321194 9.868186e+01
736064 49.271854 49.271854 49.271854 49.271854 1.973637e+02
736067 49.281720 49.281720 49.281720 49.281720 5.920912e+02
736068 49.340931 49.360667 49.321194 49.360667 1.973637e+03
736069 49.360667 49.360667 49.360667 49.360667 0.000000e+00
736070 49.360667 49.360667 49.360667 49.360667 0.000000e+00
736071 49.301457 49.301457 49.301457 49.301457 9.868186e+01
736074 49.301457 49.301457 49.301457 49.301457 0.000000e+00
736075 49.360667 49.360667 49.360667 49.360667 1.973637e+02
736076 49.360667 49.360667 49.360667 49.360667 0.000000e+00
736077 49.360667 49.360667 49.360667 49.360667 5.920912e+02
736078 49.360667 49.360667 49.360667 49.360667 0.000000e+00
736081 49.301457 49.301457 49.301457 49.301457 3.947274e+02
736082 49.311327 49.370534 49.311327 49.370534 3.256501e+03
736083 49.370534 49.370534 49.370534 49.370534 0.000000e+00
736084 49.370534 49.370534 49.370534 49.370534 0.000000e+00
736085 49.320188 49.320188 49.320188 49.320188 5.923161e+02
736088 49.320188 49.320188 49.320188 49.320188 0.000000e+00
736089 49.320188 49.320188 49.320188 49.320188 0.000000e+00
736090 49.320188 49.320188 49.320188 49.320188 0.000000e+00
736091 49.320188 49.320188 49.320188 49.320188 0.000000e+00
736092 49.359676 49.359676 49.359676 49.359676 9.871935e+01
736095 49.359676 49.359676 49.359676 49.359676 1.974387e+02
736096 49.359676 49.359676 49.359676 49.359676 0.000000e+00
736097 49.359676 49.359676 49.359676 49.359676 0.000000e+00
736098 49.359676 49.359676 49.359676 49.359676 0.000000e+00
736099 49.359676 49.359676 49.359676 49.359676 0.000000e+00
736102 49.359676 49.359676 49.359676 49.359676 0.000000e+00
736103 49.359676 49.359676 49.359676 49.359676 0.000000e+00
736104 49.359676 49.359676 49.359676 49.359676 0.000000e+00
736105 49.330062 49.330062 49.320188 49.320188 4.935968e+02
736106 49.320188 49.320188 49.320188 49.320188 0.000000e+00
736110 49.320188 49.320188 49.320188 49.320188 0.000000e+00
736111 49.320188 49.320188 49.320188 49.320188 0.000000e+00
736112 49.379420 49.379420 49.359676 49.359676 2.369264e+03
736113 49.389291 49.389291 49.389291 49.389291 1.925027e+04
736116 49.407067 49.407067 49.407067 49.407067 0.000000e+00
736117 49.318187 49.318187 49.318187 49.318187 9.875488e+02
736118 49.318187 49.318187 49.318187 49.318187 0.000000e+00
736119 49.318188 49.318188 49.308313 49.308313 3.950195e+02
736120 49.318187 49.318187 49.318187 49.318187 6.912842e+02
736123 49.318188 49.318188 49.308313 49.308313 3.851440e+03
736124 49.308313 49.308313 49.308313 49.308313 0.000000e+00
736125 49.318187 49.318187 49.318187 49.318187 5.925293e+02
736126 49.318187 49.318187 49.318187 49.318187 0.000000e+00
736127 49.318188 49.318188 49.308313 49.308313 7.900391e+02
736130 49.308313 49.308313 49.308313 49.308313 0.000000e+00
736131 49.308313 49.308313 49.308313 49.308313 0.000000e+00
736132 49.308313 49.357690 49.308313 49.357690 1.481323e+03
736133 49.367568 49.367568 49.367568 49.367568 3.950195e+02
736134 49.367568 49.367568 49.367568 49.367568 4.937744e+02
736137 49.367568 49.367568 49.367568 49.367568 3.950195e+02
736138 49.367568 49.367568 49.367568 49.367568 0.000000e+00
736139 49.367568 49.367568 49.347816 49.367568 2.567627e+03
736140 49.328065 49.357690 49.278688 49.357690 6.221558e+03
736141 49.347816 49.347816 49.347816 49.347816 9.875488e+02
736144 49.318187 49.318187 49.318187 49.318187 1.975098e+02
736145 49.318188 49.318188 49.308313 49.308313 1.580078e+03
736146 49.398217 49.398217 49.398217 49.398217 4.939822e+02
736147 49.408095 49.408095 49.408095 49.408095 1.975929e+02
736151 49.408095 49.408095 49.408095 49.408095 0.000000e+00
736152 49.398217 49.398217 49.398217 49.398217 1.975929e+02
736153 49.477255 49.477255 49.398216 49.427854 7.399853e+04
736154 49.417976 49.417976 49.417976 49.417976 1.284354e+03
736155 49.417976 49.417976 49.417976 49.417976 0.000000e+00
736158 49.417976 49.417976 49.417976 49.417976 0.000000e+00
736159 49.417976 49.417976 49.417976 49.417976 0.000000e+00
736160 49.398217 49.427855 49.388339 49.388339 7.212140e+03
736161 49.388339 49.388339 49.388339 49.388339 0.000000e+00
736162 49.388339 49.388339 49.388339 49.388339 0.000000e+00
736165 49.388339 49.388339 49.388339 49.388339 0.000000e+00
736166 49.388339 49.388339 49.329059 49.329059 9.879643e+02
736167 49.329059 49.329059 49.329059 49.329059 0.000000e+00
736168 49.447614 49.447614 49.437736 49.447614 1.185557e+03
736169 49.388339 49.388339 49.388339 49.388339 7.903715e+02
736172 49.358697 49.358697 49.358697 49.358697 9.879643e+01
736173 49.230265 49.250020 49.230265 49.250020 4.939822e+02
736174 49.250020 49.250020 49.250020 49.250020 0.000000e+00
736175 49.250020 49.250020 49.250020 49.250020 9.879643e+01
736176 49.250020 49.250020 49.250020 49.250020 9.879643e+01
736179 49.269788 49.269788 49.269788 49.269788 0.000000e+00
736180 49.299442 49.388394 49.299442 49.388394 2.965083e+02
736181 49.388394 49.388394 49.388394 49.388394 0.000000e+00
736182 49.388394 49.388394 49.388394 49.388394 0.000000e+00
736183 49.388394 49.388394 49.388394 49.388394 0.000000e+00
736186 49.388394 49.388394 49.388394 49.388394 0.000000e+00
736187 49.388394 49.388394 49.388394 49.388394 0.000000e+00
736188 49.388394 49.388394 49.388394 49.388394 0.000000e+00
736189 49.388394 49.388394 49.388394 49.388394 0.000000e+00
736190 49.388394 49.388394 49.388394 49.388394 0.000000e+00
736193 49.447694 49.447694 49.447694 49.447694 1.581377e+03
736194 49.447694 49.447694 49.447694 49.447694 0.000000e+00
736195 49.447694 49.447694 49.447694 49.447694 0.000000e+00
736196 49.447694 49.447694 49.447694 49.447694 0.000000e+00
736197 49.408162 49.408162 49.408162 49.408162 3.953443e+02
736200 49.408163 49.477347 49.309324 49.309324 4.941804e+02
736201 49.388395 49.477347 49.388395 49.477347 9.883609e+02
736202 49.378509 49.378509 49.378509 49.378509 4.052280e+03
736203 49.378509 49.378509 49.378509 49.378509 0.000000e+00
736204 49.378509 49.378509 49.378509 49.378509 0.000000e+00
736207 49.378509 49.378509 49.378509 49.378509 0.000000e+00
736208 49.379497 49.468487 49.379497 49.379497 1.384287e+03
736209 49.438825 49.438825 49.438825 49.438825 9.887765e+01
736210 49.379497 49.379497 49.379497 49.379497 1.285409e+03
736211 49.419049 49.419049 49.379497 49.379497 2.966329e+02
736215 49.379497 49.379497 49.379497 49.379497 0.000000e+00
736216 49.389387 49.389387 49.389387 49.389387 3.955106e+02
736217 49.448711 49.458601 49.448711 49.458601 3.955106e+02
736218 49.458601 49.458601 49.458601 49.458601 0.000000e+00
736221 49.458601 49.458601 49.458601 49.458601 0.000000e+00
736222 49.458601 49.458601 49.458601 49.458601 0.000000e+00
736223 49.458601 49.458601 49.458601 49.458601 0.000000e+00
736224 49.458601 49.458601 49.458601 49.458601 1.977553e+02
736225 49.379497 49.458600 49.379497 49.379497 1.878675e+03
736228 49.379497 49.379497 49.379497 49.379497 0.000000e+00
736229 49.379497 49.379497 49.379497 49.379497 0.000000e+00
736230 49.379497 49.379497 49.379497 49.379497 0.000000e+00
736231 49.379497 49.379497 49.379497 49.379497 0.000000e+00
736232 49.379497 49.379497 49.379497 49.379497 0.000000e+00
736235 49.379497 49.379497 49.379497 49.379497 0.000000e+00
736236 49.379497 49.379497 49.379497 49.379497 0.000000e+00
736237 49.379497 49.379497 49.379497 49.379497 0.000000e+00
736238 49.402251 49.402251 49.402251 49.402251 0.000000e+00
736239 49.402251 49.402251 49.402251 49.402251 0.000000e+00
736242 49.372575 49.372575 49.372575 49.372575 9.892321e+01
736243 49.372575 49.372575 49.372575 49.372575 0.000000e+00
736244 49.372575 49.372575 49.372575 49.372575 0.000000e+00
736245 49.372575 49.372575 49.372575 49.372575 0.000000e+00
736246 49.372575 49.372575 49.372575 49.372575 0.000000e+00
736249 49.372575 49.372575 49.372575 49.372575 0.000000e+00
736250 49.372575 49.372575 49.372575 49.372575 0.000000e+00
736251 49.372575 49.372575 49.372575 49.372575 0.000000e+00
736252 49.372575 49.372575 49.372575 49.372575 0.000000e+00
736253 49.372575 49.372575 49.372575 49.372575 0.000000e+00
736256 49.372575 49.372575 49.372575 49.372575 0.000000e+00
736257 49.372575 49.372575 49.372575 49.372575 0.000000e+00
736258 49.372575 49.372575 49.372575 49.372575 0.000000e+00
736259 49.362684 49.362684 49.362684 49.362684 9.892321e+01
736260 49.461606 49.461606 49.461606 49.461606 2.572004e+03
736263 49.461606 49.461606 49.461606 49.461606 0.000000e+00
736264 49.461606 49.461606 49.461606 49.461606 0.000000e+00
736265 49.461606 49.461606 49.461606 49.461606 0.000000e+00
736266 49.501176 49.501176 49.501176 49.501176 9.892321e+01
736267 49.471497 49.471497 49.471497 49.471497 6.430009e+03
736270 49.493269 49.493269 49.493269 49.493269 0.000000e+00
736271 49.493269 49.493269 49.394304 49.394304 1.880368e+03
736272 49.394304 49.394304 49.394304 49.394304 0.000000e+00
736273 49.374510 49.374510 49.374510 49.374510 9.896675e+01
736274 49.374510 49.374510 49.374510 49.374510 0.000000e+00
736277 49.374510 49.374510 49.374510 49.374510 0.000000e+00
736278 49.483374 49.483374 49.483374 49.483374 3.958670e+02
736279 49.483374 49.483374 49.483374 49.483374 9.896675e+01
736280 49.483374 49.483374 49.483374 49.483374 0.000000e+00
736281 49.483374 49.483374 49.483374 49.483374 0.000000e+00
736284 49.384409 49.384409 49.384409 49.384409 2.771069e+03
736285 49.433891 49.433891 49.433891 49.433891 3.958670e+02
736286 49.394304 49.394304 49.384409 49.384409 1.989232e+04
736287 49.404199 49.423993 49.394304 49.404199 3.463836e+04
736288 49.404199 49.404199 49.404199 49.404199 0.000000e+00
736291 49.404199 49.404199 49.404199 49.404199 0.000000e+00
736292 49.404199 49.404199 49.404199 49.404199 0.000000e+00
736293 49.404199 49.404199 49.404199 49.404199 0.000000e+00
736295 49.404199 49.404199 49.404199 49.404199 0.000000e+00
736298 49.404199 49.404199 49.404199 49.404199 0.000000e+00
736299 49.456676 49.456676 49.456676 49.456676 2.970371e+02
736300 49.456676 49.456676 49.456676 49.456676 0.000000e+00
736301 49.446773 49.446773 49.446773 49.446773 6.732841e+03
736302 49.446773 49.446773 49.446773 49.446773 0.000000e+00
736305 49.446773 49.446773 49.446773 49.446773 0.000000e+00
736306 49.446773 49.446773 49.446773 49.446773 0.000000e+00
736307 49.446773 49.446773 49.446773 49.446773 0.000000e+00
736308 49.446773 49.446773 49.446773 49.446773 0.000000e+00
736309 49.456676 49.456676 49.456676 49.456676 1.980247e+02
736312 49.456676 49.456676 49.456676 49.456676 0.000000e+00
736313 49.456676 49.456676 49.456676 49.456676 0.000000e+00
736314 49.456676 49.456676 49.456676 49.456676 0.000000e+00
736315 49.456676 49.456676 49.456676 49.456676 0.000000e+00
736316 49.436873 49.436873 49.387368 49.387368 7.524940e+03
736319 49.387368 49.387368 49.387368 49.387368 0.000000e+00
736320 49.426970 49.426970 49.426970 49.426970 7.920989e+02
736321 49.417070 49.456676 49.417070 49.456676 1.980247e+02
736322 49.501272 49.501272 49.501272 49.501272 0.000000e+00
736326 49.491360 49.491360 49.481451 49.491360 1.050477e+04
736327 49.491360 49.491360 49.491360 49.491360 0.000000e+00
736328 49.283247 49.283247 49.283247 49.283247 9.910164e+01
736329 49.283247 49.283247 49.283247 49.283247 0.000000e+00
736333 49.491360 49.491360 49.491360 49.491360 1.982033e+02
736334 49.491360 49.491360 49.491360 49.491360 0.000000e+00
736335 49.491360 49.491360 49.491360 49.491360 0.000000e+00
736336 49.402168 49.402168 49.402168 49.402168 1.387423e+03
736337 49.392260 49.392260 49.392260 49.392260 1.090118e+03
736340 49.392260 49.392260 49.392260 49.392260 0.000000e+00
736341 49.392260 49.392260 49.392260 49.392260 0.000000e+00
736342 49.392260 49.392260 49.392260 49.392260 0.000000e+00
736343 49.392260 49.392260 49.392260 49.392260 0.000000e+00
736344 49.392260 49.392260 49.392260 49.392260 0.000000e+00
736348 49.392260 49.392260 49.392260 49.392260 0.000000e+00
736349 49.352618 49.352618 49.233697 49.243606 1.288321e+03
736350 49.243606 49.243606 49.243606 49.243606 0.000000e+00
736351 49.243606 49.243606 49.243606 49.243606 0.000000e+00
736354 49.243606 49.243606 49.243606 49.243606 0.000000e+00
736355 49.243606 49.243606 49.243606 49.243606 0.000000e+00
736356 49.243606 49.243606 49.243606 49.243606 0.000000e+00
736357 49.303068 49.303068 49.303068 49.303068 1.982033e+02
736358 49.441809 49.451722 49.303068 49.303068 2.477541e+03
736361 49.327855 49.327855 49.327855 49.327855 0.000000e+00
736362 49.327855 49.327855 49.327855 49.327855 0.000000e+00
736363 49.327855 49.327855 49.327855 49.327855 0.000000e+00
736364 49.278280 49.278280 49.278280 49.278280 4.957573e+02
736365 49.278280 49.278280 49.278280 49.278280 0.000000e+00
736368 49.278280 49.278280 49.278280 49.278280 0.000000e+00
736369 49.278280 49.278280 49.278280 49.278280 0.000000e+00
736370 49.278280 49.278280 49.278280 49.278280 0.000000e+00
736371 49.278280 49.278280 49.278280 49.278280 0.000000e+00
736372 49.506328 49.506328 49.506328 49.506328 3.966059e+02
736376 49.506328 49.506328 49.506328 49.506328 0.000000e+00
736377 49.506328 49.506328 49.506328 49.506328 1.983029e+02
736378 49.506328 49.506328 49.317942 49.317942 2.974544e+02
736379 49.317942 49.317942 49.317942 49.317942 0.000000e+00
736382 49.317942 49.317942 49.317942 49.317942 0.000000e+00
736383 49.466667 49.466667 49.327856 49.337769 1.388121e+03
736384 49.466666 49.575734 49.466666 49.506328 3.990847e+05
736385 49.417092 49.486498 49.417092 49.486498 2.320144e+04
736386 49.486498 49.486498 49.486498 49.486498 0.000000e+00
736389 49.456753 49.466666 49.407178 49.407178 2.330059e+04
736390 49.397261 49.476584 49.397261 49.476584 3.966059e+02
736391 49.466666 49.476584 49.466666 49.476584 5.750785e+03
736392 49.476584 49.486497 49.476584 49.476584 1.685575e+03
736393 49.476584 49.664970 49.476584 49.516242 1.427781e+04
736396 49.476585 49.476585 49.436923 49.436923 5.155876e+03
736397 49.436923 49.436923 49.436923 49.436923 0.000000e+00
736398 49.427005 49.436923 49.427005 49.436923 2.478787e+03
736399 49.436923 49.436923 49.436923 49.436923 0.000000e+00
736400 49.516242 49.516242 49.516242 49.516242 1.090666e+03
736403 49.446836 49.446836 49.436923 49.446836 2.478787e+03
736404 49.496411 49.516242 49.486498 49.486498 2.478787e+03
736405 49.456753 49.456753 49.456753 49.456753 6.940603e+02
736406 49.456753 49.456753 49.456753 49.456753 0.000000e+00
736407 49.456753 49.456753 49.456753 49.456753 0.000000e+00
736410 49.496411 49.496411 49.496411 49.496411 9.915147e+01
736411 49.496411 49.506328 49.496411 49.496411 1.983029e+03
736412 49.496411 49.496411 49.496411 49.496411 9.915147e+01
736413 49.496411 49.496411 49.496411 49.496411 2.974544e+02
736417 49.496411 49.496411 49.496411 49.496411 0.000000e+00
736418 49.506327 49.555903 49.506327 49.555903 6.940603e+02
736419 49.526159 49.526159 49.526159 49.526159 1.983029e+03
736420 49.526159 49.526159 49.526159 49.526159 0.000000e+00
736421 49.555903 49.555903 49.555903 49.555903 9.915147e+01
736424 49.555903 49.555903 49.555903 49.555903 0.000000e+00
736425 49.555903 49.555903 49.555903 49.555903 0.000000e+00
736426 49.555903 49.555903 49.555903 49.555903 0.000000e+00
736427 49.526159 49.526159 49.526159 49.526159 3.966059e+02
736428 49.526159 49.526159 49.526159 49.526159 0.000000e+00
736431 49.486498 49.516242 49.486498 49.486498 9.915147e+02
736432 49.486498 49.486498 49.486498 49.486498 0.000000e+00
736433 49.486498 49.486498 49.486498 49.486498 0.000000e+00
736434 49.486498 49.486498 49.486498 49.486498 0.000000e+00
736435 49.486498 49.486498 49.486498 49.486498 0.000000e+00
736438 49.496411 49.496411 49.496411 49.496411 9.915147e+01
736439 49.496411 49.496411 49.496411 49.496411 0.000000e+00
736440 49.496411 49.496411 49.496411 49.496411 0.000000e+00
736441 49.496411 49.496411 49.486498 49.486498 1.100581e+04
736442 49.516242 49.565821 49.486498 49.496411 4.660119e+03
736445 49.496411 49.496411 49.496411 49.496411 0.000000e+00
736446 49.555904 49.555904 49.486498 49.496411 6.940603e+02
736447 49.496411 49.496411 49.496411 49.496411 9.915147e+01
736448 49.545990 49.575734 49.545990 49.575734 4.164362e+03
736449 49.536073 49.536073 49.536073 49.536073 9.915147e+01
736452 49.565836 49.565836 49.565836 49.565836 0.000000e+00
736453 49.565836 49.565836 49.565836 49.565836 0.000000e+00
736454 49.575759 49.575759 49.565836 49.565836 1.091321e+03
736455 49.565836 49.565836 49.565836 49.565836 0.000000e+00
736456 49.585679 49.585679 49.585679 49.585679 9.921104e+01
736459 49.595602 49.595602 49.595602 49.595602 9.921104e+01
736460 49.605522 49.605522 49.565837 49.605522 2.083432e+03
736461 49.605522 49.605522 49.605522 49.605522 9.921104e+01
736462 49.585679 49.585679 49.585679 49.585679 2.777909e+03
736463 49.595602 49.595602 49.595602 49.595602 9.921104e+01
736466 49.516231 49.575759 49.516231 49.516231 7.143195e+03
736467 49.516231 49.585679 49.516231 49.585679 7.936883e+02
736468 49.585679 49.585679 49.585679 49.585679 0.000000e+00
736469 49.605522 49.605522 49.605522 49.605522 9.921104e+01
736470 49.605522 49.605522 49.605522 49.605522 0.000000e+00
736473 49.605522 49.605522 49.605522 49.605522 0.000000e+00
736474 49.605522 49.605522 49.605522 49.605522 9.921104e+01
736475 49.605522 49.605522 49.605522 49.605522 0.000000e+00
736476 49.595603 49.605522 49.595603 49.605522 1.587377e+03
736477 49.605521 49.615440 49.595602 49.595602 1.488166e+03
736481 49.595602 49.595602 49.595602 49.595602 0.000000e+00
736482 49.566813 49.626379 49.566813 49.626379 7.941809e+02
736483 49.626379 49.626379 49.626379 49.626379 0.000000e+00
736484 49.626379 49.626379 49.626379 49.626379 0.000000e+00
736487 49.556884 49.556884 49.556884 49.556884 1.985452e+02
736488 49.616450 49.636304 49.616450 49.626379 5.956357e+02
736489 49.606524 49.606524 49.606524 49.606524 9.927261e+01
736490 49.556884 49.556884 49.556884 49.556884 1.786907e+04
736491 49.626378 49.626378 49.556883 49.576739 2.680360e+03
736494 49.576739 49.576739 49.576739 49.576739 0.000000e+00
736495 49.576739 49.576739 49.576739 49.576739 0.000000e+00
736496 49.576739 49.576739 49.576739 49.576739 0.000000e+00
736497 49.576739 49.576739 49.576739 49.576739 0.000000e+00
736498 49.556884 49.556884 49.556884 49.556884 1.290544e+03
736501 49.556884 49.556884 49.556884 49.556884 0.000000e+00
736502 49.556884 49.556884 49.556884 49.556884 0.000000e+00
736503 49.576739 49.576739 49.576739 49.576739 9.927261e+01
736504 49.576739 49.576739 49.576739 49.576739 0.000000e+00
736505 49.636304 49.636304 49.636304 49.636304 3.573814e+03
736508 49.586669 49.586669 49.586669 49.586669 4.963630e+02
736509 49.586669 49.586669 49.586669 49.586669 0.000000e+00
736510 49.586669 49.676014 49.576740 49.666085 7.346173e+03
736511 49.666085 49.676014 49.666085 49.676014 6.949083e+02
736512 49.669057 49.669057 49.669057 49.669057 1.986762e+03
736516 49.669057 49.669057 49.669057 49.669057 0.000000e+00
736517 49.669057 49.669057 49.669057 49.669057 0.000000e+00
736518 49.619389 49.619389 49.609453 49.619389 2.185439e+03
736519 49.619389 49.619389 49.619389 49.619389 0.000000e+00
736522 49.619389 49.619389 49.619389 49.619389 9.933811e+01
736523 49.669057 49.688925 49.669057 49.688925 4.966906e+02
736524 49.609453 49.609453 49.599520 49.609453 2.980143e+02
736525 49.609453 49.609453 49.609453 49.609453 0.000000e+00
736526 49.619389 49.619389 49.619389 49.619389 5.960287e+02
736529 49.619389 49.619389 49.619389 49.619389 0.000000e+00
736530 49.619389 49.619389 49.619389 49.619389 0.000000e+00
736531 49.669057 49.698857 49.669057 49.698857 2.185438e+03
736532 49.698857 49.698857 49.698857 49.698857 0.000000e+00
736533 49.768393 49.778330 49.678989 49.678989 7.947049e+02
736536 49.678989 49.678989 49.678989 49.678989 0.000000e+00
736537 49.678989 49.678989 49.678989 49.678989 9.933811e+01
736538 49.678989 49.708793 49.678989 49.708793 6.456977e+03
736539 49.708793 49.708793 49.708793 49.708793 0.000000e+00
736540 49.629321 49.629321 49.629321 49.629321 1.887424e+03
736543 49.665109 49.665109 49.665109 49.665109 0.000000e+00
736544 49.734695 49.734695 49.734695 49.734695 4.970487e+02
736545 49.704874 49.744639 49.704874 49.704874 1.789375e+03
736546 49.784403 49.784403 49.774460 49.774460 9.940975e+02
736547 49.774460 49.774460 49.774460 49.774460 0.000000e+00
736550 49.774460 49.774460 49.774460 49.774460 9.940975e+01
736551 49.704874 49.724756 49.704874 49.704874 4.771668e+03
736552 49.704874 49.704874 49.704874 49.704874 0.000000e+00
736553 49.665109 49.724756 49.665109 49.675052 2.584653e+03
736554 49.724755 49.724755 49.694934 49.694934 3.976390e+02
736557 49.694934 49.694934 49.694934 49.694934 9.940975e+01
736558 49.694934 49.694934 49.694934 49.694934 0.000000e+00
736559 49.734695 49.824164 49.734695 49.824164 2.684063e+03
736560 49.724755 49.774460 49.724755 49.774460 1.093507e+03
736561 49.774461 49.774461 49.764521 49.764521 6.958682e+02
736564 49.694934 49.694934 49.694934 49.694934 1.988195e+02
736565 49.784403 49.784403 49.684991 49.684991 1.689966e+03
736566 49.784403 49.784403 49.784403 49.784403 1.988195e+02
736567 49.784403 49.784403 49.784403 49.784403 0.000000e+00
736568 49.784403 49.784403 49.784403 49.784403 0.000000e+00
736571 49.784403 49.784403 49.784403 49.784403 9.940975e+01
736572 49.784403 49.784403 49.784403 49.784403 0.000000e+00
736573 49.784403 49.794342 49.774460 49.774460 1.494128e+05
736574 49.754578 49.754578 49.754578 49.754578 2.982292e+02
736575 49.724756 49.724756 49.724756 49.724756 2.982292e+02
736579 49.734695 49.764520 49.734695 49.744638 8.350419e+03
736580 49.744638 49.744638 49.744638 49.744638 0.000000e+00
736581 49.744638 49.744638 49.744638 49.744638 9.940975e+01
736582 49.754578 49.754578 49.675052 49.675052 4.075800e+03
736585 49.675052 49.714813 49.675052 49.714813 1.491146e+03
736586 49.764521 49.764521 49.714813 49.714813 1.491146e+03
736587 49.665109 49.665109 49.655170 49.665109 1.093507e+03
736588 49.774460 49.774460 49.774460 49.774460 3.976390e+02
736589 49.774460 49.774460 49.774460 49.774460 9.940975e+01
736592 49.694934 49.694934 49.684991 49.694934 7.952780e+02
736593 49.794342 49.794342 49.794342 49.794342 3.976390e+02
736594 49.794342 49.794342 49.794342 49.794342 1.988195e+03
736595 49.734695 49.734695 49.684991 49.684991 2.187014e+03
736596 49.684991 49.684991 49.684991 49.684991 9.940975e+01
736599 49.764521 49.764521 49.764521 49.764521 9.940975e+01
736600 49.764521 49.764521 49.764521 49.764521 0.000000e+00
736601 49.694934 49.694934 49.694934 49.694934 7.952780e+02
736602 49.804282 49.804282 49.724756 49.754578 2.982292e+03
736603 49.804281 49.804281 49.744638 49.744638 3.678161e+03
736606 49.817270 49.817270 49.797369 49.807321 1.790914e+03
736607 49.747622 49.827221 49.727723 49.757570 8.158610e+03
736608 49.757570 49.757570 49.757570 49.757570 0.000000e+00
736609 49.827220 49.827220 49.827220 49.827220 9.949524e+01
736610 49.827220 49.827220 49.827220 49.827220 9.949524e+01
736613 49.727723 49.777470 49.727723 49.727723 4.974762e+02
736614 49.797369 49.797369 49.797369 49.797369 2.984857e+02
736615 49.747622 49.747622 49.747622 49.747622 9.949524e+02
736616 49.727723 49.727723 49.727723 49.727723 1.989905e+02
736617 49.787421 49.787421 49.787421 49.787421 3.979810e+02
736620 49.727723 49.767521 49.727723 49.727723 1.392933e+03
736621 49.727723 49.727723 49.727723 49.727723 9.949524e+01
736622 49.727723 49.727723 49.727723 49.727723 9.949524e+01
736623 49.817269 49.847116 49.817269 49.847116 6.964667e+02
736624 49.847116 49.847116 49.847116 49.847116 1.989905e+02
736627 49.807320 49.857068 49.727723 49.727723 2.288391e+03
736628 49.876967 49.876967 49.876967 49.876967 9.949524e+01
736629 49.777469 49.777469 49.777469 49.777469 9.949524e+01
736630 49.797369 49.817269 49.727723 49.727723 1.591924e+03
736631 49.797369 49.837168 49.797369 49.837168 1.193943e+03
736634 49.777470 49.777470 49.747622 49.757570 1.691419e+03
736635 49.834257 49.864133 49.784464 49.854175 9.958884e+02
736636 49.834257 49.834257 49.834257 49.834257 3.983554e+02
736637 49.854175 49.894008 49.854175 49.894008 1.493833e+03
736638 49.834258 49.894008 49.834258 49.894008 1.593421e+03
736641 49.784463 49.784463 49.774502 49.774502 2.519598e+04
736642 49.794421 49.794421 49.794421 49.794421 9.958884e+02
736643 49.804378 49.894008 49.794421 49.794421 2.858200e+04
736644 49.814338 49.854174 49.704790 49.704790 6.572863e+03
736645 49.834257 49.834257 49.834257 49.834257 2.987665e+02
736648 49.834257 49.834257 49.834257 49.834257 9.958884e+01
736649 49.874093 49.874093 49.864132 49.864132 1.095477e+03
736650 49.754584 49.824296 49.744627 49.824296 3.326267e+04
736651 49.734666 49.734666 49.734666 49.734666 2.788488e+03
736652 49.734666 49.734666 49.734666 49.734666 0.000000e+00
736655 49.894008 49.963720 49.854175 49.884051 3.455733e+04
736656 50.043393 50.043393 49.894008 49.894008 1.693010e+03
736657 49.874093 49.903969 49.804377 49.903969 1.294655e+03
736659 49.894007 49.894007 49.844214 49.844214 4.979442e+02
736662 49.894007 49.894007 49.874093 49.874093 1.991777e+03
736663 49.903969 49.913926 49.754584 49.903969 4.879853e+03
736664 49.913926 49.913926 49.754584 49.754584 6.254179e+04
736665 49.904117 49.914085 49.904117 49.914085 7.975088e+02
736666 49.754583 49.943990 49.754583 49.924056 6.978202e+02
736669 49.734646 49.734646 49.734646 49.734646 1.993772e+02
736670 49.794460 49.794460 49.794460 49.794460 2.990658e+02
736671 49.874209 49.874209 49.834337 49.834337 1.295952e+03
736672 49.834337 49.834337 49.834337 49.834337 9.968861e+01
736673 49.834337 49.834337 49.834337 49.834337 0.000000e+00
736676 49.834337 49.834337 49.834337 49.834337 0.000000e+00
736677 49.834337 49.834337 49.834337 49.834337 0.000000e+00
736678 49.784489 49.784489 49.784489 49.784489 9.968861e+01
736679 49.854271 49.854271 49.844304 49.844304 3.987544e+02
736680 49.834337 49.874210 49.834337 49.854271 1.694706e+03
736683 49.754584 49.824366 49.754584 49.824366 1.894084e+03
736684 49.834337 49.834337 49.834337 49.834337 6.978203e+02
736685 49.764551 49.834337 49.764551 49.834337 1.993772e+03
736686 49.817369 49.937125 49.817369 49.937125 2.195477e+03
736687 49.887229 49.887229 49.817369 49.867269 1.456998e+04
736691 49.857287 49.857287 49.767472 49.767472 4.690337e+03
736692 49.897206 49.897206 49.897206 49.897206 1.696505e+03
736693 49.777453 49.847309 49.777453 49.847309 4.989721e+02
736694 49.777454 49.907184 49.777454 49.827350 4.989721e+03
736698 49.787431 49.807390 49.787431 49.797413 7.983553e+02
736699 49.887228 49.887228 49.797413 49.797413 9.879647e+03
736700 49.797413 49.797413 49.797413 49.797413 0.000000e+00
736701 49.807390 49.847309 49.797413 49.847309 2.494860e+03
736704 49.947101 49.947101 49.847309 49.847309 3.991776e+02
736705 49.807390 49.907182 49.807390 49.877246 5.887870e+03
736706 49.907184 49.907184 49.907184 49.907184 1.995888e+02
736707 49.907184 49.907184 49.877248 49.907184 6.187254e+03
736708 49.907183 49.907183 49.867269 49.897206 3.393010e+03
736712 49.917165 49.917165 49.857288 49.867269 3.891982e+03
736713 49.897206 49.897206 49.897206 49.897206 2.993832e+02
736714 49.897206 49.897206 49.897206 49.897206 8.981497e+02
736715 49.917165 49.917165 49.907184 49.917165 2.195477e+03
736718 49.927143 49.927143 49.907184 49.917165 5.588487e+03
736719 49.877247 49.977043 49.877247 49.977043 7.584375e+03
736720 50.006980 50.006980 50.006980 50.006980 2.993832e+02
736721 49.827349 49.917164 49.827349 49.887228 7.983553e+02
736722 49.937125 49.937125 49.937125 49.937125 7.983553e+02
736725 49.887229 49.957084 49.887229 49.957084 1.995888e+03
736726 50.026940 50.046900 49.917165 49.967062 8.582319e+03
736727 50.040992 50.040992 49.941091 49.971060 3.516556e+04
736728 49.951079 49.951079 49.951079 49.951079 3.996086e+02
736729 50.050979 50.050979 49.981049 49.991041 1.098924e+03
736732 49.901129 50.001029 49.901129 49.951079 5.194912e+03
736733 49.961068 50.040992 49.961068 50.040992 5.994130e+02
736734 50.040992 50.050980 49.991042 50.050980 1.098924e+03
736735 50.001029 50.001029 49.921109 49.951079 8.991194e+02
736736 49.951079 49.951079 49.951079 49.951079 9.990216e+01
736739 49.971060 49.971060 49.971060 49.971060 4.995108e+02
736740 49.971060 49.971060 49.971060 49.971060 0.000000e+00
736741 50.060973 50.060973 50.040992 50.040992 4.095989e+03
736742 50.011022 50.011022 49.971060 49.981049 2.897163e+03
736743 50.070960 50.070960 50.060972 50.060972 4.995108e+02
736747 50.050980 50.070961 49.981049 49.981049 4.695401e+03
736748 49.921109 50.080953 49.921109 49.951079 7.192955e+03
736749 49.951079 49.951079 49.951079 49.951079 6.993151e+02
736750 50.021011 50.031003 50.021011 50.031003 7.992173e+02
736753 50.031003 50.031003 50.031003 50.031003 0.000000e+00
736754 50.031003 50.031003 50.031003 50.031003 0.000000e+00
736755 50.029999 50.029999 50.029999 50.029999 1.000000e+02
736756 50.130001 50.130001 50.060001 50.060001 2.210000e+04
736757 50.080002 50.080002 49.970001 49.970001 5.100000e+03
736760 50.080002 50.080002 50.080002 50.080002 1.000000e+02
736761 50.009998 50.009998 49.980000 50.000000 3.770000e+04
736762 49.990002 49.990002 49.990002 49.990002 2.000000e+02
736763 50.080002 50.080002 50.049999 50.049999 1.000000e+03
736764 50.080002 50.080002 50.080002 50.080002 1.000000e+02
