736034 12.250000 12.260000 11.800000 11.990000 1.129200e+06
736035 12.110000 12.240000 11.800000 11.940000 8.940000e+05
736036 11.870000 11.870000 11.620000 11.850000 6.539000e+05
736039 11.850000 11.850000 11.460000 11.640000 1.048200e+06
736040 11.550000 11.670000 11.430000 11.530000 7.007000e+05
736041 11.500000 11.670000 11.350000 11.600000 8.252000e+05
736042 11.400000 11.400000 10.920000 10.940000 1.425200e+06
736043 11.040000 11.210000 11.030000 11.150000 1.220300e+06
736046 11.070000 11.370000 11.070000 11.340000 9.209000e+05
736047 11.300000 11.660000 11.240000 11.480000 7.312000e+05
736048 11.480000 12.070000 11.480000 11.840000 1.264500e+06
736049 11.850000 12.040000 11.810000 11.900000 1.035000e+06
736050 11.890000 11.910000 11.620000 11.700000 1.010000e+06
736053 11.740000 11.910000 11.680000 11.730000 6.795000e+05
736054 11.620000 11.710000 11.480000 11.550000 7.196000e+05
736055 11.620000 11.710000 11.430000 11.590000 7.234000e+05
736056 11.560000 11.690000 11.470000 11.510000 7.961000e+05
736060 11.550000 11.730000 11.550000 11.690000 5.621000e+05
736061 11.400000 11.540000 11.250000 11.470000 8.943000e+05
736062 11.460000 11.620000 11.350000 11.460000 1.041100e+06
736063 11.440000 11.770000 11.440000 11.600000 5.108000e+05
736064 11.610000 11.670000 11.370000 11.580000 5.009000e+05
736067 11.540000 11.700000 11.420000 11.680000 5.594000e+05
736068 11.630000 11.980000 11.550000 11.860000 8.303000e+05
736069 11.970000 12.410000 11.880000 12.280000 6.478000e+05
736070 12.250000 12.490000 12.160000 12.220000 5.988000e+05
736071 12.100000 12.310000 12.070000 12.170000 4.405000e+05
736074 12.170000 12.170000 11.730000 11.820000 5.210000e+05
736075 11.830000 11.980000 11.660000 11.880000 3.845000e+05
736076 11.910000 11.930000 11.790000 11.860000 3.770000e+05
736077 11.900000 12.180000 11.830000 12.150000 3.995000e+05
736078 12.230000 12.330000 11.950000 12.020000 3.571000e+05
736081 12.080000 12.080000 11.780000 11.860000 5.359000e+05
736082 11.980000 12.350000 11.700000 12.160000 8.459000e+05
736083 12.330000 13.240000 12.300000 12.560000 1.711600e+06
736084 12.320000 12.700000 12.200000 12.530000 6.455000e+05
736085 12.630000 12.720000 12.400000 12.530000 5.137000e+05
736088 12.480000 12.640000 12.370000 12.400000 5.765000e+05
736089 12.470000 12.690000 12.380000 12.420000 6.822000e+05
736090 12.510000 12.550000 12.370000 12.470000 4.045000e+05
736091 12.400000 12.660000 12.230000 12.650000 4.596000e+05
736092 12.830000 13.010000 12.680000 12.740000 3.675000e+05
736095 12.780000 12.830000 12.640000 12.670000 4.020000e+05
736096 12.660000 12.680000 12.400000 12.530000 4.663000e+05
736097 12.570000 12.830000 12.460000 12.640000 4.828000e+05
736098 12.720000 12.870000 12.590000 12.600000 4.556000e+05
736099 12.630000 12.750000 12.480000 12.520000 5.917000e+05
736102 12.500000 12.600000 12.430000 12.490000 4.269000e+05
736103 12.450000 12.510000 12.290000 12.370000 4.305000e+05
736104 12.420000 12.480000 12.340000 12.390000 5.934000e+05
736105 12.400000 12.560000 12.310000 12.400000 7.061000e+05
736106 12.400000 12.460000 12.290000 12.400000 3.760000e+05
736110 12.300000 12.310000 11.870000 11.930000 6.076000e+05
736111 11.920000 12.040000 11.740000 11.900000 3.298000e+05
736112 11.840000 11.960000 11.640000 11.940000 4.855000e+05
736113 11.890000 11.920000 11.610000 11.620000 6.149000e+05
736116 11.590000 11.670000 11.210000 11.280000 6.994000e+05
736117 11.300000 11.540000 11.280000 11.420000 6.281000e+05
736118 11.410000 11.490000 11.380000 11.400000 4.460000e+05
736119 11.310000 11.310000 11.060000 11.250000 5.634000e+05
736120 11.190000 11.300000 11.120000 11.240000 4.568000e+05
736123 11.240000 11.240000 10.990000 11.090000 6.544000e+05
736124 11.110000 11.180000 11.000000 11.100000 5.680000e+05
736125 11.220000 11.340000 11.110000 11.110000 9.353000e+05
736126 11.150000 11.180000 11.050000 11.180000 2.920000e+05
736127 11.160000 11.210000 10.930000 11.110000 6.964000e+05
736130 11.040000 11.190000 10.980000 11.080000 3.189000e+05
736131 11.090000 11.280000 11.060000 11.190000 7.180000e+05
736132 11.180000 11.310000 11.080000 11.150000 3.623000e+05
736133 11.180000 11.330000 11.140000 11.240000 4.257000e+05
736134 11.230000 11.230000 10.930000 10.930000 9.511000e+05
736137 10.940000 11.000000 10.850000 10.910000 5.590000e+05
736138 10.890000 11.140000 10.890000 11.110000 5.269000e+05
736139 11.080000 11.110000 10.960000 11.000000 3.770000e+05
736140 11.040000 12.200000 11.030000 12.160000 4.151500e+06
736141 12.210000 12.230000 11.890000 12.030000 2.740500e+06
736144 11.860000 11.970000 11.710000 11.750000 6.916000e+05
736145 11.870000 11.980000 11.740000 11.940000 6.809000e+05
736146 11.970000 12.020000 11.820000 11.890000 5.455000e+05
736147 11.850000 11.900000 11.670000 11.740000 4.367000e+05
736151 11.580000 11.700000 11.410000 11.450000 6.964000e+05
736152 11.400000 11.400000 10.770000 11.030000 1.111500e+06
736153 10.950000 11.000000 10.660000 10.760000 1.318700e+06
736154 10.900000 10.900000 10.410000 10.470000 8.387000e+05
736155 10.620000 10.730000 10.490000 10.530000 3.628000e+05
736158 10.580000 10.930000 10.500000 10.900000 6.890000e+05
736159 10.990000 11.110000 10.830000 11.090000 4.991000e+05
736160 11.060000 11.110000 10.850000 11.000000 8.225000e+05
736161 11.040000 11.070000 10.930000 10.980000 5.110000e+05
736162 10.940000 11.170000 10.780000 10.950000 7.660000e+05
736165 10.910000 10.960000 10.410000 10.490000 6.519000e+05
736166 10.460000 10.660000 10.430000 10.550000 4.005000e+05
736167 10.390000 10.390000 9.780000 9.840000 1.564200e+06
736168 9.870000 9.890000 9.290000 9.380000 1.314700e+06
736169 9.270000 9.310000 8.900000 9.000000 1.187200e+06
736172 8.900000 8.960000 8.510000 8.600000 9.952000e+05
736173 8.500000 8.760000 7.910000 8.110000 2.447000e+06
736174 7.960000 8.520000 7.950000 8.260000 2.877700e+06
736175 8.250000 8.630000 8.250000 8.570000 1.389700e+06
736176 8.630000 8.700000 8.460000 8.540000 9.505000e+05
736179 8.470000 8.550000 8.090000 8.170000 7.548000e+05
736180 8.180000 8.380000 8.180000 8.300000 4.789000e+05
736181 8.360000 8.450000 8.130000 8.190000 6.404000e+05
736182 8.220000 8.340000 8.110000 8.260000 4.516000e+05
736183 8.200000 8.370000 8.190000 8.220000 8.027000e+05
736186 8.230000 8.530000 8.130000 8.480000 5.597000e+05
736187 8.360000 8.490000 7.990000 8.090000 7.462000e+05
736188 8.060000 8.200000 7.960000 8.130000 7.213000e+05
736189 8.100000 8.140000 8.000000 8.000000 6.669000e+05
736190 8.080000 8.160000 8.000000 8.080000 4.429000e+05
736193 8.070000 8.240000 8.020000 8.240000 5.209000e+05
736194 8.170000 8.250000 8.010000 8.190000 4.983000e+05
736195 8.150000 8.180000 8.000000 8.040000 5.593000e+05
736196 8.030000 8.740000 7.740000 7.760000 1.010800e+06
736197 7.580000 7.730000 7.400000 7.470000 7.267000e+05
736200 7.020000 7.690000 6.970000 7.310000 1.073900e+06
736201 7.640000 7.640000 6.970000 7.020000 1.058900e+06
736202 7.180000 7.180000 7.020000 7.070000 7.023000e+05
736203 7.230000 7.740000 7.100000 7.600000 6.913000e+05
736204 7.560000 7.840000 7.530000 7.830000 5.714000e+05
736207 7.770000 7.990000 7.620000 7.910000 5.744000e+05
736208 7.790000 7.880000 7.460000 7.530000 5.028000e+05
736209 7.580000 7.670000 7.370000 7.550000 3.924000e+05
736210 7.550000 7.680000 7.450000 7.550000 5.026000e+05
736211 7.440000 7.480000 7.300000 7.330000 2.931000e+05
736215 7.430000 7.530000 7.310000 7.430000 6.880000e+05
736216 7.490000 7.590000 7.290000 7.330000 4.028000e+05
736217 7.350000 7.420000 7.250000 7.290000 4.460000e+05
736218 7.200000 7.270000 7.070000 7.230000 3.835000e+05
736221 7.210000 7.270000 7.050000 7.080000 4.467000e+05
736222 7.080000 7.230000 7.050000 7.210000 3.073000e+05
736223 7.230000 7.490000 7.200000 7.430000 5.038000e+05
736224 7.380000 7.450000 7.100000 7.140000 1.018600e+06
736225 7.020000 7.130000 6.640000 6.690000 8.995000e+05
736228 6.700000 6.740000 6.460000 6.490000 5.523000e+05
736229 6.430000 6.430000 6.060000 6.130000 1.324400e+06
736230 6.150000 6.150000 5.550000 5.560000 8.240000e+05
736231 5.580000 6.010000 5.400000 5.990000 1.200800e+06
736232 6.020000 6.060000 5.820000 5.950000 8.470000e+05
736235 5.860000 5.900000 5.350000 5.690000 1.220500e+06
736236 5.720000 5.840000 5.590000 5.690000 5.643000e+05
736237 5.710000 5.790000 5.450000 5.540000 7.242000e+05
736238 5.570000 5.660000 5.330000 5.380000 7.795000e+05
736239 5.360000 5.860000 5.340000 5.860000 1.355400e+06
736242 5.940000 6.240000 5.930000 6.050000 1.441800e+06
736243 6.070000 6.680000 6.050000 6.580000 1.012600e+06
736244 6.520000 6.920000 6.510000 6.870000 1.772000e+06
736245 6.860000 6.870000 6.680000 6.730000 8.599000e+05
736246 6.850000 7.140000 6.850000 6.910000 9.123000e+05
736249 6.900000 6.940000 6.580000 6.640000 8.080000e+05
736250 6.540000 6.630000 6.150000 6.180000 8.043000e+05
736251 6.640000 6.640000 6.280000 6.450000 1.071800e+06
736252 6.450000 6.560000 6.380000 6.560000 1.014700e+06
736253 6.600000 6.600000 6.230000 6.270000 5.385000e+05
736256 6.120000 6.170000 5.750000 5.950000 9.564000e+05
736257 5.920000 6.230000 5.900000 6.070000 9.779000e+05
736258 6.040000 6.100000 5.860000 5.860000 7.600000e+05
736259 5.870000 6.000000 5.780000 5.840000 8.141000e+05
736260 5.890000 6.000000 5.620000 5.720000 1.218000e+06
736263 5.710000 5.830000 5.670000 5.700000 7.204000e+05
736264 5.500000 5.830000 4.150000 4.750000 6.417000e+06
736265 4.640000 4.810000 3.950000 4.100000 6.010800e+06
736266 4.100000 4.310000 4.050000 4.080000 2.483800e+06
736267 4.060000 4.110000 3.850000 3.860000 1.248800e+06
736270 3.850000 3.870000 3.640000 3.710000 2.301000e+06
736271 3.790000 3.930000 3.780000 3.800000 3.818900e+06
736272 3.840000 3.880000 3.730000 3.760000 2.054300e+06
736273 3.770000 3.850000 3.710000 3.820000 2.231900e+06
736274 3.790000 3.880000 3.700000 3.860000 1.805900e+06
736277 3.870000 4.030000 3.830000 3.940000 1.432400e+06
736278 3.910000 3.990000 3.660000 3.700000 1.146800e+06
736279 3.700000 3.720000 3.500000 3.560000 8.737000e+05
736280 3.550000 3.660000 3.460000 3.660000 1.082900e+06
736281 3.610000 3.680000 3.520000 3.630000 9.562000e+05
736284 3.650000 3.770000 3.500000 3.580000 1.621200e+06
736285 3.600000 3.630000 3.440000 3.460000 1.066700e+06
736286 3.470000 3.720000 3.460000 3.640000 1.373900e+06
736287 3.640000 3.680000 3.490000 3.510000 8.971000e+05
736288 3.510000 3.600000 3.380000 3.430000 9.579000e+05
736291 3.400000 3.540000 3.390000 3.390000 9.852000e+05
736292 3.380000 3.410000 3.190000 3.410000 2.608000e+06
736293 3.380000 3.540000 3.340000 3.380000 1.320700e+06
736295 3.380000 3.460000 3.370000 3.450000 3.426000e+05
736298 3.460000 3.610000 3.450000 3.590000 1.023200e+06
736299 3.620000 3.680000 3.530000 3.560000 8.355000e+05
736300 3.530000 3.570000 3.410000 3.420000 8.337000e+05
736301 3.450000 3.480000 3.290000 3.320000 7.030000e+05
736302 3.290000 3.310000 3.060000 3.250000 6.545000e+05
736305 3.220000 3.290000 3.010000 3.270000 6.157000e+05
736306 3.240000 3.270000 3.150000 3.170000 7.183000e+05
736307 3.210000 3.330000 3.130000 3.210000 7.848000e+05
736308 3.200000 3.370000 3.110000 3.270000 5.082000e+05
736309 3.220000 3.250000 3.150000 3.160000 7.236000e+05
736312 3.150000 3.200000 2.980000 3.010000 1.870500e+06
736313 3.030000 3.170000 2.930000 2.960000 1.221700e+06
736314 2.960000 3.010000 2.890000 3.000000 1.086600e+06
736315 2.990000 3.050000 2.880000 2.880000 8.120000e+05
736316 2.860000 3.000000 2.850000 2.910000 1.921800e+06
736319 2.960000 2.960000 2.630000 2.650000 1.610600e+06
736320 2.650000 3.090000 2.640000 3.090000 1.453900e+06
736321 3.140000 3.520000 3.120000 3.470000 1.283800e+06
736322 3.470000 3.530000 3.400000 3.500000 3.670000e+05
736326 3.510000 3.540000 3.220000 3.230000 7.439000e+05
736327 3.270000 3.310000 2.970000 3.020000 1.248900e+06
736328 3.000000 3.080000 2.880000 2.910000 1.043500e+06
736329 2.910000 2.980000 2.840000 2.950000 8.102000e+05
736333 2.910000 3.260000 2.870000 3.070000 1.850600e+06
736334 3.080000 3.130000 2.800000 2.840000 9.486000e+05
736335 2.790000 2.810000 2.470000 2.530000 1.393700e+06
736336 2.430000 2.610000 2.430000 2.460000 1.030800e+06
736337 2.480000 2.490000 2.350000 2.400000 1.175400e+06
736340 2.400000 2.420000 2.130000 2.180000 1.031800e+06
736341 2.200000 2.260000 2.110000 2.140000 7.813000e+05
736342 2.140000 2.170000 2.000000 2.030000 1.166700e+06
736343 2.020000 2.110000 2.010000 2.050000 1.175800e+06
736344 2.000000 2.170000 1.870000 2.150000 1.518900e+06
736348 2.210000 2.270000 1.920000 1.950000 9.990000e+05
736349 1.870000 2.010000 1.790000 1.990000 9.176000e+05
736350 1.990000 2.060000 1.870000 1.940000 1.102200e+06
736351 1.990000 2.170000 1.780000 1.860000 1.343700e+06
736354 1.860000 1.950000 1.750000 1.790000 6.500000e+05
736355 1.800000 1.880000 1.760000 1.820000 6.603000e+05
736356 1.790000 1.990000 1.780000 1.910000 6.998000e+05
736357 1.900000 1.960000 1.840000 1.950000 4.683000e+05
736358 1.990000 2.190000 1.970000 2.180000 8.324000e+05
736361 2.180000 2.190000 1.980000 2.080000 8.063000e+05
736362 2.060000 2.090000 1.880000 1.910000 5.998000e+05
736363 1.910000 2.070000 1.850000 2.030000 7.150000e+05
736364 2.040000 2.300000 2.040000 2.290000 1.506400e+06
736365 2.290000 2.590000 2.230000 2.550000 1.592000e+06
736368 2.510000 2.550000 2.310000 2.390000 1.296200e+06
736369 2.350000 2.350000 1.940000 2.030000 1.381200e+06
736370 2.030000 2.090000 1.950000 2.000000 4.511000e+05
736371 2.000000 2.090000 1.890000 2.000000 1.082000e+06
736372 2.010000 2.330000 1.960000 2.080000 1.376600e+06
736376 2.090000 2.210000 1.970000 2.160000 7.990000e+05
736377 2.190000 2.500000 2.190000 2.370000 7.031000e+05
736378 2.360000 2.360000 2.170000 2.190000 1.028900e+06
736379 2.170000 2.190000 2.060000 2.060000 6.927000e+05
736382 2.120000 2.270000 2.070000 2.140000 1.051100e+06
736383 2.130000 2.140000 1.990000 1.990000 6.555000e+05
736384 1.970000 2.260000 1.880000 2.260000 1.346100e+06
736385 2.240000 2.250000 1.990000 2.120000 1.096400e+06
736386 2.120000 2.340000 2.120000 2.220000 7.878000e+05
736389 1.550000 1.560000 0.910000 0.990000 1.427000e+07
736390 0.980000 0.990000 0.650000 0.670000 1.093930e+07
736391 0.690000 0.890000 0.690000 0.870000 7.640900e+06
736392 0.890000 0.980000 0.860000 0.950000 4.956700e+06
736393 0.980000 1.310000 0.960000 1.270000 7.445200e+06
736396 1.330000 1.630000 1.330000 1.620000 5.450000e+06
736397 1.680000 1.810000 1.530000 1.600000 3.792600e+06
736398 1.630000 1.650000 1.310000 1.400000 2.867500e+06
736399 1.370000 1.380000 1.030000 1.260000 4.666300e+06
736400 1.270000 1.320000 1.220000 1.240000 1.693600e+06
736403 1.240000 1.480000 1.190000 1.410000 2.813500e+06
736404 1.400000 1.400000 1.250000 1.290000 1.087700e+06
736405 1.300000 1.300000 1.210000 1.270000 1.101800e+06
736406 1.300000 1.450000 1.250000 1.400000 1.643900e+06
736407 1.410000 1.460000 1.120000 1.270000 3.511000e+06
736410 1.280000 1.290000 1.210000 1.280000 8.917000e+05
736411 1.220000 1.280000 1.150000 1.270000 1.206500e+06
736412 1.250000 1.250000 1.150000 1.150000 1.469900e+06
736413 1.130000 1.200000 1.030000 1.170000 9.873000e+05
736417 1.170000 1.230000 1.080000 1.220000 1.357600e+06
736418 1.200000 1.200000 1.130000 1.190000 7.468000e+05
736419 1.200000 1.230000 1.090000 1.120000 1.560500e+06
736420 1.140000 1.140000 1.080000 1.110000 7.760000e+05
736421 1.100000 1.170000 1.060000 1.150000 9.205000e+05
736424 1.160000 1.180000 1.050000 1.060000 1.186400e+06
736425 1.050000 1.090000 0.970000 1.000000 1.370800e+06
736426 0.990000 1.010000 0.860000 0.910000 2.035000e+06
736427 0.920000 0.920000 0.870000 0.870000 1.229800e+06
736428 0.870000 0.980000 0.850000 0.920000 1.097000e+06
736431 0.950000 1.000000 0.910000 0.950000 1.148000e+06
736432 0.950000 1.120000 0.910000 1.080000 1.824100e+06
736433 1.110000 1.130000 1.070000 1.100000 9.860000e+05
736434 1.040000 1.080000 0.990000 1.010000 8.195000e+05
736435 1.010000 1.070000 0.960000 1.020000 7.413000e+05
736438 1.010000 1.050000 0.970000 1.010000 7.552000e+05
736439 1.040000 1.130000 1.010000 1.100000 2.213700e+06
736440 1.130000 1.270000 1.110000 1.210000 4.626700e+06
736441 1.260000 1.300000 1.120000 1.130000 1.523900e+06
736442 1.150000 1.210000 1.130000 1.180000 8.349000e+05
736445 1.160000 1.300000 1.150000 1.200000 1.574900e+06
736446 1.210000 1.230000 1.150000 1.200000 1.015300e+06
736447 1.200000 1.230000 1.170000 1.200000 6.521000e+05
736448 1.190000 1.470000 1.170000 1.350000 3.121600e+06
736449 1.360000 1.420000 1.170000 1.280000 1.553800e+06
736452 1.280000 1.310000 1.170000 1.220000 1.142100e+06
736453 1.200000 1.210000 1.060000 1.070000 1.554300e+06
736454 1.070000 1.110000 1.040000 1.050000 5.953000e+05
736455 1.060000 1.090000 0.980000 1.000000 1.392500e+06
736456 1.000000 1.090000 0.990000 1.020000 8.623000e+05
736459 0.990000 1.000000 0.850000 0.940000 1.742100e+06
736460 0.990000 1.180000 0.990000 1.110000 2.186900e+06
736461 1.150000 1.480000 1.110000 1.270000 5.079400e+06
736462 1.470000 1.620000 1.200000 1.340000 4.418000e+06
736463 1.340000 1.410000 1.290000 1.310000 1.414200e+06
736466 1.340000 1.480000 1.320000 1.380000 1.849500e+06
736467 1.380000 1.480000 1.270000 1.330000 1.901000e+06
736468 1.320000 1.340000 1.230000 1.300000 1.589800e+06
736469 1.280000 1.300000 1.170000 1.240000 9.409000e+05
736470 1.230000 1.300000 1.230000 1.280000 6.573000e+05
736473 1.300000 1.450000 1.290000 1.380000 2.065400e+06
736474 1.400000 1.420000 1.250000 1.280000 1.651700e+06
736475 1.280000 1.420000 1.280000 1.360000 1.263100e+06
736476 1.370000 1.400000 1.280000 1.300000 7.033000e+05
736477 1.300000 1.330000 1.260000 1.280000 8.552000e+05
736481 1.260000 1.370000 1.260000 1.270000 1.437400e+06
736482 1.270000 1.320000 1.230000 1.300000 1.265600e+06
736483 1.290000 1.320000 1.270000 1.290000 6.066000e+05
736484 1.300000 1.320000 1.240000 1.280000 9.589000e+05
736487 1.300000 1.550000 1.260000 1.540000 3.424100e+06
736488 1.630000 1.630000 1.410000 1.430000 1.722900e+06
736489 1.450000 1.550000 1.420000 1.450000 1.288500e+06
736490 1.450000 1.460000 1.330000 1.350000 1.327400e+06
736491 1.320000 1.350000 1.270000 1.270000 1.534600e+06
736494 1.300000 1.520000 1.280000 1.500000 3.008200e+06
736495 1.500000 1.720000 1.410000 1.420000 3.790900e+06
736496 1.430000 1.640000 1.430000 1.520000 2.392500e+06
736497 1.530000 1.540000 1.440000 1.450000 1.522700e+06
736498 1.480000 1.570000 1.440000 1.550000 2.407900e+06
736501 1.580000 1.670000 1.500000 1.510000 1.948900e+06
736502 1.520000 1.600000 1.460000 1.550000 1.376900e+06
736503 1.570000 1.570000 1.470000 1.480000 1.186000e+06
736504 1.570000 1.830000 1.530000 1.810000 6.666300e+06
736505 1.660000 1.730000 1.600000 1.660000 7.762300e+06
736508 1.660000 1.660000 1.350000 1.430000 2.558200e+06
736509 1.510000 1.540000 1.430000 1.460000 1.391300e+06
736510 1.480000 1.540000 1.430000 1.500000 1.293900e+06
736511 1.520000 1.540000 1.400000 1.440000 2.943800e+06
736512 1.420000 1.490000 1.400000 1.440000 1.260100e+06
736516 1.470000 1.490000 1.300000 1.330000 1.527700e+06
736517 1.350000 1.390000 1.180000 1.360000 1.815700e+06
736518 1.390000 1.400000 1.290000 1.300000 1.006900e+06
736519 1.290000 1.360000 1.260000 1.340000 9.177000e+05
736522 1.340000 1.370000 1.270000 1.300000 1.120900e+06
736523 1.310000 1.410000 1.280000 1.370000 1.500500e+06
736524 1.370000 1.400000 1.330000 1.350000 1.134700e+06
736525 1.380000 1.500000 1.330000 1.460000 1.899800e+06
736526 1.500000 1.500000 1.420000 1.490000 7.447000e+05
736529 1.500000 1.530000 1.430000 1.480000 1.024000e+06
736530 1.460000 1.490000 1.340000 1.370000 1.199100e+06
736531 1.370000 1.440000 1.330000 1.440000 8.824000e+05
736532 1.410000 1.450000 1.350000 1.370000 9.860000e+05
736533 1.350000 1.370000 1.290000 1.300000 1.015900e+06
736536 1.300000 1.380000 1.300000 1.370000 8.923000e+05
736537 1.370000 1.400000 1.320000 1.320000 6.941000e+05
736538 1.400000 1.400000 1.290000 1.350000 9.724000e+05
736539 1.370000 1.370000 1.250000 1.270000 1.029000e+06
736540 1.250000 1.310000 1.220000 1.290000 9.797000e+05
736543 1.300000 1.300000 1.230000 1.230000 7.698000e+05
736544 1.280000 1.280000 1.160000 1.250000 1.321400e+06
736545 1.240000 1.370000 1.230000 1.370000 1.201300e+06
736546 1.370000 1.380000 1.290000 1.320000 7.674000e+05
736547 1.300000 1.350000 1.300000 1.310000 8.174000e+05
736550 1.310000 1.360000 1.300000 1.340000 5.460000e+05
736551 1.350000 1.390000 1.330000 1.360000 7.268000e+05
736552 1.380000 1.390000 1.320000 1.340000 5.432000e+05
736553 1.360000 1.370000 1.310000 1.350000 3.885000e+05
736554 1.350000 1.370000 1.300000 1.300000 7.165000e+05
736557 1.350000 1.400000 1.300000 1.390000 1.165200e+06
736558 1.360000 1.390000 1.310000 1.310000 7.559000e+05
736559 1.330000 1.370000 1.310000 1.350000 7.211000e+05
736560 1.370000 1.370000 1.330000 1.360000 2.908000e+05
736561 1.340000 1.360000 1.330000 1.330000 5.024000e+05
736564 1.320000 1.360000 1.310000 1.350000 4.574000e+05
736565 1.350000 1.380000 1.340000 1.350000 7.387000e+05
736566 1.340000 1.360000 1.300000 1.330000 9.249000e+05
736567 1.300000 1.340000 1.300000 1.340000 2.416000e+05
736568 1.310000 1.370000 1.310000 1.320000 3.220000e+05
736571 1.320000 1.330000 1.300000 1.310000 4.716000e+05
736572 1.330000 1.680000 1.320000 1.400000 5.636700e+06
736573 1.390000 1.480000 1.360000 1.380000 1.138400e+06
736574 1.390000 1.410000 1.340000 1.390000 4.347000e+05
736575 1.430000 1.430000 1.350000 1.400000 6.470000e+05
736579 1.400000 1.460000 1.400000 1.420000 7.359000e+05
736580 1.420000 1.450000 1.410000 1.450000 2.737000e+05
736581 1.440000 1.490000 1.430000 1.470000 6.088000e+05
736582 1.460000 1.470000 1.330000 1.330000 9.920000e+05
736585 1.330000 1.370000 1.320000 1.330000 4.900000e+05
736586 1.330000 1.340000 1.280000 1.290000 9.520000e+05
736587 1.290000 1.330000 1.280000 1.280000 4.094000e+05
736588 1.280000 1.320000 1.280000 1.290000 5.204000e+05
736589 1.280000 1.300000 1.240000 1.240000 1.346600e+06
736592 1.240000 1.260000 1.150000 1.150000 1.386500e+06
736593 1.180000 1.180000 1.100000 1.100000 1.275900e+06
736594 1.120000 1.220000 1.090000 1.090000 1.654600e+06
736595 1.120000 1.200000 1.090000 1.090000 1.371300e+06
736596 1.090000 1.120000 1.050000 1.060000 1.102700e+06
736599 1.070000 1.100000 1.060000 1.070000 7.390000e+05
736600 1.060000 1.110000 1.060000 1.070000 1.180500e+06
736601 1.070000 1.100000 1.050000 1.070000 2.002400e+06
736602 1.100000 1.110000 1.060000 1.100000 9.136000e+05
736603 1.120000 1.140000 1.080000 1.130000 6.919000e+05
736606 1.130000 1.140000 1.090000 1.120000 4.184000e+05
736607 1.090000 1.120000 1.070000 1.090000 5.734000e+05
736608 1.100000 1.130000 1.060000 1.130000 5.797000e+05
736609 1.130000 1.140000 1.100000 1.120000 7.797000e+05
736610 1.100000 1.140000 1.080000 1.090000 4.700000e+05
736613 1.080000 1.120000 1.080000 1.100000 4.075000e+05
736614 1.080000 1.110000 1.030000 1.070000 1.002800e+06
736615 1.050000 1.060000 0.980000 1.020000 9.530000e+05
736616 1.000000 1.010000 0.950000 0.970000 9.476000e+05
736617 0.980000 1.020000 0.930000 0.980000 5.009000e+05
736620 0.970000 1.000000 0.960000 1.000000 2.257000e+05
736621 1.020000 1.090000 0.980000 1.070000 6.881000e+05
736622 1.080000 1.140000 1.070000 1.140000 7.911000e+05
736623 1.140000 1.150000 1.110000 1.150000 8.746000e+05
736624 1.120000 1.130000 1.060000 1.090000 6.855000e+05
736627 1.060000 1.120000 1.050000 1.120000 2.942000e+05
736628 1.140000 1.190000 1.110000 1.140000 3.383000e+05
736629 1.120000 1.140000 1.100000 1.120000 3.181000e+05
736630 1.140000 1.170000 1.110000 1.120000 3.944000e+05
736631 1.120000 1.140000 1.080000 1.080000 2.034000e+05
736634 1.070000 1.080000 1.040000 1.040000 5.729000e+05
736635 1.230000 1.320000 1.120000 1.130000 1.988600e+06
736636 1.130000 1.140000 1.010000 1.110000 1.391300e+06
736637 1.110000 1.220000 1.110000 1.200000 5.641000e+05
736638 1.060000 1.140000 1.030000 1.110000 1.381400e+06
736641 1.120000 1.130000 1.060000 1.060000 7.247000e+05
736642 1.090000 1.090000 1.030000 1.030000 9.054000e+05
736643 1.030000 1.080000 1.000000 1.050000 1.166200e+06
736644 1.070000 1.090000 1.040000 1.070000 6.394900e+06
736645 1.110000 1.160000 1.100000 1.140000 1.553300e+06
736648 1.170000 1.210000 1.160000 1.210000 1.110300e+06
736649 1.230000 1.340000 1.180000 1.290000 1.828200e+06
736650 1.340000 1.350000 1.220000 1.260000 1.169800e+06
736651 1.280000 1.290000 1.210000 1.270000 1.080400e+06
736652 1.280000 1.360000 1.240000 1.360000 1.186600e+06
736655 1.410000 1.440000 1.320000 1.400000 1.517700e+06
736656 1.400000 1.430000 1.350000 1.380000 9.063000e+05
736657 1.400000 1.400000 1.340000 1.370000 6.738000e+05
736659 1.390000 1.390000 1.350000 1.390000 1.506000e+05
736662 1.400000 1.400000 1.300000 1.310000 5.646000e+05
736663 1.300000 1.320000 1.220000 1.220000 5.549000e+05
736664 1.230000 1.390000 1.220000 1.370000 9.581000e+05
736665 1.390000 1.470000 1.350000 1.440000 2.173900e+06
736666 1.430000 1.460000 1.370000 1.390000 4.564000e+05
736669 1.430000 1.500000 1.380000 1.490000 9.341000e+05
736670 1.480000 1.830000 1.470000 1.820000 3.695700e+06
736671 1.840000 2.550000 1.750000 2.490000 1.342590e+07
736672 2.280000 2.570000 2.090000 2.390000 6.215500e+06
736673 2.290000 3.040000 2.280000 2.650000 4.571600e+06
736676 2.680000 2.690000 2.130000 2.170000 3.524500e+06
736677 2.280000 2.280000 2.010000 2.140000 2.425600e+06
736678 2.140000 2.250000 2.050000 2.110000 1.544800e+06
736679 2.060000 2.490000 2.030000 2.410000 2.784700e+06
736680 2.450000 2.660000 2.320000 2.410000 1.930400e+06
736683 2.400000 2.500000 2.180000 2.230000 1.521500e+06
736684 2.270000 2.370000 2.220000 2.260000 1.045400e+06
736685 2.260000 2.280000 2.150000 2.200000 8.331000e+05
736686 2.240000 2.340000 2.150000 2.180000 1.001400e+06
736687 2.230000 2.270000 2.160000 2.170000 6.439000e+05
736691 2.160000 2.640000 2.150000 2.600000 3.184200e+06
736692 2.560000 2.590000 2.070000 2.090000 4.115700e+06
736693 2.050000 2.150000 1.960000 2.010000 1.839500e+06
736694 1.990000 2.140000 1.990000 2.080000 1.138100e+06
736698 2.090000 2.280000 2.080000 2.080000 1.471800e+06
736699 2.090000 2.130000 2.000000 2.030000 1.466600e+06
736700 2.030000 2.200000 2.020000 2.160000 1.658100e+06
736701 2.200000 2.210000 2.080000 2.110000 9.334000e+05
736704 2.110000 2.210000 2.070000 2.120000 9.276000e+05
736705 2.150000 2.200000 2.100000 2.130000 8.588000e+05
736706 2.110000 2.170000 2.070000 2.160000 6.799000e+05
736707 2.190000 2.250000 2.080000 2.130000 9.018000e+05
736708 2.120000 2.170000 2.030000 2.080000 9.205000e+05
736712 2.140000 2.140000 1.910000 1.920000 1.909300e+06
736713 1.950000 1.970000 1.800000 1.820000 1.752000e+06
736714 1.810000 1.910000 1.750000 1.800000 9.910000e+05
736715 1.810000 2.010000 1.790000 1.810000 1.435800e+06
736718 1.840000 1.890000 1.780000 1.790000 6.039000e+05
736719 1.840000 2.110000 1.800000 2.060000 4.665000e+06
736720 2.110000 2.410000 1.970000 2.340000 6.246900e+06
736721 2.310000 2.340000 2.060000 2.160000 2.290100e+06
736722 2.140000 2.230000 2.100000 2.150000 9.317000e+05
736725 2.100000 2.120000 1.900000 1.980000 2.391200e+06
736726 1.930000 2.060000 1.930000 2.040000 7.821000e+05
736727 2.050000 2.140000 2.010000 2.080000 9.284000e+05
736728 2.080000 2.080000 1.940000 1.980000 1.106200e+06
736729 1.990000 2.080000 1.940000 2.030000 7.835000e+05
736732 1.990000 2.040000 1.970000 1.990000 5.090000e+05
736733 2.000000 2.010000 1.800000 1.850000 2.057700e+06
736734 1.860000 1.910000 1.750000 1.850000 1.028600e+06
736735 1.870000 1.950000 1.800000 1.930000 1.069800e+06
736736 1.900000 2.010000 1.870000 1.970000 1.082200e+06
736739 1.950000 2.280000 1.950000 2.270000 3.645200e+06
736740 2.270000 2.300000 2.160000 2.210000 1.749400e+06
736741 2.200000 2.290000 2.180000 2.200000 1.015700e+06
736742 2.210000 2.280000 2.100000 2.180000 9.471000e+05
736743 2.160000 2.230000 2.120000 2.220000 7.017000e+05
736747 2.250000 2.530000 2.250000 2.450000 3.197300e+06
736748 2.430000 2.480000 2.230000 2.360000 2.164500e+06
736749 2.360000 2.400000 2.210000 2.220000 1.548200e+06
736750 2.150000 2.240000 2.100000 2.230000 1.166400e+06
736753 2.180000 2.230000 2.080000 2.170000 1.390500e+06
736754 2.050000 2.090000 1.900000 2.000000 3.437000e+06
736755 2.060000 2.060000 1.960000 2.040000 8.902000e+05
736756 1.990000 2.030000 1.870000 1.990000 1.878100e+06
736757 1.950000 1.990000 1.880000 1.900000 1.545000e+06
736760 1.910000 1.950000 1.790000 1.880000 1.576100e+06
736761 1.890000 1.890000 1.770000 1.790000 1.427000e+06
736762 1.790000 1.870000 1.730000 1.850000 1.537100e+06
736763 1.870000 2.040000 1.800000 1.820000 3.487400e+06
736764 1.820000 1.830000 1.630000 1.650000 2.947400e+06
