736034 22.728974 22.728974 22.599305 22.645616 6.057355e+04
736035 23.025359 23.025359 22.840118 22.923476 6.048093e+04
736036 22.738235 22.747497 22.617830 22.738235 2.241407e+04
736039 22.895689 22.969785 22.895689 22.951263 3.547350e+04
736040 22.812331 22.951263 22.793809 22.932738 3.399158e+04
736041 22.960525 23.469935 22.951263 23.442148 2.704507e+04
736042 23.368052 23.368052 23.136502 23.164288 5.964735e+04
736043 23.444808 23.742047 23.444808 23.677027 1.136014e+05
736046 23.825647 23.881379 23.788493 23.834936 5.926223e+04
736047 23.992845 23.992845 23.853514 23.853514 3.557592e+04
736048 23.909246 23.927824 23.704894 23.723472 8.963645e+04
736049 23.593429 23.593429 23.454097 23.537696 1.129512e+05
736050 23.593428 23.593428 23.277609 23.398365 4.729832e+05
736053 23.407654 23.500540 23.407654 23.463386 1.096073e+04
736054 23.166147 23.259035 23.147569 23.212590 6.604302e+04
736055 23.259035 23.398366 23.259035 23.370499 7.013007e+04
736056 23.621295 23.621295 23.509829 23.612006 1.848462e+04
736060 23.862803 24.048576 23.779203 23.909246 7.375269e+04
736061 23.937113 24.020712 23.844225 23.890668 8.192679e+04
736062 24.132176 24.150754 23.964978 24.020712 4.309981e+04
736063 24.085733 24.141465 24.048577 24.104311 2.079751e+05
736064 24.132176 24.225064 24.132176 24.225064 1.122081e+05
736067 24.187910 24.187910 23.992845 24.039288 4.440023e+04
736068 24.141465 24.252931 24.141465 24.234353 1.256768e+05
736069 24.271507 24.410840 24.262220 24.410840 3.316084e+04
736070 24.410841 24.643059 24.382973 24.587325 5.452497e+04
736071 24.317952 24.317952 24.141465 24.225064 1.681264e+04
736074 24.252931 24.290086 24.197197 24.234353 5.898357e+04
736075 24.308663 24.429416 24.308663 24.336530 3.789811e+04
736076 24.327241 24.447994 24.317952 24.410840 2.173568e+04
736077 24.410840 24.615192 24.317952 24.578036 2.034237e+04
736078 24.698789 24.810254 24.680212 24.754522 3.492570e+04
736081 24.968163 25.033186 24.931009 24.931009 2.396498e+04
736082 24.884566 24.977452 24.884566 24.977452 5.480363e+03
736083 24.754522 24.828833 24.708079 24.773100 1.467623e+04
736084 24.773100 24.773100 24.578036 24.596614 5.842625e+04
736085 24.568748 24.763811 24.568748 24.763811 4.625798e+04
736088 24.680212 24.838121 24.680212 24.838121 5.034503e+04
736089 24.680212 24.782388 24.540881 24.605902 5.489652e+04
736090 24.717368 24.717368 24.513013 24.559459 2.319401e+05
736091 24.559461 24.559461 24.364396 24.438705 1.148090e+05
736092 24.810254 24.949587 24.773100 24.921720 2.308255e+05
736095 24.754522 24.763811 24.643058 24.643058 5.861202e+04
736096 24.578035 24.698790 24.568748 24.680212 6.715767e+04
736097 24.800967 24.838121 24.735944 24.773100 5.480363e+03
736098 25.051762 25.051762 24.865988 24.977452 3.278929e+04
736099 24.838121 25.042473 24.810254 25.042473 1.409104e+05
736102 24.856699 24.921721 24.828833 24.865988 7.105895e+04
736103 24.698790 24.735944 24.698790 24.717368 6.409238e+03
736104 24.615191 24.754523 24.615191 24.698790 2.340765e+04
736105 24.596613 24.838121 24.596613 24.791678 1.235404e+04
736106 24.633769 24.670923 24.624480 24.652347 2.758759e+04
736110 24.466572 24.466572 24.243642 24.243642 3.771233e+04
736111 24.271507 24.466572 24.271507 24.457283 2.052814e+04
736112 24.373684 24.373684 24.225064 24.373684 4.542199e+04
736113 24.327241 24.327241 24.011422 24.095022 6.613591e+04
736116 24.039288 24.048577 23.899958 23.964978 4.049896e+04
736117 23.955691 24.178621 23.955691 24.104311 4.811573e+04
736118 24.122887 24.225064 24.122887 24.122887 1.188960e+04
736119 24.104311 24.104311 23.797782 23.797782 5.071658e+04
736120 23.686316 23.686316 23.546984 23.593428 9.102976e+03
736123 23.565563 23.639873 23.537696 23.639873 1.166667e+05
736124 23.528408 23.574851 23.491254 23.509830 4.960193e+04
736125 23.788493 23.937113 23.769915 23.844225 1.043127e+05
736126 23.927824 24.002134 23.890668 23.937113 2.814492e+04
736127 23.695605 23.816358 23.695605 23.742048 2.582273e+04
736130 23.500540 23.658449 23.500540 23.658449 3.808388e+04
736131 23.602717 23.714183 23.584139 23.695605 3.111732e+04
736132 23.630584 23.769915 23.481964 23.760626 4.505044e+04
736133 23.807069 24.057866 23.807069 23.964978 4.876595e+04
736134 23.890322 23.947023 23.880871 23.890322 3.997471e+04
736137 24.211633 24.315585 24.211633 24.258883 1.086783e+04
736138 24.372287 24.391185 24.239982 24.287234 8.155596e+04
736139 24.173830 24.211632 24.107678 24.136030 8.656461e+04
736140 24.277784 24.277784 24.041527 24.041527 2.494875e+04
736141 24.003725 24.069876 23.899773 24.022626 4.110874e+04
736144 23.550112 23.625714 23.285503 23.323305 8.023293e+04
736145 23.512309 23.512309 23.219351 23.351654 4.063623e+04
736146 23.540661 23.578463 23.351654 23.417808 4.262079e+04
736147 23.446157 23.455608 23.361104 23.455608 2.409823e+04
736151 23.143749 23.143749 22.907492 23.001995 2.296419e+04
736152 22.652333 22.954745 22.491679 22.935843 2.220817e+04
736153 22.453879 22.529481 22.321576 22.368826 1.280514e+05
736154 22.623985 22.841341 22.623985 22.690136 1.228537e+04
736155 23.313855 23.370556 23.219352 23.361105 2.038427e+05
736158 23.398907 23.446157 23.370556 23.408357 4.139225e+04
736159 23.625713 23.625713 23.417808 23.531210 2.183016e+04
736160 23.408357 23.455608 23.257153 23.351654 2.881392e+05
736161 23.587911 23.616263 23.550111 23.550111 8.316251e+03
736162 23.559562 23.559562 23.483960 23.521760 2.154665e+04
736165 23.521760 23.540661 23.474509 23.502861 1.256888e+04
736166 23.436707 23.483959 23.427259 23.474509 2.201917e+04
736167 23.200450 23.257154 23.181551 23.238252 1.842806e+04
736168 23.219351 23.228801 23.096498 23.096498 3.742313e+04
736169 23.030346 23.049245 22.803537 22.869691 8.155596e+04
736172 22.690136 22.775188 22.642883 22.699586 6.010382e+04
736173 22.784639 22.964192 22.746837 22.954744 3.061892e+04
736174 22.916943 23.209901 22.916943 23.124848 1.012126e+05
736175 23.039795 23.134299 23.020897 23.124848 3.128045e+04
736176 23.512310 23.512310 23.181552 23.209901 1.805005e+04
736179 23.191001 23.191001 23.011445 23.011445 2.107414e+04
736180 23.238251 23.266603 23.124847 23.134298 2.211367e+04
736181 23.294955 23.294955 23.181552 23.209901 3.118594e+04
736182 23.124847 23.162650 23.030347 23.077597 2.853986e+04
736183 22.992544 23.039794 22.964192 23.030346 3.241448e+04
736186 23.143749 23.361104 23.143749 23.351654 4.214827e+04
736187 23.049245 23.087047 22.916942 23.020896 4.044722e+04
736188 22.718487 22.907492 22.652333 22.907492 2.353121e+04
736189 22.775188 22.888590 22.775188 22.822439 5.925329e+04
736190 22.803537 22.869691 22.765737 22.831889 3.052442e+04
736193 22.690136 22.765738 22.605083 22.737386 3.137495e+04
736194 22.614533 22.642883 22.567281 22.605083 6.067083e+04
736195 22.340473 22.482230 22.227071 22.397177 2.504326e+04
736196 22.151470 22.151470 21.943562 21.943562 8.500532e+05
736197 21.820709 21.867959 21.423797 21.423797 1.327104e+06
736200 20.790628 21.083586 20.346466 20.686674 6.982816e+05
736201 21.291494 21.433247 20.828430 20.866230 2.480700e+05
736202 21.196990 21.348195 20.932382 21.348195 7.843737e+04
736203 21.433247 21.688406 21.433247 21.622252 1.531891e+05
736204 21.678955 21.688405 21.546649 21.678955 1.263503e+05
736207 21.716756 21.716756 21.348195 21.518300 1.673646e+05
736208 21.121388 21.121388 20.696125 20.696125 7.031012e+04
736209 21.282043 21.282043 20.771727 20.932382 3.507001e+05
736210 20.941832 21.159188 20.941832 21.007984 6.908158e+04
736211 20.667775 20.667775 20.431518 20.526019 3.865167e+04
736215 21.036335 21.130839 20.970184 21.130839 7.068813e+04
736216 21.433247 21.433247 20.989083 20.989083 3.317050e+04
736217 21.083586 21.234791 21.036336 21.149738 5.348862e+04
736218 20.970184 21.140289 20.970184 21.140289 6.397843e+04
736221 20.913481 21.055238 20.913481 20.998534 2.268069e+05
736222 20.932382 21.149738 20.932382 21.130839 2.889897e+05
736223 21.149738 21.527751 21.149738 21.518300 2.192466e+05
736224 21.489950 21.858510 21.395446 21.556101 1.799334e+05
736225 21.259897 21.393666 21.107017 21.154791 3.747475e+05
736228 21.193011 21.193011 21.011466 21.107016 4.462189e+04
736229 20.782146 20.782146 20.447721 20.591045 4.873055e+04
736230 20.485942 20.581492 20.399946 20.428610 2.178542e+05
736231 20.199289 20.428609 20.113294 20.333061 8.351078e+04
736232 20.543270 20.610155 20.342616 20.409501 4.863500e+04
736235 20.199289 20.218400 19.941306 19.989080 7.405132e+04
736236 19.960414 20.132405 19.903085 20.036854 5.589681e+04
736237 20.161070 20.380835 20.161070 20.371280 2.188097e+04
736238 20.485942 20.562381 20.333062 20.428610 1.993175e+05
736239 20.285285 20.877696 20.285285 20.858586 3.984439e+04
736242 21.183456 21.326781 21.164346 21.288562 1.383565e+05
736243 21.135682 21.403221 21.135682 21.365002 5.608791e+04
736244 21.699426 21.785421 21.584767 21.728092 2.551188e+04
736245 21.632541 22.014743 21.632541 22.014743 4.605515e+04
736246 22.138957 22.138957 21.995632 22.062517 3.764674e+04
736249 22.091183 22.091183 22.024296 22.024296 6.956047e+04
736250 21.852308 21.852308 21.661207 21.670762 1.623396e+05
736251 21.814087 21.880972 21.756757 21.814087 1.605242e+04
736252 21.986077 22.148512 21.986077 22.129402 9.574120e+04
736253 22.167624 22.234508 22.110292 22.234508 3.296478e+04
736256 22.024297 22.072073 21.928749 22.072073 5.264810e+04
736257 21.947856 21.995632 21.909637 21.919193 1.325280e+05
736258 22.024296 22.043407 21.852308 21.852308 4.366639e+04
736259 22.072073 22.196288 22.014744 22.072073 8.752389e+04
736260 22.224953 22.253619 22.110292 22.224953 5.868687e+05
736263 22.244063 22.272726 22.129402 22.167623 6.124761e+04
736264 22.110291 22.110291 21.861861 21.890527 1.882337e+04
736265 21.957412 22.110291 21.775868 21.909637 5.312585e+04
736266 21.728092 21.852308 21.728092 21.823642 1.293748e+05
736267 21.842753 21.928748 21.842753 21.861861 1.576577e+04
736270 21.957412 22.081628 21.957412 22.081628 3.506689e+04
736271 22.024296 22.263171 22.024296 22.205842 7.070707e+04
736272 22.110291 22.224952 21.976522 22.062517 5.245700e+04
736273 22.215397 22.215397 21.947856 22.005188 4.127764e+04
736274 21.775868 21.785421 21.536993 21.785421 2.014196e+05
736277 21.603878 21.642097 21.441443 21.546546 5.532351e+04
736278 21.460550 21.489216 21.374557 21.441442 8.102648e+04
736279 21.584767 21.622986 21.470106 21.498772 4.834835e+04
736280 21.345891 21.374557 21.173901 21.173901 3.544909e+04
736281 21.126127 21.145235 20.982800 21.001911 1.493448e+05
736284 21.107016 21.288562 21.059242 21.250341 5.092820e+04
736285 21.193012 21.460551 21.193012 21.345892 6.296751e+04
736286 21.288562 21.603877 21.288562 21.603877 1.442806e+05
736287 21.775868 21.775868 21.689873 21.766313 2.343844e+05
736288 21.919193 21.919193 21.689873 21.689873 2.914278e+04
736291 21.622985 21.661206 21.470105 21.489216 3.840158e+05
736292 21.393666 21.527438 21.336337 21.498772 9.411685e+04
736293 21.393665 21.546545 21.393665 21.489216 2.642916e+05
736295 21.460551 21.460551 21.412777 21.422332 1.442806e+04
736298 21.384110 21.403221 21.288562 21.336336 5.465465e+04
736299 21.498772 21.584767 21.470106 21.584767 1.711302e+05
736300 21.450997 21.536992 21.298117 21.326781 1.573710e+05
736301 21.508327 21.536993 21.259897 21.317226 2.640049e+05
736302 21.231231 21.412777 21.231231 21.384111 4.118209e+04
736305 21.460551 21.460551 21.059243 21.116572 4.987715e+04
736306 20.743925 20.935026 20.715261 20.810812 1.702703e+05
736307 20.877696 21.011466 20.715261 20.791701 1.720857e+05
736308 20.753480 20.801256 20.638821 20.638821 1.640595e+05
736309 20.352170 20.371281 20.180182 20.237511 2.601829e+05
736312 20.313951 20.313951 20.094187 20.237511 9.516790e+04
736313 20.304396 20.552826 20.304396 20.476386 2.159432e+05
736314 20.677040 20.868141 20.552826 20.829920 5.052689e+05
736315 20.810811 20.810811 20.524160 20.524160 7.198744e+05
736316 20.524161 20.533716 20.380836 20.390391 1.143735e+05
736319 20.629266 20.638821 20.371281 20.552826 1.953999e+05
736320 20.533715 20.619710 20.466830 20.610155 6.401856e+04
736321 20.820367 20.973247 20.801256 20.954136 3.379607e+05
736322 20.973247 20.992355 20.925471 20.944581 9.039039e+04
736326 20.944581 20.944581 20.820367 20.887252 2.484303e+05
736327 21.085499 21.095123 20.979638 21.056627 3.759012e+05
736328 20.950767 20.960391 20.864153 20.873778 3.439506e+05
736329 20.816035 20.854530 20.710175 20.710175 9.922022e+04
736333 20.354098 20.363722 20.113506 20.363722 7.872176e+04
736334 20.277109 20.296357 20.142378 20.228991 1.065342e+05
736335 19.892162 19.969151 19.824796 19.940279 4.272917e+04
736336 19.670817 19.670817 19.420601 19.439849 1.632177e+05
736337 19.728559 19.728559 19.208879 19.266622 2.212486e+05
736340 19.497590 19.497590 19.131889 19.276246 1.083627e+05
736341 19.478344 19.536085 19.237752 19.382106 4.869586e+04
736342 19.680442 19.680442 19.064524 19.103020 1.568661e+05
736343 19.285869 19.459094 19.256997 19.391729 2.983343e+04
736344 18.977911 18.977911 18.554471 18.698825 4.041949e+04
736348 19.026029 19.035654 18.756566 18.910545 5.774212e+04
736349 18.698824 18.698824 18.150275 18.506350 1.734188e+05
736350 18.544846 18.718073 18.313878 18.592964 1.157730e+05
736351 19.074148 19.189633 19.026029 19.189633 5.244909e+04
736354 19.141513 19.141513 18.939417 18.939417 7.843305e+04
736355 19.122268 19.372482 19.112644 19.372482 2.908278e+05
736356 19.430226 19.536084 19.160762 19.208879 4.358568e+05
736357 19.536084 19.545708 19.276247 19.449471 1.732264e+05
736358 19.603452 19.853666 19.603452 19.853666 1.247230e+05
736361 19.670818 19.824796 19.613074 19.767055 1.342504e+05
736362 19.468719 19.487966 19.218502 19.256998 1.839087e+05
736363 19.449471 19.545708 19.074148 19.545708 1.192375e+05
736364 19.613074 19.767055 19.584204 19.632322 3.570388e+04
736365 19.622698 19.641946 19.382106 19.459095 2.473288e+04
736368 19.160762 19.160762 18.862427 19.054900 3.989981e+05
736369 18.785437 18.872051 18.612210 18.746942 9.171374e+04
736370 18.900920 18.997158 18.727694 18.756566 2.311610e+05
736371 18.525598 18.573715 18.313878 18.487102 1.054756e+05
736372 18.650706 18.833557 18.544846 18.823932 6.467118e+04
736376 19.228127 19.276246 19.083771 19.276246 6.053299e+04
736377 19.401354 19.622697 19.401354 19.603452 3.993830e+04
736378 19.699687 19.699687 19.516839 19.536084 2.201900e+05
736379 19.468719 19.555332 19.362860 19.536084 3.560764e+04
736382 19.767055 19.844044 19.767055 19.844044 4.744478e+04
736383 19.661193 19.718935 19.459095 19.478343 1.335768e+05
736384 19.141512 19.430225 19.035654 19.430225 3.946674e+05
736385 19.468719 19.651569 19.420601 19.632322 5.139049e+04
736386 19.690063 19.728558 19.497590 19.526462 1.421419e+05
736389 19.545708 19.718935 19.545708 19.603452 5.081307e+04
736390 19.844044 20.123130 19.824796 20.103882 4.936952e+04
736391 20.103882 20.257861 20.026893 20.257861 4.927328e+04
736392 20.296357 20.517702 20.286733 20.508077 6.062923e+04
736393 20.623561 20.825658 20.623561 20.758293 8.642071e+04
736396 20.536949 20.787164 20.536949 20.739045 5.899320e+04
736397 20.623562 20.623562 20.469583 20.498453 5.081307e+04
736398 20.565820 20.681303 20.556196 20.594690 2.915977e+04
736399 20.690928 20.825659 20.373347 20.575443 6.996421e+04
736400 20.883403 21.095123 20.883403 21.066251 3.048784e+05
736403 21.018132 21.104746 20.970015 20.998885 9.334976e+04
736404 20.739046 20.806413 20.681304 20.787165 7.371745e+04
736405 20.739046 21.095123 20.700552 21.095123 1.404096e+05
736406 21.162489 21.383833 21.095123 21.345339 4.059271e+05
736407 21.364587 21.412705 21.316468 21.345339 5.418136e+04
736410 21.321174 21.398494 21.282514 21.350170 5.605749e+04
736411 21.137540 21.321175 21.108544 21.263185 4.832542e+04
736412 21.127874 21.127874 20.934572 20.973233 5.335126e+04
736413 20.692945 20.837920 20.634954 20.818592 6.639913e+04
736417 20.924907 21.437156 20.895912 20.953902 7.616086e+04
736418 20.799261 21.195529 20.760600 21.195529 6.939530e+04
736419 21.398495 21.514477 21.369501 21.456487 3.344119e+04
736420 21.408161 21.437156 21.292181 21.340505 7.297138e+04
736421 21.031222 21.147202 20.905575 21.137539 4.484599e+04
736424 21.176199 21.185864 21.060219 21.098878 5.721730e+04
736425 20.712275 20.731606 20.625290 20.673614 1.244863e+05
736426 20.683279 20.924906 20.663948 20.924906 5.238475e+04
736427 20.712275 20.712275 20.509307 20.605959 9.935706e+04
736428 20.963567 21.040887 20.934571 20.963567 3.943354e+04
736431 21.185863 21.272849 21.127874 21.137539 4.913729e+05
736432 21.301846 21.543473 21.214860 21.466150 4.503929e+04
736433 21.736774 21.785100 21.649788 21.765769 4.825776e+05
736434 21.804428 21.814094 21.746439 21.775435 1.108585e+05
736435 21.756103 21.814094 21.736773 21.736773 4.552254e+04
736438 21.736773 21.939741 21.678783 21.910745 1.623734e+05
736439 22.104047 22.239357 22.104047 22.210362 1.048662e+05
736440 22.133042 22.316679 22.123376 22.220028 1.769677e+05
736441 22.152372 22.152372 21.968736 22.026727 9.297811e+04
736442 21.997731 22.075052 21.930076 22.017062 1.082489e+05
736445 21.959070 21.959070 21.872084 21.901080 5.267471e+04
736446 22.065386 22.075051 21.997730 22.065386 3.112157e+04
736447 22.026726 22.123375 21.939741 22.094382 5.035509e+04
736448 21.862420 22.055721 21.833424 21.852755 3.701727e+04
736449 21.968736 21.968736 21.746439 21.862421 1.041896e+05
736452 21.901080 21.988066 21.891415 21.978401 8.891877e+04
736453 21.717443 21.717443 21.543473 21.543473 6.349960e+04
736454 21.398495 21.446822 21.234189 21.272850 1.191705e+05
736455 21.350170 21.379167 21.253520 21.301846 1.270959e+05
736456 21.185864 21.311509 21.176199 21.282515 3.492961e+05
736459 21.282515 21.321175 21.195530 21.234189 3.215574e+05
736460 21.311509 21.504812 21.311509 21.504812 2.343783e+05
736461 21.369502 21.466151 21.321175 21.359836 9.027189e+04
736462 21.533808 21.543473 21.263185 21.301846 6.717233e+04
736463 21.108543 21.185863 21.031222 21.050553 6.833214e+04
736466 21.176198 21.311508 21.176198 21.292180 1.263226e+05
736467 21.214860 21.301846 21.127874 21.127874 1.168509e+05
736468 21.108543 21.292181 21.021557 21.079547 9.375131e+04
736469 20.953902 20.982896 20.866916 20.953902 6.282305e+04
736470 21.098878 21.156868 21.079547 21.089213 8.089675e+04
736473 21.050554 21.098879 21.011893 21.031223 1.182040e+05
736474 21.185864 21.321174 21.185864 21.311509 1.839072e+06
736475 21.408160 21.514476 21.408160 21.485481 8.824221e+04
736476 21.630457 21.630457 21.543473 21.572467 8.466613e+04
736477 21.553136 21.553136 21.475816 21.504812 4.117326e+04
736481 21.611128 21.620793 21.359835 21.408160 8.582594e+04
736482 21.292180 21.388829 21.263184 21.369501 1.010001e+05
736483 21.253519 21.398494 21.253519 21.369501 5.470437e+04
736484 21.514476 21.601462 21.427491 21.582132 6.746228e+04
736487 21.678782 21.785099 21.669117 21.736773 1.715552e+05
736488 21.881749 21.988065 21.881749 21.939741 1.214901e+05
736489 22.026728 22.084717 21.997732 22.036391 1.337648e+05
736490 21.746439 21.814094 21.727108 21.794763 7.200487e+04
736491 21.388829 21.398494 21.176198 21.243854 9.317141e+04
736494 21.040888 21.118209 20.905576 20.944237 1.487456e+05
736495 20.770265 20.799260 20.557633 20.654285 6.620582e+04
736496 20.818592 20.944237 20.779931 20.799261 6.581922e+04
736497 20.480313 20.779930 20.345000 20.770265 2.319620e+05
736498 20.895913 21.021558 20.847587 20.992562 3.924024e+04
736501 21.559769 21.579397 21.481263 21.481263 6.103858e+04
736502 21.589209 21.736408 21.589209 21.618650 1.104975e+05
736503 21.697157 21.775663 21.599023 21.599023 1.262969e+05
736504 21.962113 22.128939 21.863982 22.109314 7.026306e+04
736505 20.558817 20.941533 20.499935 20.499935 1.912608e+05
736508 20.284044 20.284044 19.970019 20.185911 2.662342e+05
736509 20.607882 20.715829 20.509749 20.706015 2.303176e+05
736510 21.059291 21.167238 21.059291 21.127986 1.075535e+05
736511 21.226118 21.471450 21.196679 21.471450 2.825243e+05
736512 21.510704 21.579397 21.500890 21.559769 2.836037e+04
736516 21.255558 21.294812 21.118172 21.137800 2.411122e+05
736517 20.902279 21.108359 20.882655 21.108359 2.393458e+05
736518 21.157424 21.186865 20.941533 21.010226 1.097124e+05
736519 21.284999 21.363504 21.235931 21.353691 4.474854e+04
736522 21.559769 21.657903 21.559769 21.589210 1.130490e+05
736523 21.883607 21.932674 21.824728 21.863982 1.361102e+05
736524 21.903235 21.903235 21.824728 21.883607 5.632821e+04
736525 22.109315 22.128940 22.050434 22.099501 1.004880e+05
736526 22.030808 22.060247 21.981741 22.060247 3.856618e+04
736529 21.942489 22.079874 21.932675 22.050433 3.778112e+04
736530 21.863982 21.913047 21.814915 21.863982 7.840808e+04
736531 21.893420 21.991554 21.854168 21.952302 8.115580e+04
736532 21.942489 22.011180 21.873796 21.922861 1.056890e+05
736533 22.001367 22.001367 21.932674 21.981740 1.482786e+05
736536 22.050433 22.050433 21.932675 22.011181 5.803572e+05
736537 22.070061 22.119129 22.020996 22.099501 2.993050e+04
736538 22.236886 22.246699 22.070060 22.207445 2.777157e+04
736539 22.276140 22.276140 22.128939 22.207445 9.695518e+04
736540 22.266328 22.403713 22.246700 22.384085 2.415048e+05
736543 22.864935 22.864935 22.187820 22.207445 1.454328e+05
736544 22.207446 22.207446 22.040620 22.119128 9.175414e+04
736545 21.903234 22.030808 21.903234 22.030808 3.159875e+04
736546 22.119128 22.207446 22.119128 22.178007 6.898734e+04
736547 22.227073 22.325206 22.227073 22.295765 6.309937e+04
736550 22.344831 22.393898 22.335018 22.364459 2.209950e+05
736551 22.472404 22.599977 22.472404 22.550910 1.103012e+05
736552 22.678484 22.698109 22.590163 22.609791 8.164646e+04
736553 22.658857 22.786428 22.658857 22.776615 8.007634e+04
736554 22.737363 22.747176 22.639230 22.678484 1.174649e+05
736557 22.707922 22.796243 22.707922 22.766804 5.691701e+04
736558 22.717737 22.756991 22.688298 22.707923 5.966473e+04
736559 22.590164 22.727550 22.511659 22.688298 7.369771e+04
736560 22.688298 22.815869 22.688298 22.806056 4.955705e+04
736561 22.531283 22.668670 22.531283 22.658857 3.542593e+04
736564 22.550911 22.619603 22.511659 22.619603 7.340331e+04
736565 22.747177 22.776616 22.649044 22.668671 5.181411e+04
736566 22.609792 22.658857 22.570537 22.590164 3.562220e+04
736567 22.531284 22.580351 22.511659 22.541097 1.163855e+05
736568 22.550911 22.707923 22.266327 22.335019 8.988962e+04
736571 22.315392 22.442966 22.315392 22.442966 3.905684e+04
736572 22.413526 22.462591 22.354647 22.384085 4.788879e+04
736573 22.344832 22.374270 22.236886 22.285951 3.935124e+04
736574 22.344833 22.393899 22.276141 22.384085 4.690747e+04
736575 22.560725 22.629417 22.531284 22.629417 5.338423e+04
736579 22.688298 22.855124 22.688298 22.835496 3.552406e+04
736580 22.855124 22.884562 22.776615 22.835496 1.007824e+05
736581 22.864935 22.904189 22.796243 22.835496 5.289356e+04
736582 22.599978 22.619603 22.344832 22.344832 1.046095e+05
736585 22.148566 22.482217 22.148566 22.472404 1.757558e+05
736586 22.158379 22.168193 21.932674 22.001367 5.829087e+04
736587 21.981741 22.099500 21.962113 21.991554 9.195041e+04
736588 22.020995 22.276140 22.011180 22.246699 5.034211e+04
736589 21.981741 22.030808 21.942488 21.962113 6.869294e+04
736592 22.162510 22.222033 22.073225 22.112908 1.841254e+05
736593 22.241874 22.271636 22.192272 22.192272 5.902727e+04
736594 22.410524 22.608936 22.331160 22.589094 6.934465e+04
736595 22.856949 22.906551 22.767664 22.767664 1.041658e+05
736596 22.648617 22.698219 22.599015 22.608936 1.903754e+05
736599 22.400604 22.440287 22.370841 22.380762 9.126907e+04
736600 22.321239 22.499809 22.311318 22.489888 8.134851e+04
736601 22.539490 22.678380 22.430366 22.668458 1.126975e+05
736602 22.608936 22.688300 22.380761 22.410524 1.553558e+05
736603 22.470047 22.638697 22.460126 22.589094 1.000984e+05
736606 22.519651 22.589094 22.499809 22.559332 8.561435e+04
736607 22.648616 22.688300 22.470046 22.479967 9.652695e+04
736608 22.628775 22.708140 22.589094 22.658538 2.038673e+05
736609 22.589094 22.628776 22.549412 22.618855 4.355122e+04
736610 22.608936 22.608936 22.370841 22.519651 5.535667e+04
736613 22.579173 22.648617 22.579173 22.589094 1.597209e+04
736614 22.499809 22.499809 22.212112 22.251795 6.815418e+04
736615 22.152589 22.251795 22.142669 22.182352 4.345201e+04
736616 21.983940 22.182352 21.934338 22.142669 6.607087e+04
736617 22.251795 22.311318 22.152589 22.152589 3.988061e+04
736620 22.122826 22.152589 22.083145 22.102987 3.749968e+04
736621 22.351002 22.360922 22.291476 22.321239 1.317449e+05
736622 22.390682 22.460125 22.380760 22.430365 5.466223e+04
736623 22.360922 22.489888 22.360922 22.470047 1.873992e+05
736624 22.281556 22.400604 22.281556 22.380762 9.642776e+04
736627 22.460126 22.460126 22.370841 22.420445 2.566447e+05
736628 22.390682 22.450204 22.360921 22.390682 1.678557e+05
736629 22.291477 22.370841 22.261717 22.281556 1.387885e+05
736630 22.301398 22.360922 22.251795 22.251795 1.008920e+05
736631 22.271637 22.321238 22.202191 22.261716 9.593172e+04
736634 22.271637 22.321239 22.241874 22.311318 1.449392e+05
736635 22.380760 22.380760 22.112908 22.192272 7.916599e+04
736636 22.172430 22.202191 22.003781 22.063304 6.200344e+04
736637 22.073225 22.102988 21.993861 21.993861 2.033713e+04
736638 21.835133 21.854975 21.716085 21.716085 1.038682e+05
736641 22.013704 22.093067 22.013704 22.093067 5.793602e+04
736642 22.053384 22.301397 22.053384 22.222033 1.013880e+05
736643 21.924417 22.132747 21.904576 22.073225 6.984068e+04
736644 22.063305 22.083146 21.835132 21.884734 5.257892e+04
736645 21.785528 21.845053 21.646642 21.815291 1.982126e+05
736648 21.626799 21.646642 21.507754 21.636720 1.007928e+05
736649 21.626799 21.795448 21.626799 21.775609 7.648744e+04
736650 21.497833 21.577197 21.497833 21.537514 4.325360e+04
736651 21.587119 21.716085 21.587119 21.626800 7.966202e+04
736652 21.517675 21.547435 21.477992 21.517675 1.282727e+05
736655 21.626799 21.696245 21.606960 21.696245 1.033721e+05
736656 21.775609 21.815291 21.716084 21.805370 1.858119e+05
736657 21.527596 21.666483 21.527596 21.656562 7.579301e+04
736659 21.795449 21.795449 21.745847 21.765689 1.329354e+04
736662 21.716084 21.795448 21.716084 21.735926 5.724158e+04
736663 21.755767 21.854974 21.716084 21.785528 1.234116e+05
736664 21.944260 21.944260 21.835132 21.845053 1.782723e+05
736665 21.785529 21.845053 21.735927 21.755768 1.116062e+05
736666 21.726006 21.835132 21.726006 21.795449 6.478120e+04
736669 21.924416 22.003781 21.904575 21.974019 1.711295e+05
736670 22.023623 22.202191 22.023623 22.202191 8.997939e+04
736671 22.231954 22.539490 22.231954 22.499809 1.041658e+05
736672 22.440286 22.539490 22.420444 22.489888 8.382865e+04
736673 22.450205 22.569253 22.450205 22.559332 1.140863e+05
736676 22.549411 22.589093 22.529569 22.549411 1.167649e+05
736677 22.737902 22.827187 22.688301 22.747823 8.531674e+04
736678 22.688300 22.708139 22.321239 22.321239 9.047542e+04
736679 22.301399 22.410525 22.301399 22.380762 1.034713e+05
736680 22.321239 22.370840 22.271637 22.311318 1.028761e+05
736683 22.360922 22.360922 22.251795 22.251795 3.739056e+05
736684 22.351002 22.360922 22.271637 22.341080 2.763865e+05
736685 22.360922 22.380761 22.331159 22.351001 1.538677e+05
736686 22.320000 22.330000 22.260000 22.290001 9.400000e+04
736687 22.240000 22.320000 22.240000 22.309999 3.186000e+05
736691 22.309999 22.389999 22.309999 22.379999 3.174000e+05
736692 22.330000 22.370001 22.280001 22.309999 1.681000e+05
736693 22.480000 22.490000 22.410000 22.450001 1.135000e+05
736694 22.620001 22.620001 22.469999 22.520000 2.682000e+05
736698 22.580000 22.660000 22.580000 22.629999 1.333000e+05
736699 22.799999 22.900000 22.770000 22.900000 1.296000e+05
736700 22.969999 23.110001 22.969999 23.090000 7.680000e+04
736701 23.000000 23.010000 22.940001 22.990000 1.576000e+05
736704 22.850000 22.959999 22.840000 22.930000 1.419000e+05
736705 22.930000 22.959999 22.879999 22.900000 4.230000e+04
736706 22.809999 23.059999 22.809999 23.059999 7.350000e+04
736707 23.110001 23.120001 23.040001 23.080000 6.490000e+04
736708 23.120001 23.150000 23.059999 23.139999 1.776000e+05
736712 23.129999 23.129999 23.049999 23.070000 1.238000e+05
736713 22.990000 23.040001 22.910000 22.950001 8.550000e+04
736714 22.950001 22.950001 22.860001 22.940001 1.013000e+05
736715 23.000000 23.030001 22.940001 23.030001 1.051000e+05
736718 23.040001 23.090000 22.990000 23.080000 6.310000e+04
736719 23.059999 23.219999 23.059999 23.190001 8.980000e+04
736720 23.299999 23.389999 23.299999 23.389999 7.220000e+04
736721 23.370001 23.370001 23.299999 23.320000 1.540000e+05
736722 23.299999 23.330000 23.250000 23.309999 7.160000e+04
736725 23.160000 23.180000 23.090000 23.180000 2.922000e+05
736726 23.180000 23.219999 23.110001 23.200001 2.486000e+05
736727 23.350000 23.350000 23.209999 23.309999 1.451000e+05
736728 23.350000 23.350000 23.250000 23.299999 1.128000e+05
736729 23.330000 23.430000 23.309999 23.400000 1.121000e+05
736732 23.240000 23.240000 23.170000 23.219999 1.115000e+05
736733 23.150000 23.170000 23.120001 23.150000 1.156000e+05
736734 23.170000 23.260000 23.160000 23.240000 1.360000e+05
736735 23.350000 23.379999 23.320000 23.340000 7.240000e+04
736736 23.379999 23.490000 23.379999 23.459999 1.697000e+05
736739 23.540001 23.590000 23.520000 23.570000 1.129000e+05
736740 23.559999 23.620001 23.469999 23.590000 1.767000e+05
736741 23.500000 23.740000 23.500000 23.730000 1.760000e+05
736742 23.799999 23.830000 23.770000 23.809999 1.347000e+05
736743 23.709999 23.770000 23.680000 23.770000 1.032000e+05
736747 23.790001 23.850000 23.790001 23.809999 2.313000e+05
736748 23.740000 23.830000 23.719999 23.820000 8.120000e+04
736749 23.910000 23.980000 23.889999 23.889999 9.270000e+04
736750 23.629999 23.709999 23.629999 23.680000 4.890000e+04
736753 23.570000 23.639999 23.570000 23.620001 3.180000e+04
736754 23.639999 23.650000 23.530001 23.549999 7.050000e+04
736755 23.670000 23.860001 23.670000 23.840000 1.550000e+05
736756 23.700001 23.709999 23.620001 23.639999 6.230000e+04
736757 23.719999 23.809999 23.670000 23.780001 1.199000e+05
736760 23.709999 23.760000 23.690001 23.719999 1.331000e+05
736761 23.700001 23.709999 23.639999 23.670000 7.040000e+04
736762 23.620001 23.620001 23.469999 23.469999 1.405000e+05
736763 23.530001 23.559999 23.469999 23.520000 1.507000e+05
736764 23.719999 23.750000 23.650000 23.750000 9.420000e+04
