736034 120.000000 120.000000 120.000000 120.000000 0.000000e+00
736035 127.199997 127.199997 127.199997 127.199997 5.000000e+02
736036 127.199997 127.199997 127.199997 127.199997 0.000000e+00
736039 127.199997 127.199997 127.199997 127.199997 0.000000e+00
736040 127.199997 127.199997 127.199997 127.199997 0.000000e+00
736041 125.550003 125.550003 125.550003 125.550003 3.000000e+02
736042 125.550003 125.550003 125.550003 125.550003 0.000000e+00
736043 122.000000 126.000000 120.000000 126.000000 1.700000e+03
736046 123.000000 123.000000 123.000000 123.000000 3.000000e+02
736047 123.000000 123.000000 123.000000 123.000000 0.000000e+00
736048 123.000000 123.000000 123.000000 123.000000 4.000000e+02
736049 125.000000 125.000000 125.000000 125.000000 5.000000e+02
736050 126.400002 126.400002 126.400002 126.400002 4.000000e+02
736053 128.669998 128.669998 128.669998 128.669998 5.000000e+02
736054 125.800003 125.800003 125.800003 125.800003 5.000000e+02
736055 125.000000 128.000000 125.000000 128.000000 7.000000e+02
736056 128.000000 128.000000 128.000000 128.000000 0.000000e+00
736060 128.020004 128.020004 128.020004 128.020004 6.000000e+02
736061 134.720001 134.720001 134.720001 134.720001 5.000000e+02
736062 131.399994 131.399994 131.399994 131.399994 2.000000e+02
736063 132.100006 132.100006 130.100006 130.100006 8.000000e+02
736064 130.429993 130.429993 130.429993 130.429993 2.000000e+02
736067 130.429993 130.429993 130.429993 130.429993 0.000000e+00
736068 126.400002 126.400002 126.400002 126.400002 2.000000e+02
736069 126.400002 126.400002 126.400002 126.400002 0.000000e+00
736070 132.000000 132.000000 132.000000 132.000000 4.000000e+02
736071 128.000000 128.000000 125.080002 125.080002 5.000000e+02
736074 130.000000 130.000000 130.000000 130.000000 2.000000e+02
736075 128.000000 132.000000 128.000000 132.000000 8.000000e+02
736076 128.100006 128.100006 128.100006 128.100006 3.000000e+02
736077 130.000000 130.000000 130.000000 130.000000 2.000000e+02
736078 131.000000 131.000000 131.000000 131.000000 4.000000e+02
736081 128.929993 128.929993 128.929993 128.929993 3.000000e+02
736082 128.929993 128.929993 128.929993 128.929993 0.000000e+00
736083 129.360001 129.360001 129.360001 129.360001 2.000000e+02
736084 133.000000 133.000000 123.550003 123.550003 2.800000e+03
736085 123.000000 123.000000 123.000000 123.000000 3.000000e+02
736088 123.000000 123.000000 123.000000 123.000000 0.000000e+00
736089 120.000000 120.209999 120.000000 120.209999 7.000000e+02
736090 119.099998 119.099998 119.099998 119.099998 4.000000e+02
736091 119.099998 119.099998 119.099998 119.099998 0.000000e+00
736092 119.099998 119.099998 119.099998 119.099998 0.000000e+00
736095 117.550003 118.000000 117.550003 118.000000 7.000000e+02
736096 118.000000 118.000000 118.000000 118.000000 0.000000e+00
736097 117.099998 117.099998 117.099998 117.099998 3.000000e+02
736098 117.099998 117.099998 117.099998 117.099998 0.000000e+00
736099 119.790001 119.790001 119.790001 119.790001 4.000000e+02
736102 119.730003 119.730003 119.730003 119.730003 7.000000e+02
736103 121.730003 123.000000 121.610001 123.000000 1.200000e+03
736104 130.000000 130.000000 130.000000 130.000000 4.000000e+02
736105 125.730003 125.730003 125.730003 125.730003 3.000000e+02
736106 128.000000 129.649994 128.000000 129.649994 4.000000e+02
736110 123.620003 123.620003 123.620003 123.620003 2.000000e+02
736111 123.620003 123.620003 123.620003 123.620003 0.000000e+00
736112 125.000000 125.000000 125.000000 125.000000 5.000000e+02
736113 122.459999 122.459999 122.459999 122.459999 3.000000e+02
736116 122.459999 122.459999 122.459999 122.459999 0.000000e+00
736117 118.279999 118.279999 118.000000 118.000000 6.000000e+02
736118 125.000000 125.000000 121.099998 121.099998 8.000000e+02
736119 121.099998 121.099998 121.099998 121.099998 0.000000e+00
736120 121.099998 121.099998 121.099998 121.099998 0.000000e+00
736123 124.989998 124.989998 124.989998 124.989998 3.000000e+02
736124 124.989998 124.989998 124.989998 124.989998 0.000000e+00
736125 122.839996 122.839996 122.839996 122.839996 3.000000e+02
736126 117.660004 117.660004 117.180000 117.180000 7.000000e+02
736127 124.199997 124.199997 122.000000 122.000000 1.500000e+03
736130 122.000000 122.000000 122.000000 122.000000 5.000000e+02
736131 118.010002 118.010002 118.010002 118.010002 2.000000e+02
736132 118.519997 119.830002 118.519997 119.830002 6.000000e+02
736133 121.389999 121.389999 121.389999 121.389999 6.000000e+02
736134 118.279999 124.959999 118.279999 124.959999 1.800000e+03
736137 126.000000 129.979996 126.000000 129.979996 1.900000e+03
736138 128.500000 131.000000 128.500000 131.000000 2.100000e+03
736139 131.000000 131.000000 131.000000 131.000000 3.000000e+02
736140 131.000000 131.000000 131.000000 131.000000 0.000000e+00
736141 139.100006 139.940002 138.550003 139.940002 2.700000e+03
736144 133.899994 133.899994 133.899994 133.899994 6.000000e+02
736145 139.399994 139.399994 138.020004 138.020004 1.500000e+03
736146 141.000000 141.000000 141.000000 141.000000 4.000000e+02
736147 141.000000 142.899994 140.000000 140.000000 1.000000e+03
736151 140.000000 140.000000 140.000000 140.000000 5.000000e+02
736152 140.279999 140.279999 140.279999 140.279999 2.000000e+02
736153 140.279999 140.279999 140.279999 140.279999 0.000000e+00
736154 141.000000 141.000000 141.000000 141.000000 4.000000e+02
736155 142.500000 142.500000 142.500000 142.500000 2.000000e+02
736158 142.500000 144.800003 142.500000 144.800003 1.200000e+03
736159 144.800003 144.800003 144.800003 144.800003 0.000000e+00
736160 142.000000 142.000000 142.000000 142.000000 5.000000e+02
736161 141.500000 141.500000 141.500000 141.500000 2.000000e+02
736162 141.009995 141.009995 141.000000 141.000000 9.000000e+02
736165 141.000000 141.000000 141.000000 141.000000 0.000000e+00
736166 141.000000 141.000000 141.000000 141.000000 0.000000e+00
736167 140.000000 140.000000 140.000000 140.000000 6.000000e+02
736168 140.000000 140.000000 140.000000 140.000000 0.000000e+00
736169 140.000000 140.000000 139.869995 140.000000 8.000000e+02
736172 140.000000 140.000000 140.000000 140.000000 0.000000e+00
736173 140.000000 140.000000 140.000000 140.000000 2.000000e+02
736174 140.000000 140.000000 140.000000 140.000000 0.000000e+00
736175 136.429993 139.410004 136.429993 139.410004 5.000000e+02
736176 137.110001 137.110001 137.110001 137.110001 1.500000e+03
736179 133.240005 143.000000 133.240005 140.000000 9.000000e+02
736180 140.000000 140.000000 140.000000 140.000000 0.000000e+00
736181 137.110001 137.110001 137.110001 137.110001 2.000000e+02
736182 137.110001 137.110001 137.110001 137.110001 2.000000e+02
736183 137.110001 137.110001 137.110001 137.110001 0.000000e+00
736186 138.000000 138.000000 138.000000 138.000000 6.000000e+02
736187 138.000000 138.000000 138.000000 138.000000 0.000000e+00
736188 138.000000 138.000000 138.000000 138.000000 0.000000e+00
736189 141.000000 141.000000 141.000000 141.000000 4.000000e+02
736190 138.850006 138.850006 138.850006 138.850006 3.000000e+02
736193 138.789993 138.789993 138.789993 138.789993 2.000000e+02
736194 138.000000 138.000000 138.000000 138.000000 2.000000e+02
736195 138.000000 138.000000 138.000000 138.000000 0.000000e+00
736196 136.990005 136.990005 132.300003 132.300003 3.000000e+02
736197 129.899994 130.500000 128.550003 128.550003 1.300000e+03
736200 125.519997 125.519997 119.000000 119.000000 1.100000e+03
736201 125.000000 125.889999 125.000000 125.889999 6.000000e+02
736202 125.000000 133.000000 125.000000 133.000000 1.300000e+03
736203 124.629997 124.629997 124.629997 124.629997 7.000000e+02
736204 125.510002 132.250000 125.510002 132.250000 7.000000e+02
736207 126.949997 131.000000 126.949997 131.000000 1.000000e+03
736208 131.000000 131.000000 131.000000 131.000000 0.000000e+00
736209 127.669998 127.669998 127.669998 127.669998 3.000000e+02
736210 127.669998 127.669998 127.669998 127.669998 0.000000e+00
736211 123.000000 123.000000 123.000000 123.000000 3.000000e+02
736215 125.709999 125.709999 122.860001 122.860001 1.400000e+03
736216 123.000000 123.000000 118.139999 118.139999 9.000000e+02
736217 118.139999 118.139999 118.139999 118.139999 0.000000e+00
736218 118.139999 118.139999 118.139999 118.139999 0.000000e+00
736221 118.250000 118.250000 118.250000 118.250000 4.000000e+02
736222 119.629997 119.629997 117.639999 118.699997 1.700000e+03
736223 118.900002 122.949997 117.000000 122.949997 4.200000e+03
736224 123.120003 133.149994 123.000000 126.690002 3.600000e+03
736225 125.070000 125.070000 99.550003 101.580002 1.810000e+04
736228 109.699997 116.169998 109.699997 115.250000 1.300000e+03
736229 112.500000 112.500000 109.120003 109.480003 7.000000e+02
736230 110.199997 111.480003 107.000000 107.000000 4.300000e+03
736231 107.000000 108.010002 100.989998 102.720001 5.500000e+03
736232 104.989998 112.010002 103.000000 103.050003 3.500000e+03
736235 105.989998 107.050003 96.919998 96.919998 2.800000e+03
736236 98.540001 101.470001 97.599998 97.599998 2.600000e+03
736237 99.559998 99.559998 99.309998 99.339996 2.200000e+03
736238 97.730003 99.900002 97.120003 99.900002 1.000000e+03
736239 98.250000 98.250000 93.400002 94.400002 2.500000e+03
736242 92.500000 95.629997 92.500000 95.629997 1.900000e+03
736243 97.000000 100.000000 96.180000 100.000000 1.700000e+03
736244 100.959999 100.989998 97.300003 97.300003 2.000000e+03
736245 100.550003 101.800003 100.550003 101.800003 8.000000e+02
736246 101.800003 101.800003 101.800003 101.800003 9.000000e+02
736249 102.000000 103.870003 102.000000 103.870003 1.300000e+03
736250 101.000000 101.000000 86.349998 88.019997 4.300000e+03
736251 90.000000 90.000000 89.000000 89.510002 2.500000e+03
736252 91.000000 91.000000 84.519997 87.250000 3.600000e+03
736253 86.989998 87.800003 85.400002 85.400002 1.800000e+03
736256 85.500000 85.730003 85.500000 85.730003 5.000000e+02
736257 85.839996 86.419998 85.839996 86.419998 9.000000e+02
736258 86.989998 89.620003 86.989998 89.620003 1.200000e+03
736259 88.570000 88.570000 88.449997 88.449997 5.000000e+02
736260 92.489998 92.489998 90.000000 90.000000 8.000000e+02
736263 90.000000 90.000000 90.000000 90.000000 0.000000e+00
736264 87.800003 91.879997 87.379997 89.320000 4.200000e+03
736265 90.000000 90.000000 89.010002 89.879997 1.700000e+03
736266 89.879997 89.879997 89.879997 89.879997 0.000000e+00
736267 92.029999 95.000000 92.029999 95.000000 9.000000e+02
736270 100.000000 100.000000 95.040001 98.320000 1.000000e+03
736271 108.959999 108.959999 108.959999 108.959999 6.000000e+02
736272 101.800003 101.800003 101.800003 101.800003 3.000000e+02
736273 101.800003 101.800003 101.800003 101.800003 5.000000e+02
736274 95.000000 98.349998 95.000000 98.000000 1.600000e+03
736277 97.349998 97.389999 95.559998 95.559998 6.000000e+02
736278 94.849998 101.800003 94.849998 99.360001 9.000000e+02
736279 99.360001 99.360001 99.360001 99.360001 0.000000e+00
736280 91.230003 91.230003 91.230003 91.230003 3.000000e+02
736281 88.330002 93.470001 88.330002 90.070000 9.000000e+02
736284 94.000000 94.000000 94.000000 94.000000 2.000000e+02
736285 94.029999 99.290001 94.029999 99.290001 8.000000e+02
736286 99.059998 99.059998 98.489998 98.489998 5.000000e+02
736287 98.489998 98.489998 98.489998 98.489998 0.000000e+00
736288 98.900002 98.989998 96.419998 96.449997 1.000000e+03
736291 96.449997 96.449997 96.449997 96.449997 0.000000e+00
736292 92.550003 92.980003 92.550003 92.980003 7.000000e+02
736293 92.980003 92.980003 92.980003 92.980003 0.000000e+00
736295 92.980003 92.980003 92.980003 92.980003 0.000000e+00
736298 92.000000 92.000000 92.000000 92.000000 6.000000e+02
736299 94.900002 101.790001 94.900002 101.779999 1.500000e+03
736300 101.800003 101.800003 101.800003 101.800003 3.000000e+02
736301 106.849998 106.849998 98.599998 98.599998 5.000000e+02
736302 97.040001 97.040001 97.040001 97.040001 2.000000e+02
736305 95.309998 95.309998 94.500000 94.519997 1.200000e+03
736306 94.519997 94.519997 94.519997 94.519997 0.000000e+00
736307 95.510002 95.510002 95.510002 95.510002 3.000000e+02
736308 90.980003 97.180000 90.820000 92.309998 8.000000e+02
736309 90.750000 93.000000 88.529999 91.230003 1.300000e+03
736312 92.139999 104.250000 92.139999 96.379997 6.000000e+02
736313 91.860001 91.860001 91.800003 91.800003 6.000000e+02
736314 88.709999 97.790001 88.709999 97.790001 4.000000e+02
736315 97.790001 97.790001 97.790001 97.790001 0.000000e+00
736316 92.000000 104.459999 92.000000 94.059998 2.200000e+03
736319 94.089996 94.089996 88.139999 91.620003 8.000000e+02
736320 102.199997 102.199997 88.080002 88.199997 1.000000e+03
736321 97.180000 97.180000 88.370003 88.370003 8.000000e+02
736322 96.900002 97.110001 92.800003 97.110001 4.000000e+02
736326 88.339996 88.339996 88.339996 88.339996 2.000000e+02
736327 93.309998 93.309998 93.309998 93.309998 4.000000e+02
736328 93.309998 93.309998 89.339996 89.400002 1.400000e+03
736329 90.250000 90.250000 89.029999 89.309998 8.000000e+02
736333 89.050003 89.050003 86.110001 86.110001 1.300000e+03
736334 86.110001 86.110001 86.110001 86.110001 0.000000e+00
736335 86.000000 87.010002 86.000000 87.010002 7.000000e+02
736336 86.050003 86.050003 81.889999 81.889999 1.300000e+03
736337 81.800003 85.279999 81.750000 81.750000 8.000000e+02
736340 81.830002 81.830002 77.169998 77.169998 4.000000e+03
736341 76.830002 76.830002 75.930000 75.930000 1.300000e+03
736342 78.389999 78.389999 78.389999 78.389999 4.000000e+02
736343 76.029999 76.029999 76.029999 76.029999 4.000000e+02
736344 78.000000 78.000000 72.430000 72.430000 6.000000e+02
736348 78.790001 78.790001 75.620003 75.620003 5.000000e+02
736349 75.000000 75.000000 74.099998 74.099998 8.000000e+02
736350 73.070000 84.959999 73.070000 82.519997 4.300000e+03
736351 82.519997 82.519997 73.110001 79.800003 2.000000e+03
736354 76.120003 76.120003 76.120003 76.120003 3.000000e+02
736355 76.120003 76.120003 76.120003 76.120003 0.000000e+00
736356 76.519997 76.519997 76.519997 76.519997 4.000000e+02
736357 76.519997 76.519997 76.519997 76.519997 0.000000e+00
736358 82.500000 82.500000 79.000000 79.250000 1.600000e+03
736361 82.970001 84.800003 80.419998 84.000000 2.200000e+03
736362 81.000000 81.000000 81.000000 81.000000 4.000000e+02
736363 83.879997 83.879997 78.269997 82.000000 5.000000e+02
736364 82.000000 82.000000 82.000000 82.000000 0.000000e+00
736365 82.120003 84.309998 76.199997 76.199997 1.300000e+03
736368 76.000000 76.000000 76.000000 76.000000 2.000000e+02
736369 74.000000 74.000000 74.000000 74.000000 9.000000e+02
736370 79.139999 79.139999 79.139999 79.139999 1.200000e+03
736371 71.099998 81.120003 71.099998 78.699997 8.000000e+02
736372 76.750000 76.750000 76.750000 76.750000 4.000000e+02
736376 70.500000 80.430000 70.500000 79.720001 1.600000e+03
736377 80.889999 84.000000 80.050003 84.000000 2.600000e+03
736378 88.900002 89.000000 86.029999 87.129997 6.000000e+02
736379 88.110001 88.110001 88.110001 88.110001 3.000000e+02
736382 88.110001 88.110001 88.110001 88.110001 0.000000e+00
736383 82.349998 82.349998 82.349998 82.349998 5.000000e+02
736384 82.389999 82.570000 82.080002 82.080002 6.000000e+02
736385 82.080002 82.080002 82.080002 82.080002 0.000000e+00
736386 77.769997 82.199997 77.769997 81.220001 6.000000e+02
736389 81.500000 81.500000 81.500000 81.500000 5.000000e+02
736390 84.820000 84.820000 79.500000 80.860001 9.000000e+02
736391 80.000000 82.000000 80.000000 82.000000 3.000000e+02
736392 80.160004 80.160004 77.000000 77.000000 1.100000e+03
736393 77.500000 77.500000 77.500000 77.500000 7.000000e+02
736396 77.500000 77.500000 77.500000 77.500000 0.000000e+00
736397 80.000000 80.000000 80.000000 80.000000 4.000000e+02
736398 76.000000 80.449997 76.000000 77.169998 7.000000e+02
736399 78.000000 78.000000 78.000000 78.000000 4.000000e+02
736400 79.860001 80.300003 79.860001 80.300003 8.000000e+02
736403 80.760002 80.760002 78.000000 78.000000 4.000000e+02
736404 78.000000 78.000000 78.000000 78.000000 0.000000e+00
736405 78.000000 78.000000 78.000000 78.000000 0.000000e+00
736406 81.000000 81.000000 81.000000 81.000000 5.000000e+02
736407 81.209999 81.209999 79.320000 79.320000 2.900000e+03
736410 81.989998 81.989998 81.989998 81.989998 6.000000e+02
736411 83.750000 83.750000 83.750000 83.750000 8.000000e+02
736412 78.720001 78.720001 78.720001 78.720001 3.000000e+02
736413 77.050003 77.050003 77.050003 77.050003 2.000000e+02
736417 77.050003 77.050003 77.050003 77.050003 0.000000e+00
736418 78.000000 80.129997 77.019997 80.129997 7.000000e+02
736419 80.000000 86.279999 80.000000 86.279999 1.000000e+03
736420 82.199997 82.199997 81.699997 81.699997 3.000000e+02
736421 80.720001 80.720001 80.720001 80.720001 4.000000e+02
736424 79.739998 79.739998 79.739998 79.739998 3.000000e+02
736425 77.019997 84.139999 77.019997 82.959999 1.400000e+03
736426 82.900002 82.900002 82.900002 82.900002 1.000000e+02
736427 78.910004 78.910004 78.910004 78.910004 3.000000e+02
736428 80.389999 80.389999 80.389999 80.389999 8.000000e+02
736431 82.000000 83.000000 82.000000 83.000000 1.600000e+03
736432 85.000000 85.000000 85.000000 85.000000 6.000000e+02
736433 87.010002 90.690002 87.010002 90.690002 8.000000e+02
736434 88.320000 88.320000 88.320000 88.320000 4.000000e+02
736435 93.400002 93.400002 93.400002 93.400002 9.000000e+02
736438 95.699997 95.699997 95.699997 95.699997 4.000000e+02
736439 96.000000 96.000000 96.000000 96.000000 9.000000e+02
736440 96.000000 96.000000 96.000000 96.000000 0.000000e+00
736441 96.000000 96.000000 96.000000 96.000000 0.000000e+00
736442 96.000000 96.000000 96.000000 96.000000 0.000000e+00
736445 91.400002 91.400002 91.400002 91.400002 3.000000e+02
736446 94.830002 94.830002 94.830002 94.830002 4.000000e+02
736447 94.830002 94.830002 94.830002 94.830002 0.000000e+00
736448 88.330002 88.330002 88.330002 88.330002 3.000000e+02
736449 88.330002 88.330002 88.330002 88.330002 0.000000e+00
736452 93.800003 93.800003 93.800003 93.800003 5.000000e+02
736453 93.800003 93.800003 93.800003 93.800003 0.000000e+00
736454 99.129997 99.129997 99.129997 99.129997 3.000000e+02
736455 99.129997 99.129997 99.129997 99.129997 0.000000e+00
736456 99.930000 99.930000 99.930000 99.930000 2.000000e+02
736459 99.930000 99.930000 99.930000 99.930000 0.000000e+00
736460 91.330002 91.330002 91.330002 91.330002 2.000000e+02
736461 85.410004 85.410004 85.410004 85.410004 3.000000e+02
736462 94.000000 94.000000 94.000000 94.000000 4.000000e+02
736463 98.000000 98.000000 95.839996 96.500000 9.000000e+02
736466 97.000000 97.000000 97.000000 97.000000 7.000000e+02
736467 96.500000 97.599998 95.000000 95.000000 1.500000e+03
736468 97.910004 97.910004 97.910004 97.910004 3.000000e+02
736469 97.910004 97.910004 97.910004 97.910004 0.000000e+00
736470 97.910004 97.910004 97.910004 97.910004 0.000000e+00
736473 97.910004 97.910004 97.910004 97.910004 0.000000e+00
736474 96.699997 96.699997 96.699997 96.699997 6.000000e+02
736475 96.699997 96.699997 96.699997 96.699997 0.000000e+00
736476 96.699997 96.699997 96.699997 96.699997 0.000000e+00
736477 96.699997 96.699997 96.699997 96.699997 0.000000e+00
736481 96.699997 96.699997 96.699997 96.699997 0.000000e+00
736482 93.389999 95.000000 93.389999 95.000000 4.000000e+02
736483 95.000000 95.000000 95.000000 95.000000 0.000000e+00
736484 95.000000 95.000000 95.000000 95.000000 0.000000e+00
736487 90.400002 91.360001 85.000000 91.360001 1.000000e+03
736488 94.000000 96.879997 94.000000 96.879997 6.000000e+02
736489 94.070000 94.070000 94.070000 94.070000 2.000000e+02
736490 93.000000 93.000000 93.000000 93.000000 5.000000e+02
736491 91.629997 91.629997 91.629997 91.629997 7.000000e+02
736494 88.410004 88.410004 88.410004 88.410004 4.000000e+02
736495 85.430000 85.430000 85.430000 85.430000 6.000000e+02
736496 81.220001 81.220001 81.150002 81.150002 6.000000e+02
736497 81.150002 81.150002 81.150002 81.150002 0.000000e+00
736498 84.000000 84.000000 72.970001 79.000000 1.180000e+04
736501 77.400002 77.400002 76.010002 77.000000 9.000000e+02
736502 77.000000 77.000000 77.000000 77.000000 0.000000e+00
736503 76.989998 81.000000 76.989998 79.000000 3.600000e+03
736504 79.199997 80.580002 78.500000 80.000000 2.300000e+03
736505 76.220001 83.930000 76.220001 83.709999 1.070000e+04
736508 77.900002 79.099998 74.839996 75.699997 2.600000e+03
736509 78.989998 79.000000 77.040001 77.349998 2.200000e+03
736510 77.000000 80.300003 77.000000 80.300003 8.000000e+02
736511 81.000000 82.599998 81.000000 82.250000 2.100000e+03
736512 80.099998 81.269997 80.099998 81.199997 2.000000e+03
736516 82.000000 82.010002 78.029999 78.029999 2.600000e+03
736517 78.029999 78.029999 78.029999 78.029999 0.000000e+00
736518 78.000000 78.000000 78.000000 78.000000 3.000000e+02
736519 78.559998 78.559998 78.559998 78.559998 5.000000e+02
736522 79.139999 79.139999 79.139999 79.139999 6.000000e+02
736523 80.589996 82.400002 80.529999 80.879997 2.000000e+03
736524 80.419998 81.199997 79.089996 80.000000 2.600000e+03
736525 80.430000 82.000000 80.430000 80.699997 3.200000e+03
736526 81.699997 81.699997 81.699997 81.699997 3.000000e+02
736529 81.699997 81.699997 81.699997 81.699997 0.000000e+00
736530 82.080002 82.080002 82.080002 82.080002 1.000000e+02
736531 82.080002 82.080002 82.080002 82.080002 0.000000e+00
736532 82.080002 82.080002 82.080002 82.080002 0.000000e+00
736533 84.500000 85.000000 84.500000 85.000000 3.000000e+02
736536 83.000000 83.000000 83.000000 83.000000 4.000000e+02
736537 80.790001 80.790001 80.790001 80.790001 2.000000e+02
736538 78.510002 80.599998 78.309998 80.599998 3.400000e+03
736539 80.599998 80.599998 80.599998 80.599998 0.000000e+00
736540 79.099998 79.099998 79.099998 79.099998 3.000000e+02
736543 80.000000 80.000000 78.000000 78.000000 1.100000e+03
736544 78.500000 78.500000 78.500000 78.500000 5.000000e+02
736545 80.500000 82.000000 80.500000 82.000000 9.000000e+02
736546 82.000000 82.000000 78.120003 80.699997 2.700000e+03
736547 84.000000 84.000000 80.000000 81.099998 4.600000e+03
736550 80.639999 81.089996 79.800003 80.900002 2.300000e+03
736551 80.900002 80.900002 80.900002 80.900002 0.000000e+00
736552 80.900002 80.900002 80.900002 80.900002 0.000000e+00
736553 81.099998 81.099998 79.500000 79.800003 1.800000e+03
736554 80.300003 80.300003 79.000000 79.199997 9.000000e+02
736557 80.190002 80.190002 79.800003 79.800003 5.000000e+02
736558 78.169998 78.169998 78.169998 78.169998 4.000000e+02
736559 78.169998 78.169998 78.169998 78.169998 0.000000e+00
736560 78.300003 78.300003 78.300003 78.300003 1.000000e+02
736561 79.879997 79.879997 78.230003 78.230003 6.000000e+02
736564 80.269997 80.269997 78.730003 80.000000 1.400000e+03
736565 82.000000 82.000000 82.000000 82.000000 3.000000e+02
736566 84.889999 84.889999 79.150002 79.150002 3.000000e+02
736567 79.150002 79.150002 79.150002 79.150002 0.000000e+00
736568 78.650002 78.650002 78.650002 78.650002 1.000000e+02
736571 78.589996 80.870003 78.589996 80.870003 4.000000e+02
736572 80.870003 80.870003 80.870003 80.870003 0.000000e+00
736573 78.400002 78.400002 78.400002 78.400002 4.000000e+02
736574 80.699997 80.699997 80.699997 80.699997 2.000000e+02
736575 80.699997 80.699997 80.699997 80.699997 0.000000e+00
736579 80.339996 80.419998 80.339996 80.379997 1.100000e+03
736580 85.000000 85.000000 85.000000 85.000000 3.000000e+02
736581 79.720001 80.870003 79.239998 80.400002 1.300000e+03
736582 84.300003 84.300003 79.199997 79.199997 5.000000e+02
736585 81.889999 81.889999 81.889999 81.889999 2.000000e+02
736586 81.099998 81.099998 80.000000 81.000000 4.000000e+03
736587 82.440002 82.440002 82.440002 82.440002 4.000000e+02
736588 81.599998 82.000000 81.599998 82.000000 9.000000e+02
736589 82.209999 82.209999 79.519997 79.519997 1.800000e+03
736592 79.800003 79.849998 79.800003 79.849998 1.400000e+03
736593 79.849998 79.849998 79.849998 79.849998 0.000000e+00
736594 80.099998 80.400002 80.099998 80.099998 8.000000e+02
736595 83.879997 83.879997 82.760002 82.760002 7.000000e+02
736596 80.260002 84.300003 80.260002 83.480003 2.300000e+03
736599 83.209999 83.209999 83.099998 83.099998 7.000000e+02
736600 82.449997 82.529999 82.410004 82.410004 1.100000e+03
736601 83.000000 84.300003 83.000000 83.199997 1.000000e+03
736602 82.500000 82.500000 82.500000 82.500000 3.000000e+02
736603 83.400002 83.400002 83.400002 83.400002 2.000000e+02
736606 82.900002 82.900002 82.900002 82.900002 3.000000e+02
736607 87.220001 87.220001 87.000000 87.000000 5.000000e+02
736608 88.500000 88.500000 88.500000 88.500000 4.000000e+02
736609 90.040001 93.150002 90.000000 92.000000 6.000000e+03
736610 95.120003 97.800003 93.410004 94.199997 5.000000e+03
736613 98.000000 98.000000 98.000000 98.000000 5.000000e+02
736614 98.000000 98.209999 97.610001 98.209999 5.000000e+02
736615 98.209999 98.209999 98.209999 98.209999 0.000000e+00
736616 98.209999 98.209999 94.400002 97.050003 8.000000e+02
736617 97.050003 97.050003 97.050003 97.050003 0.000000e+00
736620 95.000000 95.000000 95.000000 95.000000 4.000000e+02
736621 98.849998 98.849998 98.849998 98.849998 3.000000e+02
736622 98.849998 98.849998 98.849998 98.849998 0.000000e+00
736623 98.849998 98.849998 98.849998 98.849998 0.000000e+00
736624 94.500000 94.500000 93.699997 94.349998 9.000000e+02
736627 94.349998 94.349998 94.349998 94.349998 0.000000e+00
736628 94.349998 94.349998 94.349998 94.349998 0.000000e+00
736629 92.500000 95.000000 92.500000 93.349998 7.000000e+02
736630 93.349998 93.349998 93.349998 93.349998 0.000000e+00
736631 93.349998 93.349998 93.349998 93.349998 0.000000e+00
736634 96.000000 96.000000 96.000000 96.000000 4.000000e+02
736635 96.000000 96.000000 96.000000 96.000000 0.000000e+00
736636 93.050003 93.050003 93.050003 93.050003 3.000000e+02
736637 93.050003 93.050003 93.050003 93.050003 0.000000e+00
736638 92.599998 92.599998 92.599998 92.599998 3.000000e+02
736641 98.500000 98.500000 98.500000 98.500000 3.000000e+02
736642 93.639999 93.639999 93.639999 93.639999 4.000000e+02
736643 93.650002 96.599998 93.650002 96.599998 1.700000e+03
736644 96.599998 99.199997 96.599998 99.199997 6.000000e+02
736645 98.949997 110.599998 98.949997 110.550003 9.800000e+03
736648 110.000000 113.000000 106.000000 112.900002 4.000000e+03
736649 113.000000 113.000000 102.879997 109.000000 1.310000e+04
736650 109.500000 110.750000 103.379997 108.949997 7.900000e+03
736651 106.000000 109.000000 106.000000 108.500000 2.000000e+03
736652 106.949997 109.949997 106.949997 107.750000 1.600000e+03
736655 110.500000 114.000000 110.500000 113.500000 5.100000e+03
736656 114.099998 116.000000 114.099998 115.000000 1.600000e+03
736657 116.000000 116.000000 116.000000 116.000000 8.000000e+02
736659 115.900002 115.900002 115.900002 115.900002 5.000000e+02
736662 111.849998 111.849998 111.849998 111.849998 6.000000e+02
736663 115.800003 115.800003 115.800003 115.800003 5.000000e+02
736664 116.400002 118.000000 116.250000 117.750000 2.500000e+03
736665 116.050003 116.510002 115.050003 115.050003 7.000000e+02
736666 116.849998 116.849998 116.849998 116.849998 1.000000e+02
736669 117.949997 121.849998 117.949997 121.000000 1.090000e+04
736670 121.900002 124.000000 121.900002 124.000000 4.000000e+03
736671 120.000000 122.349998 119.550003 121.949997 4.900000e+03
736672 121.449997 122.400002 120.529999 122.400002 1.900000e+03
736673 122.400002 122.400002 118.050003 121.650002 2.100000e+03
736676 121.400002 121.949997 120.599998 121.949997 1.700000e+03
736677 122.900002 122.900002 121.800003 122.900002 2.000000e+03
736678 122.800003 122.800003 120.349998 121.750000 1.300000e+03
736679 122.949997 122.949997 118.599998 119.400002 3.900000e+03
736680 121.750000 122.199997 120.849998 122.199997 1.590000e+04
736683 120.750000 120.750000 120.750000 120.750000 3.000000e+02
736684 122.800003 123.599998 120.050003 122.300003 9.600000e+03
736685 122.900002 122.900002 121.500000 121.500000 5.000000e+02
736686 122.050003 122.050003 122.050003 122.050003 6.000000e+02
736687 123.599998 123.599998 123.599998 123.599998 3.000000e+02
736691 123.599998 123.599998 123.500000 123.500000 8.000000e+02
736692 123.349998 124.199997 123.349998 123.750000 1.500000e+03
736693 124.150002 124.150002 124.150002 124.150002 5.000000e+02
736694 124.300003 124.300003 124.300003 124.300003 1.200000e+03
736698 126.000000 127.949997 126.000000 127.949997 1.700000e+03
736699 127.400002 128.199997 127.400002 128.199997 1.900000e+03
736700 128.199997 128.199997 128.199997 128.199997 0.000000e+00
736701 128.699997 128.699997 128.699997 128.699997 2.000000e+02
736704 128.699997 128.699997 128.399994 128.399994 5.000000e+02
736705 128.699997 128.699997 128.699997 128.699997 4.000000e+02
736706 128.699997 129.000000 128.600006 128.600006 9.000000e+02
736707 128.899994 128.899994 127.750000 127.750000 6.000000e+02
736708 126.900002 129.050003 126.900002 129.050003 6.000000e+02
736712 128.649994 128.649994 128.649994 128.649994 5.000000e+02
736713 128.649994 128.649994 128.649994 128.649994 0.000000e+00
736714 128.649994 128.649994 128.649994 128.649994 0.000000e+00
736715 125.199997 125.199997 125.199997 125.199997 3.000000e+02
736718 126.500000 127.250000 126.500000 127.250000 4.000000e+02
736719 128.899994 128.899994 128.899994 128.899994 2.000000e+02
736720 128.899994 128.899994 128.899994 128.899994 0.000000e+00
736721 128.899994 128.899994 128.899994 128.899994 0.000000e+00
736722 128.800003 129.000000 128.800003 129.000000 6.000000e+02
736725 128.500000 128.750000 128.130005 128.750000 7.000000e+02
736726 128.500000 129.000000 125.199997 125.199997 1.000000e+03
736727 125.300003 125.300003 125.300003 125.300003 2.000000e+02
736728 124.849998 124.849998 124.849998 124.849998 5.000000e+02
736729 127.949997 127.949997 126.900002 126.900002 1.100000e+03
736732 126.900002 126.900002 126.900002 126.900002 0.000000e+00
736733 126.900002 126.900002 126.900002 126.900002 4.000000e+02
736734 125.949997 125.949997 125.949997 125.949997 2.000000e+02
736735 125.199997 125.199997 125.199997 125.199997 2.000000e+02
736736 127.400002 127.400002 127.400002 127.400002 5.000000e+02
736739 127.400002 127.400002 127.400002 127.400002 0.000000e+00
736740 127.400002 127.400002 127.400002 127.400002 0.000000e+00
736741 121.400002 121.400002 121.400002 121.400002 2.000000e+02
736742 122.400002 122.400002 122.400002 122.400002 5.000000e+02
736743 126.550003 126.550003 122.849998 125.000000 1.100000e+03
736747 122.000000 125.000000 122.000000 125.000000 5.000000e+02
736748 124.699997 124.699997 124.699997 124.699997 1.000000e+02
736749 124.250000 126.900002 124.250000 126.900002 5.000000e+02
736750 124.000000 124.449997 123.800003 124.449997 6.000000e+02
736753 122.000000 125.650002 122.000000 123.800003 1.700000e+03
736754 118.199997 123.000000 118.199997 121.500000 1.000000e+03
736755 127.500000 127.500000 123.250000 123.250000 1.100000e+03
736756 122.550003 122.550003 122.550003 122.550003 2.000000e+02
736757 122.199997 122.199997 122.199997 122.199997 2.000000e+02
736760 121.000000 123.550003 120.349998 120.949997 1.000000e+03
736761 116.599998 119.900002 115.849998 115.849998 1.000000e+03
736762 115.449997 115.449997 113.400002 113.400002 5.000000e+02
736763 111.449997 113.449997 111.449997 113.400002 2.600000e+03
736764 109.500000 109.500000 109.500000 109.500000 6.000000e+02
