736034 13.251516 13.313803 13.158086 13.189230 2.927479e+04
736035 13.197016 13.376090 13.197016 13.360518 2.203395e+04
736036 13.344945 13.368303 13.251516 13.321589 2.281254e+04
736039 13.391663 13.477305 13.313803 13.430591 1.899747e+04
736040 13.368304 13.430590 13.313803 13.352732 4.204359e+04
736041 13.313803 13.539592 13.290446 13.539592 2.452543e+04
736042 13.500663 13.633022 13.368303 13.586308 4.258860e+04
736043 13.609665 13.780954 13.461734 13.578522 6.719188e+04
736046 13.640808 13.710881 13.547378 13.687523 3.908496e+04
736047 13.648595 13.664165 13.555164 13.586308 2.592688e+04
736048 13.594092 13.648594 13.461734 13.516235 5.481238e+04
736049 13.477304 13.477304 13.360517 13.422804 2.709476e+04
736050 13.438376 13.438376 13.313803 13.352732 2.631617e+04
736053 13.352732 13.461735 13.321590 13.360518 6.571257e+04
736054 13.352733 13.415019 13.298232 13.344946 4.663724e+04
736055 13.383876 13.383876 13.220372 13.220372 5.138660e+04
736056 13.150299 13.251516 13.150299 13.228158 7.396557e+04
736060 13.158086 13.352732 13.158086 13.251516 2.670546e+04
736061 13.306017 13.352732 13.251516 13.329375 4.025284e+04
736062 13.344945 13.344945 13.189230 13.243730 4.375647e+04
736063 13.228158 13.298231 13.150299 13.290445 4.554722e+04
736064 13.259303 13.306017 13.204800 13.306017 4.134286e+04
736067 13.290446 13.391663 13.220373 13.344946 4.508007e+04
736068 13.321589 13.360518 13.267089 13.306017 2.218967e+04
736069 13.313803 13.352733 13.267089 13.344946 1.728459e+04
736070 13.282659 13.313803 13.251516 13.298231 2.102179e+04
736071 13.251516 13.282658 13.197016 13.235944 3.075411e+04
736074 13.259302 13.368303 13.243730 13.321589 3.363487e+04
736075 13.344945 13.368303 13.220372 13.290445 2.880764e+04
736076 13.259302 13.399446 13.259302 13.329375 2.086608e+04
736077 13.337160 13.508449 13.337160 13.477305 7.069552e+04
736078 13.500663 13.500663 13.407232 13.407232 2.000963e+04
736081 13.461735 13.461735 13.298231 13.306017 3.324558e+04
736082 13.306017 13.337159 13.181443 13.243730 4.990730e+04
736083 13.197016 13.228159 13.158086 13.173658 2.989766e+04
736084 13.150299 13.150299 12.916724 12.947867 5.909460e+04
736085 13.010153 13.072442 12.963439 13.064656 5.084160e+04
736088 13.049084 13.173657 13.033512 13.064656 3.363487e+04
736089 13.080226 13.080226 12.994584 13.033512 4.040856e+04
736090 13.064657 13.072443 12.877797 12.924511 3.729422e+04
736091 12.932297 13.002369 12.932297 12.979011 4.928443e+04
736092 13.072442 13.111371 13.056870 13.095799 3.028695e+04
736095 13.111370 13.111370 13.010154 13.072442 3.924068e+04
736096 13.049085 13.095800 12.932298 13.088013 3.456917e+04
736097 13.064657 13.126944 13.033513 13.088013 3.207770e+04
736098 13.103585 13.181444 13.088013 13.165872 3.853996e+04
736099 13.111371 13.189230 13.088012 13.189230 5.060802e+04
736102 13.134729 13.228158 13.119157 13.212586 4.445720e+04
736103 13.251516 13.337160 13.181443 13.251516 2.312397e+04
736104 13.259302 13.329375 13.220372 13.290445 2.911908e+04
736105 13.329375 13.337159 13.235944 13.290445 2.686118e+04
736106 13.251515 13.321589 13.220372 13.259302 2.943051e+04
736110 13.228159 13.274873 13.103585 13.111371 1.767388e+04
736111 13.158086 13.212586 13.088012 13.212586 2.732833e+04
736112 13.158086 13.235944 13.126943 13.204800 4.663724e+04
736113 13.243730 13.243730 13.080227 13.103585 3.114340e+04
736116 13.095799 13.158086 13.041298 13.134729 5.123089e+04
736117 13.119157 13.142514 13.025727 13.111371 4.422363e+04
736118 13.103585 13.119157 13.017940 13.056870 5.411166e+04
736119 13.056870 13.056870 12.870010 12.947867 6.688045e+04
736120 12.885581 12.955654 12.862224 12.924511 4.344504e+04
736123 12.901152 12.901152 12.815507 12.885580 5.115303e+04
736124 12.870010 12.877796 12.737651 12.776579 8.914798e+04
736125 12.807723 12.916724 12.792151 12.838866 6.189750e+04
736126 12.928492 12.984015 12.880903 12.928492 5.314166e+04
736127 12.920562 12.936423 12.841246 12.880903 4.275127e+04
736130 12.841246 12.952287 12.809518 12.817450 2.339819e+04
736131 12.817451 12.880904 12.809520 12.865040 2.910894e+04
736132 12.880903 12.928492 12.809519 12.880903 2.316024e+04
736133 12.888835 12.984015 12.888835 12.936424 4.917586e+04
736134 12.920563 12.920563 12.809520 12.865040 6.725989e+04
736137 12.944356 12.968151 12.896766 12.928492 4.854133e+04
736138 12.952288 12.968151 12.880903 12.920562 4.251333e+04
736139 12.936424 12.936424 12.817450 12.841246 4.124427e+04
736140 12.817451 12.865039 12.809519 12.809519 3.513695e+04
736141 12.833314 12.841246 12.674682 12.690545 6.043872e+04
736144 12.587434 12.642956 12.452597 12.460529 6.694263e+04
736145 12.563640 12.571572 12.460529 12.563640 5.258645e+04
736146 12.706409 12.714341 12.658819 12.698477 5.567977e+04
736147 12.746067 12.761930 12.627093 12.666751 3.077457e+04
736151 12.579503 12.706408 12.500187 12.579503 3.545421e+04
736152 12.627093 12.674683 12.492256 12.666751 2.712604e+04
736153 12.595366 12.627093 12.476392 12.484324 5.591772e+04
736154 12.619161 12.674682 12.516050 12.555708 5.369687e+04
736155 12.706408 12.761930 12.650887 12.738134 2.030487e+04
736158 12.809520 12.896767 12.753999 12.865040 3.537490e+04
736159 12.888835 12.960219 12.888835 12.944356 2.292230e+04
736160 12.928492 12.960219 12.896766 12.944356 2.427067e+04
736161 12.976083 13.031603 12.968150 13.015740 2.173256e+04
736162 13.007809 13.039536 12.968151 12.984015 3.600942e+04
736165 12.984015 13.015741 12.936424 12.968151 5.052423e+04
736166 12.984015 12.991945 12.904698 12.928492 2.887099e+04
736167 12.888835 12.936424 12.888835 12.904698 2.133598e+04
736168 12.936424 12.991945 12.872972 12.920562 2.498451e+04
736169 12.928493 12.928493 12.777794 12.865040 2.688809e+04
736172 12.777793 12.777793 12.650887 12.730202 4.576528e+04
736173 12.738134 12.936424 12.706408 12.928492 8.907176e+04
736174 12.888834 13.039535 12.849177 13.039535 1.935308e+04
736175 12.991945 13.031604 12.976084 13.031604 3.466105e+04
736176 13.063329 13.079193 13.015740 13.079193 1.832197e+04
736179 13.063329 13.158508 12.984014 13.047467 3.228157e+04
736180 13.047467 13.079193 12.991944 13.047467 2.577767e+04
736181 13.110920 13.126781 12.976083 13.047467 4.330648e+04
736182 13.047467 13.071261 12.849177 12.912630 2.815715e+04
736183 12.888834 12.888834 12.753997 12.777793 2.498451e+04
736186 12.833314 12.976084 12.833314 12.936424 2.355683e+04
736187 12.888835 12.904698 12.849178 12.904698 3.101252e+04
736188 12.841246 12.991945 12.746066 12.968151 3.085389e+04
736189 12.999876 13.007809 12.888835 12.960219 3.775437e+04
736190 12.960219 12.984015 12.920562 12.984015 1.562523e+04
736193 12.968151 13.031604 12.857108 12.991945 2.371546e+04
736194 12.976083 13.031603 12.968150 13.015740 3.378858e+04
736195 13.007809 13.055398 12.920562 13.023672 3.370926e+04
736196 12.944356 12.976083 12.825382 12.825382 4.076838e+04
736197 12.698477 12.738134 12.373282 12.389145 5.988351e+04
736200 11.508738 11.976702 10.414178 11.643575 1.874235e+05
736201 11.960839 12.040155 11.651507 11.667370 5.583840e+04
736202 11.889455 12.071881 11.762549 12.040155 6.567357e+04
736203 12.190855 12.397076 12.127402 12.341555 3.545421e+04
736204 12.333624 12.412940 12.278103 12.365350 2.133598e+04
736207 12.309829 12.412939 12.262239 12.325692 2.942620e+04
736208 12.159129 12.206718 11.913249 11.960839 6.448383e+04
736209 12.111539 12.198787 12.087744 12.190855 2.625357e+04
736210 12.262239 12.373282 12.238445 12.270171 5.488661e+04
736211 12.151197 12.206718 12.071881 12.174992 3.680258e+04
736215 12.373282 12.389145 12.309829 12.373282 3.918206e+04
736216 12.516049 12.516049 12.230512 12.254307 2.990210e+04
736217 12.270170 12.397076 12.222581 12.349486 1.495898e+05
736218 12.413353 12.449334 12.323401 12.449334 8.698342e+04
736221 12.449333 12.458328 12.305410 12.314405 4.119794e+04
736222 12.314406 12.530290 12.305411 12.476319 6.719402e+04
736223 12.503304 12.701198 12.314405 12.656222 6.134715e+04
736224 12.593256 12.836126 12.530290 12.737179 3.256256e+04
736225 12.530290 12.647228 12.521295 12.620242 4.731466e+04
736228 12.647227 12.665218 12.458328 12.539285 5.334143e+04
736229 12.350387 12.422348 12.242444 12.422348 5.289168e+04
736230 12.359382 12.458329 12.287421 12.458329 5.882850e+04
736231 12.287420 12.404357 12.197468 12.404357 4.380654e+04
736232 12.467325 12.467325 12.314407 12.386368 3.337213e+04
736235 12.395363 12.395363 12.098522 12.161488 7.681887e+04
736236 12.152493 12.152493 11.963594 12.152493 1.219747e+05
736237 12.269429 12.395362 12.215458 12.395362 1.082120e+05
736238 12.593257 12.602252 12.458329 12.458329 2.244298e+05
736239 12.413353 12.683208 12.269430 12.575266 5.424095e+04
736242 12.692204 12.872107 12.692204 12.809141 5.091274e+04
736243 12.782156 12.953064 12.782156 12.791151 5.891845e+04
736244 12.899093 12.971054 12.836127 12.854117 4.983332e+04
736245 12.845122 12.998040 12.845122 12.863112 5.693951e+04
736246 12.935073 13.231914 12.935073 13.078996 9.831735e+04
736249 13.070001 13.168948 13.070001 13.078996 3.031377e+04
736250 13.025026 13.150958 12.935074 12.944069 3.903910e+04
736251 12.935073 12.998039 12.737179 12.737179 3.328218e+04
736252 12.755170 12.926078 12.746174 12.773160 3.903909e+04
736253 12.809141 12.881102 12.791150 12.827131 4.047832e+04
736256 12.791150 12.989044 12.773159 12.953063 5.666965e+04
736257 12.890097 12.989044 12.854116 12.935073 3.130324e+04
736258 12.998039 13.043015 12.881102 12.998039 2.968410e+04
736259 13.087991 13.186938 13.043015 13.123972 4.623524e+04
736260 13.294880 13.330861 13.240909 13.276890 3.795967e+04
736263 13.285885 13.285885 13.177943 13.213924 3.499126e+04
736264 13.222919 13.231914 13.141962 13.141962 3.346208e+04
736265 13.204929 13.384833 13.204929 13.384833 6.161701e+04
736266 13.357847 13.429808 13.258900 13.312871 3.571088e+04
736267 13.339857 13.393828 13.267896 13.321867 3.966876e+04
736270 13.375837 13.465789 13.231914 13.438803 4.128789e+04
736271 13.456793 13.456793 13.231914 13.294880 4.065823e+04
736272 13.294881 13.384832 13.132967 13.213924 1.939361e+05
736273 13.204929 13.222919 13.052011 13.052011 6.143710e+04
736274 13.043015 13.141962 12.890097 12.890097 7.259113e+04
736277 12.917083 12.917083 12.692203 12.827131 6.575479e+04
736278 12.791151 12.872107 12.701199 12.755170 7.726863e+04
736279 12.791151 12.836127 12.701199 12.755170 4.686491e+04
736280 12.683208 12.701198 12.449333 12.503304 9.004178e+04
736281 12.467324 12.548281 12.350387 12.368377 6.089739e+04
736284 12.314406 12.620242 12.314406 12.611247 5.406105e+04
736285 12.647227 12.710193 12.575266 12.692203 5.478066e+04
736286 12.710194 12.845122 12.665219 12.836127 2.482671e+04
736287 12.818136 12.881102 12.773160 12.881102 4.263717e+04
736288 12.881102 12.944068 12.818136 12.881102 4.236731e+04
736291 12.908088 12.971055 12.863112 12.944069 4.641515e+04
736292 12.845121 12.989044 12.845121 12.953063 3.499126e+04
736293 12.926078 13.034020 12.926078 13.034020 1.897984e+04
736295 13.052011 13.150958 13.052011 13.132968 3.858934e+04
736298 13.114977 13.114977 12.962059 13.016030 4.803428e+04
736299 13.061006 13.114977 12.998040 13.061006 4.119794e+04
736300 13.070001 13.105982 12.890097 12.926078 4.227736e+04
736301 12.935073 12.935073 12.710193 12.800145 5.819883e+04
736302 12.764166 12.962060 12.719190 12.836127 4.506587e+04
736305 12.836126 12.908087 12.737179 12.845121 3.553097e+04
736306 12.692203 12.800145 12.647227 12.737179 4.659505e+04
736307 12.692204 12.845122 12.629237 12.665218 7.582939e+04
736308 12.701198 12.827131 12.647227 12.728184 4.110799e+04
736309 12.666597 12.740133 12.482757 12.556293 7.555837e+04
736312 12.602253 12.629829 12.363261 12.482757 5.478441e+04
736313 12.537909 12.694173 12.537909 12.620637 4.200751e+04
736314 12.730942 12.933166 12.639022 12.868822 5.294601e+04
736315 12.923973 12.960741 12.767709 12.786093 5.653089e+04
736316 12.776901 12.795285 12.639021 12.740133 4.991264e+04
736319 12.776901 12.776901 12.648213 12.666597 3.814686e+04
736320 12.758518 12.951550 12.639022 12.859630 6.241379e+04
736321 12.960742 12.979126 12.841246 12.923974 4.072063e+04
736322 12.878014 13.025086 12.841246 12.997510 4.678736e+04
736326 12.969934 13.117007 12.730942 12.795286 5.745010e+04
736327 12.850438 12.933166 12.813670 12.914782 8.107358e+04
736328 12.878014 13.006702 12.776902 12.969934 8.024630e+04
736329 12.923975 13.117007 12.804478 13.117007 9.164440e+04
736333 12.887205 12.887205 12.639021 12.850437 5.432481e+04
736334 12.859630 12.887206 12.611446 12.887206 6.627443e+04
736335 12.684981 12.776901 12.611445 12.740133 5.386521e+04
736336 12.519525 12.611445 12.409221 12.510333 4.200751e+04
736337 12.528717 12.583869 12.390837 12.473565 6.866436e+04
736340 12.519525 12.519525 12.142653 12.418413 3.741150e+04
736341 12.528717 12.528717 12.280533 12.501141 3.079325e+04
736342 12.455181 12.565485 11.968004 12.050732 5.349753e+04
736343 12.059925 12.087501 11.876085 12.078309 8.410695e+04
736344 11.802548 11.958812 11.655476 11.784164 6.158650e+04
736348 11.903660 11.940428 11.646284 11.774972 3.823878e+04
736349 11.646284 11.673860 11.168299 11.637092 1.074547e+05
736350 11.600324 11.839316 11.581940 11.738204 5.542785e+04
736351 11.857700 12.032348 11.774972 11.912852 2.610532e+04
736354 11.986388 12.032348 11.894468 11.940428 6.232186e+04
736355 11.949620 12.206996 11.885276 12.161036 4.237519e+04
736356 12.151844 12.197804 12.013964 12.096692 2.959829e+04
736357 12.188612 12.188612 11.940428 11.949620 4.586816e+04
736358 12.032348 12.188612 11.931236 12.096692 5.018840e+04
736361 12.078309 12.225381 12.032349 12.151845 5.790970e+04
736362 12.087501 12.087501 11.949621 11.968005 3.263166e+04
736363 12.041541 12.059925 11.738205 12.004773 9.973337e+04
736364 11.986388 12.059924 11.903660 12.032348 1.930323e+04
736365 11.968005 11.995581 11.434868 11.572748 8.879487e+04
736368 11.490019 11.490019 11.113147 11.333755 7.804021e+04
736369 11.186683 11.296987 11.122339 11.214259 6.719363e+04
736370 11.287795 11.416483 11.260219 11.260219 7.390380e+04
736371 11.149915 11.195875 11.012035 11.113147 1.115911e+05
736372 11.205068 11.462444 11.205068 11.388908 5.202681e+04
736376 11.526787 11.637091 11.480827 11.627899 9.118479e+04
736377 11.719820 11.885276 11.701436 11.876084 6.002386e+04
736378 11.922044 11.922044 11.719820 11.839316 2.730029e+04
736379 11.802548 11.830124 11.692244 11.774972 4.936112e+04
736382 11.903660 12.004772 11.903660 11.995580 4.219135e+04
736383 11.986388 12.050732 11.940428 12.032348 3.226397e+04
736384 11.922044 12.216189 11.876084 12.216189 3.051749e+04
736385 12.216189 12.262149 12.161037 12.262149 5.653090e+04
736386 12.363260 12.363260 12.206996 12.354068 4.568431e+04
736389 12.326493 12.326493 12.170229 12.289725 4.504088e+04
736390 12.335685 12.501141 12.289725 12.427605 6.507947e+04
736391 12.418414 12.629830 12.344878 12.611446 3.391854e+04
736392 12.593061 12.620637 12.519525 12.565485 3.014981e+04
736393 12.528717 12.639021 12.464373 12.629829 4.182367e+04
736396 12.593061 12.639021 12.418413 12.501141 2.546188e+04
736397 12.436797 12.445989 12.216189 12.308109 4.044487e+04
736398 12.418413 12.418413 12.262149 12.298917 4.320247e+04
736399 12.372453 12.409221 12.206997 12.298917 3.456198e+04
736400 12.430456 12.580787 12.421061 12.496226 4.491125e+04
736403 12.449247 12.543204 12.411664 12.477434 2.461662e+04
736404 12.468038 12.524412 12.355290 12.355290 4.368981e+04
736405 12.411665 12.599578 12.411665 12.543204 8.023892e+04
736406 12.571391 12.646556 12.449247 12.618369 4.660246e+04
736407 12.590182 12.674743 12.552600 12.655952 4.895138e+04
736410 12.608974 12.684139 12.599578 12.655952 2.696554e+04
736411 12.608973 12.684139 12.599578 12.646556 2.151606e+04
736412 12.665348 12.702930 12.599578 12.655952 4.989095e+04
736413 12.646557 12.674744 12.524413 12.580787 2.320728e+04
736417 12.618369 12.618369 12.505621 12.561995 6.154156e+04
736418 12.571391 12.674743 12.533808 12.655952 3.908594e+04
736419 12.684139 12.787492 12.665348 12.693535 5.083051e+04
736420 12.721721 12.825073 12.712325 12.806282 4.876347e+04
736421 12.759303 12.872051 12.646556 12.825073 5.383712e+04
736424 12.862657 13.003591 12.759304 12.796887 2.067045e+04
736425 12.740513 12.900239 12.646556 12.655952 4.519312e+04
736426 12.693534 12.815678 12.693534 12.806282 3.607933e+04
736427 12.693534 12.740513 12.637160 12.646556 1.747592e+04
736428 12.768701 12.778096 12.655953 12.702931 4.622664e+04
736431 12.721721 12.834469 12.637160 12.646556 4.152881e+04
736432 12.618369 12.749908 12.515017 12.721721 6.135365e+04
736433 12.749909 12.834470 12.731118 12.778096 4.340794e+04
736434 12.787491 12.806282 12.731117 12.731117 5.684373e+04
736435 12.749908 12.825074 12.655952 12.674743 2.687158e+04
736438 12.674743 12.796887 12.618369 12.768700 8.117849e+04
736439 12.749908 12.815678 12.637160 12.721721 5.928660e+04
736440 12.712326 12.759304 12.655952 12.712326 7.037348e+04
736441 12.674743 12.702930 12.627765 12.684139 4.049529e+04
736442 12.627765 12.665348 12.580787 12.655952 5.637395e+04
736445 12.608973 12.608973 12.496225 12.533808 6.793061e+04
736446 12.590182 12.674743 12.580787 12.655952 3.279085e+04
736447 12.646556 12.712325 12.599577 12.665347 2.471058e+04
736448 12.665347 12.731117 12.608973 12.637160 3.156941e+04
736449 12.571390 12.590182 12.486829 12.552599 4.444146e+04
736452 12.543204 12.693534 12.543204 12.618369 5.092447e+04
736453 12.580787 12.590182 12.515017 12.571391 3.795846e+04
736454 12.524412 12.580786 12.515016 12.552599 2.367706e+04
736455 12.580786 12.693534 12.580786 12.637160 3.194524e+04
736456 12.618369 12.684139 12.552599 12.674743 3.730076e+04
736459 12.674743 12.731117 12.599578 12.599578 3.589142e+04
736460 12.637160 12.825074 12.637160 12.759304 5.223986e+04
736461 12.712326 12.834469 12.674743 12.674743 8.362136e+04
736462 12.768700 12.768700 12.646556 12.731117 5.665582e+04
736463 12.759304 12.759304 12.608973 12.646556 4.444146e+04
736466 12.627765 12.834469 12.627765 12.834469 6.238717e+04
736467 12.759304 12.768700 12.665347 12.731117 4.989095e+04
736468 12.731117 12.834470 12.674743 12.768700 5.581021e+04
736469 12.693535 12.787491 12.608974 12.655952 5.252173e+04
736470 12.721722 12.768700 12.702930 12.740513 3.758263e+04
736473 12.740513 12.796887 12.693535 12.778096 4.679038e+04
736474 12.815679 12.919031 12.787492 12.890844 4.087112e+04
736475 12.947217 12.966008 12.909634 12.947217 5.299151e+04
736476 12.947217 12.956613 12.853261 12.956613 3.316667e+04
736477 12.947218 12.994196 12.909635 12.966009 3.279085e+04
736481 13.031778 13.031778 12.909635 12.984800 5.195799e+04
736482 12.984800 13.106944 12.881448 13.078757 7.958123e+04
736483 13.022382 13.097548 13.012987 13.088152 4.462938e+04
736484 13.069361 13.069361 12.928426 12.937822 6.783666e+04
736487 12.984800 13.069361 12.966009 13.050570 2.593202e+04
736488 13.022383 13.116340 12.975405 13.050570 6.652126e+04
736489 13.116339 13.135130 13.031778 13.135130 6.003826e+04
736490 13.125734 13.153921 13.069360 13.135130 4.340794e+04
736491 13.106943 13.106943 12.966008 13.059965 5.693769e+04
736494 13.050369 13.117540 13.002390 13.002390 4.884293e+04
736495 13.040773 13.079157 12.964006 13.050369 3.636831e+04
736496 13.069562 13.117541 12.973603 12.973603 3.233805e+04
736497 12.944814 13.069561 12.906431 13.040773 3.521680e+04
736498 13.079157 13.165519 13.059965 13.127136 3.963090e+04
736501 13.223095 13.299861 13.194307 13.194307 2.504519e+04
736502 13.242286 13.261478 13.155923 13.175115 3.473701e+04
736503 13.223094 13.242286 13.098348 13.107944 4.586821e+04
736504 13.203903 13.261478 13.194307 13.203903 5.805495e+04
736505 12.887239 13.175115 12.772089 12.983198 1.593872e+05
736508 12.916028 13.002390 12.676131 12.685727 6.861040e+04
736509 12.762493 13.031177 12.762493 12.983198 7.187299e+04
736510 13.088752 13.280670 13.079157 13.184711 5.661557e+04
736511 13.223094 13.280669 13.175115 13.232690 7.801434e+04
736512 13.271074 13.626121 13.203903 13.626121 9.442326e+04
736516 13.530163 13.539758 13.338245 13.434204 3.799961e+04
736517 13.424608 13.645313 13.386225 13.645313 4.145412e+04
736518 13.597334 13.683696 13.520567 13.635717 5.431257e+04
736519 13.712483 13.731675 13.568546 13.674100 3.080271e+04
736522 13.702888 13.760463 13.616525 13.750867 3.550468e+04
736523 13.818038 13.837230 13.702888 13.837230 4.510054e+04
736524 13.818038 13.837230 13.683696 13.741271 5.412065e+04
736525 13.827634 13.856421 13.635717 13.674100 4.865101e+04
736526 13.674099 13.913996 13.674099 13.894804 7.551941e+04
736529 13.913997 13.981168 13.837230 13.971572 3.137846e+04
736530 13.933188 14.000359 13.837230 13.952380 5.412065e+04
736531 14.019551 14.077126 13.990763 14.077126 4.126220e+04
736532 14.105914 14.134701 14.009955 14.086722 6.438822e+04
736533 14.125105 14.125105 14.000359 14.009955 4.289349e+04
736536 13.942785 14.057935 13.827634 13.846826 4.692376e+04
736537 13.913997 14.000359 13.904401 13.961976 2.696437e+04
736538 14.038742 14.105913 14.029147 14.067530 2.763608e+04
736539 14.067530 14.067530 13.885209 14.009955 2.610074e+04
736540 13.981167 14.086722 13.961976 14.077126 5.891858e+04
736543 14.057934 14.057934 13.933188 13.981167 3.982282e+04
736544 14.000359 14.000359 13.875613 13.961976 3.684810e+04
736545 13.971571 13.981167 13.913996 13.981167 4.318137e+04
736546 13.971572 14.019551 13.923592 14.009955 3.099463e+04
736547 14.057934 14.086722 14.000359 14.009955 2.648457e+04
736550 14.067530 14.067530 13.875613 13.875613 3.636831e+04
736551 13.923593 13.971572 13.866018 13.971572 4.366116e+04
736552 13.952380 14.009955 13.741271 13.798846 5.258531e+04
736553 13.866018 14.038743 13.827634 13.837230 5.133785e+04
736554 13.875613 13.942784 13.741271 13.818038 4.788334e+04
736557 13.827634 14.077126 13.818038 13.837230 4.049453e+04
736558 13.875613 13.885209 13.702888 13.770059 3.982282e+04
736559 13.798846 13.885208 13.770058 13.779654 3.588851e+04
736560 13.818039 13.923593 13.818039 13.923593 1.305037e+04
736561 13.942784 14.000359 13.923592 13.990763 2.216644e+04
736564 14.048338 14.096317 14.000359 14.057934 2.821183e+04
736565 14.125106 14.153893 14.048339 14.048339 3.272188e+04
736566 14.096318 14.096318 13.952380 14.048339 2.312602e+04
736567 13.990763 14.019550 13.904400 13.913996 1.823213e+04
736568 13.961976 13.981167 13.866017 13.866017 3.857536e+04
736571 13.923592 13.942784 13.866017 13.866017 1.823213e+04
736572 13.913997 13.913997 13.846826 13.846826 2.015131e+04
736573 13.846825 13.866017 13.338245 13.808442 3.521680e+04
736574 13.779654 13.808442 13.712483 13.741271 2.638861e+04
736575 13.837230 13.885209 13.818038 13.885209 1.727255e+04
736579 13.923592 13.923592 13.779655 13.818038 4.049453e+04
736580 13.827633 13.875613 13.779654 13.789250 2.197452e+04
736581 13.818037 13.894804 13.568545 13.578141 1.133271e+05
736582 13.568545 13.568545 13.338245 13.376628 3.473701e+04
736585 13.290265 13.434203 13.223094 13.386224 4.817121e+04
736586 13.286356 13.354893 13.198237 13.325520 7.568425e+04
736587 13.266774 13.325520 13.227610 13.286356 6.403299e+04
736588 13.335311 13.335311 13.237401 13.296147 6.442463e+04
736589 13.315730 13.315730 13.227611 13.276566 2.956875e+04
736592 13.315730 13.354894 13.208029 13.237402 5.091308e+04
736593 13.266774 13.364684 13.178655 13.208028 4.484267e+04
736594 13.208028 13.345102 13.188446 13.325520 5.003189e+04
736595 13.413639 13.472385 13.354893 13.374475 6.980967e+04
736596 13.296147 13.345102 13.276565 13.315729 5.933332e+04
736599 13.325520 13.325520 13.149282 13.159073 5.561275e+04
736600 13.188446 13.305938 13.149282 13.296147 8.430031e+04
736601 13.276565 13.384266 13.256983 13.374475 8.674806e+04
736602 13.403848 13.433221 13.276565 13.305938 5.757095e+04
736603 13.384265 13.443011 13.305937 13.443011 4.004509e+04
736606 13.423430 13.423430 13.305938 13.384266 7.666335e+04
736607 13.374475 13.374475 13.237401 13.256983 4.924861e+04
736608 13.276565 13.305938 13.188446 13.217819 8.860834e+04
736609 13.188446 13.286356 13.149282 13.247192 8.469195e+04
736610 13.296148 13.296148 13.110119 13.139492 6.775357e+04
736613 13.159073 13.227610 13.149282 13.159073 5.923541e+04
736614 13.129701 13.168865 12.973045 12.973045 3.231023e+04
736615 13.002418 13.061164 12.914299 12.914299 3.955555e+04
736616 12.894717 13.022000 12.826180 12.855553 8.126511e+04
736617 12.933881 13.041582 12.855553 12.855553 3.789108e+04
736620 12.924090 12.943672 12.777225 12.777225 5.551484e+04
736621 12.894717 12.894717 12.816389 12.884926 5.531902e+04
736622 12.875135 12.933881 12.845762 12.924090 5.747304e+04
736623 12.943672 12.963254 12.835971 12.924090 4.112210e+04
736624 12.914299 13.012209 12.855553 13.012209 4.435313e+04
736627 13.061163 13.139491 12.982835 13.129700 4.268866e+04
736628 13.149283 13.149283 13.051373 13.070955 4.425522e+04
736629 13.070955 13.080746 12.963254 13.022000 5.708140e+04
736630 13.061164 13.129701 12.963254 12.982836 4.591968e+04
736631 12.973045 13.012209 12.894717 12.924090 4.112210e+04
736634 12.992627 12.992627 12.757643 12.855553 7.372606e+04
736635 12.904508 12.904508 12.659733 12.728270 7.215950e+04
736636 12.738061 12.738061 12.591196 12.630360 6.628491e+04
736637 12.659734 12.659734 12.493287 12.493287 5.541693e+04
736638 12.542242 12.561824 12.424750 12.434541 8.146093e+04
736641 12.512868 12.708688 12.512868 12.679315 9.193727e+04
736642 12.718479 12.855553 12.689106 12.806598 6.236852e+04
736643 12.659734 13.031791 12.659734 12.933881 8.821671e+04
736644 12.992627 13.100328 12.884926 12.992627 9.428711e+04
736645 12.943672 13.002418 12.826180 12.875135 4.278657e+04
736648 12.855553 12.943672 12.728270 12.943672 9.742022e+04
736649 12.963254 12.973045 12.835971 12.973045 7.225741e+04
736650 12.943672 13.012209 12.904508 12.973045 4.249284e+04
736651 13.002418 13.061164 12.933881 13.002418 3.417051e+04
736652 13.041582 13.041582 12.914299 12.924090 3.632453e+04
736655 13.012209 13.022000 12.953463 13.002418 4.229702e+04
736656 13.070955 13.276566 13.061164 13.188447 4.347194e+04
736657 13.100328 13.119910 13.031791 13.110119 5.101099e+04
736659 13.149282 13.237401 13.119909 13.178655 1.987568e+04
736662 13.119909 13.208028 13.012208 13.080745 5.649394e+04
736663 13.031791 13.110119 13.031791 13.110119 3.994719e+04
736664 13.159073 13.217819 13.080745 13.080745 5.453574e+04
736665 13.139491 13.178655 13.080745 13.129700 3.857645e+04
736666 13.090537 13.090537 13.022000 13.061164 4.494059e+04
736669 13.090537 13.139492 13.051373 13.100328 7.294278e+04
736670 13.061164 13.168865 12.982836 13.149283 6.383717e+04
736671 13.100327 13.276565 13.061163 13.247192 7.294278e+04
736672 13.227611 13.237402 13.100328 13.100328 7.343233e+04
736673 13.100328 13.168865 13.022000 13.070955 5.267546e+04
736676 13.061164 13.090537 12.963254 13.022000 6.344553e+04
736677 13.080000 13.160000 13.040000 13.150000 7.560000e+04
736678 13.090000 13.150000 13.020000 13.060000 8.640000e+04
736679 13.090000 13.190000 13.040000 13.110000 1.560000e+05
736680 13.140000 13.200000 13.120000 13.170000 5.290000e+04
736683 13.210000 13.320000 13.170000 13.210000 4.910000e+04
736684 13.220000 13.280000 13.190000 13.240000 6.140000e+04
736685 13.270000 13.270000 13.160000 13.210000 8.060000e+04
736686 13.210000 13.210000 13.050000 13.140000 9.270000e+04
736687 13.180000 13.200000 13.100000 13.160000 5.610000e+04
736691 13.210000 13.250000 13.150000 13.170000 8.860000e+04
736692 13.230000 13.230000 13.060000 13.110000 5.780000e+04
736693 13.100000 13.140000 13.020000 13.140000 1.271000e+05
736694 13.170000 13.170000 13.020000 13.080000 1.427000e+05
736698 13.090000 13.180000 13.030000 13.180000 1.267000e+05
736699 13.180000 13.320000 13.150000 13.320000 7.870000e+04
736700 13.300000 13.300000 13.160000 13.280000 4.910000e+04
736701 13.230000 13.370000 13.220000 13.370000 6.820000e+04
736704 13.340000 13.360000 13.260000 13.330000 5.250000e+04
736705 13.300000 13.330000 13.260000 13.330000 6.250000e+04
736706 13.320000 13.370000 13.240000 13.370000 5.300000e+04
736707 13.320000 13.380000 13.250000 13.380000 7.120000e+04
736708 13.350000 13.410000 13.320000 13.410000 5.630000e+04
736712 13.360000 13.380000 13.310000 13.380000 3.520000e+04
736713 13.350000 13.390000 13.310000 13.310000 4.390000e+04
736714 13.320000 13.380000 13.310000 13.360000 3.920000e+04
736715 13.380000 13.410000 13.360000 13.410000 3.520000e+04
736718 13.420000 13.440000 13.400000 13.400000 2.870000e+04
736719 13.430000 13.500000 13.390000 13.460000 4.800000e+04
736720 13.500000 13.640000 13.500000 13.620000 8.610000e+04
736721 13.650000 13.680000 13.610000 13.680000 3.740000e+04
736722 13.690000 13.690000 13.630000 13.630000 3.240000e+04
736725 13.650000 13.700000 13.560000 13.700000 3.280000e+04
736726 13.640000 13.700000 13.590000 13.630000 2.920000e+04
736727 13.660000 13.740000 13.550000 13.630000 6.890000e+04
736728 13.640000 13.700000 13.630000 13.670000 3.280000e+04
736729 13.720000 13.820000 13.700000 13.790000 3.760000e+04
736732 13.800000 13.800000 13.720000 13.770000 3.600000e+04
736733 13.790000 13.840000 13.740000 13.820000 4.120000e+04
736734 13.780000 13.930000 13.770000 13.840000 5.870000e+04
736735 13.860000 13.920000 13.840000 13.900000 3.450000e+04
736736 13.950000 13.950000 13.900000 13.950000 2.210000e+04
736739 13.980000 13.990000 13.930000 13.980000 4.590000e+04
736740 13.970000 14.040000 13.890000 14.030000 6.350000e+04
736741 14.040000 14.050000 13.950000 14.050000 4.280000e+04
736742 14.050000 14.050000 13.940000 14.010000 5.230000e+04
736743 13.970000 14.020000 13.940000 14.000000 3.420000e+04
736747 14.020000 14.140000 14.020000 14.140000 5.450000e+04
736748 14.110000 14.160000 14.050000 14.140000 3.280000e+04
736749 14.160000 14.160000 14.050000 14.070000 3.440000e+04
736750 14.050000 14.130000 14.030000 14.120000 5.470000e+04
736753 14.110000 14.140000 14.060000 14.060000 2.280000e+04
736754 14.090000 14.140000 14.050000 14.100000 4.000000e+04
736755 14.170000 14.280000 14.170000 14.200000 3.160000e+04
736756 14.250000 14.260000 14.150000 14.200000 4.160000e+04
736757 14.170000 14.200000 14.100000 14.120000 5.670000e+04
736760 14.120000 14.220000 14.060000 14.220000 3.870000e+04
736761 14.190000 14.190000 14.130000 14.160000 1.910000e+04
736762 14.160000 14.180000 14.090000 14.090000 4.950000e+04
736763 14.140000 14.150000 14.070000 14.090000 3.110000e+04
736764 14.160000 14.180000 14.100000 14.140000 2.340000e+04
