736034 10.360000 10.400000 10.260000 10.260000 2.200000e+03
736035 10.260000 10.260000 10.260000 10.260000 0.000000e+00
736036 10.430000 10.430000 10.430000 10.430000 2.000000e+02
736039 10.430000 10.430000 10.430000 10.430000 0.000000e+00
736040 10.350000 10.350000 10.350000 10.350000 1.000000e+03
736041 10.350000 10.350000 10.350000 10.350000 0.000000e+00
736042 10.250000 10.250000 10.250000 10.250000 2.000000e+02
736043 10.250000 10.500000 10.220000 10.500000 9.500000e+03
736046 10.500000 10.500000 10.500000 10.500000 1.000000e+02
736047 10.500000 10.500000 10.500000 10.500000 1.000000e+02
736048 10.500000 10.500000 10.500000 10.500000 0.000000e+00
736049 10.500000 10.500000 10.500000 10.500000 0.000000e+00
736050 10.500000 10.500000 10.500000 10.500000 0.000000e+00
736053 10.450000 10.450000 10.450000 10.450000 2.000000e+02
736054 10.450000 10.450000 10.450000 10.450000 0.000000e+00
736055 10.400000 10.400000 10.400000 10.400000 1.000000e+02
736056 10.400000 10.400000 10.400000 10.400000 0.000000e+00
736060 10.350000 10.350000 10.240000 10.240000 5.000000e+02
736061 10.220000 10.250000 10.220000 10.250000 7.000000e+02
736062 10.250000 10.250000 10.250000 10.250000 0.000000e+00
736063 10.250000 10.250000 10.250000 10.250000 1.000000e+02
736064 10.250000 10.250000 10.250000 10.250000 0.000000e+00
736067 10.250000 10.250000 10.250000 10.250000 0.000000e+00
736068 10.270000 10.350000 10.260000 10.350000 2.100000e+03
736069 10.300000 10.300000 10.200000 10.230000 4.400000e+03
736070 10.380000 10.380000 10.380000 10.380000 7.000000e+02
736071 10.410000 10.550000 10.410000 10.550000 7.700000e+03
736074 10.260000 10.410000 10.260000 10.410000 3.300000e+03
736075 10.410000 10.410000 10.410000 10.410000 0.000000e+00
736076 10.450000 10.450000 10.350000 10.400000 2.400000e+03
736077 10.470000 10.500000 10.320000 10.320000 1.700000e+03
736078 10.300000 11.100000 10.300000 11.100000 1.630000e+04
736081 10.710000 11.280000 10.690000 11.280000 1.700000e+03
736082 11.150000 11.210000 11.150000 11.150000 2.200000e+03
736083 11.320000 12.040000 10.430000 10.430000 4.000000e+03
736084 10.430000 10.430000 10.430000 10.430000 0.000000e+00
736085 10.410000 12.980000 10.410000 12.000000 1.930000e+04
736088 10.410000 12.980000 10.410000 12.000000 1.930000e+04
736089 11.710000 12.210000 11.710000 12.200000 2.400000e+03
736090 11.230000 11.780000 10.370000 11.780000 6.000000e+02
736091 10.390000 10.390000 10.390000 10.390000 1.000000e+03
736092 10.390000 10.390000 10.390000 10.390000 0.000000e+00
736095 10.390000 10.390000 10.390000 10.390000 0.000000e+00
736096 10.390000 10.390000 10.390000 10.390000 0.000000e+00
736097 11.710000 11.710000 11.610000 11.610000 8.000000e+02
736098 11.350000 13.730000 11.350000 12.500000 7.940000e+04
736099 12.130000 12.950000 12.130000 12.810000 2.400000e+03
736102 12.500000 12.550000 12.450000 12.500000 2.400000e+03
736103 12.500000 12.500000 12.500000 12.500000 0.000000e+00
736104 12.500000 12.500000 12.500000 12.500000 0.000000e+00
736105 12.490000 12.490000 12.490000 12.490000 2.000000e+02
736106 11.410000 11.410000 11.410000 11.410000 2.000000e+02
736110 11.500000 11.500000 11.500000 11.500000 7.000000e+02
736111 12.000000 12.450000 12.000000 12.450000 5.000000e+02
736112 11.750000 12.080000 11.750000 11.750000 4.000000e+02
736113 11.350000 12.100000 11.350000 12.100000 8.000000e+02
736116 12.000000 12.000000 11.930000 11.930000 6.000000e+02
736117 12.000000 12.000000 12.000000 12.000000 8.000000e+02
736118 12.000000 12.030000 12.000000 12.030000 5.000000e+02
736119 12.060000 12.060000 12.060000 12.060000 1.000000e+02
736120 12.010000 12.110000 12.010000 12.100000 1.100000e+03
736123 12.010000 12.200000 11.480000 11.550000 5.600000e+03
736124 11.550000 11.550000 11.550000 11.550000 0.000000e+00
736125 11.550000 11.550000 11.550000 11.550000 0.000000e+00
736126 11.550000 11.550000 11.550000 11.550000 0.000000e+00
736127 11.750000 12.020000 11.650000 11.900000 2.500000e+03
736130 11.900000 11.900000 11.900000 11.900000 0.000000e+00
736131 11.900000 11.900000 11.900000 11.900000 0.000000e+00
736132 11.900000 11.900000 11.900000 11.900000 0.000000e+00
736133 11.900000 11.900000 11.900000 11.900000 0.000000e+00
736134 11.900000 11.900000 11.900000 11.900000 0.000000e+00
736137 11.900000 11.900000 11.900000 11.900000 0.000000e+00
736138 11.900000 11.900000 11.900000 11.900000 0.000000e+00
736139 11.900000 11.900000 11.900000 11.900000 0.000000e+00
736140 11.900000 11.900000 11.900000 11.900000 0.000000e+00
736141 11.900000 11.900000 11.900000 11.900000 0.000000e+00
736144 11.900000 11.900000 11.900000 11.900000 0.000000e+00
736145 11.560000 11.560000 11.260000 11.260000 7.000000e+02
736146 11.570000 11.570000 11.570000 11.570000 1.000000e+02
736147 12.000000 12.000000 12.000000 12.000000 5.000000e+02
736151 12.000000 12.000000 12.000000 12.000000 0.000000e+00
736152 12.000000 12.000000 12.000000 12.000000 0.000000e+00
736153 11.750000 11.750000 11.750000 11.750000 3.000000e+02
736154 11.640000 11.640000 11.270000 11.270000 8.000000e+02
736155 11.270000 11.270000 11.270000 11.270000 0.000000e+00
736158 11.750000 11.750000 11.000000 11.000000 1.200000e+03
736159 11.000000 11.000000 11.000000 11.000000 0.000000e+00
736160 11.050000 11.050000 10.540000 10.540000 4.000000e+02
736161 10.540000 10.540000 10.540000 10.540000 0.000000e+00
736162 10.700000 11.300000 10.700000 10.750000 2.600000e+03
736165 10.440000 10.440000 10.440000 10.440000 2.000000e+02
736166 10.400000 10.510000 9.470000 9.680000 1.590000e+04
736167 9.680000 9.680000 9.680000 9.680000 2.500000e+03
736168 9.680000 9.680000 9.680000 9.680000 0.000000e+00
736169 9.730000 9.790000 9.720000 9.790000 9.000000e+02
736172 10.080000 10.080000 9.580000 9.600000 1.020000e+04
736173 9.760000 9.760000 9.760000 9.760000 7.000000e+02
736174 9.760000 9.760000 9.760000 9.760000 0.000000e+00
736175 9.730000 9.730000 9.730000 9.730000 2.000000e+02
736176 9.730000 9.730000 9.730000 9.730000 0.000000e+00
736179 9.730000 9.730000 9.730000 9.730000 0.000000e+00
736180 9.580000 9.580000 9.490000 9.490000 7.700000e+03
736181 9.460000 9.490000 9.460000 9.490000 1.100000e+03
736182 9.490000 9.490000 9.490000 9.490000 0.000000e+00
736183 9.490000 9.490000 9.490000 9.490000 0.000000e+00
736186 9.840000 9.840000 9.620000 9.620000 4.000000e+02
736187 9.540000 9.540000 9.540000 9.540000 6.000000e+02
736188 9.540000 9.540000 9.540000 9.540000 0.000000e+00
736189 9.540000 9.640000 9.540000 9.640000 8.000000e+02
736190 9.650000 9.650000 9.650000 9.650000 3.600000e+03
736193 9.590000 9.590000 9.490000 9.490000 3.300000e+03
736194 9.490000 9.490000 9.490000 9.490000 0.000000e+00
736195 9.490000 9.490000 9.490000 9.490000 0.000000e+00
736196 9.490000 9.490000 9.490000 9.490000 0.000000e+00
736197 9.490000 9.490000 9.490000 9.490000 0.000000e+00
736200 9.510000 9.510000 9.510000 9.510000 1.000000e+02
736201 9.510000 9.510000 9.510000 9.510000 0.000000e+00
736202 9.540000 9.540000 9.500000 9.500000 3.000000e+02
736203 9.500000 9.500000 9.500000 9.500000 6.900000e+03
736204 9.500000 9.500000 9.500000 9.500000 0.000000e+00
736207 9.500000 9.500000 9.500000 9.500000 0.000000e+00
736208 9.500000 9.500000 9.500000 9.500000 0.000000e+00
736209 9.650000 9.650000 9.650000 9.650000 2.000000e+02
736210 9.600000 9.950000 9.600000 9.950000 5.000000e+02
736211 9.950000 9.950000 9.950000 9.950000 0.000000e+00
736215 9.950000 9.950000 9.950000 9.950000 0.000000e+00
736216 9.510000 10.000000 9.510000 10.000000 8.000000e+02
736217 10.000000 10.000000 9.930000 9.930000 4.000000e+02
736218 9.930000 9.930000 9.930000 9.930000 0.000000e+00
736221 9.930000 9.930000 9.930000 9.930000 0.000000e+00
736222 9.540000 9.900000 9.540000 9.870000 6.000000e+02
736223 9.870000 9.870000 9.870000 9.870000 0.000000e+00
736224 9.870000 9.870000 9.870000 9.870000 0.000000e+00
736225 9.850000 9.860000 9.310000 9.310000 2.700000e+03
736228 9.300000 9.540000 9.300000 9.540000 6.000000e+02
736229 9.540000 9.540000 9.540000 9.540000 0.000000e+00
736230 9.540000 9.540000 9.540000 9.540000 0.000000e+00
736231 9.540000 9.540000 9.540000 9.540000 0.000000e+00
736232 9.540000 9.540000 9.540000 9.540000 0.000000e+00
736235 9.300000 9.300000 8.500000 9.060000 2.500000e+03
736236 9.060000 9.060000 9.060000 9.060000 0.000000e+00
736237 9.060000 9.060000 9.060000 9.060000 0.000000e+00
736238 7.700000 7.700000 7.700000 7.700000 1.000000e+02
736239 7.700000 7.700000 7.700000 7.700000 0.000000e+00
736242 8.380000 8.380000 8.380000 8.380000 2.000000e+02
736243 8.960000 8.970000 8.960000 8.970000 9.000000e+02
736244 8.970000 8.970000 8.970000 8.970000 0.000000e+00
736245 8.700000 8.700000 8.680000 8.690000 2.900000e+03
736246 8.670000 8.740000 8.670000 8.740000 3.000000e+02
736249 8.710000 8.740000 8.710000 8.740000 1.900000e+03
736250 8.960000 9.000000 8.960000 9.000000 1.000000e+03
736251 8.900000 9.250000 8.900000 9.130000 2.700000e+03
736252 9.140000 9.140000 9.140000 9.140000 1.000000e+02
736253 9.140000 9.140000 9.140000 9.140000 0.000000e+00
736256 9.140000 9.140000 9.140000 9.140000 0.000000e+00
736257 9.140000 9.140000 9.140000 9.140000 0.000000e+00
736258 9.140000 9.140000 9.140000 9.140000 0.000000e+00
736259 9.860000 9.870000 9.260000 9.340000 9.000000e+02
736260 9.340000 9.340000 9.340000 9.340000 0.000000e+00
736263 9.340000 9.340000 9.340000 9.340000 0.000000e+00
736264 9.340000 9.340000 9.340000 9.340000 0.000000e+00
736265 9.400000 9.450000 9.400000 9.450000 9.600000e+03
736266 9.470000 9.560000 9.450000 9.450000 1.040000e+04
736267 9.550000 9.550000 9.460000 9.460000 4.000000e+02
736270 9.500000 9.500000 9.500000 9.500000 8.000000e+03
736271 9.500000 9.500000 9.500000 9.500000 3.900000e+03
736272 9.500000 9.500000 9.500000 9.500000 6.000000e+02
736273 9.500000 9.500000 9.290000 9.300000 8.000000e+02
736274 9.300000 9.300000 9.300000 9.300000 0.000000e+00
736277 9.490000 10.200000 9.490000 10.100000 5.300000e+03
736278 10.260000 10.260000 10.260000 10.260000 1.000000e+02
736279 10.250000 10.260000 10.000000 10.000000 2.800000e+03
736280 10.000000 10.000000 10.000000 10.000000 0.000000e+00
736281 10.000000 10.000000 10.000000 10.000000 0.000000e+00
736284 10.000000 10.000000 10.000000 10.000000 0.000000e+00
736285 10.020000 10.180000 10.000000 10.000000 1.700000e+03
736286 10.010000 10.150000 9.960000 10.060000 3.300000e+03
736287 10.660000 10.660000 10.660000 10.660000 4.000000e+02
736288 10.650000 10.650000 10.610000 10.610000 3.000000e+02
736291 10.000000 10.560000 9.960000 10.560000 6.000000e+02
736292 10.560000 10.560000 10.560000 10.560000 0.000000e+00
736293 10.560000 10.560000 10.560000 10.560000 0.000000e+00
736295 10.560000 10.560000 10.560000 10.560000 0.000000e+00
736298 10.000000 10.420000 9.750000 10.420000 1.480000e+04
736299 9.880000 9.880000 9.860000 9.860000 2.000000e+02
736300 10.050000 10.050000 10.050000 10.050000 1.000000e+02
736301 9.900000 9.970000 9.900000 9.970000 6.000000e+02
736302 9.970000 9.970000 9.970000 9.970000 0.000000e+00
736305 9.950000 9.950000 9.950000 9.950000 7.000000e+02
736306 9.950000 9.950000 9.950000 9.950000 0.000000e+00
736307 9.950000 9.950000 9.950000 9.950000 0.000000e+00
736308 9.950000 9.950000 9.950000 9.950000 0.000000e+00
736309 9.900000 9.990000 9.900000 9.990000 4.000000e+02
736312 9.950000 9.950000 9.900000 9.900000 6.200000e+03
736313 9.950000 9.990000 9.900000 9.900000 1.650000e+04
736314 10.470000 10.500000 10.360000 10.500000 2.000000e+03
736315 10.490000 10.500000 10.450000 10.450000 1.800000e+03
736316 9.820000 10.250000 9.820000 10.250000 7.600000e+03
736319 10.450000 10.450000 9.950000 10.420000 2.900000e+03
736320 10.000000 10.500000 9.970000 10.240000 4.600000e+03
736321 10.210000 10.240000 10.210000 10.240000 8.000000e+02
736322 10.500000 10.500000 10.230000 10.500000 5.000000e+02
736326 10.500000 10.500000 10.500000 10.500000 0.000000e+00
736327 9.960000 10.050000 9.950000 10.050000 1.500000e+03
736328 10.050000 10.050000 10.050000 10.050000 0.000000e+00
736329 10.050000 10.050000 10.050000 10.050000 0.000000e+00
736333 10.240000 10.240000 10.240000 10.240000 4.000000e+02
736334 9.960000 9.960000 9.800000 9.900000 7.500000e+03
736335 9.910000 10.010000 9.910000 10.010000 2.000000e+02
736336 9.950000 9.950000 9.950000 9.950000 4.000000e+03
736337 9.500000 9.850000 9.500000 9.850000 4.000000e+03
736340 9.650000 9.650000 9.650000 9.650000 2.000000e+03
736341 9.650000 9.650000 9.650000 9.650000 2.200000e+03
736342 9.710000 9.710000 8.760000 9.050000 1.480000e+04
736343 9.150000 9.340000 8.900000 8.950000 1.160000e+04
736344 9.250000 9.970000 9.020000 9.970000 1.160000e+04
736348 9.950000 9.950000 9.510000 9.510000 8.000000e+02
736349 9.990000 9.990000 9.350000 9.580000 3.400000e+03
736350 9.550000 9.980000 9.550000 9.980000 1.500000e+03
736351 9.970000 9.970000 9.730000 9.730000 4.000000e+02
736354 9.750000 9.750000 9.750000 9.750000 5.000000e+02
736355 9.750000 9.970000 9.750000 9.960000 7.000000e+02
736356 9.900000 10.000000 9.900000 9.990000 4.000000e+03
736357 10.000000 10.000000 9.900000 9.900000 2.400000e+03
736358 9.950000 10.000000 9.850000 9.850000 3.100000e+03
736361 10.010000 10.470000 10.010000 10.470000 3.000000e+02
736362 10.470000 10.470000 10.470000 10.470000 0.000000e+00
736363 10.490000 10.490000 10.490000 10.490000 1.000000e+03
736364 10.490000 10.490000 10.490000 10.490000 0.000000e+00
736365 10.490000 10.490000 10.490000 10.490000 0.000000e+00
736368 11.010000 11.010000 11.010000 11.010000 2.900000e+03
736369 11.010000 11.010000 11.010000 11.010000 0.000000e+00
736370 11.010000 11.010000 11.010000 11.010000 0.000000e+00
736371 11.010000 11.010000 11.010000 11.010000 0.000000e+00
736372 10.250000 10.480000 10.250000 10.460000 3.400000e+03
736376 10.500000 10.560000 10.500000 10.560000 8.000000e+02
736377 10.560000 10.560000 10.560000 10.560000 0.000000e+00
736378 10.560000 10.560000 10.560000 10.560000 0.000000e+00
736379 10.560000 10.560000 10.560000 10.560000 0.000000e+00
736382 10.560000 10.560000 10.560000 10.560000 0.000000e+00
736383 10.560000 10.560000 10.560000 10.560000 0.000000e+00
736384 10.150000 10.150000 10.150000 10.150000 1.000000e+02
736385 10.150000 10.150000 10.150000 10.150000 0.000000e+00
736386 10.150000 10.150000 10.150000 10.150000 0.000000e+00
736389 10.150000 10.150000 10.150000 10.150000 0.000000e+00
736390 10.150000 10.150000 10.150000 10.150000 0.000000e+00
736391 10.150000 10.150000 10.150000 10.150000 0.000000e+00
736392 10.150000 10.150000 10.150000 10.150000 0.000000e+00
736393 9.990000 9.990000 9.990000 9.990000 1.000000e+02
736396 10.500000 11.830000 10.080000 11.660000 5.700000e+03
736397 11.420000 11.420000 10.500000 10.950000 2.600000e+03
736398 10.960000 10.960000 10.540000 10.960000 1.400000e+03
736399 10.950000 11.310000 10.950000 11.310000 1.000000e+03
736400 10.990000 11.550000 10.890000 10.890000 3.000000e+03
736403 11.090000 11.500000 10.760000 11.250000 8.300000e+03
736404 10.950000 11.250000 10.950000 11.250000 2.600000e+03
736405 11.420000 11.500000 10.880000 11.410000 2.700000e+03
736406 11.390000 11.390000 10.890000 11.100000 6.500000e+03
736407 11.150000 11.490000 10.400000 10.500000 1.570000e+04
736410 10.710000 11.390000 10.710000 10.760000 2.700000e+03
736411 10.760000 11.400000 10.700000 11.300000 3.800000e+03
736412 11.100000 11.200000 10.860000 10.930000 1.500000e+03
736413 11.250000 11.250000 10.600000 10.600000 1.900000e+03
736417 10.930000 10.930000 10.930000 10.930000 4.000000e+02
736418 10.930000 10.930000 10.930000 10.930000 0.000000e+00
736419 11.240000 11.500000 11.200000 11.200000 2.400000e+03
736420 11.200000 11.200000 11.200000 11.200000 6.000000e+02
736421 11.200000 11.200000 11.200000 11.200000 0.000000e+00
736424 11.200000 11.200000 11.200000 11.200000 0.000000e+00
736425 11.200000 11.430000 10.910000 11.320000 3.800000e+03
736426 11.320000 11.320000 10.920000 11.260000 5.200000e+03
736427 11.010000 11.010000 11.010000 11.010000 1.000000e+02
736428 11.010000 11.010000 11.010000 11.010000 0.000000e+00
736431 11.010000 11.010000 11.010000 11.010000 7.000000e+02
736432 11.010000 11.010000 11.010000 11.010000 0.000000e+00
736433 11.010000 11.010000 11.010000 11.010000 0.000000e+00
736434 10.380000 11.710000 10.380000 11.180000 2.160000e+04
736435 11.180000 11.180000 11.180000 11.180000 0.000000e+00
736438 11.360000 11.460000 11.010000 11.100000 4.900000e+03
736439 10.250000 10.250000 10.250000 10.250000 4.000000e+02
736440 11.280000 11.280000 11.280000 11.280000 7.000000e+02
736441 11.280000 11.280000 11.280000 11.280000 0.000000e+00
736442 10.600000 10.600000 10.600000 10.600000 2.000000e+02
736445 10.730000 10.980000 10.700000 10.700000 1.800000e+03
736446 10.710000 10.890000 9.640000 10.530000 4.600000e+03
736447 10.530000 10.530000 10.530000 10.530000 0.000000e+00
736448 10.570000 11.830000 10.070000 11.370000 1.160000e+04
736449 11.430000 11.430000 11.010000 11.250000 2.800000e+03
736452 11.090000 11.090000 11.090000 11.090000 2.000000e+02
736453 11.450000 11.960000 11.450000 11.630000 1.700000e+04
736454 11.530000 11.530000 11.530000 11.530000 5.000000e+02
736455 11.600000 11.680000 11.150000 11.150000 1.300000e+03
736456 11.150000 11.590000 10.800000 10.960000 7.900000e+03
736459 11.000000 11.350000 11.000000 11.310000 1.700000e+03
736460 11.260000 11.260000 11.260000 11.260000 9.000000e+02
736461 11.010000 12.000000 11.010000 11.410000 3.140000e+04
736462 11.410000 11.410000 11.410000 11.410000 0.000000e+00
736463 9.740000 11.840000 9.740000 11.650000 4.400000e+03
736466 11.600000 11.920000 11.500000 11.690000 1.450000e+04
736467 11.690000 11.720000 11.680000 11.680000 2.500000e+03
736468 11.680000 11.680000 11.680000 11.680000 0.000000e+00
736469 11.730000 11.870000 11.730000 11.840000 2.000000e+03
736470 10.600000 11.670000 10.550000 11.670000 1.000000e+03
736473 11.640000 11.890000 11.640000 11.840000 2.400000e+03
736474 11.840000 11.840000 11.840000 11.840000 0.000000e+00
736475 11.840000 12.440000 11.780000 12.260000 1.230000e+04
736476 11.950000 11.950000 11.660000 11.950000 3.600000e+03
736477 11.950000 11.950000 11.950000 11.950000 0.000000e+00
736481 11.570000 12.060000 11.570000 12.060000 3.000000e+02
736482 12.070000 12.070000 11.160000 11.160000 1.000000e+03
736483 11.210000 11.330000 10.950000 11.300000 7.200000e+03
736484 11.510000 11.650000 11.470000 11.480000 1.300000e+04
736487 11.400000 11.490000 11.250000 11.490000 4.600000e+03
736488 11.450000 11.480000 11.450000 11.480000 8.000000e+02
736489 11.450000 11.540000 11.450000 11.540000 1.200000e+03
736490 10.710000 11.740000 10.630000 11.660000 5.100000e+03
736491 11.660000 11.870000 11.660000 11.760000 1.980000e+04
736494 11.770000 11.770000 11.390000 11.700000 5.900000e+03
736495 11.800000 11.940000 11.600000 11.810000 7.000000e+03
736496 11.810000 11.810000 11.810000 11.810000 0.000000e+00
736497 11.810000 11.810000 11.810000 11.810000 0.000000e+00
736498 10.830000 10.830000 10.830000 10.830000 9.000000e+02
736501 11.220000 11.280000 11.200000 11.280000 1.800000e+03
736502 11.260000 11.350000 11.260000 11.350000 1.800000e+03
736503 10.860000 10.860000 10.860000 10.860000 2.000000e+02
736504 10.860000 10.860000 10.860000 10.860000 0.000000e+00
736505 11.300000 11.300000 11.300000 11.300000 4.000000e+02
736508 11.280000 11.320000 10.910000 11.120000 3.940000e+04
736509 11.170000 11.320000 10.830000 10.830000 3.300000e+03
736510 11.300000 11.320000 10.930000 10.930000 3.100000e+03
736511 11.060000 11.060000 10.800000 10.800000 1.600000e+03
736512 10.800000 10.800000 10.800000 10.800000 0.000000e+00
736516 11.010000 11.010000 11.010000 11.010000 5.000000e+02
736517 10.970000 11.300000 10.970000 11.300000 2.000000e+04
736518 11.300000 11.300000 11.300000 11.300000 0.000000e+00
736519 10.950000 11.400000 10.950000 11.100000 4.500000e+03
736522 10.850000 11.250000 10.850000 11.240000 4.000000e+02
736523 11.240000 11.240000 11.240000 11.240000 0.000000e+00
736524 11.100000 11.400000 11.100000 11.300000 1.400000e+03
736525 11.300000 11.300000 11.300000 11.300000 0.000000e+00
736526 12.000000 13.600000 12.000000 13.400000 1.167000e+05
736529 13.960000 14.440000 12.010000 13.100000 4.400000e+04
736530 13.210000 13.380000 12.870000 13.380000 1.640000e+04
736531 13.660000 13.660000 13.370000 13.500000 1.310000e+04
736532 13.060000 13.080000 12.980000 13.000000 1.800000e+03
736533 13.000000 13.490000 13.000000 13.490000 1.100000e+03
736536 13.500000 14.300000 13.340000 13.990000 2.860000e+04
736537 14.250000 14.250000 13.600000 13.970000 5.300000e+03
736538 13.970000 13.970000 13.970000 13.970000 0.000000e+00
736539 14.110000 14.300000 14.110000 14.180000 7.800000e+03
736540 14.300000 14.400000 14.250000 14.320000 4.000000e+03
736543 14.400000 14.950000 14.310000 14.330000 7.600000e+03
736544 14.350000 14.350000 14.100000 14.100000 8.000000e+02
736545 14.100000 14.100000 14.100000 14.100000 0.000000e+00
736546 14.100000 14.100000 14.100000 14.100000 0.000000e+00
736547 14.160000 14.580000 14.150000 14.390000 4.400000e+03
736550 14.410000 14.500000 14.250000 14.400000 5.100000e+03
736551 14.400000 14.400000 13.800000 13.990000 1.100000e+04
736552 13.990000 14.150000 13.990000 14.140000 1.200000e+03
736553 13.770000 14.250000 13.770000 13.920000 1.600000e+03
736554 13.170000 13.980000 13.170000 13.700000 1.200000e+03
736557 13.500000 13.500000 12.560000 12.560000 4.900000e+03
736558 12.780000 13.190000 12.770000 12.960000 8.000000e+03
736559 12.960000 12.960000 12.960000 12.960000 0.000000e+00
736560 12.800000 12.860000 12.800000 12.860000 1.000000e+03
736561 12.500000 12.750000 12.500000 12.660000 5.400000e+03
736564 12.880000 12.880000 12.690000 12.810000 3.500000e+03
736565 12.810000 12.810000 12.810000 12.810000 0.000000e+00
736566 12.800000 13.150000 12.800000 13.000000 3.600000e+03
736567 12.760000 12.890000 12.670000 12.830000 1.200000e+03
736568 12.730000 12.850000 12.530000 12.850000 3.200000e+03
736571 12.730000 12.730000 12.100000 12.210000 6.000000e+02
736572 12.300000 12.950000 12.300000 12.750000 4.600000e+03
736573 12.250000 12.950000 12.250000 12.420000 5.500000e+03
736574 12.420000 13.190000 12.420000 12.430000 5.400000e+03
736575 12.530000 12.820000 12.430000 12.680000 5.400000e+03
736579 12.550000 12.670000 12.350000 12.450000 6.000000e+03
736580 13.220000 13.220000 12.700000 13.050000 3.900000e+03
736581 13.050000 13.050000 13.050000 13.050000 0.000000e+00
736582 13.050000 13.050000 13.050000 13.050000 0.000000e+00
736585 12.500000 12.850000 12.490000 12.710000 4.700000e+03
736586 12.890000 12.890000 12.650000 12.840000 9.000000e+02
736587 12.690000 12.690000 12.460000 12.460000 7.000000e+02
736588 12.500000 12.580000 12.430000 12.450000 1.400000e+03
736589 12.840000 12.840000 12.840000 12.840000 6.000000e+02
736592 12.710000 12.750000 12.710000 12.750000 6.000000e+02
736593 12.800000 12.800000 12.650000 12.650000 4.000000e+02
736594 12.650000 12.810000 12.450000 12.450000 7.000000e+02
736595 12.670000 12.670000 12.670000 12.670000 5.000000e+02
736596 12.770000 12.770000 12.770000 12.770000 5.000000e+02
736599 12.540000 12.610000 12.500000 12.610000 1.700000e+03
736600 12.620000 12.680000 12.500000 12.500000 6.000000e+02
736601 12.500000 12.600000 12.120000 12.370000 2.500000e+03
736602 12.560000 12.560000 12.350000 12.350000 6.000000e+02
736603 12.300000 12.350000 12.300000 12.350000 1.200000e+03
736606 12.300000 12.530000 12.150000 12.400000 6.300000e+03
736607 12.500000 12.500000 12.500000 12.500000 3.000000e+02
736608 12.530000 12.620000 12.530000 12.620000 1.800000e+03
736609 12.800000 13.250000 12.800000 13.170000 6.000000e+03
736610 13.150000 13.200000 12.620000 12.950000 2.300000e+03
736613 12.950000 12.950000 12.950000 12.950000 0.000000e+00
736614 13.130000 13.400000 13.000000 13.170000 1.190000e+04
736615 13.170000 13.170000 13.000000 13.060000 1.700000e+03
736616 13.080000 13.080000 12.990000 12.990000 3.200000e+03
736617 13.000000 13.380000 13.000000 13.310000 7.000000e+02
736620 13.310000 13.310000 13.310000 13.310000 0.000000e+00
736621 13.000000 13.000000 12.850000 13.000000 7.000000e+02
736622 13.000000 13.000000 13.000000 13.000000 3.000000e+02
736623 12.800000 12.800000 12.800000 12.800000 5.000000e+02
736624 13.000000 13.010000 13.000000 13.000000 8.000000e+02
736627 12.600000 12.800000 12.450000 12.500000 6.700000e+03
736628 12.500000 12.600000 12.460000 12.550000 1.180000e+04
736629 12.550000 12.550000 12.370000 12.380000 1.080000e+04
736630 12.380000 12.380000 12.380000 12.380000 0.000000e+00
736631 12.380000 12.380000 12.380000 12.380000 0.000000e+00
736634 12.500000 12.500000 12.500000 12.500000 5.000000e+02
736635 12.400000 12.550000 12.250000 12.550000 1.320000e+04
736636 12.610000 13.000000 12.200000 12.650000 9.000000e+02
736637 11.500000 11.700000 11.200000 11.250000 1.700000e+04
736638 11.170000 11.200000 10.850000 10.900000 7.500000e+03
736641 10.890000 11.050000 10.600000 10.650000 5.100000e+03
736642 11.010000 11.150000 10.750000 10.850000 8.000000e+02
736643 11.070000 11.190000 10.700000 10.750000 2.400000e+03
736644 11.000000 11.000000 10.850000 10.850000 7.600000e+03
736645 10.650000 11.050000 10.650000 11.050000 1.050000e+04
736648 11.000000 11.050000 10.650000 10.960000 2.150000e+04
736649 11.150000 11.700000 10.900000 11.300000 5.700000e+03
736650 11.050000 11.250000 10.670000 11.050000 1.020000e+04
736651 11.300000 11.300000 11.250000 11.250000 3.000000e+02
736652 11.500000 11.750000 11.350000 11.750000 7.800000e+03
736655 11.750000 11.750000 11.750000 11.750000 0.000000e+00
736656 11.800000 12.250000 11.800000 12.250000 5.000000e+02
736657 12.400000 12.850000 12.400000 12.680000 1.800000e+03
736659 12.950000 12.950000 11.800000 12.000000 2.800000e+03
736662 11.600000 12.050000 11.350000 11.550000 4.200000e+03
736663 11.350000 11.350000 11.150000 11.150000 2.600000e+03
736664 11.950000 11.950000 11.800000 11.800000 4.000000e+02
736665 11.020000 11.020000 11.020000 11.020000 1.000000e+02
736666 11.250000 11.250000 11.250000 11.250000 1.300000e+03
736669 11.250000 11.300000 11.060000 11.300000 3.700000e+03
736670 11.250000 11.350000 11.250000 11.350000 1.300000e+03
736671 11.270000 11.270000 11.270000 11.270000 6.000000e+02
736672 11.800000 12.000000 11.260000 11.500000 1.300000e+03
736673 11.250000 11.700000 11.250000 11.700000 6.000000e+02
736676 11.250000 11.870000 11.250000 11.610000 1.800000e+03
736677 11.900000 11.900000 11.650000 11.650000 4.000000e+02
736678 11.650000 11.650000 11.650000 11.650000 0.000000e+00
736679 11.600000 11.870000 11.600000 11.700000 9.000000e+02
736680 11.800000 12.850000 11.800000 12.850000 1.100000e+03
736683 12.590000 12.590000 12.590000 12.590000 1.000000e+03
736684 11.700000 12.320000 11.700000 12.320000 1.900000e+03
736685 12.100000 12.100000 12.100000 12.100000 1.000000e+02
736686 12.000000 12.000000 12.000000 12.000000 1.300000e+03
736687 11.450000 11.450000 11.450000 11.450000 4.000000e+02
736691 11.450000 11.450000 11.450000 11.450000 0.000000e+00
736692 11.650000 12.380000 11.650000 12.380000 1.100000e+03
736693 12.200000 13.100000 12.200000 13.050000 1.530000e+04
736694 13.000000 13.000000 12.900000 12.900000 3.000000e+03
736698 12.900000 12.900000 12.900000 12.900000 0.000000e+00
736699 13.000000 13.000000 12.750000 12.750000 9.400000e+03
736700 13.050000 13.050000 12.550000 12.980000 1.600000e+03
736701 13.000000 13.000000 12.780000 12.800000 1.600000e+03
736704 12.700000 12.700000 12.700000 12.700000 6.000000e+02
736705 12.700000 12.700000 12.700000 12.700000 0.000000e+00
736706 12.700000 12.700000 12.700000 12.700000 0.000000e+00
736707 12.890000 12.930000 12.660000 12.660000 5.800000e+03
736708 12.650000 12.650000 11.910000 11.910000 8.000000e+02
736712 12.550000 12.550000 12.550000 12.550000 1.000000e+03
736713 12.600000 12.700000 12.600000 12.700000 4.000000e+02
736714 12.640000 12.640000 12.640000 12.640000 4.000000e+02
736715 12.640000 12.640000 12.640000 12.640000 0.000000e+00
736718 13.000000 13.000000 12.600000 12.620000 1.100000e+03
736719 12.620000 12.620000 12.620000 12.620000 0.000000e+00
736720 12.760000 12.800000 12.670000 12.670000 9.000000e+02
736721 12.300000 12.900000 12.300000 12.560000 4.900000e+03
736722 12.650000 12.650000 12.300000 12.610000 4.400000e+03
736725 12.500000 12.650000 12.460000 12.650000 1.400000e+03
736726 12.510000 12.510000 12.400000 12.500000 7.500000e+03
736727 12.500000 12.500000 12.500000 12.500000 0.000000e+00
736728 12.550000 12.650000 12.550000 12.650000 1.000000e+03
736729 12.700000 12.850000 12.700000 12.850000 1.070000e+04
736732 12.850000 12.850000 12.850000 12.850000 0.000000e+00
736733 12.850000 12.850000 12.850000 12.850000 0.000000e+00
736734 12.850000 12.850000 12.850000 12.850000 0.000000e+00
736735 12.300000 12.450000 11.300000 12.450000 1.080000e+04
736736 12.150000 12.250000 12.150000 12.200000 1.900000e+03
736739 12.450000 12.500000 12.450000 12.500000 3.600000e+03
736740 12.500000 12.600000 12.500000 12.590000 3.100000e+03
736741 12.590000 12.590000 12.590000 12.590000 0.000000e+00
736742 12.590000 12.590000 12.590000 12.590000 0.000000e+00
736743 12.590000 12.590000 12.590000 12.590000 0.000000e+00
736747 12.590000 12.590000 12.590000 12.590000 0.000000e+00
736748 12.590000 12.590000 12.590000 12.590000 0.000000e+00
736749 12.050000 12.050000 12.050000 12.050000 5.000000e+02
736750 12.050000 12.050000 12.050000 12.050000 0.000000e+00
736753 12.050000 12.050000 12.050000 12.050000 0.000000e+00
736754 12.050000 12.050000 12.050000 12.050000 0.000000e+00
736755 12.050000 12.050000 12.050000 12.050000 0.000000e+00
736756 12.650000 12.850000 12.200000 12.250000 2.700000e+03
736757 12.050000 12.150000 12.050000 12.150000 4.000000e+02
736760 12.600000 12.600000 12.600000 12.600000 4.000000e+02
736761 12.600000 12.600000 12.600000 12.600000 0.000000e+00
736762 12.600000 12.600000 12.600000 12.600000 0.000000e+00
736763 12.100000 12.550000 12.000000 12.050000 6.800000e+03
736764 12.050000 12.050000 12.050000 12.050000 0.000000e+00
