736034 19.221456 19.782197 18.982452 19.515615 1.332816e+06
736035 19.561579 20.159089 19.442076 19.846545 1.717981e+06
736036 19.763813 20.039586 19.331767 19.653502 7.130600e+05
736039 19.736235 20.122319 19.589155 19.855738 7.790619e+05
736040 19.837352 20.609519 19.699465 20.600327 1.310387e+06
736041 20.526788 21.087530 20.526788 20.876101 2.409714e+06
736042 20.839332 21.832119 20.701445 21.758579 2.015449e+06
736043 21.859697 22.107892 21.179454 21.344917 1.844561e+06
736046 21.491996 21.841311 21.354110 21.593114 1.020640e+06
736047 21.547153 21.804540 21.519574 21.648268 5.848250e+05
736048 21.620691 21.924042 21.078335 21.096721 7.063494e+05
736049 21.078336 21.639077 20.830139 21.491996 7.929425e+05
736050 21.602307 22.659441 21.436842 22.365282 1.702354e+06
736053 22.402052 22.512361 21.933236 22.025159 1.270767e+06
736054 21.868889 22.319320 21.740193 21.868889 8.729170e+05
736055 21.832119 22.144663 21.491996 22.015969 9.080323e+05
736056 22.025159 22.383667 21.878080 22.254971 6.378656e+05
736060 22.245780 22.512361 22.144662 22.402052 5.999006e+05
736061 22.374475 22.503170 22.098702 22.117085 4.093407e+05
736062 22.098702 22.310128 21.951620 22.181432 4.825128e+05
736063 22.181432 22.291742 21.896466 22.172241 3.173241e+05
736064 22.273357 22.291742 21.942429 22.006776 3.317563e+05
736067 22.043546 22.245781 21.933237 22.144663 4.473056e+05
736068 22.135470 22.264163 21.942429 22.163048 4.985077e+05
736069 22.337704 22.604286 22.209010 22.227395 6.614902e+05
736070 22.264164 22.310127 21.813734 21.878080 7.612285e+05
736071 21.721808 21.924043 21.501188 21.767771 5.239708e+05
736074 21.740194 22.006776 21.446035 21.841311 6.628691e+05
736075 21.878079 22.098701 21.694231 21.988390 8.918535e+05
736076 21.997583 22.328513 21.740194 22.227395 3.926104e+05
736077 22.153855 22.613478 22.135470 22.429629 4.109954e+05
736078 22.457206 22.622672 22.282550 22.448014 1.064396e+06
736081 22.448015 22.668634 21.786158 21.850504 5.177200e+05
736082 21.896465 22.190623 21.400073 22.126277 5.720475e+05
736083 22.052738 22.061930 21.547153 21.721808 3.729385e+05
736084 21.574728 21.657460 21.078335 21.096721 4.977723e+05
736085 21.556346 22.567516 21.464420 22.227395 1.200996e+06
736088 22.337703 22.585901 22.245780 22.392860 4.929003e+05
736089 22.291742 22.383667 21.464420 21.510382 5.659804e+05
736090 21.639078 21.639078 21.096722 21.308148 7.556211e+05
736091 21.694232 22.117084 20.664675 21.252994 2.794419e+06
736092 21.455227 21.464419 20.756599 21.050758 1.368391e+06
736095 21.013990 21.804541 21.013990 21.620692 7.267568e+05
736096 21.556345 21.639077 21.179454 21.207030 4.839836e+05
736097 21.197837 21.354110 20.719830 20.793370 7.761203e+05
736098 20.903679 20.958833 20.554366 20.646289 5.986137e+05
736099 20.618712 20.977219 20.398094 20.922064 5.299460e+05
736102 20.959028 21.328676 20.811169 21.254746 5.589074e+05
736103 21.208541 21.310193 20.829652 21.097646 9.464831e+05
736104 21.180817 21.504259 20.977512 21.421088 8.630351e+05
736105 21.467294 21.735289 21.208542 21.263988 4.320258e+05
736106 21.282471 21.624394 21.005234 21.180817 5.303521e+05
736110 21.143852 21.254747 20.866617 20.922063 4.381250e+05
736111 20.986751 21.236264 20.811169 20.940546 4.887668e+05
736112 20.875858 21.143852 20.764963 21.069922 8.273641e+05
736113 21.069922 21.328676 20.672552 21.171576 1.294322e+06
736116 21.227022 21.291712 20.801928 20.848133 4.167779e+05
736117 20.792687 20.894341 20.654069 20.681792 3.083787e+05
736118 20.727998 20.931305 20.496969 20.561657 4.343361e+05
736119 20.395316 20.441522 19.859326 19.896292 8.272717e+05
736120 19.960979 20.053392 19.739192 19.850085 9.160796e+05
736123 19.868567 20.071873 19.766913 19.813121 4.536502e+05
736124 19.831602 20.007186 19.683743 19.924014 4.010678e+05
736125 20.034908 20.349109 20.034908 20.293661 6.200841e+05
736126 20.349109 20.515452 20.275181 20.339868 2.552418e+05
736127 20.238215 20.376831 19.850084 19.979462 3.653044e+05
736130 19.803879 20.007186 19.637538 19.924014 3.613307e+05
736131 19.933256 20.136563 19.785397 20.034909 3.160488e+05
736132 20.081115 20.155044 19.859327 19.914773 2.469247e+05
736133 19.988702 20.635587 19.951738 20.607862 7.323646e+05
736134 20.644828 20.838892 20.626346 20.746482 9.988807e+05
736137 20.848133 20.848133 20.533932 20.718757 4.754594e+05
736138 20.755721 20.801928 20.053392 20.219732 9.635793e+05
736139 20.155043 20.164285 19.545125 19.582091 7.272820e+05
736140 19.665263 20.081115 19.443474 19.729950 8.050929e+05
736141 19.766913 19.785397 19.332578 19.563608 8.524077e+05
736144 19.406508 19.619056 18.972173 18.999895 6.266454e+05
736145 19.203203 19.415749 18.713418 18.750384 7.516787e+05
736146 18.953690 19.073824 18.399218 18.491630 9.269842e+05
736147 18.547076 18.694935 18.168187 18.353012 6.066844e+05
736151 18.214393 18.491630 18.140463 18.408459 6.491939e+05
736152 18.473147 18.667213 17.817023 18.584042 8.873394e+05
736153 18.380734 18.565559 18.011087 18.205153 1.079279e+06
736154 18.436184 18.667214 17.927917 18.574801 1.415104e+06
736155 18.787348 19.073825 18.639489 18.999895 6.902248e+05
736158 19.175478 19.351062 19.064583 19.295613 4.784166e+05
736159 19.240166 19.572849 19.184719 19.461954 5.267481e+05
736160 19.443474 19.489679 19.129273 19.175478 5.869082e+05
736161 19.175478 19.332579 19.064583 19.258649 5.073416e+05
736162 19.286372 19.489678 19.018377 19.120031 4.772153e+05
736165 19.120032 19.351062 19.110790 19.193961 5.975356e+05
736166 19.156995 19.314095 18.879759 19.009136 4.427456e+05
736167 18.916723 19.166237 18.879760 19.092307 2.865694e+05
736168 19.092307 19.314096 18.999894 19.073824 4.746277e+05
736169 19.036860 19.129273 18.694936 18.796589 8.011191e+05
736172 18.685693 18.731900 18.232876 18.482388 8.737549e+05
736173 18.556317 18.722659 18.158946 18.694935 6.677687e+05
736174 18.704176 18.796588 18.482388 18.741142 4.604887e+05
736175 18.639488 18.833553 18.519354 18.759623 5.434746e+05
736176 18.815073 19.166237 18.759624 19.064583 7.468733e+05
736179 19.101548 19.240166 18.981413 19.240166 7.592565e+05
736180 19.277132 19.711467 19.277132 19.572849 9.050825e+05
736181 19.628297 19.960980 19.332578 19.452713 9.548002e+05
736182 20.700274 21.587430 20.413797 20.700274 2.442910e+06
736183 20.617103 21.263987 20.607861 21.162334 1.570448e+06
736186 21.217781 21.495017 21.134612 21.190058 1.067912e+06
736187 21.106887 21.245505 20.570898 20.829652 1.787524e+06
736188 20.737241 20.857375 20.238215 20.709516 9.674606e+05
736189 20.727998 20.829653 20.496969 20.561657 7.072286e+05
736190 20.543174 20.755721 20.423039 20.718757 5.833042e+05
736193 20.588683 20.848830 20.402864 20.700175 5.990786e+05
736194 20.644428 20.709467 20.486483 20.551521 4.866585e+05
736195 20.402865 20.402865 19.789664 19.984774 8.528138e+05
736196 19.808246 19.873282 19.464483 19.492355 8.136061e+05
736197 19.167172 19.984774 18.981355 19.557391 1.008530e+06
736200 18.609718 19.538810 18.182335 18.739790 9.026131e+05
736201 19.176462 19.176462 18.275243 18.293826 5.542964e+05
736202 18.684046 18.684046 18.005806 18.516808 8.129557e+05
736203 18.665463 19.241499 18.609718 19.204336 6.536164e+05
736204 19.130009 19.269373 18.981354 19.167172 4.867514e+05
736207 19.083555 19.185755 18.609718 18.656172 7.396503e+05
736208 18.358863 18.488936 17.912899 17.977935 7.219976e+05
736209 18.070846 18.405317 17.847862 18.405317 6.701543e+05
736210 18.470353 18.730499 18.293827 18.414608 5.733428e+05
736211 18.135880 18.377445 18.033680 18.284535 4.782038e+05
736215 18.563263 18.646881 18.293827 18.526100 8.421292e+05
736216 18.665463 18.684046 18.293827 18.433190 5.692548e+05
736217 18.423899 18.535391 18.145173 18.247371 4.063850e+05
736218 18.173043 18.238080 17.968644 18.210208 3.757249e+05
736221 18.275244 18.396025 18.098717 18.173043 3.695000e+05
736222 18.219499 18.349571 18.015097 18.228790 2.886689e+05
736223 18.256663 18.377445 17.977935 18.089425 4.120524e+05
736224 18.052262 18.163752 17.866443 18.042971 7.560953e+05
736225 17.792116 18.219499 17.717789 17.792116 5.202916e+05
736228 17.959353 18.210208 17.801407 17.847861 4.192993e+05
736229 17.652752 17.847860 17.318277 17.597007 4.913039e+05
736230 17.615589 17.819990 17.411189 17.439062 3.491529e+05
736231 17.346152 17.439061 16.835152 17.113879 4.611085e+05
736232 17.262533 17.355442 16.519260 16.667915 4.935338e+05
736235 16.575005 16.658624 14.707530 15.181367 1.986213e+06
736236 15.227821 15.255694 14.661075 14.698239 9.474883e+05
736237 14.837603 15.116331 14.503130 14.633203 1.130427e+06
736238 14.503130 14.633203 12.905091 12.932964 2.644289e+06
736239 12.486999 12.635654 11.855217 12.394090 3.959698e+06
736242 12.552036 13.360346 12.552036 13.267437 2.072061e+06
736243 13.248855 13.425383 12.682109 12.905091 1.419839e+06
736244 12.979418 13.090909 12.264017 12.412672 1.297849e+06
736245 12.310472 12.440545 11.780889 12.180399 1.854468e+06
736246 12.226853 13.053745 12.143235 12.951545 2.039172e+06
736249 12.923673 13.406801 12.923673 13.369637 1.217482e+06
736250 13.332474 13.927093 13.239564 13.657656 1.765647e+06
736251 13.685529 13.722692 13.211692 13.295310 9.922705e+05
736252 13.081618 13.388219 12.867927 13.230273 1.770571e+06
736253 13.295310 13.481129 13.016582 13.063037 1.045600e+06
736256 13.035164 13.267437 12.905091 13.016582 6.481347e+05
736257 13.053746 13.341764 12.960836 13.137364 5.041254e+05
736258 13.202401 13.239564 12.421963 12.552036 6.483206e+05
736259 12.533453 12.542744 11.316343 11.753016 1.496210e+06
736260 11.910962 12.245435 11.818052 12.217562 1.018378e+06
736263 12.180399 12.245436 11.855217 11.966708 5.774308e+05
736264 11.929544 12.096780 11.660107 11.910962 6.783302e+05
736265 11.994581 12.468418 11.734435 12.366218 7.235771e+05
736266 12.282599 12.384800 12.068908 12.329054 1.215810e+06
736267 12.301181 12.812182 12.143236 12.449836 1.548611e+06
736270 12.468418 12.867927 12.031744 12.793600 9.207304e+05
736271 12.737854 13.694819 12.700691 13.509001 1.517858e+06
736272 13.564746 13.722691 13.165236 13.536873 1.543408e+06
736273 11.818053 11.985290 10.359378 10.981870 7.350049e+06
736274 10.907543 12.198981 10.796052 12.124654 3.799709e+06
736277 12.096781 12.533455 11.585781 11.901672 1.571745e+06
736278 11.845927 11.920254 11.409253 11.437126 1.109894e+06
736279 11.437126 11.474289 11.000452 11.037616 1.038446e+06
736280 11.195561 11.307052 10.591651 10.628815 1.101439e+06
736281 10.517324 11.195562 10.331506 11.046907 8.923931e+05
736284 11.028135 11.150149 10.596396 10.934279 8.149557e+05
736285 10.971821 11.290933 10.831036 11.056292 7.279508e+05
736286 11.075063 11.290933 11.075063 11.206462 8.819692e+05
736287 11.215848 11.300319 10.887351 10.962436 1.051005e+06
736288 11.028136 11.891616 11.028136 11.750831 1.264153e+06
736291 11.713288 12.285812 11.553732 12.079328 1.118488e+06
736292 11.985472 12.201342 11.882230 12.013629 6.800840e+05
736293 12.004243 12.539225 12.004243 12.248270 6.422599e+05
736295 12.267041 12.454754 12.145027 12.210727 3.766460e+05
736298 12.257655 12.633081 12.238884 12.529839 8.922935e+05
736299 12.557996 12.783252 12.492297 12.670624 8.310991e+05
736300 12.670624 12.802023 12.511068 12.557996 8.061332e+05
736301 12.595539 12.811409 12.163799 12.407826 7.553569e+05
736302 12.313970 12.417212 12.116871 12.257656 8.378568e+05
736305 12.229498 12.267041 11.929158 12.079328 9.407234e+05
736306 11.947929 12.126256 11.675745 12.079328 5.919528e+05
736307 12.013628 12.454754 11.816530 12.069942 6.836505e+05
736308 12.079328 12.389055 12.023014 12.163799 7.694354e+05
736309 12.004243 12.116870 11.675745 11.778987 6.451694e+05
736312 11.807144 11.976085 11.553731 11.722673 1.334170e+06
736313 11.788373 12.098100 11.703903 12.013629 9.409112e+05
736314 12.069942 12.267041 11.778987 12.069942 1.001355e+06
736315 12.088714 12.163799 11.872844 11.976086 9.960988e+05
736316 11.741445 11.901001 10.990593 11.018750 2.985856e+06
736319 11.065678 11.262777 10.690252 11.046907 2.533749e+06
736320 11.065679 11.206463 10.943665 10.999979 1.225672e+06
736321 11.084449 11.168920 10.934279 11.168920 1.409818e+06
736322 11.159535 11.600660 11.159535 11.412947 3.205199e+05
736326 11.347247 11.384789 10.859193 10.971821 6.569014e+05
736327 11.056292 11.375404 10.971821 11.206462 7.393074e+05
736328 11.215849 11.356633 10.999979 11.150149 5.458692e+05
736329 11.103221 11.300319 11.065678 11.178306 5.096407e+05
736333 10.971822 11.197077 10.633939 11.103221 9.960049e+05
736334 11.112606 11.319091 11.084450 11.178306 7.802289e+05
736335 11.093834 11.215848 10.671480 10.699637 1.166167e+06
736336 10.502539 10.643323 9.789230 9.883086 1.441635e+06
736337 9.930016 10.014486 9.498276 9.517047 8.220889e+05
736340 9.714145 9.714145 9.310562 9.470118 8.468669e+05
736341 9.563975 9.826773 8.662953 8.944522 1.337830e+06
736342 8.944522 9.094692 7.930872 8.428311 3.458048e+06
736343 8.550324 9.864315 8.475239 9.620288 3.422288e+06
736344 9.310562 9.357490 8.822508 9.338719 1.773887e+06
736348 9.460732 9.460732 8.822508 8.953907 1.156030e+06
736349 8.822508 9.441961 8.024728 9.413804 1.457873e+06
736350 9.413805 9.854930 9.028993 9.169778 1.073624e+06
736351 9.376262 9.395033 8.700495 9.104078 9.779845e+05
736354 9.028992 9.113463 8.343840 8.390768 1.071372e+06
736355 8.540939 9.010221 8.362612 8.963293 8.205871e+05
736356 8.916364 9.432575 8.850665 9.132234 1.078598e+06
736357 9.385647 9.395032 8.503396 8.550324 5.629511e+05
736358 8.606638 9.094692 8.503396 9.066535 8.339147e+05
736361 9.038378 9.441961 8.963293 9.329333 8.662952e+05
736362 9.254248 9.254248 8.822508 8.906979 5.181816e+05
736363 8.944522 9.057150 8.381383 8.766195 5.392993e+05
736364 8.775580 9.216706 8.644181 9.151006 5.835057e+05
736365 9.132234 9.151005 8.616024 9.028992 8.306297e+05
736368 8.822508 8.822508 8.118585 8.531553 1.325910e+06
736369 8.362612 8.616025 8.165514 8.418926 1.021065e+06
736370 8.587867 9.244862 8.447082 8.803737 7.754422e+05
736371 8.625410 8.681724 8.071657 8.146742 1.028855e+06
736372 8.109199 8.296912 7.893330 8.015343 1.382130e+06
736376 8.071657 8.118585 7.470975 7.743159 1.884356e+06
736377 7.799473 8.390768 7.724387 8.240598 1.788623e+06
736378 8.306298 8.465854 7.808858 8.428311 1.212626e+06
736379 8.390769 8.456468 8.052885 8.409540 6.582154e+05
736382 8.456468 8.644181 8.306298 8.456468 1.365424e+06
736383 8.447082 8.540939 8.071657 8.512782 8.868498e+05
736384 8.362612 8.625410 8.165513 8.540939 8.463038e+05
736385 8.597252 8.709880 8.315683 8.475239 1.878819e+06
736386 10.652709 11.159534 9.122848 10.277283 3.062067e+06
736389 10.155270 10.230355 9.310562 9.864315 3.362783e+06
736390 9.911243 9.976943 9.366876 9.948786 1.412634e+06
736391 9.948787 10.464997 9.873702 10.342984 1.436098e+06
736392 10.324212 11.103221 10.183427 10.934279 1.411789e+06
736393 11.028136 11.150149 10.399297 10.802880 9.973189e+05
736396 10.727795 11.441104 10.624553 11.262777 1.177711e+06
736397 11.196414 11.357581 10.807715 10.845637 1.285454e+06
736398 10.874079 10.978364 10.551743 10.902520 9.668165e+05
736399 10.959403 11.177454 10.456939 10.599146 7.764491e+05
736400 10.656028 11.329140 10.637067 11.243816 1.294840e+06
736403 11.224855 11.348101 10.959403 11.073168 1.459136e+06
736404 11.025765 11.025765 10.248368 10.532782 9.340141e+05
736405 10.475900 10.902520 10.475900 10.836157 7.217468e+05
736406 10.817195 10.826676 10.324212 10.646547 7.688646e+05
736407 10.741351 11.461866 10.741351 11.404983 1.835321e+06
736410 11.386023 11.670436 11.139531 11.310179 1.005497e+06
736411 11.234336 11.641995 11.177453 11.575632 1.309061e+06
736412 11.499788 11.660956 11.035246 11.073168 1.264313e+06
736413 11.063687 11.452386 10.855117 11.063687 1.255686e+06
736417 11.101610 11.281738 10.883559 11.149012 8.127592e+05
736418 11.120571 11.670437 10.968884 11.670437 7.656413e+05
736419 11.736799 11.926408 11.433424 11.528229 8.626263e+05
736420 11.556672 11.992773 11.452387 11.708359 7.937983e+05
736421 11.547190 12.106537 11.291218 11.916928 8.518186e+05
736424 11.897968 12.172901 11.784202 12.011733 6.700784e+05
736425 11.926408 11.973811 11.689397 11.727319 6.798432e+05
736426 11.746280 12.059135 11.623034 12.021213 4.838823e+05
736427 11.916927 12.191860 11.793682 11.992771 5.822893e+05
736428 12.097057 12.315107 11.784202 11.935889 5.005679e+05
736431 12.040175 12.116018 11.641996 11.860046 5.649402e+05
736432 11.879007 12.552119 11.869526 12.409912 1.391636e+06
736433 12.561599 12.713286 12.438353 12.627962 1.150832e+06
736434 12.637442 12.912375 12.533157 12.864973 4.778148e+05
736435 12.808091 12.902895 12.400431 12.646923 7.463012e+05
736438 12.580560 12.713286 12.390951 12.599521 6.477993e+05
736439 12.751208 12.931336 12.495235 12.590040 4.982925e+05
736440 12.599521 13.139906 12.495236 12.940817 6.480837e+05
736441 13.026141 13.253671 12.722766 12.760688 6.269423e+05
736442 12.940817 13.917303 12.779649 13.727694 1.077927e+06
736445 13.699254 13.803538 13.196790 13.604449 1.039437e+06
736446 13.756135 13.974186 13.528605 13.936264 6.057061e+05
736447 14.002627 14.068990 13.727694 14.021588 5.644661e+05
736448 13.983666 14.457689 13.983666 14.125873 9.826488e+05
736449 14.068991 14.249119 13.585488 13.993147 8.125695e+05
736452 14.021588 14.050029 13.623409 13.850940 8.138020e+05
736453 13.632890 14.002627 13.357957 13.803538 7.962632e+05
736454 13.727695 14.040549 13.632890 13.737175 1.017916e+06
736455 14.543013 14.846387 12.703805 12.741727 1.743739e+06
736456 12.789130 12.808091 12.229783 12.438353 1.409838e+06
736459 12.438354 12.542639 12.305627 12.343549 1.025880e+06
736460 12.381470 12.504716 12.144459 12.419392 9.907072e+05
736461 12.428872 12.883934 12.362509 12.523677 7.143521e+05
736462 12.580560 12.580560 11.395504 11.509269 1.458568e+06
736463 11.509269 11.774721 11.319660 11.452386 1.136422e+06
736466 11.548141 11.806682 11.461961 11.624746 9.842732e+05
736467 11.634322 11.912014 11.260875 11.385357 1.044982e+06
736468 11.347053 11.596018 11.088513 11.155542 7.471819e+05
736469 11.040637 11.394933 10.877852 11.031061 7.563746e+05
736470 11.069363 11.174694 10.964031 11.107665 8.106680e+05
736473 11.088514 11.174694 10.954456 11.011909 5.041539e+05
736474 11.126816 11.423659 10.858700 11.394932 6.511390e+05
736475 11.414083 11.701351 11.414083 11.624746 6.429997e+05
736476 11.653472 11.672623 11.222572 11.280025 4.365504e+05
736477 11.241722 11.624745 11.222571 11.318327 4.704479e+05
736481 11.442810 11.481112 11.270449 11.366205 7.797389e+05
736482 11.347054 11.672623 11.251298 11.634321 6.170499e+05
736483 11.596019 11.931164 11.538566 11.912013 8.836339e+05
736484 11.921589 11.959891 11.557717 11.624746 5.689806e+05
736487 11.672624 12.017345 11.567293 11.969467 7.121354e+05
736488 11.950316 12.295036 11.921589 12.141827 5.268480e+05
736489 12.208857 12.295037 11.643898 11.864136 1.589928e+06
736490 11.835408 11.998193 11.519414 11.615170 6.575546e+05
736491 11.490689 11.548142 10.964032 11.031061 6.161882e+05
736494 10.954455 11.031060 10.581008 10.600159 5.613201e+05
736495 10.590584 10.715067 10.418224 10.705491 1.106841e+06
736496 10.801246 11.165118 10.734217 10.810822 1.000839e+06
736497 10.676764 10.820397 10.370346 10.695915 5.511700e+05
736498 10.715066 11.145967 10.542706 10.676764 1.401481e+06
736501 10.887427 11.203421 10.801247 10.906578 8.088487e+05
736502 10.734217 10.887427 10.446950 10.609735 9.562167e+05
736503 10.686340 11.174694 10.686340 10.868276 8.041567e+05
736504 11.126816 11.222571 10.983182 11.098089 6.397440e+05
736505 10.619311 10.877851 10.485253 10.810822 1.085200e+06
736508 10.676764 10.676764 9.987323 10.044776 7.352125e+05
736509 10.284165 10.609734 10.207560 10.437374 6.472129e+05
736510 10.695915 11.011909 10.494828 10.944880 7.640350e+05
736511 10.973607 11.040636 10.571433 10.810822 1.299118e+06
736512 10.772520 11.289601 10.772520 11.212996 6.777591e+05
736516 11.136392 11.270450 10.561858 10.686340 5.946431e+05
736517 10.600160 11.040636 10.533131 11.021485 7.106991e+05
736518 11.107665 11.394933 11.107665 11.251299 5.913874e+05
736519 11.385357 11.730078 11.385357 11.701351 6.642575e+05
736522 11.816257 11.816257 11.576868 11.596019 7.648010e+05
736523 11.749228 11.902437 11.586443 11.634321 1.211597e+06
736524 11.710926 11.777955 11.576868 11.624746 5.635225e+05
736525 11.624745 11.777954 11.576867 11.720501 4.272621e+05
736526 11.777955 11.825833 11.538566 11.653473 5.685018e+05
736529 11.643897 11.777955 11.576868 11.758804 4.381782e+05
736530 11.739653 11.854559 11.586443 11.730077 4.531161e+05
736531 11.854560 11.892862 11.615171 11.806682 6.619594e+05
736532 11.816257 12.017344 11.739653 11.797106 5.655333e+05
736533 11.816257 11.998193 11.519415 11.892862 7.392343e+05
736536 11.892862 11.959891 11.615170 11.624746 3.815866e+05
736537 11.691775 11.825833 11.500263 11.777955 4.908439e+05
736538 11.730077 11.777955 11.538565 11.634321 6.377332e+05
736539 11.634322 11.663049 11.433235 11.452386 7.784941e+05
736540 11.452386 11.883287 11.270450 11.739653 1.282552e+06
736543 11.701351 11.739653 11.107665 11.174694 1.009457e+06
736544 11.232148 11.299177 10.609736 10.667189 8.780801e+05
736545 10.581008 10.887427 10.293741 10.877851 9.261494e+05
736546 10.839549 10.925729 10.628886 10.695915 5.824821e+05
736547 11.404508 11.663049 10.983183 11.500264 1.487374e+06
736550 11.557717 11.797106 11.078938 11.414083 1.055037e+06
736551 11.385356 11.452385 11.117240 11.165118 6.652150e+05
736552 11.203420 11.260874 10.705491 10.810822 6.062295e+05
736553 10.858700 10.954456 10.466102 10.571433 7.462244e+05
736554 10.571433 10.676764 10.475677 10.552282 7.390428e+05
736557 10.609735 10.753369 10.485253 10.590584 7.105075e+05
736558 10.677710 10.716433 10.396973 10.464737 6.272066e+05
736559 10.445375 10.474417 9.874220 10.135596 1.090133e+06
736560 10.106555 10.290486 10.058152 10.174319 5.913883e+05
736561 10.106554 10.154957 9.806455 10.000067 6.570228e+05
736564 10.000068 10.232402 9.893581 10.087193 5.105552e+05
736565 10.222721 10.551862 10.087193 10.522820 6.927442e+05
736566 10.503458 10.697070 9.932303 10.067831 9.569280e+05
736567 10.038790 10.271124 9.980706 10.077512 4.383379e+05
736568 10.116235 10.242083 9.883900 10.038790 5.568285e+05
736571 10.067831 10.406652 10.048470 10.309846 4.214936e+05
736572 10.338889 10.697071 10.300166 10.648668 7.644776e+05
736573 10.638987 10.726112 10.261443 10.687390 7.661232e+05
736574 10.629307 10.677710 10.058151 10.135596 6.604110e+05
736575 10.232402 10.484097 10.116234 10.396972 6.295299e+05
736579 10.416333 10.416333 10.116235 10.203360 4.750274e+05
736580 10.222721 10.503459 10.145276 10.319527 7.571203e+05
736581 10.280805 10.513140 10.280805 10.377611 8.648655e+05
736582 10.261443 10.406652 10.183998 10.193679 7.803537e+05
736585 10.106554 10.396972 9.777413 10.348569 1.361093e+06
736586 10.290486 10.290486 9.903261 10.087193 6.491815e+05
736587 10.116235 10.116235 9.690288 9.709649 1.073967e+06
736588 9.709649 9.796774 9.419231 9.486995 9.594450e+05
736589 9.467634 9.680607 9.361147 9.593482 1.196910e+06
736592 9.661247 9.971026 9.593482 9.699969 8.318546e+05
736593 9.777413 9.806455 9.428911 9.428911 6.920666e+05
736594 9.545079 9.670927 9.380509 9.641885 6.005849e+05
736595 9.748372 10.048470 9.699969 9.961345 8.964242e+05
736596 9.922622 10.106554 9.903261 10.029109 5.551828e+05
736599 10.019429 10.019429 9.729011 9.893581 6.198493e+05
736600 9.874220 10.145277 9.845178 10.135596 6.191717e+05
736601 10.087193 10.280806 9.748372 10.048471 1.338054e+06
736602 10.058152 10.116235 9.632205 9.651566 9.123973e+05
736603 9.767733 9.912942 9.390189 9.893581 1.059543e+06
736606 9.903261 10.232401 9.777413 10.145276 8.377597e+05
736607 10.164638 10.251764 10.106555 10.222722 7.788049e+05
736608 10.251763 10.348569 10.135595 10.145276 5.215911e+05
736609 10.077512 10.164638 9.729010 9.835497 7.179138e+05
736610 9.835497 9.835497 9.535398 9.661246 5.541180e+05
736613 9.767733 9.903261 9.690288 9.758052 4.460824e+05
736614 9.758052 9.758052 9.370828 9.486995 6.587653e+05
736615 9.516037 9.545079 9.399870 9.448273 7.329188e+05
736616 9.399869 9.864538 9.332105 9.428911 7.490854e+05
736617 9.506357 9.612843 9.264341 9.274022 4.411453e+05
736620 9.244980 9.293384 9.099771 9.157855 6.025210e+05
736621 9.235299 9.729010 9.225619 9.612843 8.906159e+05
736622 9.661246 9.787094 9.496676 9.738691 7.153969e+05
736623 9.690287 9.777413 9.477314 9.545078 4.782220e+05
736624 9.428912 9.583801 9.332105 9.516037 4.009708e+05
736627 9.612843 9.651566 9.467634 9.593482 6.780297e+05
736628 9.467634 9.641885 9.380509 9.525718 4.873218e+05
736629 9.438592 9.477314 9.206257 9.312744 5.612816e+05
736630 9.283702 9.351467 9.080410 9.196577 6.755128e+05
736631 9.148174 9.293383 8.935201 9.274022 9.985547e+05
736634 9.244981 9.729011 9.244981 9.535399 1.029629e+06
736635 9.486996 9.535399 8.567338 8.760950 1.481811e+06
736636 8.664143 8.809352 8.276919 8.422128 1.460029e+06
736637 8.325322 8.422128 7.938098 7.986501 1.632634e+06
736638 7.938098 8.131710 7.696083 7.938098 1.508819e+06
736641 8.276919 8.712546 8.083307 8.470531 1.435828e+06
736642 5.566350 7.066844 5.469544 5.953574 1.084218e+07
736643 5.808365 6.679619 5.614753 6.195589 3.573596e+06
736644 6.050380 6.437604 5.905171 5.953574 3.292762e+06
736645 6.001977 6.340798 5.905171 6.340798 2.337867e+06
736648 6.389201 6.970037 6.292395 6.776425 1.785588e+06
736649 6.776425 7.095885 6.582813 6.921634 2.640095e+06
736650 6.921634 7.018441 6.243992 6.340798 2.088591e+06
736651 6.311213 6.804277 6.311213 6.409826 1.457496e+06
736652 6.508439 6.705665 6.488717 6.607052 8.799213e+05
736655 6.557745 6.705664 6.459133 6.656358 8.860352e+05
736656 6.656358 6.656358 6.212601 6.409826 2.040198e+06
736657 6.311214 6.557745 6.261907 6.508439 8.114840e+05
736659 6.557746 6.735249 6.459133 6.607052 4.904010e+05
736662 6.656358 6.656358 6.242185 6.459133 1.426039e+06
736663 6.607052 7.001503 6.518301 6.952197 1.422193e+06
736664 7.001503 7.031087 6.508440 6.557746 1.189861e+06
736665 6.508439 6.902890 6.409827 6.607052 9.224233e+05
736666 6.607052 6.804277 6.557746 6.607052 8.076381e+05
736669 6.607052 7.050809 6.607052 7.001503 1.260764e+06
736670 7.001503 7.287480 6.952197 7.149422 8.822880e+05
736671 7.100115 7.248034 6.952196 7.050809 9.800131e+05
736672 7.050809 7.445260 7.050809 7.346647 8.491541e+05
736673 7.346647 7.741098 7.346647 7.642485 1.536090e+06
736676 7.642486 7.839711 7.346648 7.395954 2.027872e+06
736677 7.445260 7.642485 7.346647 7.494566 8.747934e+05
736678 7.494566 7.543872 7.198728 7.346647 8.765684e+05
736679 7.297341 7.593179 7.198728 7.543873 8.270649e+05
736680 7.543872 7.839710 7.494566 7.790404 2.583456e+06
736683 7.889017 7.987629 7.543872 7.790404 6.385173e+05
736684 7.938324 8.076381 7.790405 7.987630 5.274794e+05
736685 8.036937 8.086243 7.790405 7.938324 5.603175e+05
736686 7.987630 8.283468 7.741098 7.839711 1.060777e+06
736687 7.839711 8.135549 7.839711 7.987630 3.844910e+05
736691 8.036937 8.184856 7.889018 7.938324 5.142653e+05
736692 7.938323 7.938323 7.642485 7.790404 4.691007e+05
736693 7.790405 7.938324 7.642486 7.938324 5.081908e+06
736694 7.889017 7.958046 7.691792 7.741098 8.112868e+05
736698 7.889017 7.889017 7.543873 7.691792 7.330869e+05
736699 7.741098 8.382080 7.691791 8.086242 1.408880e+06
736700 8.036936 8.332774 7.839710 8.086242 7.118851e+05
736701 8.086243 8.234162 7.790405 7.938324 8.067507e+05
736704 7.938323 8.263745 7.790404 7.889017 1.133159e+06
736705 7.889017 7.987629 7.691791 7.790404 1.695547e+06
736706 7.839711 7.938323 7.642485 7.741098 1.778283e+06
736707 7.691792 7.790404 7.622763 7.741098 1.494476e+06
736708 7.691792 7.800266 7.395954 7.543873 1.452467e+06
736712 7.494566 7.741098 7.445260 7.642485 7.850558e+05
736713 7.691791 7.790404 7.346647 7.494566 9.055605e+05
736714 7.395954 7.445260 7.100116 7.297341 7.403843e+05
736715 7.248035 7.395954 7.149422 7.297341 6.960086e+05
736718 7.297341 7.297341 7.100115 7.198728 5.095319e+05
736719 7.248034 7.297340 7.149421 7.248034 4.767924e+05
736720 7.248034 7.494566 7.100115 7.198728 1.121720e+06
736721 7.198728 7.248035 7.001503 7.149422 1.426334e+06
736722 7.100115 7.149421 6.784554 6.853583 1.188382e+06
736725 6.804278 6.902891 6.528162 6.557746 9.823799e+05
736726 6.607052 6.705665 6.508440 6.557746 1.088783e+06
736727 6.656359 6.853584 6.656359 6.705665 9.184789e+05
736728 6.705665 6.804278 6.508440 6.557746 9.674894e+05
736729 6.607052 6.754971 6.557745 6.656358 7.157311e+05
736732 6.656358 6.804277 6.557745 6.656358 5.966069e+05
736733 6.656358 6.754971 6.557746 6.607052 8.478721e+05
736734 6.607052 6.804278 6.557746 6.705665 1.162545e+06
736735 6.705665 6.754971 6.488717 6.705665 1.105350e+06
736736 6.804278 6.804278 6.607052 6.705665 6.457161e+05
736739 6.656358 6.754971 6.508439 6.607052 6.283602e+05
736740 6.508439 7.100116 6.508439 7.001503 9.230150e+05
736741 7.050809 7.395953 6.902890 7.248034 1.909043e+06
736742 7.248034 7.297340 7.050809 7.100115 6.425604e+05
736743 7.149422 7.248035 6.952197 7.149422 5.630786e+05
736747 7.198728 7.691791 7.149421 7.642485 9.967773e+05
736748 7.593179 7.642485 7.376231 7.494566 8.197675e+05
736749 7.593179 7.593179 7.248034 7.494566 7.317063e+05
736750 7.445260 7.543872 7.326924 7.494566 7.134630e+05
736753 7.494566 7.839711 7.494566 7.741098 1.622376e+06
736754 8.135549 8.924450 7.987630 8.875144 3.515445e+06
736755 8.825839 8.875145 8.431388 8.727226 1.899182e+06
736756 8.727226 9.269596 8.599029 8.924451 2.017912e+06
736757 8.924451 9.762659 8.924451 9.664046 1.495067e+06
736760 9.466820 9.516127 8.875144 9.269595 1.513113e+06
736761 9.269596 9.318902 8.579307 8.727226 1.314902e+06
736762 8.776531 9.023063 8.480693 8.529999 1.355432e+06
736763 8.450000 8.900000 8.450000 8.800000 1.116800e+06
736764 8.900000 8.900000 8.280000 8.550000 1.336200e+06
