736034 26.500000 28.570000 25.650000 28.330000 5.920000e+05
736035 28.350000 28.850000 28.034000 28.719999 3.683000e+05
736036 28.780001 29.190001 27.400000 28.080000 3.273000e+05
736039 28.000000 31.670000 27.410000 31.559999 7.844000e+05
736040 32.299999 34.599998 31.129999 34.450001 9.396000e+05
736041 34.139999 34.410000 31.275000 31.790001 5.535000e+05
736042 32.009998 33.099998 31.870001 33.049999 3.484000e+05
736043 33.380001 33.900002 31.350000 31.440001 9.863000e+05
736046 31.320000 31.350000 29.620001 30.840000 3.142000e+05
736047 31.000000 32.060001 30.049999 30.290001 2.807000e+05
736048 30.590000 30.600000 29.010000 29.400000 4.022000e+05
736049 29.000000 29.516001 27.889999 29.070000 3.404000e+05
736050 28.950001 30.000000 28.950001 29.740000 1.496000e+05
736053 30.030001 31.049999 29.559999 30.910000 1.774000e+05
736054 30.799999 31.379999 30.070000 30.610001 3.071000e+05
736055 30.559999 30.650000 29.070000 30.160000 3.653000e+05
736056 30.219999 30.340000 28.780001 29.450001 4.847000e+05
736060 29.430000 30.500000 29.180000 29.709999 3.195000e+05
736061 31.059999 33.840000 30.600000 31.219999 6.983000e+05
736062 31.340000 32.480000 31.054001 31.910000 2.804000e+05
736063 32.410000 33.250000 31.000000 31.410000 4.570000e+05
736064 31.510000 32.160000 31.100000 32.080002 1.832000e+05
736067 32.209999 33.889999 32.209999 33.270000 2.096000e+05
736068 33.169998 33.500000 32.740002 33.310001 1.891000e+05
736069 33.650002 33.970001 32.419998 33.860001 2.410000e+05
736070 33.750000 35.650002 33.439999 34.830002 3.118000e+05
736071 34.549999 34.919998 33.270000 33.790001 4.284000e+05
736074 34.040001 34.470001 31.850000 33.000000 2.764000e+05
736075 33.520000 33.700001 32.685001 32.840000 1.488000e+05
736076 33.000000 33.474998 31.760000 32.240002 3.032000e+05
736077 32.020000 32.750000 31.490000 32.619999 1.725000e+05
736078 32.509998 32.535000 30.900000 31.490000 2.238000e+05
736081 31.740000 31.740000 28.950001 29.459999 3.904000e+05
736082 29.440001 29.440001 27.170000 28.480000 3.385000e+05
736083 28.240000 28.900000 27.600000 28.500000 1.497000e+05
736084 28.049999 28.740000 26.530001 27.160000 2.630000e+05
736085 27.459999 29.070000 27.250000 29.020000 2.605000e+05
736088 28.889999 30.540001 28.889999 29.959999 2.817000e+05
736089 29.690001 30.309999 29.559999 29.780001 4.484000e+05
736090 29.750000 30.129999 28.240000 28.809999 2.754000e+05
736091 29.030001 29.490000 27.910000 28.430000 2.399000e+05
736092 28.980000 29.530001 28.450001 28.740000 2.921000e+05
736095 28.750000 29.990000 28.320000 29.450001 4.524000e+05
736096 29.129999 30.709999 28.980000 30.260000 4.300000e+05
736097 30.530001 30.820000 29.180000 29.340000 2.696000e+05
736098 29.930000 29.930000 26.690001 26.830000 6.717000e+05
736099 26.889999 26.889999 24.719999 24.809999 7.278000e+05
736102 24.850000 27.450001 24.850000 27.020000 4.151000e+05
736103 27.080000 27.260000 26.219999 26.379999 3.103000e+05
736104 26.389999 26.750000 25.290001 26.090000 4.026000e+05
736105 26.110001 26.565001 25.760000 26.270000 1.864000e+05
736106 26.320000 26.674999 25.809999 26.150000 3.417000e+05
736110 26.049999 26.990000 25.900000 26.840000 2.431000e+05
736111 27.030001 27.580000 26.230000 27.139999 2.996000e+05
736112 26.980000 27.700001 26.520000 27.379999 2.135000e+05
736113 27.180000 27.740000 26.850000 26.920000 3.065000e+05
736116 27.000000 27.740000 25.820000 26.940001 5.058000e+05
736117 26.959999 27.420000 26.330000 26.540001 4.199000e+05
736118 26.450001 27.299999 26.010000 26.910000 3.502000e+05
736119 26.750000 27.770000 26.559999 27.510000 2.704000e+05
736120 27.250000 28.219999 26.820000 28.090000 1.913000e+05
736123 28.020000 29.450001 27.750000 28.110001 2.224000e+05
736124 27.959999 28.184999 27.020000 27.790001 3.128000e+05
736125 27.830000 28.620001 27.570000 28.110001 1.214000e+05
736126 28.270000 28.660000 27.782000 28.110001 1.557000e+05
736127 27.850000 28.120001 26.760000 26.840000 2.238000e+05
736130 27.139999 27.190001 26.000000 26.780001 3.405000e+05
736131 26.590000 27.209999 26.590000 26.750000 1.464000e+05
736132 26.730000 27.129999 26.590000 27.000000 2.875000e+05
736133 27.010000 28.120001 26.940001 27.770000 3.776000e+05
736134 27.780001 27.980000 27.040001 27.540001 4.620000e+05
736137 27.719999 28.504999 27.700001 28.020000 2.333000e+05
736138 28.129999 28.660000 27.900000 28.230000 2.145000e+05
736139 28.240000 28.430000 26.980000 27.309999 3.020000e+05
736140 27.370001 27.799999 26.100000 26.350000 2.790000e+05
736141 26.290001 26.930000 25.570000 26.040001 1.573400e+06
736144 25.750000 26.500000 24.990000 25.040001 3.495000e+05
736145 25.379999 27.309999 25.315001 27.209999 2.737000e+05
736146 27.250000 27.705000 25.510000 25.900000 2.902000e+05
736147 25.959999 25.959999 24.809999 25.100000 2.137000e+05
736151 24.770000 26.430000 24.750000 25.860001 2.307000e+05
736152 25.799999 26.270000 24.959999 25.900000 1.837000e+05
736153 25.520000 25.676001 24.559999 24.930000 1.938000e+05
736154 25.200001 25.719999 24.969999 25.330000 2.117000e+05
736155 25.370001 25.889999 25.190001 25.570000 1.523000e+05
736158 25.799999 26.660000 25.520000 26.629999 1.248000e+05
736159 26.700001 27.350000 26.530001 26.940001 1.598000e+05
736160 27.080000 27.680000 26.299999 26.389999 2.483000e+05
736161 26.580000 27.209999 26.180000 26.620001 1.793000e+05
736162 26.540001 26.860001 25.260000 25.910000 3.322000e+05
736165 25.750000 25.940001 23.480000 23.980000 5.610000e+05
736166 23.870001 24.565001 23.020000 23.260000 3.554000e+05
736167 23.129999 23.740000 22.270000 23.209999 2.251000e+05
736168 23.400000 24.020000 22.830000 22.950001 2.587000e+05
736169 22.820000 23.594999 21.110001 21.450001 3.433000e+05
736172 21.299999 21.969999 20.771000 21.139999 3.805000e+05
736173 21.309999 22.260000 20.530001 21.340000 3.296000e+05
736174 21.129999 21.480000 19.860001 19.980000 4.450000e+05
736175 19.719999 20.340000 18.889999 20.080000 4.096000e+05
736176 20.290001 22.090000 20.230000 20.520000 2.380000e+05
736179 20.430000 21.670000 20.090000 20.950001 3.307000e+05
736180 21.049999 22.360001 20.860001 21.700001 3.926000e+05
736181 22.000000 22.480000 21.490000 22.350000 3.981000e+05
736182 22.500000 22.610001 21.629999 22.120001 6.023000e+05
736183 21.889999 22.215000 21.090000 22.049999 4.871000e+05
736186 16.480000 18.950001 12.260000 13.440000 4.326800e+06
736187 14.010000 14.620000 12.450000 13.310000 2.057200e+06
736188 13.000000 13.356000 12.440000 13.000000 8.203000e+05
736189 13.360000 13.770000 12.620000 12.710000 7.731000e+05
736190 12.570000 13.000000 11.580000 12.020000 1.337000e+06
736193 12.230000 14.800000 11.950000 14.400000 1.609300e+06
736194 14.060000 14.390000 13.180000 13.420000 7.778000e+05
736195 13.070000 13.755000 12.980000 13.550000 6.632000e+05
736196 13.340000 13.570000 12.850000 12.950000 6.420000e+05
736197 12.500000 13.470000 12.500000 13.180000 4.178000e+05
736200 12.500000 13.340000 12.490000 12.790000 6.753000e+05
736201 13.250000 13.600000 12.820000 13.000000 6.734000e+05
736202 13.200000 13.570000 12.560000 13.520000 4.097000e+05
736203 13.600000 14.130000 13.460000 13.960000 3.605000e+05
736204 13.950000 14.340000 13.800000 14.140000 2.945000e+05
736207 13.890000 14.300000 13.760000 13.860000 3.603000e+05
736208 13.430000 13.840000 13.260000 13.370000 2.927000e+05
736209 14.000000 14.670000 13.720000 14.630000 4.138000e+05
736210 14.630000 15.070000 13.910000 14.190000 3.973000e+05
736211 13.910000 14.390000 13.700000 13.980000 2.553000e+05
736215 14.310000 14.640000 13.950000 14.610000 1.972000e+05
736216 15.000000 15.480000 14.050000 14.140000 2.890000e+05
736217 14.110000 14.670000 14.000000 14.540000 3.069000e+05
736218 14.570000 14.960000 14.170000 14.950000 3.817000e+05
736221 14.930000 15.360000 14.800000 15.060000 3.785000e+05
736222 15.060000 15.265000 14.890000 15.150000 1.689000e+05
736223 14.990000 15.370000 14.300000 14.750000 3.436000e+05
736224 14.660000 15.550000 14.390000 15.310000 7.198000e+05
736225 15.110000 15.245000 14.610000 14.940000 1.738700e+06
736228 15.110000 15.700000 14.020000 14.450000 4.728000e+05
736229 14.110000 14.180000 13.295000 13.750000 6.861000e+05
736230 13.820000 14.120000 13.340000 13.570000 1.607000e+05
736231 13.530000 13.625000 12.510000 13.430000 3.090000e+05
736232 13.500000 13.730000 12.450000 12.600000 3.497000e+05
736235 12.470000 12.580000 11.060000 11.360000 3.912000e+05
736236 10.250000 11.810000 10.250000 10.370000 3.119000e+05
736237 10.550000 11.020000 10.000000 10.530000 3.078000e+05
736238 10.510000 10.950000 10.350000 10.910000 2.879000e+05
736239 10.670000 11.760000 10.660000 11.730000 2.612000e+05
736242 11.900000 12.260000 11.380000 11.680000 2.663000e+05
736243 11.450000 11.670000 10.870000 11.440000 2.743000e+05
736244 11.630000 12.765000 11.320000 12.300000 3.747000e+05
736245 12.170000 12.330000 11.510000 11.710000 3.824000e+05
736246 11.810000 12.030000 11.460000 11.750000 2.044000e+05
736249 11.820000 12.095000 11.230000 11.560000 2.146000e+05
736250 11.330000 11.775000 10.890000 10.940000 3.069000e+05
736251 11.160000 11.600000 10.910000 11.370000 2.520000e+05
736252 11.290000 12.680000 11.192000 12.620000 4.079000e+05
736253 12.830000 13.190000 12.310000 12.710000 1.994000e+05
736256 12.960000 14.500000 12.530000 13.830000 5.560000e+05
736257 13.870000 14.660000 13.130000 13.690000 3.549000e+05
736258 13.760000 14.070000 12.700000 13.430000 4.102000e+05
736259 13.470000 14.020000 12.750000 13.180000 1.857000e+05
736260 13.340000 14.130000 13.140000 13.240000 3.259000e+05
736263 13.140000 13.540000 12.710000 12.840000 2.982000e+05
736264 12.860000 13.010000 11.990000 12.090000 5.204000e+05
736265 12.230000 13.080000 11.590000 13.050000 3.189000e+05
736266 12.920000 13.920000 12.880000 13.240000 3.691000e+05
736267 13.210000 13.385000 12.680000 13.350000 1.513000e+05
736270 13.490000 14.400000 13.350000 14.050000 2.629000e+05
736271 13.890000 14.820000 13.700000 14.070000 2.600000e+05
736272 14.140000 15.080000 13.740000 15.050000 2.670000e+05
736273 15.020000 15.120000 14.275000 14.970000 2.115000e+05
736274 14.900000 15.750000 14.140000 15.580000 2.632000e+05
736277 15.300000 16.780001 14.550000 15.700000 2.662000e+05
736278 15.840000 17.629999 15.790000 17.090000 4.005000e+05
736279 16.709999 17.450001 16.440001 16.500000 2.467000e+05
736280 16.500000 16.785000 15.960000 16.010000 2.045000e+05
736281 16.010000 16.600000 15.761000 15.880000 2.768000e+05
736284 15.820000 16.410000 15.480000 16.240000 2.059000e+05
736285 16.250000 16.650000 15.810000 16.100000 1.866000e+05
736286 16.000000 16.950001 16.000000 16.889999 1.992000e+05
736287 16.930000 17.000000 16.309999 16.600000 9.840000e+04
736288 16.809999 16.834999 16.450001 16.540001 1.037000e+05
736291 16.379999 18.240000 16.080999 17.910000 3.455000e+05
736292 17.750000 18.764999 17.750000 18.410000 2.189000e+05
736293 18.400000 19.040001 18.290001 18.700001 2.753000e+05
736295 18.700001 19.407000 18.700001 18.980000 8.640000e+04
736298 18.950001 19.375000 18.209999 18.700001 4.190000e+05
736299 18.730000 18.840000 17.150000 17.690001 4.953000e+05
736300 17.670000 18.110001 17.520000 17.570000 3.216000e+05
736301 17.530001 17.763000 16.190001 16.379999 3.351000e+05
736302 16.400000 16.830000 16.260000 16.750000 2.372000e+05
736305 17.000000 17.120001 14.880000 15.060000 3.902000e+05
736306 15.010000 15.460000 14.620000 15.340000 2.036000e+05
736307 15.220000 15.440000 14.770000 15.000000 1.849000e+05
736308 15.070000 15.240000 14.810000 15.150000 3.187000e+05
736309 14.740000 15.210000 13.890000 14.010000 2.606000e+05
736312 14.080000 14.300000 13.200000 13.590000 1.807000e+05
736313 13.500000 14.020000 13.500000 13.920000 1.954000e+05
736314 13.930000 14.090000 13.340000 13.700000 3.422000e+05
736315 13.870000 14.000000 13.170000 13.720000 2.078000e+05
736316 13.710000 14.330000 13.370000 13.470000 4.428000e+05
736319 13.420000 13.800000 13.140000 13.560000 2.042000e+05
736320 13.820000 14.980000 13.790000 14.010000 3.204000e+05
736321 14.180000 14.305000 14.040000 14.240000 2.078000e+05
736322 14.200000 14.260000 13.930000 13.960000 7.990000e+04
736326 13.780000 14.060000 13.350000 13.700000 2.735000e+05
736327 13.940000 14.130000 13.660000 13.800000 1.968000e+05
736328 13.680000 13.920000 13.250000 13.350000 5.368000e+05
736329 13.350000 13.530000 13.200000 13.250000 2.969000e+05
736333 13.070000 13.610000 12.810000 13.460000 3.355000e+05
736334 13.470000 13.970000 13.115000 13.700000 2.158000e+05
736335 13.190000 13.200000 10.520000 11.590000 1.139000e+06
736336 10.870000 10.870000 9.940000 9.950000 5.923000e+05
736337 10.270000 10.970000 9.355000 9.440000 3.404000e+05
736340 9.430000 10.065000 8.000000 8.120000 5.579000e+05
736341 8.150000 8.835000 7.780000 8.160000 2.978000e+05
736342 8.320000 8.870000 6.820000 6.940000 3.596000e+05
736343 7.020000 7.290000 6.077000 6.840000 5.744000e+05
736344 6.580000 6.700000 6.365000 6.540000 4.841000e+05
736348 6.660000 6.750000 5.970000 6.390000 4.426000e+05
736349 5.760000 7.080000 5.760000 6.820000 7.373000e+05
736350 6.810000 7.830000 6.520000 7.290000 4.302000e+05
736351 7.470000 7.470000 6.740000 7.000000 3.965000e+05
736354 6.980000 7.240000 6.730000 6.770000 1.934000e+05
736355 6.830000 6.960000 6.180000 6.680000 2.925000e+05
736356 6.610000 6.780000 6.295000 6.330000 1.784000e+05
736357 6.360000 6.410000 5.690000 5.940000 3.778000e+05
736358 5.940000 6.330000 5.830000 6.220000 2.847000e+05
736361 6.150000 6.285000 5.900000 6.070000 2.771000e+05
736362 5.990000 6.000000 5.580000 5.840000 3.184000e+05
736363 5.840000 5.950000 5.430000 5.880000 3.092000e+05
736364 5.880000 6.640000 5.810000 5.960000 3.572000e+05
736365 5.980000 6.300000 5.430000 5.760000 5.407000e+05
736368 5.650000 5.760000 5.250000 5.450000 3.607000e+05
736369 5.350000 5.913000 4.830000 5.800000 2.602000e+05
736370 5.830000 6.084000 5.330000 5.340000 2.931000e+05
736371 5.180000 5.490000 5.040000 5.330000 2.553000e+05
736372 5.390000 5.720000 5.390000 5.550000 2.978000e+05
736376 5.640000 5.870000 5.590000 5.830000 2.914000e+05
736377 5.890000 6.700000 5.890000 6.460000 4.282000e+05
736378 6.510000 6.530000 6.070000 6.100000 3.223000e+05
736379 6.030000 6.310000 5.780000 6.130000 2.074000e+05
736382 6.200000 6.360000 6.160000 6.240000 1.960000e+05
736383 6.160000 6.200000 5.810000 5.820000 1.472000e+05
736384 5.720000 5.970000 5.500000 5.910000 1.638000e+05
736385 5.900000 5.970000 5.540000 5.800000 1.237000e+05
736386 5.850000 6.170000 5.850000 6.090000 1.904000e+05
736389 6.100000 6.280000 5.890000 5.900000 1.392000e+05
736390 5.940000 6.395000 5.900000 6.370000 2.256000e+05
736391 6.420000 7.095000 6.340000 6.930000 3.422000e+05
736392 6.900000 7.630000 6.900000 7.330000 2.759000e+05
736393 7.460000 8.180000 7.220000 7.880000 3.256000e+05
736396 7.800000 8.450000 7.250000 8.420000 3.018000e+05
736397 8.350000 8.450000 7.430000 7.840000 3.507000e+05
736398 7.840000 7.900000 7.280000 7.620000 1.936000e+05
736399 7.610000 7.755000 7.150000 7.350000 1.749000e+05
736400 7.530000 8.170000 7.260000 7.900000 2.373000e+05
736403 8.080000 9.220000 8.080000 8.870000 3.626000e+05
736404 8.280000 8.420000 7.110000 7.670000 6.586000e+05
736405 7.710000 8.330000 7.560000 7.690000 3.480000e+05
736406 7.700000 7.950000 7.370000 7.760000 3.823000e+05
736407 7.830000 8.380000 7.740000 8.320000 4.719000e+05
736410 8.280000 9.180000 8.020000 8.900000 2.972000e+05
736411 8.750000 10.000000 8.750000 9.260000 3.388000e+05
736412 9.090000 9.255000 8.150000 8.370000 4.111000e+05
736413 8.220000 8.940000 7.800000 8.420000 1.696000e+05
736417 8.500000 8.590000 8.080000 8.240000 1.145000e+05
736418 8.130000 8.800000 7.860000 8.690000 2.014000e+05
736419 8.860000 9.450000 8.500000 8.640000 2.304000e+05
736420 8.590000 9.280000 8.310000 8.920000 2.819000e+05
736421 8.920000 9.280000 8.700000 8.970000 4.910000e+05
736424 8.970000 9.630000 8.900000 9.290000 2.944000e+05
736425 9.260000 9.440000 8.990000 8.990000 2.585000e+05
736426 9.130000 9.260000 8.700000 9.060000 3.727000e+05
736427 9.000000 9.270000 8.650000 9.080000 3.000000e+05
736428 9.100000 9.130000 8.740000 8.940000 1.751000e+05
736431 9.000000 9.390000 8.785000 8.840000 1.523000e+05
736432 8.870000 9.060000 8.450000 8.970000 1.293000e+05
736433 9.030000 9.220000 8.760000 9.000000 2.838000e+05
736434 9.000000 9.200000 8.880000 9.000000 2.360000e+05
736435 8.960000 9.180000 8.835000 8.980000 1.920000e+05
736438 8.890000 9.240000 8.890000 9.040000 2.606000e+05
736439 9.050000 9.239000 8.900000 9.040000 2.103000e+05
736440 9.310000 9.560000 8.770000 9.030000 2.890000e+05
736441 8.980000 10.260000 8.810000 9.920000 2.915000e+05
736442 9.920000 10.360000 9.780000 10.250000 1.538000e+05
736445 10.190000 10.450000 9.976000 10.070000 1.689000e+05
736446 10.140000 10.140000 9.390000 9.590000 1.981000e+05
736447 9.620000 9.720000 9.290000 9.440000 1.196000e+05
736448 9.480000 9.960000 9.200000 9.400000 1.088000e+05
736449 9.440000 9.565000 9.020000 9.300000 1.523000e+05
736452 9.360000 9.570000 9.120000 9.520000 1.394000e+05
736453 9.360000 9.700000 8.590000 8.630000 1.614000e+05
736454 8.630000 8.670000 7.970000 8.040000 2.159000e+05
736455 8.170000 8.460000 7.890000 8.000000 1.357000e+05
736456 7.910000 8.230000 7.730000 7.890000 1.046000e+05
736459 7.430000 8.510000 7.110000 8.260000 1.546000e+05
736460 8.280000 8.390000 7.860000 8.180000 1.782000e+05
736461 8.140000 8.620000 8.000000 8.050000 2.687000e+05
736462 8.130000 8.130000 7.770000 7.980000 1.350000e+05
736463 7.960000 8.120000 7.600000 7.630000 1.506000e+05
736466 7.740000 8.090000 7.740000 8.000000 1.571000e+05
736467 7.980000 8.475000 7.930000 8.030000 1.841000e+05
736468 7.950000 8.330000 7.790000 8.180000 1.119000e+05
736469 8.110000 8.360000 7.530000 8.210000 1.247000e+05
736470 8.180000 8.690000 8.170000 8.590000 2.190000e+05
736473 8.520000 8.930000 8.520000 8.700000 1.311000e+05
736474 8.800000 9.550000 8.680000 9.430000 1.665000e+05
736475 9.510000 10.120000 9.500000 9.690000 2.902000e+05
736476 9.690000 10.050000 9.430000 9.530000 1.135000e+05
736477 9.710000 9.830000 9.260000 9.620000 3.337000e+05
736481 9.720000 9.960000 9.310000 9.570000 1.907000e+05
736482 9.520000 9.840000 9.480000 9.580000 1.801000e+05
736483 9.540000 9.920000 9.310000 9.700000 2.062000e+05
736484 9.680000 9.810000 9.210000 9.250000 1.709000e+05
736487 9.270000 9.638000 8.660000 9.320000 2.572000e+05
736488 9.160000 9.750000 8.820000 9.560000 3.034000e+05
736489 9.620000 9.620000 9.160000 9.290000 2.421000e+05
736490 9.170000 9.355000 9.020000 9.125000 2.713000e+05
736491 8.960000 8.990000 8.500000 8.530000 1.702000e+05
736494 8.430000 8.680000 8.320000 8.360000 1.213000e+05
736495 8.330000 8.620000 7.800000 8.070000 1.631000e+05
736496 8.170000 8.250000 7.810000 7.910000 2.101000e+05
736497 7.930000 8.120000 7.675000 8.060000 1.434000e+05
736498 8.090000 8.300000 7.520000 7.620000 3.115000e+05
736501 7.810000 8.060000 7.610000 7.710000 1.435000e+05
736502 7.710000 7.710000 7.290000 7.620000 1.316000e+05
736503 7.640000 8.030000 7.340000 7.680000 1.521000e+05
736504 7.820000 8.180000 7.680000 8.030000 2.844000e+05
736505 7.520000 7.880000 7.320000 7.520000 8.969000e+05
736508 7.410000 7.650000 6.720000 6.760000 2.600000e+05
736509 7.020000 7.324000 6.880000 7.020000 3.119000e+05
736510 6.870000 7.180000 6.830000 6.970000 2.915000e+05
736511 6.960000 7.050000 6.630000 6.710000 2.205000e+05
736512 6.660000 7.260000 6.540000 7.190000 1.543000e+05
736516 7.050000 7.190000 6.900000 6.980000 1.186000e+05
736517 6.900000 7.320000 6.900000 7.090000 2.098000e+05
736518 7.180000 7.390000 6.980000 7.100000 1.979000e+05
736519 7.150000 7.260000 7.040000 7.110000 3.105000e+05
736522 7.180000 7.600000 7.050000 7.390000 2.248000e+05
736523 7.510000 7.710000 7.400000 7.530000 1.382000e+05
736524 7.600000 7.820000 7.140000 7.170000 1.312000e+05
736525 7.270000 7.320000 7.010000 7.190000 1.008000e+05
736526 7.240000 7.650000 7.240000 7.630000 1.217000e+05
736529 7.440000 7.670000 7.440000 7.620000 8.840000e+04
736530 7.580000 7.630000 7.070000 7.100000 1.182000e+05
736531 7.150000 7.320000 7.050000 7.110000 1.463000e+05
736532 7.170000 7.330000 7.100000 7.140000 8.010000e+04
736533 7.180000 7.256000 7.010000 7.030000 5.550000e+04
736536 7.070000 7.220000 6.970000 7.130000 7.960000e+04
736537 7.080000 7.380000 7.080000 7.360000 6.330000e+04
736538 7.400000 7.900000 7.400000 7.670000 1.716000e+05
736539 7.680000 7.680000 7.240000 7.360000 5.360000e+04
736540 7.290000 7.500000 7.130000 7.380000 1.311000e+05
736543 7.460000 7.620000 7.170000 7.230000 8.220000e+04
736544 7.250000 7.460000 6.980000 6.980000 1.556000e+05
736545 6.970000 7.130000 6.770000 6.990000 2.635000e+05
736546 6.950000 7.290000 6.780000 6.800000 2.159000e+05
736547 6.980000 7.200000 6.750000 6.920000 1.396000e+05
736550 6.940000 7.210000 6.740000 6.790000 1.782000e+05
736551 6.830000 6.990000 6.700000 6.970000 8.780000e+04
736552 6.950000 6.950000 6.594000 6.700000 8.300000e+04
736553 6.750000 7.060000 6.700000 6.950000 8.640000e+04
736554 6.920000 7.055000 6.810000 6.970000 6.330000e+04
736557 7.010000 7.250000 7.010000 7.220000 6.650000e+04
736558 7.250000 7.380000 7.053000 7.200000 8.280000e+04
736559 7.210000 7.272000 6.923000 6.990000 1.018000e+05
736560 7.220000 7.850000 7.210000 7.790000 4.300000e+05
736561 7.850000 8.170000 7.560000 8.080000 2.024000e+05
736564 8.140000 8.140000 7.450000 7.760000 2.197000e+05
736565 7.840000 8.200000 7.540000 7.820000 1.073000e+05
736566 7.770000 8.010000 7.120000 7.150000 1.087000e+05
736567 7.280000 7.630000 6.660000 6.850000 2.052000e+05
736568 6.890000 7.080000 6.570000 6.920000 1.421000e+05
736571 6.970000 7.161000 6.840000 7.120000 8.280000e+04
736572 7.550000 9.860000 7.530000 9.730000 3.446500e+06
736573 9.320000 10.240000 9.010000 9.950000 2.175800e+06
736574 10.050000 11.410000 9.780000 11.100000 1.365900e+06
736575 11.030000 11.376000 10.250000 10.620000 1.012800e+06
736579 10.000000 10.150000 8.675000 8.970000 2.059500e+06
736580 9.050000 9.480000 8.910000 9.140000 3.602300e+06
736581 9.290000 9.435000 9.080000 9.220000 4.260000e+05
736582 9.130000 9.208000 8.490000 8.500000 3.691000e+05
736585 8.500000 9.050000 8.500000 8.970000 3.018000e+05
736586 8.840000 8.970000 8.520000 8.720000 1.875000e+05
736587 8.720000 9.190000 8.720000 9.030000 3.530000e+05
736588 9.000000 9.200000 8.770000 9.110000 2.569000e+05
736589 9.080000 9.440000 8.840000 9.300000 6.708000e+05
736592 9.370000 9.470000 9.080000 9.130000 2.023000e+05
736593 9.220000 9.430000 9.120000 9.200000 1.914000e+05
736594 9.230000 9.600000 9.100000 9.570000 2.993000e+05
736595 9.590000 9.730000 9.390000 9.710000 2.871000e+05
736596 9.660000 9.840000 9.300000 9.350000 1.888000e+05
736599 9.290000 9.470000 9.130000 9.350000 2.091000e+05
736600 9.350000 9.740000 9.340000 9.690000 2.501000e+05
736601 9.770000 9.880000 9.400000 9.730000 1.897000e+05
736602 9.680000 9.800000 9.427000 9.450000 1.926000e+05
736603 9.540000 9.830000 9.400000 9.730000 3.713000e+05
736606 9.800000 9.960000 9.631000 9.860000 2.781000e+05
736607 9.860000 10.150000 9.860000 9.920000 2.800000e+05
736608 10.060000 10.240000 9.890000 10.110000 2.736000e+05
736609 10.060000 10.100000 9.700000 9.710000 2.232000e+05
736610 9.700000 10.130000 9.360000 9.560000 1.662000e+05
736613 9.660000 9.980000 9.650000 9.770000 3.470000e+05
736614 9.670000 9.720000 9.220000 9.370000 1.734000e+05
736615 9.270000 9.695000 8.920000 8.970000 1.084600e+06
736616 8.880000 9.300000 8.610000 9.120000 2.643000e+05
736617 9.210000 9.390000 8.600000 8.610000 1.645000e+05
736620 8.640000 8.640000 8.271000 8.500000 2.029000e+05
736621 8.600000 8.730000 8.490000 8.620000 6.307000e+05
736622 8.650000 8.770000 8.330000 8.450000 1.531000e+05
736623 8.380000 8.615000 8.310000 8.570000 3.310000e+05
736624 8.480000 9.060000 8.280000 8.590000 2.400000e+05
736627 8.650000 8.670000 8.460000 8.480000 7.860000e+04
736628 8.600000 8.640000 8.340000 8.450000 1.657000e+05
736629 8.460000 8.540000 8.250000 8.350000 1.715000e+05
736630 8.430000 8.517000 7.810000 7.840000 1.452000e+05
736631 7.770000 7.960000 7.510000 7.520000 1.608000e+05
736634 7.530000 7.580000 7.220000 7.240000 2.066000e+05
736635 7.290000 7.430000 7.030000 7.130000 2.570000e+05
736636 7.050000 7.100000 6.520000 6.530000 2.252000e+05
736637 6.590000 6.780000 6.370000 6.390000 3.276000e+05
736638 6.370000 7.070000 6.270000 6.830000 3.393000e+05
736641 7.100000 7.139000 6.760000 6.920000 2.154000e+05
736642 6.430000 7.970000 6.430000 7.790000 4.270000e+05
736643 8.290000 9.790000 8.290000 9.320000 7.724000e+05
736644 9.630000 10.060000 9.560000 9.800000 4.808000e+05
736645 9.700000 10.160000 9.350000 9.930000 3.863000e+05
736648 10.020000 10.295000 9.785000 10.070000 3.736000e+05
736649 9.950000 10.175000 9.540000 9.770000 1.952000e+05
736650 9.690000 10.040000 9.400000 9.470000 1.567000e+05
736651 9.430000 10.010000 9.290000 9.950000 1.421000e+05
736652 9.970000 10.130000 9.820000 9.870000 1.662000e+05
736655 9.890000 9.980000 9.820000 9.970000 1.296000e+05
736656 10.030000 10.050000 9.560000 9.670000 1.026000e+05
736657 9.450000 10.050000 9.270000 10.010000 1.184000e+05
736659 10.000000 10.050000 9.690000 9.910000 5.660000e+04
736662 9.890000 10.000000 9.230000 9.290000 1.081000e+05
736663 9.280000 9.470000 9.060000 9.300000 7.450000e+04
736664 9.420000 9.930000 9.205000 9.230000 1.155000e+05
736665 9.300000 9.570000 9.000000 9.030000 1.068000e+05
736666 9.330000 9.460000 8.910000 9.280000 2.696000e+05
736669 9.260000 9.295000 8.740000 8.870000 2.724000e+05
736670 8.930000 9.140000 8.810000 9.130000 1.935000e+05
736671 9.160000 9.220000 8.374000 9.180000 3.750000e+05
736672 9.160000 9.200000 8.860000 9.180000 2.019000e+05
736673 9.150000 9.490000 9.020000 9.210000 1.501000e+05
736676 9.120000 9.390000 8.850000 9.140000 2.230000e+05
736677 9.220000 9.470000 9.150000 9.230000 1.791000e+05
736678 9.220000 9.470000 9.010000 9.220000 3.044000e+05
736679 9.240000 9.820000 9.210000 9.670000 2.121000e+05
736680 9.720000 10.050000 9.495000 9.750000 6.122000e+05
736683 9.750000 10.040000 9.360000 9.470000 1.731000e+05
736684 9.560000 9.970000 9.410000 9.500000 2.014000e+05
736685 9.490000 9.525000 9.200000 9.320000 9.890000e+04
736686 9.320000 9.330000 8.970000 9.040000 1.124000e+05
736687 9.010000 9.580000 9.010000 9.560000 8.760000e+04
736691 9.550000 9.850000 9.350000 9.370000 2.428000e+05
736692 9.390000 9.569000 9.170000 9.200000 7.710000e+04
736693 9.240000 9.400000 9.050000 9.340000 1.291000e+05
736694 9.330000 9.420000 9.170000 9.400000 1.610000e+05
736698 9.550000 9.760000 9.060000 9.640000 1.693000e+05
736699 9.680000 10.560000 9.540000 10.560000 3.735000e+05
736700 10.520000 10.830000 10.250000 10.740000 3.082000e+05
736701 10.780000 11.190000 10.730000 11.010000 2.324000e+05
736704 11.120000 11.120000 10.850000 10.950000 3.108000e+05
736705 11.100000 11.170000 10.320000 10.660000 1.827000e+05
736706 10.670000 10.750000 10.010000 10.380000 2.587000e+05
736707 10.270000 10.520000 10.100000 10.250000 1.096000e+05
736708 10.270000 10.500000 10.020000 10.120000 1.255000e+05
736712 10.000000 10.240000 9.670000 9.840000 1.400000e+05
736713 9.880000 9.980000 9.550000 9.790000 2.112000e+05
736714 9.750000 10.690000 9.730000 10.470000 1.977000e+05
736715 10.400000 10.550000 10.090000 10.390000 1.683000e+05
736718 10.400000 10.420000 10.000000 10.380000 1.634000e+05
736719 10.440000 10.440000 9.940000 10.320000 2.142000e+05
736720 10.360000 10.830000 10.200000 10.790000 1.521000e+05
736721 10.810000 10.940000 10.500000 10.730000 1.509000e+05
736722 10.700000 10.850000 10.540000 10.840000 1.344000e+05
736725 10.740000 10.740000 10.135000 10.280000 3.293000e+05
736726 10.230000 10.470000 9.930000 10.350000 2.171000e+05
736727 10.420000 10.765000 10.350000 10.560000 1.284000e+05
736728 10.450000 10.800000 10.250000 10.650000 9.550000e+04
736729 10.770000 10.890000 10.660000 10.780000 1.608000e+05
736732 10.760000 10.990000 10.700000 10.820000 1.237000e+05
736733 10.860000 10.860000 10.250000 10.320000 1.724000e+05
736734 10.290000 10.320000 9.940000 10.100000 1.128000e+05
736735 10.100000 10.340000 10.100000 10.130000 8.530000e+04
736736 10.180000 10.290000 10.015000 10.120000 7.660000e+04
736739 10.270000 10.449000 10.090000 10.120000 9.780000e+04
736740 10.080000 10.290000 10.060000 10.250000 7.840000e+04
736741 10.230000 10.880000 10.200000 10.840000 1.676000e+05
736742 10.840000 10.879000 10.302000 10.670000 1.371000e+05
736743 10.650000 10.800000 10.430000 10.600000 1.876000e+05
736747 10.640000 10.680000 10.460000 10.580000 8.340000e+04
736748 10.570000 10.570000 10.320000 10.440000 6.060000e+04
736749 10.480000 10.480000 10.010000 10.270000 6.680000e+04
736750 10.110000 10.150000 9.920000 10.100000 8.200000e+04
736753 10.110000 11.170000 10.070000 11.130000 1.626000e+05
736754 11.020000 11.100000 10.310000 10.370000 2.437000e+05
736755 10.650000 11.164000 10.490000 11.030000 2.979000e+05
736756 11.160000 14.630000 10.995000 13.840000 1.978800e+06
736757 11.330000 12.400000 11.170000 11.630000 8.602000e+05
736760 11.500000 11.800000 11.290000 11.660000 2.900000e+05
736761 11.490000 11.769000 11.160000 11.390000 2.340000e+05
736762 11.230000 12.210000 11.230000 11.870000 2.411000e+05
736763 11.760000 11.905000 11.740000 11.760000 1.468000e+05
736764 11.900000 12.130000 10.470000 10.550000 5.624000e+05
