736224 24.560248 24.908757 24.560248 24.908757 1.355315e+03
736225 24.415035 24.434398 24.376313 24.376313 5.421261e+03
736228 24.444078 24.453759 24.424716 24.444078 5.324453e+03
736229 24.202058 24.202058 24.202058 24.202058 9.680823e+02
736230 24.298866 24.298866 24.056845 24.076208 2.323398e+03
736232 24.090728 24.114930 24.085887 24.085887 8.712741e+02
736235 23.669613 23.669613 23.630889 23.630889 5.808494e+02
736236 24.153655 24.202058 24.056846 24.202058 7.744659e+02
736237 24.356951 24.434398 24.356951 24.415035 8.712741e+02
736238 24.347270 24.356951 24.124611 24.202058 5.421261e+03
736239 24.095568 24.531206 24.095568 24.531206 1.742548e+03
736242 24.647374 24.734502 24.639631 24.724823 1.452123e+03
736243 24.637695 24.879716 24.637695 24.773226 4.743603e+03
736244 25.112056 25.112056 25.112056 25.112056 2.904247e+02
736245 25.508969 25.818755 25.450885 25.818755 6.002110e+03
736246 25.736467 25.750989 25.663862 25.663862 1.258507e+03
736249 25.876841 25.876841 25.576735 25.576735 3.872329e+02
736250 25.915564 25.915564 25.915564 25.915564 1.936165e+02
736251 25.731627 25.809074 25.731627 25.809074 3.969137e+03
736252 25.528331 25.644500 25.479926 25.644500 7.744658e+02
736253 25.586416 25.648372 25.586416 25.648372 3.872329e+02
736256 25.838117 25.838117 25.838117 25.838117 1.936165e+02
736257 25.760671 25.818755 25.760671 25.789712 9.680823e+02
736258 24.821630 24.834216 24.811949 24.811949 1.161699e+03
736259 24.705461 24.811949 24.647375 24.662865 9.680823e+02
736260 24.821630 24.889395 24.753865 24.850673 6.776576e+02
736263 24.463440 24.463440 24.463440 24.463440 1.936165e+02
736264 24.008440 24.008440 23.834187 23.834187 7.744658e+02
736265 24.202057 24.202057 24.201090 24.201090 5.808494e+02
736266 24.298866 24.298866 24.298866 24.298866 9.680823e+01
736267 24.163334 24.163334 24.163334 24.163334 9.680823e+01
736270 24.163334 24.163334 24.163334 24.163334 9.680823e+01
736271 23.505039 23.621208 23.505039 23.621208 6.776576e+02
736272 23.456635 23.456635 23.437272 23.437272 1.936165e+02
736273 23.437272 23.437272 23.437272 23.437272 0.000000e+00
736274 23.088763 23.088763 23.088763 23.088763 1.936165e+02
736277 23.088763 23.088763 23.088763 23.088763 0.000000e+00
736278 23.398549 23.398549 23.398549 23.398549 2.904247e+02
736279 23.998761 23.998761 23.998761 23.998761 4.840411e+02
736280 23.998761 23.998761 23.998761 23.998761 0.000000e+00
736281 23.621208 23.621208 23.621208 23.621208 4.840411e+02
736284 23.621208 23.621208 23.621208 23.621208 0.000000e+00
736285 23.417912 23.417912 23.417912 23.417912 1.936165e+02
736286 23.417912 23.417912 23.417912 23.417912 0.000000e+00
736287 23.417912 23.417912 23.417912 23.417912 0.000000e+00
736288 23.417912 23.417912 23.417912 23.417912 0.000000e+00
736291 23.417912 23.417912 23.417912 23.417912 0.000000e+00
736292 23.417912 23.417912 23.417912 23.417912 0.000000e+00
736293 23.417912 23.417912 23.417912 23.417912 0.000000e+00
736295 24.298866 24.298866 24.298866 24.298866 0.000000e+00
736298 24.298866 24.298866 24.298866 24.298866 0.000000e+00
736299 24.298866 24.298866 24.298866 24.298866 0.000000e+00
736300 24.298866 24.298866 24.298866 24.298866 0.000000e+00
736301 24.482803 24.482803 24.405354 24.405354 5.324453e+03
736302 24.444079 24.559280 24.444079 24.559280 1.161699e+03
736305 24.153654 24.153654 24.153654 24.153654 9.680823e+02
736306 23.698654 23.698654 23.698654 23.698654 1.064890e+03
736307 23.756741 23.756741 23.747060 23.747060 1.936165e+03
736308 23.688973 23.805144 23.688973 23.805144 4.356370e+03
736309 23.321102 23.359825 23.224294 23.224294 3.581904e+03
736312 23.035518 23.035518 23.030679 23.030679 4.840412e+02
736313 23.030679 23.030679 23.030679 23.030679 0.000000e+00
736314 23.030679 23.030679 23.030679 23.030679 0.000000e+00
736315 23.030679 23.030679 23.030679 23.030679 0.000000e+00
736316 23.872909 23.872909 23.679292 23.679292 4.840411e+03
736319 23.688009 23.688009 23.688009 23.688009 0.000000e+00
736320 23.688009 23.688009 23.688009 23.688009 0.000000e+00
736321 23.533059 23.533059 23.533059 23.533059 1.355814e+03
736322 23.533059 23.533059 23.533059 23.533059 0.000000e+00
736326 23.717063 23.842961 23.668642 23.842961 5.035881e+03
736327 23.842961 23.842961 23.842961 23.842961 0.000000e+00
736328 23.842961 23.842961 23.842961 23.842961 0.000000e+00
736329 23.315162 23.455584 23.315162 23.455584 1.452658e+03
736333 22.787363 22.787363 22.767993 22.787363 3.002160e+03
736334 22.787363 22.787363 22.787363 22.787363 0.000000e+00
736335 22.254720 22.254720 21.906083 21.944820 5.326413e+03
736336 21.170071 21.199122 21.170071 21.199122 2.130565e+03
736337 21.199122 21.199122 21.199122 21.199122 0.000000e+00
736340 21.141016 21.141016 21.015120 21.015120 1.065283e+03
736341 20.637428 20.637428 20.472793 20.472793 3.873755e+03
736342 20.472792 20.472792 20.317843 20.317843 3.970598e+03
736343 20.317843 20.317843 20.317843 20.317843 0.000000e+00
736344 19.572145 19.698043 19.533408 19.678674 4.939037e+03
736348 19.610884 19.610884 19.538250 19.538250 2.517941e+03
736349 18.535915 18.613390 18.468125 18.468125 5.035881e+03
736350 18.787711 19.049189 18.787711 19.049189 6.585383e+03
736351 19.514039 19.514039 19.514039 19.514039 1.936877e+02
736354 19.175084 19.184769 19.132475 19.165402 7.747509e+03
736355 19.417195 19.417195 19.417195 19.417195 9.684387e+02
736356 19.610883 19.610883 19.610883 19.610883 9.684387e+02
736357 20.346896 20.395317 20.259737 20.337212 6.779071e+03
736358 20.337212 20.337212 20.337212 20.337212 0.000000e+00
736361 20.337212 20.337212 20.337212 20.337212 0.000000e+00
736362 19.891731 19.891731 19.785202 19.804572 2.517941e+03
736363 20.153209 20.356582 20.153209 20.356582 2.033721e+03
736364 20.356582 20.356582 20.356582 20.356582 0.000000e+00
736365 20.356582 20.356582 20.356582 20.356582 0.000000e+00
736368 20.230684 20.230684 20.230684 20.230684 1.936877e+02
736369 19.794887 19.833624 19.794887 19.833624 3.873755e+03
736370 19.833624 19.833624 19.833624 19.833624 0.000000e+00
736371 19.833624 19.833624 19.833624 19.833624 0.000000e+00
736372 19.591515 19.746464 19.591515 19.746464 1.549502e+03
736376 19.746464 19.746464 19.746464 19.746464 0.000000e+00
736377 19.746464 19.746464 19.746464 19.746464 0.000000e+00
736378 19.746464 19.746464 19.746464 19.746464 0.000000e+00
736379 19.916910 19.916910 19.916910 19.916910 9.684387e+01
736382 20.705218 20.705218 20.705218 20.705218 4.842193e+02
736383 20.454394 20.454394 20.454394 20.454394 9.684387e+01
736384 20.454394 20.454394 20.454394 20.454394 0.000000e+00
736385 20.454394 20.454394 20.454394 20.454394 0.000000e+00
736386 20.454394 20.454394 20.454394 20.454394 0.000000e+00
736389 20.454394 20.454394 20.454394 20.454394 0.000000e+00
736390 21.117774 21.334705 21.117774 21.334705 5.810632e+02
736391 21.334705 21.334705 21.334705 21.334705 9.684387e+01
736392 21.334705 21.334705 21.334705 21.334705 0.000000e+00
736393 21.334705 21.334705 21.334705 21.334705 0.000000e+00
736396 21.334705 21.334705 21.334705 21.334705 0.000000e+00
736397 21.915767 21.915767 21.915767 21.915767 2.905316e+02
736398 21.915767 21.915767 21.915767 21.915767 0.000000e+00
736399 21.722080 21.722080 21.722080 21.722080 1.936877e+02
736400 21.722080 21.722080 21.722080 21.722080 0.000000e+00
736403 21.509022 21.509022 21.509022 21.509022 4.842193e+02
736404 21.509022 21.509022 21.509022 21.509022 0.000000e+00
736405 21.509022 21.509022 21.509022 21.509022 0.000000e+00
736406 21.509022 21.509022 21.509022 21.509022 0.000000e+00
736407 21.509022 21.509022 21.509022 21.509022 0.000000e+00
736410 21.509022 21.509022 21.509022 21.509022 0.000000e+00
736411 21.509022 21.509022 21.509022 21.509022 0.000000e+00
736412 21.509022 21.509022 21.509022 21.509022 0.000000e+00
736413 21.499340 21.499340 21.499340 21.499340 0.000000e+00
736417 21.509022 21.509022 21.509022 21.509022 0.000000e+00
736418 21.499340 21.499340 21.499340 21.499340 0.000000e+00
736419 21.499340 21.499340 21.499340 21.499340 0.000000e+00
736420 21.499340 21.499340 21.499340 21.499340 0.000000e+00
736421 20.986066 20.986066 20.986066 20.986066 1.936877e+02
736424 20.986066 20.986066 20.986066 20.986066 0.000000e+00
736425 20.986066 20.986066 20.986066 20.986066 0.000000e+00
736426 21.460601 21.460601 21.460601 21.460601 4.842193e+02
736427 21.460601 21.460601 21.460601 21.460601 0.000000e+00
736428 21.460601 21.460601 21.460601 21.460601 0.000000e+00
736431 21.722080 21.722080 21.722080 21.722080 9.684387e+01
736432 22.099771 22.429040 22.075560 22.398050 3.118373e+04
736433 22.031979 22.031979 22.022295 22.022295 1.936877e+03
736434 22.255690 22.264405 22.254721 22.264405 1.162126e+03
736435 22.264405 22.264405 22.264405 22.264405 0.000000e+00
736438 22.099770 22.099770 22.099770 22.099770 9.684387e+01
736439 22.341881 22.622729 22.341881 22.574305 1.375183e+04
736440 22.225669 22.506515 22.225669 22.506515 2.905316e+02
736441 22.506515 22.506515 22.506515 22.506515 0.000000e+00
736442 22.506515 22.506515 22.506515 22.506515 0.000000e+00
736445 23.726748 23.726748 23.591167 23.709316 1.772243e+04
736446 23.261897 23.261897 23.196043 23.196043 1.065283e+03
736447 23.455584 23.610534 23.397478 23.562113 1.355814e+03
736448 23.513692 23.600851 23.494322 23.560175 9.684387e+02
736449 23.562114 23.562114 23.459460 23.459460 1.743190e+03
736452 23.194107 23.194107 23.068209 23.145684 3.776911e+03
736453 22.932628 22.951998 22.932628 22.951998 1.162126e+03
736454 22.951998 22.951998 22.951998 22.951998 0.000000e+00
736455 23.097263 23.097263 23.097263 23.097263 9.684387e+01
736456 23.097263 23.097263 23.097263 23.097263 0.000000e+00
736459 23.165053 23.165053 23.165053 23.165053 1.936877e+02
736460 23.300634 23.484638 23.300634 23.484638 5.810632e+02
736461 23.296761 23.296761 23.296761 23.296761 9.684387e+01
736462 23.165053 23.320003 23.165053 23.320003 5.810632e+02
736463 23.203790 23.203790 23.203790 23.203790 1.936877e+02
736466 23.368425 23.513693 23.368425 23.445900 6.779071e+02
736467 23.526279 23.545649 23.526279 23.545649 2.905316e+02
736468 23.542743 23.707379 23.542743 23.658957 1.840033e+03
736469 23.320004 23.464301 23.320004 23.464301 4.755034e+04
736470 23.571797 23.668642 23.571797 23.591167 2.324253e+03
736473 23.591167 23.591167 23.591167 23.591167 0.000000e+00
736474 22.690519 22.787363 22.690519 22.777678 7.747510e+02
736475 22.893889 22.961680 22.845468 22.961680 1.936877e+03
736476 22.961680 22.961680 22.961680 22.961680 0.000000e+00
736477 22.680834 22.680834 22.680834 22.680834 9.684387e+01
736481 22.603360 22.603360 22.564621 22.564621 2.905316e+02
736482 22.651779 22.748624 22.651779 22.748624 1.936877e+02
736483 22.714729 22.884205 22.714729 22.884205 6.779071e+02
736484 22.961680 23.010103 22.961680 23.000419 6.779071e+02
736487 23.000419 23.000419 23.000419 23.000419 0.000000e+00
736488 23.000419 23.000419 23.000419 23.000419 0.000000e+00
736489 23.097263 23.097263 23.097263 23.097263 9.684387e+01
736490 23.068209 23.068209 23.068209 23.068209 6.779071e+02
736491 23.068209 23.068209 23.068209 23.068209 0.000000e+00
736494 22.942314 22.942314 22.816415 22.816415 1.065283e+03
736495 23.213474 23.213474 23.087578 23.087578 1.840033e+03
736496 23.087578 23.087578 23.087578 23.087578 0.000000e+00
736497 22.961680 22.961680 22.961680 22.961680 9.684387e+01
736498 23.039157 23.165053 23.039157 23.165053 1.355814e+03
736501 22.977176 22.977176 22.977176 22.977176 1.936877e+02
736502 22.884206 23.136000 22.884206 23.136000 6.779071e+02
736503 23.637643 23.637643 23.637643 23.637643 0.000000e+00
736504 23.637643 23.637643 23.637643 23.637643 0.000000e+00
736505 23.637643 23.637643 23.637643 23.637643 0.000000e+00
736508 22.480002 22.529475 22.480002 22.529475 2.968310e+02
736509 22.618525 22.658101 22.618525 22.658101 1.286268e+03
736510 22.790686 22.984615 22.790686 22.954933 4.056691e+03
736511 22.915356 22.915356 22.638312 22.895566 7.420776e+03
736512 22.834221 22.895566 22.786730 22.895566 3.364085e+03
736516 22.757045 22.757045 22.529475 22.588841 6.332395e+03
736517 22.381059 22.620502 22.341481 22.620502 7.618663e+03
736518 22.608630 22.608630 21.866553 21.892277 3.660916e+04
736519 22.271233 22.271233 21.729021 21.729021 3.502606e+04
736522 22.539370 22.539370 22.489897 22.498802 1.583099e+03
736523 22.786729 22.905460 22.786729 22.905460 1.978873e+02
736524 23.123138 23.123138 22.940090 22.940090 3.166198e+03
736525 22.940090 22.940090 22.940090 22.940090 9.894367e+01
736526 23.014298 23.083559 23.004404 23.083559 2.077817e+03
736529 23.152820 23.281448 23.152820 23.245826 1.978873e+03
736530 22.865884 22.913376 22.865884 22.905460 2.671479e+03
736531 22.905460 22.905460 22.905460 22.905460 0.000000e+00
736532 22.816411 22.816411 22.796624 22.796624 2.968310e+02
736533 22.727361 22.727361 22.727361 22.727361 1.978873e+02
736536 22.608630 22.608630 22.559157 22.559157 2.077817e+03
736537 22.559157 22.559157 22.559157 22.559157 0.000000e+00
736538 22.420637 22.420637 22.262327 22.262327 5.936621e+02
736539 22.014968 22.014968 21.908109 21.965497 5.936621e+02
736540 21.965497 21.965497 21.965497 21.965497 0.000000e+00
736543 21.935812 21.935812 21.880404 21.896234 3.660916e+03
736544 21.757714 21.757714 21.510355 21.510355 1.286268e+03
736545 21.866552 21.916024 21.866552 21.886342 5.936621e+02
736546 21.927898 21.927898 21.927898 21.927898 6.926057e+02
736547 21.955602 21.955602 21.945707 21.945707 9.894367e+02
736550 21.934824 21.945707 21.934824 21.945707 1.286268e+03
736551 22.256390 22.256390 22.256390 22.256390 4.947184e+02
736552 22.193067 22.292011 22.183172 22.248475 1.523733e+04
736553 22.301905 22.509686 22.282116 22.464172 1.029014e+04
736554 22.559157 22.559157 22.559157 22.559157 5.936621e+02
736557 22.499791 22.608629 22.499791 22.574000 5.244015e+03
736558 22.262326 22.262326 22.212856 22.222748 2.275704e+03
736559 21.852701 21.867542 21.629089 21.737925 2.542853e+04
736560 21.846763 21.924929 21.836869 21.896234 1.385211e+03
736561 21.782449 21.849732 21.782449 21.849732 5.936621e+02
736564 21.421305 21.450989 21.381729 21.381729 3.364085e+03
736565 21.470779 21.510355 21.470779 21.510355 1.978874e+02
736566 21.183841 21.302574 21.183841 21.209567 1.583099e+03
736567 21.164051 21.203630 21.124475 21.124475 1.682043e+03
736568 21.173946 21.253101 21.113591 21.113591 8.904930e+02
736571 21.500460 21.559827 21.500460 21.549933 6.926057e+02
736572 21.569720 21.569720 21.569720 21.569720 2.968310e+02
736573 21.480671 21.480671 21.349077 21.351056 2.968310e+02
736574 21.253101 21.253101 21.250132 21.252112 3.957747e+02
736575 21.252112 21.252112 21.252112 21.252112 0.000000e+00
736579 21.896234 21.896234 21.856657 21.876447 1.286268e+03
736580 21.688453 21.688453 21.648875 21.678559 1.484155e+03
736581 21.916024 21.916024 21.916024 21.916024 4.947184e+02
736582 21.668664 21.668664 21.447031 21.447031 9.894367e+02
736585 21.391624 21.411411 21.391624 21.411411 1.385211e+03
736586 21.401516 21.401516 21.304552 21.304552 3.957747e+02
736587 21.303563 21.303563 21.282785 21.282785 4.947184e+02
736588 21.401516 21.401516 21.401516 21.401516 1.978874e+02
736589 21.401516 21.401516 21.401516 21.401516 2.968310e+02
736592 20.976060 20.976060 20.887011 20.926587 8.904931e+02
736593 20.976061 20.976061 20.956271 20.956271 5.936621e+02
736594 21.065109 21.262995 21.065109 21.262995 1.484155e+03
736595 21.272890 21.312468 21.272890 21.302574 3.166198e+03
736596 21.302574 21.302574 21.302574 21.302574 0.000000e+00
736599 21.124475 21.124475 21.124475 21.124475 9.894368e+01
736600 20.392292 20.431868 20.332923 20.431868 3.364085e+03
736601 19.620531 20.174614 19.620531 20.110303 8.608100e+03
736602 20.342819 20.441764 20.263665 20.421974 1.602888e+04
736603 20.421974 20.421974 20.421974 20.421974 3.957747e+02
736606 19.719474 19.739264 19.603710 19.739264 6.728170e+03
736607 19.867890 20.026200 19.867890 19.927255 4.551409e+03
736608 20.174614 20.352713 20.174614 20.347767 3.067254e+03
736609 20.347767 20.347767 20.347767 20.347767 0.000000e+00
736610 20.629756 20.629756 20.554559 20.554559 2.374648e+03
736613 20.460563 20.460563 20.460563 20.460563 5.936620e+02
736614 20.550602 20.550602 20.472436 20.472436 3.067254e+03
736615 20.504098 20.504098 20.501129 20.501129 4.947184e+02
736616 20.689123 20.689123 20.579295 20.590178 2.473592e+03
736617 20.679228 20.679228 20.679228 20.679228 2.968310e+02
736620 20.372503 20.372503 20.204298 20.224088 2.176761e+03
736621 20.224088 20.224088 20.224088 20.224088 0.000000e+00
736622 20.233983 20.258717 20.164720 20.164720 9.894368e+02
736623 20.342819 20.659438 20.342819 20.577317 1.197218e+04
736624 20.481341 20.718806 20.481341 20.718806 1.236796e+04
736627 21.144264 21.292679 21.144264 21.272890 1.602888e+04
736628 21.411410 21.411410 21.381729 21.401516 2.572536e+03
736629 21.648875 21.648875 21.540038 21.540038 1.385211e+03
736630 21.767608 21.817079 21.718137 21.767608 4.947184e+03
736631 21.668664 21.728029 21.589509 21.589509 2.275704e+03
736634 22.084229 22.084229 21.579615 21.579615 1.870035e+04
736635 21.767608 21.825985 21.668665 21.678559 2.275705e+03
736636 21.648875 21.648875 21.599404 21.599404 1.879930e+03
736637 21.935812 21.965496 21.797292 21.797292 1.029014e+04
736638 21.767608 21.787396 21.718137 21.747819 4.353522e+03
736641 22.371166 22.519581 22.351377 22.519581 5.936621e+03
736642 22.747151 22.954934 22.713509 22.923270 6.332395e+03
736643 23.073665 23.291342 23.063770 23.291342 1.592993e+04
736644 23.182502 23.281447 22.985605 23.118189 5.837677e+03
736645 22.974721 22.974721 22.717467 22.796624 5.639790e+03
736648 23.429863 23.572340 23.429863 23.548594 4.947184e+03
736649 23.093454 23.103348 23.093454 23.103348 2.275705e+03
736650 23.638635 23.638635 23.627749 23.627749 2.275705e+03
736651 23.528807 23.528807 23.433820 23.443714 4.947184e+02
736652 23.390283 23.439757 23.390283 23.439757 3.166198e+03
736655 23.092465 23.192398 23.092465 23.192398 2.374648e+03
736656 23.380389 23.380389 23.380389 23.380389 1.385211e+03
736657 24.072996 24.092785 23.993841 24.007693 2.077817e+03
736659 24.007693 24.007693 24.007693 24.007693 0.000000e+00
736662 24.627080 24.706235 24.597399 24.706235 2.275705e+03
736663 24.152151 24.340144 24.152151 24.300566 1.978874e+03
736664 24.785389 24.811115 24.767580 24.767580 2.275704e+03
736665 25.191059 25.250426 25.074305 25.250426 1.286268e+03
736666 25.339476 25.564077 25.240531 25.564077 2.434014e+04
736669 25.200953 25.210849 25.141588 25.141588 2.671479e+03
736670 25.200953 25.200953 25.200953 25.200953 5.936620e+02
736671 25.210848 25.210848 25.131693 25.131693 3.957747e+02
736672 25.116852 25.116852 25.099043 25.101020 7.915494e+02
736673 25.141588 25.141588 25.111904 25.111904 7.915494e+02
736676 25.092117 25.304846 25.092117 25.141588 2.077817e+03
736677 25.090137 25.119820 25.052538 25.083211 4.353522e+03
736678 25.012962 25.012962 24.627080 24.627080 1.682042e+03
736679 24.993172 25.131693 24.933807 25.131693 1.236796e+04
736680 25.131693 25.240531 25.102011 25.210848 8.311269e+03
736683 25.102012 25.102012 24.755708 25.003067 1.434683e+04
736684 24.943700 24.943700 24.822000 24.822000 3.463029e+03
736685 24.959999 25.200001 24.959999 25.150000 8.500000e+03
736686 25.190001 25.190001 24.959999 24.975000 5.200000e+03
736687 25.040001 25.070000 25.035000 25.049999 2.800000e+03
736691 25.830000 25.830000 25.650000 25.660000 8.600000e+03
736692 25.770000 25.770000 25.540001 25.540001 5.200000e+03
736693 25.480000 25.480000 25.350000 25.350000 7.700000e+03
736694 25.459999 25.459999 25.219999 25.254999 4.700000e+03
736698 25.709999 25.709999 25.309999 25.309999 4.100000e+03
736699 25.420000 25.450001 25.379999 25.379999 3.700000e+03
736700 25.260000 25.430000 25.260000 25.358999 3.130000e+04
736701 25.160000 25.400000 25.160000 25.320000 9.400000e+03
736704 25.160000 25.160000 24.950001 24.974001 6.000000e+03
736705 24.860001 24.860001 24.669001 24.669001 4.600000e+03
736706 24.510000 24.660000 24.370001 24.629999 1.360000e+04
736707 24.459999 24.459999 24.180000 24.270000 3.040000e+04
736708 24.500000 24.570000 24.469999 24.570000 2.400000e+03
736712 24.420000 24.420000 24.240000 24.285000 2.800000e+03
736713 24.160000 24.160000 24.100000 24.100000 1.100000e+03
736714 24.260000 24.260000 24.200001 24.209999 1.200000e+03
736715 24.350000 24.350000 24.309999 24.350000 2.600000e+03
736718 24.480000 24.801001 24.480000 24.801001 3.700000e+03
736719 25.000000 25.267000 25.000000 25.267000 7.100000e+03
736720 25.330000 25.450001 25.280001 25.450001 4.200000e+03
736721 25.420000 25.480000 25.323999 25.459999 1.530000e+04
736722 25.430000 25.430000 25.399000 25.399000 9.000000e+02
736725 25.320000 25.320000 25.271999 25.309999 8.000000e+02
736726 25.260000 25.400000 25.260000 25.298000 3.000000e+03
736727 25.250000 25.250000 25.181000 25.184000 1.400000e+03
736728 25.280001 25.280001 25.169001 25.219999 4.700000e+03
736729 25.000000 25.370001 25.000000 25.340000 3.800000e+03
736732 25.030001 25.049999 24.990000 25.049999 4.300000e+03
736733 25.000000 25.000000 24.670000 24.680000 8.100000e+03
736734 24.430000 24.722000 24.410000 24.610001 4.400000e+03
736735 24.680000 24.719999 24.680000 24.690001 1.500000e+03
736736 24.944000 24.944000 24.944000 24.944000 2.000000e+02
736739 25.000000 25.041000 24.950001 25.041000 6.500000e+03
736740 25.000000 25.000000 24.889999 24.900000 3.500000e+03
736741 24.940001 25.200001 24.940001 25.200001 1.300000e+03
736742 25.240000 25.240000 25.240000 25.240000 4.000000e+03
736743 25.250000 25.250000 25.170000 25.249001 1.200000e+03
736747 24.930000 25.049999 24.930000 25.040001 4.200000e+03
736748 25.049999 25.090000 24.969999 25.054001 1.990000e+04
736749 24.950001 25.077999 24.950001 25.010000 6.400000e+03
736750 24.940001 24.940001 24.860001 24.889999 1.500000e+03
736753 24.760000 24.780001 24.743000 24.743000 1.700000e+03
736754 24.930000 24.930000 24.632000 24.632000 2.700000e+03
736755 24.760000 24.761000 24.760000 24.761000 4.000000e+02
736756 24.780001 24.789000 24.712999 24.712999 9.000000e+02
736757 24.750000 24.820000 24.750000 24.820000 5.000000e+02
736760 24.760000 24.799999 24.750000 24.750000 2.300000e+03
736761 24.760000 24.785000 24.760000 24.785000 4.000000e+02
736762 24.680000 24.680000 24.500000 24.500000 1.200000e+03
736763 24.500000 24.502001 24.459999 24.459999 6.000000e+02
736764 24.540001 24.575001 24.530001 24.535000 1.300000e+03
