736034 23.910000 24.209999 23.389999 23.459999 7.460000e+05
736035 23.510000 24.420000 23.500000 24.000000 2.436600e+06
736036 26.745001 27.750000 26.080000 27.100000 1.017910e+07
736039 27.299999 28.090000 26.209999 26.340000 2.811400e+06
736040 26.350000 26.990000 26.000000 26.370001 1.483400e+06
736041 26.200001 26.650000 25.600000 26.150000 1.447100e+06
736042 25.980000 26.090000 25.650000 25.889999 9.006000e+05
736043 25.959999 27.000000 25.799999 27.000000 1.753700e+06
736046 26.799999 27.340000 26.350000 27.059999 1.313600e+06
736047 26.980000 27.840000 26.920000 27.150000 1.512500e+06
736048 27.280001 27.719999 26.600000 26.660000 1.072100e+06
736049 26.459999 26.690001 25.840000 26.070000 1.021300e+06
736050 26.000000 26.290001 25.660000 25.969999 4.695000e+05
736053 26.200001 26.639999 25.500000 25.809999 9.230000e+05
736054 25.600000 26.100000 25.520000 25.610001 7.116000e+05
736055 25.600000 25.690001 24.719999 25.209999 1.164300e+06
736056 25.139999 26.080000 25.049999 25.629999 8.945000e+05
736060 25.389999 25.780001 25.280001 25.600000 6.233000e+05
736061 25.530001 26.750000 25.410000 25.790001 1.753000e+06
736062 25.940001 26.879999 25.799999 26.860001 9.840000e+05
736063 26.900000 28.389999 26.860001 28.049999 1.850400e+06
736064 28.049999 28.389999 27.559999 27.629999 9.765000e+05
736067 27.620001 28.190001 27.049999 27.250000 6.811000e+05
736068 27.170000 27.389999 26.570000 27.040001 5.068000e+05
736069 27.040001 27.480000 26.750000 27.049999 5.015000e+05
736070 27.059999 28.370001 27.059999 28.309999 9.945000e+05
736071 28.160000 28.299999 27.400000 27.559999 8.486000e+05
736074 27.680000 28.900000 27.610001 28.750000 9.703000e+05
736075 28.950001 29.000000 28.280001 28.559999 5.537000e+05
736076 28.469999 28.480000 27.850000 28.219999 6.002000e+05
736077 28.290001 28.299999 27.900000 28.000000 3.255000e+05
736078 28.150000 28.709999 27.920000 28.000000 4.987000e+05
736081 28.100000 28.700001 28.000000 28.110001 5.475000e+05
736082 28.280001 28.639999 27.780001 28.270000 6.102000e+05
736083 28.000000 28.080000 26.500000 26.559999 1.357300e+06
736084 26.700001 26.889999 26.010000 26.180000 5.962000e+05
736085 26.379999 26.860001 26.250000 26.490000 6.294000e+05
736088 26.450001 26.840000 26.299999 26.660000 4.261000e+05
736089 26.670000 26.740999 25.799999 26.160000 5.054000e+05
736090 26.309999 26.590000 25.600000 25.860001 5.690000e+05
736091 25.900000 27.030001 25.830000 26.760000 6.454000e+05
736092 27.000000 27.420000 26.600000 26.799999 5.710000e+05
736095 27.020000 27.969999 26.959999 27.840000 7.811000e+05
736096 27.719999 28.030001 27.110001 27.850000 8.399000e+05
736097 28.100000 28.530001 27.820000 28.219999 1.096600e+06
736098 28.780001 29.200001 28.125000 29.059999 4.736800e+06
736099 24.959999 25.370001 24.450001 24.700001 6.983600e+06
736102 24.700001 24.969999 24.150000 24.270000 1.917100e+06
736103 24.070000 24.270000 23.200001 23.309999 2.985900e+06
736104 22.260000 22.670000 21.969999 22.350000 3.919200e+06
736105 22.410000 22.980000 22.270000 22.799999 1.633700e+06
736106 22.930000 23.000000 22.350000 22.530001 1.097400e+06
736110 22.510000 22.530001 21.760000 22.150000 1.164400e+06
736111 22.260000 22.389999 21.570000 21.719999 9.953000e+05
736112 21.719999 21.799999 21.170000 21.280001 1.040100e+06
736113 21.250000 21.350000 20.600000 20.740000 1.275100e+06
736116 20.680000 20.959999 20.430000 20.780001 8.671000e+05
736117 20.680000 21.299999 20.680000 20.950001 9.534000e+05
736118 21.129999 21.351999 21.000000 21.139999 7.253000e+05
736119 21.219999 21.424000 20.750000 20.879999 7.367000e+05
736120 20.879999 20.969999 20.549999 20.879999 5.078000e+05
736123 20.790001 21.160000 20.740000 20.780001 6.337000e+05
736124 20.760000 20.809000 20.299999 20.670000 7.685000e+05
736125 20.650000 20.990000 20.559999 20.700001 7.144000e+05
736126 20.700001 20.730000 20.450001 20.650000 5.041000e+05
736127 20.730000 21.200001 20.559999 20.650000 6.205000e+05
736130 20.570000 20.740000 20.340000 20.709999 5.173000e+05
736131 20.670000 21.049999 20.629999 20.740000 7.438000e+05
736132 20.809999 21.010000 20.700001 20.889999 4.730000e+05
736133 20.889999 21.040001 20.709999 20.930000 6.872000e+05
736134 20.930000 21.500000 20.863001 21.450001 1.206100e+06
736137 21.490000 21.680000 20.620001 20.760000 1.218500e+06
736138 20.790001 20.934000 20.530001 20.809999 5.092000e+05
736139 20.719999 20.950001 20.580000 20.610001 7.663000e+05
736140 20.700001 20.900000 20.530001 20.700001 4.889000e+05
736141 20.650000 21.040001 20.638000 21.000000 1.631800e+06
736144 20.750000 21.040001 20.549999 20.760000 7.733000e+05
736145 20.950001 20.978001 20.510000 20.709999 4.342000e+05
736146 20.980000 20.980000 20.410000 20.469999 3.897000e+05
736147 20.420000 20.840000 20.364000 20.379999 3.503000e+05
736151 20.270000 20.549999 20.000000 20.410000 4.952000e+05
736152 20.400000 20.400000 19.459999 20.030001 8.889000e+05
736153 19.850000 19.940001 19.480000 19.500000 5.682000e+05
736154 19.700001 19.841999 19.219999 19.260000 6.133000e+05
736155 19.410000 19.799999 19.260000 19.660000 4.393000e+05
736158 19.770000 20.500000 19.719999 20.389999 5.291000e+05
736159 20.290001 20.540001 19.840000 19.920000 6.239000e+05
736160 19.889999 19.920000 19.209999 19.219999 9.047000e+05
736161 19.320000 19.940001 19.270000 19.510000 4.116000e+05
736162 19.490000 19.500000 18.900000 18.930000 6.880000e+05
736165 18.920000 19.190001 18.500000 18.799999 1.042200e+06
736166 18.740000 19.200001 18.320000 18.700001 6.630000e+05
736167 18.660000 19.430000 18.620001 19.360001 5.911000e+05
736168 19.389999 19.483999 18.704000 18.860001 4.616000e+05
736169 18.840000 18.990000 18.360001 18.520000 6.628000e+05
736172 18.400000 18.450001 18.120001 18.190001 4.104000e+05
736173 18.200001 18.469999 18.110001 18.370001 3.877000e+05
736174 18.410000 19.030001 18.309999 18.969999 5.848000e+05
736175 18.850000 18.969999 18.290001 18.290001 6.719000e+05
736176 18.309999 19.000000 18.309999 18.790001 5.472000e+05
736179 18.709999 18.930000 18.510000 18.730000 6.073000e+05
736180 18.790001 19.320000 18.650000 19.110001 5.135000e+05
736181 19.299999 20.150000 19.209999 19.570000 1.230500e+06
736182 19.650000 19.690001 18.799999 18.969999 8.041000e+05
736183 19.070000 19.170000 18.450001 18.500000 6.578000e+05
736186 18.700001 18.940001 18.290001 18.400000 7.708000e+05
736187 18.250000 18.389999 17.780001 17.930000 8.037000e+05
736188 17.889999 17.990000 17.513000 17.840000 7.420000e+05
736189 18.040001 18.830000 17.780001 18.360001 2.841300e+06
736190 14.810000 15.350000 14.550000 14.560000 8.779800e+06
736193 14.550000 14.950000 14.260000 14.690000 2.064400e+06
736194 14.870000 14.870000 14.010000 14.100000 1.338400e+06
736195 13.870000 14.150000 13.220000 13.320000 2.334500e+06
736196 13.000000 13.025000 12.360000 12.450000 2.569100e+06
736197 12.210000 12.630000 12.020000 12.260000 1.765300e+06
736200 11.100000 11.990000 10.250000 11.370000 1.843800e+06
736201 12.220000 12.880000 11.810000 12.150000 1.785400e+06
736202 12.310000 12.630000 11.500000 11.790000 9.576000e+05
736203 12.100000 12.827000 11.850000 12.620000 1.166700e+06
736204 13.190000 13.785000 13.080000 13.700000 1.979200e+06
736207 13.520000 13.550000 13.010000 13.010000 1.060000e+06
736208 12.660000 12.930000 12.300000 12.790000 8.176000e+05
736209 12.950000 12.985000 12.420000 12.680000 5.425000e+05
736210 12.630000 12.828000 12.360000 12.510000 5.828000e+05
736211 12.330000 12.710000 12.250000 12.690000 5.886000e+05
736215 12.890000 12.980000 12.330000 12.550000 5.856000e+05
736216 12.580000 12.790000 12.300000 12.350000 6.087000e+05
736217 12.320000 12.560000 12.160000 12.300000 5.358000e+05
736218 12.250000 12.382000 12.080000 12.300000 4.850000e+05
736221 12.310000 12.330000 12.000000 12.290000 3.851000e+05
736222 12.270000 12.550000 12.270000 12.390000 3.516000e+05
736223 12.390000 12.850000 12.360000 12.630000 6.237000e+05
736224 12.650000 12.870000 12.450000 12.490000 5.485000e+05
736225 12.340000 12.495000 12.200000 12.280000 6.063000e+05
736228 12.360000 12.650000 12.200000 12.280000 4.318000e+05
736229 12.170000 12.220000 11.870000 12.030000 6.419000e+05
736230 12.020000 12.395000 11.500000 11.600000 8.957000e+05
736231 11.410000 11.550000 11.040000 11.200000 9.551000e+05
736232 11.380000 11.380000 11.030000 11.100000 5.302000e+05
736235 11.010000 11.110000 10.590000 10.640000 5.085000e+05
736236 10.660000 11.150000 10.600000 10.980000 5.564000e+05
736237 11.070000 11.140000 10.620000 10.780000 4.623000e+05
736238 10.760000 10.860000 10.290000 10.380000 7.559000e+05
736239 10.290000 10.940000 10.160000 10.910000 7.962000e+05
736242 10.970000 11.330000 10.850000 11.270000 4.632000e+05
736243 11.270000 11.380000 10.888000 11.030000 3.983000e+05
736244 11.080000 11.250000 10.840000 11.070000 3.488000e+05
736245 11.480000 12.480000 11.340000 12.280000 1.699200e+06
736246 12.260000 13.274000 12.260000 13.000000 2.645000e+06
736249 12.940000 13.010000 11.623000 11.790000 1.488000e+06
736250 11.650000 12.060000 11.500000 11.740000 6.086000e+05
736251 11.700000 12.140000 11.430000 11.560000 6.615000e+05
736252 11.610000 11.840000 11.350000 11.690000 6.121000e+05
736253 11.640000 11.800000 11.350000 11.760000 4.540000e+05
736256 11.880000 12.180000 11.550000 12.120000 5.073000e+05
736257 12.120000 12.310000 11.954000 12.020000 4.758000e+05
736258 12.020000 12.150000 11.560000 11.640000 6.005000e+05
736259 11.770000 11.900000 11.450000 11.510000 3.775000e+05
736260 11.640000 11.890000 11.520000 11.800000 4.481000e+05
736263 11.740000 11.850000 11.460000 11.480000 3.494000e+05
736264 11.460000 11.470000 10.940000 11.060000 7.249000e+05
736265 11.060000 11.650000 11.060000 11.520000 8.974000e+05
736266 11.520000 11.700000 11.420000 11.600000 3.663000e+05
736267 11.560000 11.610000 11.310000 11.480000 2.628000e+05
736270 11.500000 12.020000 11.440000 11.960000 8.412000e+05
736271 11.960000 12.300000 11.650000 11.780000 1.121500e+06
736272 11.770000 11.950000 11.230000 11.470000 7.201000e+05
736273 11.470000 11.590000 11.250000 11.360000 4.505000e+05
736274 11.270000 11.610000 11.270000 11.610000 4.467000e+05
736277 11.540000 11.770000 11.410000 11.730000 8.460000e+05
736278 11.670000 11.730000 11.325000 11.620000 1.002200e+06
736279 11.600000 12.150000 11.441000 12.090000 9.568000e+05
736280 11.960000 11.960000 11.400000 11.520000 1.756800e+06
736281 9.870000 10.980000 9.580000 10.200000 5.512700e+06
736284 10.150000 10.790000 10.125000 10.610000 1.358900e+06
736285 10.150000 10.990000 10.150000 10.600000 8.594000e+05
736286 10.690000 10.760000 10.400000 10.640000 7.221000e+05
736287 10.760000 11.185000 10.560000 11.150000 8.475000e+05
736288 11.190000 11.380000 10.980000 11.120000 5.097000e+05
736291 11.160000 11.900000 11.020000 11.560000 7.068000e+05
736292 11.420000 11.670000 11.071000 11.620000 4.500000e+05
736293 11.580000 12.090000 11.500000 11.880000 7.725000e+05
736295 11.850000 11.960000 11.730000 11.740000 2.178000e+05
736298 11.780000 12.500000 11.750000 12.280000 8.632000e+05
736299 12.740000 12.748000 12.250000 12.650000 8.020000e+05
736300 12.590000 12.718000 12.100000 12.300000 5.422000e+05
736301 12.380000 12.500000 12.000000 12.090000 5.852000e+05
736302 12.100000 12.350000 11.950000 12.040000 3.307000e+05
736305 12.000000 12.400000 11.530000 12.160000 5.047000e+05
736306 11.810000 12.590000 11.810000 12.400000 5.699000e+05
736307 12.300000 12.850000 12.240000 12.440000 5.467000e+05
736308 12.430000 12.730000 12.320000 12.670000 3.576000e+05
736309 12.510000 12.630000 12.300000 12.430000 4.544000e+05
736312 12.380000 12.620000 12.100000 12.320000 6.931000e+05
736313 12.420000 12.780000 12.420000 12.710000 4.877000e+05
736314 12.760000 13.240000 12.760000 13.000000 8.583000e+05
736315 13.030000 13.150000 12.550000 12.660000 6.146000e+05
736316 12.620000 12.950000 12.540000 12.760000 6.655000e+05
736319 12.830000 12.965000 12.680000 12.810000 4.051000e+05
736320 12.820000 12.960000 12.580000 12.770000 5.853000e+05
736321 12.810000 13.330000 12.810000 13.040000 5.204000e+05
736322 13.080000 13.280000 13.070000 13.110000 1.865000e+05
736326 13.020000 13.150000 12.664000 12.800000 4.028000e+05
736327 12.830000 13.038000 12.700000 12.900000 3.422000e+05
736328 12.810000 13.000000 12.550000 12.680000 3.424000e+05
736329 12.530000 12.815000 12.500000 12.630000 4.317000e+05
736333 12.290000 12.700000 12.020000 12.600000 6.639000e+05
736334 12.600000 12.770000 12.460000 12.720000 4.119000e+05
736335 12.500000 12.900000 12.500000 12.690000 5.194000e+05
736336 12.410000 12.540000 12.010000 12.320000 7.460000e+05
736337 12.390000 12.650000 12.260000 12.340000 5.966000e+05
736340 12.370000 12.610000 12.230000 12.510000 6.026000e+05
736341 12.600000 12.890000 12.080000 12.270000 6.989000e+05
736342 12.680000 13.000000 12.500000 12.580000 1.103500e+06
736343 12.670000 13.560000 12.290000 13.550000 1.368800e+06
736344 13.190000 13.300000 12.570000 12.900000 9.127000e+05
736348 13.000000 13.060000 11.860000 11.920000 1.033200e+06
736349 11.710000 11.770000 10.860000 11.280000 1.596600e+06
736350 11.120000 12.140000 11.075000 11.720000 7.900000e+05
736351 11.890000 12.322000 11.800000 12.120000 6.330000e+05
736354 12.080000 12.220000 11.870000 11.900000 3.707000e+05
736355 11.980000 12.280000 11.840000 12.160000 6.250000e+05
736356 12.090000 12.350000 11.950000 12.010000 3.816000e+05
736357 12.090000 12.250000 11.520000 11.610000 3.487000e+05
736358 11.620000 12.190000 11.620000 12.120000 5.331000e+05
736361 12.130000 12.540000 12.020000 12.470000 3.717000e+05
736362 12.270000 12.413000 11.780000 12.000000 4.865000e+05
736363 12.030000 12.120000 11.415000 11.790000 3.046000e+05
736364 11.770000 12.040000 11.645000 12.000000 2.850000e+05
736365 11.970000 11.970000 11.505000 11.520000 4.280000e+05
736368 11.420000 11.420000 10.610000 11.110000 6.230000e+05
736369 10.950000 11.120000 10.520000 10.830000 5.126000e+05
736370 10.950000 11.040000 10.500000 10.520000 2.632000e+05
736371 10.360000 10.620000 10.210000 10.560000 2.667000e+05
736372 10.680000 11.160000 10.630000 10.980000 3.077000e+05
736376 11.140000 11.590000 10.860000 11.520000 3.245000e+05
736377 11.650000 12.150000 11.130000 11.890000 4.366000e+05
736378 11.840000 12.140000 11.611000 12.110000 3.903000e+05
736379 12.020000 12.270000 11.840000 12.080000 2.841000e+05
736382 12.200000 12.680000 12.139000 12.370000 3.546000e+05
736383 12.300000 12.630000 12.176000 12.400000 3.243000e+05
736384 12.200000 12.692000 12.190000 12.640000 2.928000e+05
736385 12.590000 12.740000 12.300000 12.660000 3.491000e+05
736386 12.780000 12.780000 12.450000 12.660000 2.732000e+05
736389 12.680000 13.040000 12.670000 12.910000 4.594000e+05
736390 13.010000 13.380000 12.845000 13.310000 3.753000e+05
736391 13.270000 13.920000 13.180000 13.740000 5.785000e+05
736392 13.680000 14.280000 13.500000 13.740000 6.864000e+05
736393 13.720000 14.480000 13.531000 14.250000 7.676000e+05
736396 14.230000 15.100000 14.170000 14.890000 9.129000e+05
736397 14.710000 15.220000 14.630000 15.050000 8.276000e+05
736398 15.050000 15.290000 14.560000 14.900000 7.356000e+05
736399 14.970000 15.440000 14.600000 15.130000 1.839300e+06
736400 13.650000 14.120000 13.220000 13.890000 3.204400e+06
736403 14.110000 14.250000 12.970000 13.150000 1.170100e+06
736404 13.050000 13.460000 12.980000 13.080000 4.998000e+05
736405 12.980000 13.160000 12.820000 12.880000 4.797000e+05
736406 12.830000 13.245000 12.750000 13.080000 4.066000e+05
736407 13.170000 13.360000 13.020000 13.260000 4.922000e+05
736410 13.240000 13.320000 12.960000 12.970000 2.453000e+05
736411 12.950000 13.020000 12.810000 12.870000 2.442000e+05
736412 12.840000 12.840000 12.410000 12.410000 3.941000e+05
736413 12.360000 12.450000 12.080000 12.270000 2.421000e+05
736417 12.270000 12.490000 12.110000 12.370000 2.566000e+05
736418 12.310000 13.120000 12.134000 13.050000 5.168000e+05
736419 13.070000 13.550000 13.070000 13.450000 5.535000e+05
736420 13.440000 13.650000 13.019000 13.340000 3.188000e+05
736421 13.210000 13.790000 13.100000 13.730000 4.924000e+05
736424 13.650000 13.790000 13.285000 13.380000 2.972000e+05
736425 13.300000 13.310000 12.860000 13.010000 3.635000e+05
736426 13.050000 13.210000 12.820000 13.010000 3.029000e+05
736427 12.920000 13.120000 12.710000 12.810000 2.433000e+05
736428 12.900000 13.310000 12.890000 12.940000 3.324000e+05
736431 12.970000 13.420000 12.970000 13.190000 3.872000e+05
736432 13.190000 13.540000 13.190000 13.520000 3.162000e+05
736433 13.560000 14.290000 13.560000 14.210000 6.243000e+05
736434 14.160000 14.250000 13.950000 14.140000 3.356000e+05
736435 14.090000 14.460000 14.090000 14.380000 2.914000e+05
736438 14.300000 14.450000 14.080000 14.220000 2.873000e+05
736439 14.200000 14.840000 14.040000 14.310000 4.209000e+05
736440 14.270000 14.590000 14.260000 14.550000 3.221000e+05
736441 14.590000 14.770000 14.380000 14.450000 2.427000e+05
736442 14.450000 14.760000 14.450000 14.590000 2.348000e+05
736445 14.600000 14.720000 14.165000 14.340000 2.284000e+05
736446 14.370000 14.980000 14.360000 14.910000 3.156000e+05
736447 14.250000 14.485000 13.150000 13.710000 1.264600e+06
736448 13.690000 13.780000 13.080000 13.120000 4.995000e+05
736449 13.110000 13.350000 13.032000 13.190000 3.680000e+05
736452 13.270000 13.470000 13.150000 13.300000 3.482000e+05
736453 13.230000 13.700000 13.220000 13.390000 4.466000e+05
736454 13.270000 13.530000 13.180000 13.410000 2.635000e+05
736455 13.440000 13.640000 13.000000 13.160000 6.613000e+05
736456 12.610000 12.700000 11.080000 11.150000 1.902200e+06
736459 11.180000 11.960000 11.155000 11.710000 6.143000e+05
736460 11.720000 12.010000 11.570000 11.940000 5.009000e+05
736461 11.920000 11.945000 11.070000 11.200000 5.544000e+05
736462 11.280000 11.405000 11.010000 11.200000 3.003000e+05
736463 11.170000 11.230000 10.910000 10.970000 8.446000e+05
736466 11.060000 11.200000 10.970000 11.100000 6.815000e+05
736467 11.090000 11.250000 10.820000 10.920000 3.692000e+05
736468 10.860000 10.920000 10.620000 10.670000 4.029000e+05
736469 10.610000 10.690000 10.500000 10.640000 2.820000e+05
736470 10.630000 10.860000 10.570000 10.770000 3.361000e+05
736473 10.800000 11.096000 10.740000 10.840000 3.472000e+05
736474 10.870000 11.010000 10.780000 10.900000 3.510000e+05
736475 10.930000 11.090000 10.760000 11.000000 4.309000e+05
736476 11.000000 11.120000 10.900000 11.070000 2.452000e+05
736477 11.050000 11.270000 11.050000 11.180000 2.899000e+05
736481 11.180000 11.180000 10.970000 11.130000 2.584000e+05
736482 11.090000 11.300000 11.000000 11.200000 3.614000e+05
736483 11.200000 11.500000 11.200000 11.460000 2.617000e+05
736484 11.450000 11.480000 11.200000 11.330000 2.195000e+05
736487 11.360000 11.740000 11.290000 11.700000 3.146000e+05
736488 11.740000 11.780000 11.610000 11.670000 2.305000e+05
736489 11.670000 11.790000 11.580000 11.720000 1.626000e+05
736490 11.700000 12.010000 11.530000 11.990000 3.935000e+05
736491 11.920000 11.920000 11.500000 11.560000 3.165000e+05
736494 11.510000 11.566000 11.230000 11.280000 2.519000e+05
736495 11.260000 11.700000 11.260000 11.580000 2.671000e+05
736496 11.620000 11.900000 11.600000 11.640000 4.058000e+05
736497 11.520000 11.750000 11.360000 11.700000 2.364000e+05
736498 11.720000 11.990000 11.720000 11.850000 2.901000e+05
736501 12.000000 12.340000 11.990000 12.240000 4.467000e+05
736502 12.230000 12.370000 12.140000 12.350000 3.150000e+05
736503 12.380000 12.430000 12.194000 12.340000 2.954000e+05
736504 12.510000 12.680000 12.410000 12.570000 3.364000e+05
736505 11.950000 12.190000 11.500000 12.090000 1.585900e+06
736508 11.980000 12.100000 11.100000 11.465000 5.112000e+05
736509 11.610000 12.110000 11.610000 12.060000 3.580000e+05
736510 12.120000 12.700000 12.100000 12.670000 5.601000e+05
736511 12.740000 13.000000 12.520000 13.000000 4.830000e+05
736512 13.010000 13.190000 12.570000 13.150000 4.617000e+05
736516 13.060000 13.150000 12.695000 12.790000 2.403000e+05
736517 12.690000 12.880000 12.610000 12.790000 2.557000e+05
736518 12.780000 12.980000 12.710000 12.850000 1.169000e+05
736519 12.980000 13.280000 12.870000 13.160000 3.946000e+05
736522 13.230000 13.390000 13.160000 13.320000 1.967000e+05
736523 13.340000 13.440000 13.160000 13.280000 3.230000e+05
736524 13.280000 13.420000 13.079000 13.260000 2.690000e+05
736525 13.390000 13.520000 13.300000 13.400000 2.853000e+05
736526 13.480000 13.670000 13.340000 13.450000 2.421000e+05
736529 13.500000 13.710000 13.250000 13.610000 2.161000e+05
736530 13.530000 13.707000 13.340000 13.460000 2.877000e+05
736531 13.500000 13.640000 13.400000 13.480000 2.036000e+05
736532 13.490000 13.740000 13.490000 13.570000 2.011000e+05
736533 13.590000 13.800000 13.460000 13.750000 2.798000e+05
736536 13.730000 13.900000 13.680000 13.870000 1.324000e+05
736537 13.280000 13.480000 12.900000 12.940000 7.782000e+05
736538 12.990000 13.190000 12.950000 13.040000 3.551000e+05
736539 13.020000 13.320000 12.950000 13.260000 2.061000e+05
736540 13.250000 13.290000 13.030000 13.160000 2.010000e+05
736543 13.190000 13.380000 13.030000 13.280000 2.140000e+05
736544 13.250000 13.250000 12.270000 12.500000 8.802000e+05
736545 12.750000 13.120000 12.310000 13.100000 4.853000e+05
736546 13.200000 13.460000 12.730000 13.080000 8.347000e+05
736547 14.020000 14.370000 13.410000 13.450000 1.661500e+06
736550 13.480000 13.699000 13.270000 13.470000 6.009000e+05
736551 13.470000 13.680000 13.250000 13.520000 3.513000e+05
736552 13.570000 13.860000 13.403000 13.750000 3.790000e+05
736553 13.770000 13.949000 13.643000 13.770000 2.308000e+05
736554 13.770000 13.840000 13.660000 13.780000 1.625000e+05
736557 13.780000 14.080000 13.690000 13.920000 2.505000e+05
736558 13.930000 13.940000 13.610000 13.730000 3.512000e+05
736559 13.670000 13.670000 13.450000 13.530000 2.822000e+05
736560 13.560000 13.670000 13.440000 13.620000 2.354000e+05
736561 13.550000 14.020000 13.550000 13.790000 3.660000e+05
736564 13.680000 13.900000 13.660000 13.880000 1.776000e+05
736565 14.000000 14.040000 13.600000 13.870000 3.381000e+05
736566 13.800000 13.940000 13.710000 13.750000 2.138000e+05
736567 13.690000 13.880000 13.620000 13.700000 1.867000e+05
736568 13.760000 13.950000 13.600000 13.710000 1.733000e+05
736571 13.770000 14.000000 13.710000 13.780000 1.730000e+05
736572 13.810000 13.890000 13.635000 13.720000 1.553000e+05
736573 13.740000 13.880000 13.520000 13.620000 2.037000e+05
736574 13.650000 13.740000 13.470000 13.620000 1.232000e+05
736575 13.660000 13.740000 13.540000 13.660000 1.302000e+05
736579 13.700000 13.770000 13.570000 13.670000 1.653000e+05
736580 13.680000 13.790000 13.540000 13.760000 1.420000e+05
736581 13.740000 13.790000 13.460000 13.520000 1.161000e+05
736582 14.170000 14.605000 13.730000 13.730000 2.661100e+06
736585 13.600000 13.930000 13.520000 13.700000 3.149300e+06
736586 13.550000 13.600000 12.570000 13.240000 1.038800e+06
736587 12.160000 13.210000 12.160000 12.890000 4.633000e+05
736588 12.850000 13.007000 12.641000 12.880000 2.888000e+05
736589 12.840000 13.240000 12.780000 13.180000 5.811000e+05
736592 13.220000 13.520000 13.140000 13.380000 5.080000e+05
736593 13.410000 13.460000 13.110000 13.240000 2.883000e+05
736594 13.300000 13.540000 13.200000 13.460000 3.671000e+05
736595 13.590000 13.731000 13.510000 13.660000 2.975000e+05
736596 13.640000 13.970000 13.580000 13.880000 3.337000e+05
736599 13.760000 13.870000 13.600000 13.700000 3.152000e+05
736600 13.730000 13.780000 13.440000 13.510000 2.261000e+05
736601 13.480000 13.590000 13.010000 13.060000 5.715000e+05
736602 13.060000 13.100000 12.530000 12.630000 4.747000e+05
736603 12.650000 12.740000 12.460000 12.590000 6.202000e+05
736606 12.550000 12.580000 12.150000 12.300000 7.073000e+05
736607 12.280000 12.380000 11.790000 11.890000 7.990000e+05
736608 11.910000 12.250000 11.870000 11.920000 7.385000e+05
736609 11.780000 11.930000 11.490000 11.900000 9.935000e+05
736610 11.900000 11.940000 11.640000 11.740000 4.429000e+05
736613 11.800000 11.950000 11.600000 11.700000 3.217000e+05
736614 11.700000 11.900000 11.400000 11.750000 6.967000e+05
736615 11.700000 11.800000 11.550000 11.650000 2.629000e+05
736616 11.500000 11.750000 11.350000 11.500000 6.850000e+05
736617 11.600000 12.025000 11.450000 11.850000 4.834000e+05
736620 11.800000 11.950000 11.650000 11.650000 3.827000e+05
736621 11.750000 12.400000 11.726000 12.000000 6.486000e+05
736622 12.100000 12.575000 11.950000 12.350000 4.009000e+05
736623 12.350000 12.350000 12.000000 12.200000 2.069000e+05
736624 12.150000 12.550000 12.100000 12.200000 3.248000e+05
736627 12.300000 12.600000 12.300000 12.500000 2.683000e+05
736628 12.400000 12.500000 11.950000 12.150000 5.122000e+05
736629 12.100000 12.100000 11.700000 11.800000 3.898000e+05
736630 11.850000 12.050000 11.700000 12.000000 2.930000e+05
736631 12.000000 12.300000 11.900000 12.000000 2.838000e+05
736634 12.100000 12.300000 11.825000 12.200000 2.939000e+05
736635 12.200000 12.400000 11.850000 11.850000 2.102000e+05
736636 11.800000 12.059000 11.750000 12.000000 2.079000e+05
736637 12.050000 12.400000 11.800000 12.200000 7.769000e+05
736638 11.050000 11.200000 10.084000 10.850000 1.807200e+06
736641 11.000000 11.075000 10.780000 11.000000 4.429000e+05
736642 10.950000 11.000000 10.550000 10.700000 6.178000e+05
736643 10.500000 11.050000 10.350000 11.050000 6.867000e+05
736644 11.100000 11.825000 11.050000 11.750000 7.895000e+05
736645 11.750000 12.200000 11.695000 12.200000 5.070000e+05
736648 12.200000 12.700000 12.200000 12.700000 5.602000e+05
736649 12.850000 12.850000 12.300000 12.600000 3.280000e+05
736650 12.550000 12.850000 12.400000 12.550000 2.983000e+05
736651 12.600000 12.700000 12.150000 12.350000 3.163000e+05
736652 12.300000 12.600000 12.250000 12.500000 2.449000e+05
736655 12.550000 12.750000 12.450000 12.650000 2.328000e+05
736656 12.700000 12.800000 12.550000 12.800000 1.994000e+05
736657 12.750000 13.000000 12.700000 12.950000 1.931000e+05
736659 12.950000 13.100000 12.900000 13.100000 1.011000e+05
736662 13.050000 13.175000 12.850000 12.900000 2.172000e+05
736663 13.000000 13.000000 12.550000 12.750000 2.630000e+05
736664 12.900000 12.950000 12.600000 12.600000 2.989000e+05
736665 12.650000 13.000000 12.575000 12.750000 3.183000e+05
736666 12.700000 12.750000 12.500000 12.550000 2.375000e+05
736669 12.550000 13.000000 12.550000 12.950000 4.154000e+05
736670 12.950000 13.000000 12.750000 12.950000 4.212000e+05
736671 13.000000 13.100000 12.800000 13.050000 3.536000e+05
736672 13.000000 13.450000 12.950000 13.350000 4.384000e+05
736673 13.300000 13.500000 12.900000 13.100000 6.317000e+05
736676 13.000000 13.400000 13.000000 13.200000 2.842000e+05
736677 13.300000 13.400000 13.100000 13.150000 2.118000e+05
736678 13.150000 13.300000 13.000000 13.200000 2.541000e+05
736679 13.150000 13.350000 13.050000 13.200000 2.936000e+05
736680 13.200000 13.400000 13.100000 13.200000 6.542000e+05
736683 13.150000 13.350000 13.150000 13.200000 1.571000e+05
736684 13.150000 13.350000 13.000000 13.150000 2.148000e+05
736685 13.150000 13.200000 12.950000 13.000000 1.690000e+05
736686 13.000000 13.000000 12.600000 12.650000 2.223000e+05
736687 12.700000 12.800000 12.550000 12.750000 1.381000e+05
736691 12.750000 12.900000 12.700000 12.850000 1.706000e+05
736692 12.800000 12.950000 12.500000 12.600000 1.980000e+05
736693 12.600000 12.900000 12.450000 12.550000 2.374000e+05
736694 12.500000 12.600000 12.200000 12.300000 4.283000e+05
736698 12.250000 12.750000 12.200000 12.700000 3.149000e+05
736699 12.800000 13.100000 12.700000 13.100000 3.298000e+05
736700 13.100000 13.100000 12.725000 12.850000 2.284000e+05
736701 12.850000 12.850000 12.500000 12.500000 1.866000e+05
736704 12.500000 12.700000 12.250000 12.350000 3.459000e+05
736705 12.350000 12.850000 12.350000 12.700000 2.262000e+05
736706 12.700000 12.900000 12.500000 12.750000 2.329000e+05
736707 12.700000 12.700000 12.400000 12.500000 3.324000e+05
736708 12.500000 12.675000 12.400000 12.450000 1.608000e+05
736712 12.500000 12.800000 12.350000 12.500000 1.808000e+05
736713 12.650000 12.650000 12.425000 12.600000 9.720000e+04
736714 12.550000 12.550000 12.300000 12.400000 1.616000e+05
736715 12.450000 12.550000 12.375000 12.500000 1.296000e+05
736718 12.500000 12.650000 12.400000 12.650000 1.497000e+05
736719 12.650000 12.700000 12.500000 12.600000 2.448000e+05
736720 12.600000 12.750000 12.519000 12.700000 1.932000e+05
736721 12.650000 12.850000 12.500000 12.550000 1.074000e+05
736722 12.550000 12.581000 12.350000 12.450000 1.567000e+05
736725 12.350000 12.600000 12.250000 12.500000 2.325000e+05
736726 12.400000 12.500000 12.250000 12.450000 2.029000e+05
736727 12.450000 12.500000 12.000000 12.050000 3.141000e+05
736728 12.050000 12.250000 11.950000 12.050000 1.926000e+05
736729 12.100000 12.300000 12.000000 12.200000 1.411000e+05
736732 12.100000 12.250000 12.050000 12.050000 1.686000e+05
736733 12.050000 12.250000 11.950000 12.000000 1.554000e+05
736734 12.000000 12.350000 11.900000 12.300000 1.935000e+05
736735 12.300000 12.350000 12.100000 12.250000 2.297000e+05
736736 12.300000 12.800000 12.300000 12.750000 3.649000e+05
736739 12.750000 13.000000 12.700000 12.850000 2.403000e+05
736740 12.900000 13.350000 12.850000 13.050000 4.748000e+05
736741 13.050000 13.350000 12.950000 13.300000 3.094000e+05
736742 13.250000 13.550000 13.200000 13.500000 3.626000e+05
736743 13.500000 13.500000 13.100000 13.400000 2.596000e+05
736747 13.400000 13.500000 12.900000 13.100000 3.144000e+05
736748 13.000000 13.250000 12.900000 13.000000 1.765000e+05
736749 12.950000 13.100000 12.700000 12.750000 2.177000e+05
736750 12.650000 12.700000 12.431000 12.650000 1.997000e+05
736753 12.600000 12.750000 12.525000 12.700000 1.582000e+05
736754 12.650000 12.700000 12.400000 12.500000 1.731000e+05
736755 12.450000 12.600000 12.400000 12.550000 2.158000e+05
736756 12.500000 12.600000 12.150000 12.150000 2.424000e+05
736757 12.200000 12.300000 12.050000 12.200000 2.487000e+05
736760 12.100000 12.250000 11.950000 12.150000 3.413000e+05
736761 12.100000 12.200000 11.950000 12.050000 3.762000e+05
736762 12.100000 12.250000 11.700000 11.800000 8.365000e+05
736763 11.800000 11.900000 11.200000 11.350000 1.259600e+06
736764 11.150000 11.464000 10.850000 11.050000 1.418700e+06
