736034 22.750000 23.110001 22.500000 23.010000 1.308300e+06
736035 23.160000 23.570000 22.930000 23.450001 1.634800e+06
736036 22.809999 23.180000 22.670000 22.950001 1.481600e+06
736039 23.020000 23.170000 22.870001 23.170000 5.259000e+05
736040 23.120001 23.370001 22.920000 23.270000 6.101000e+05
736041 23.160000 23.770000 22.959999 23.750000 6.909000e+05
736042 23.730000 24.000000 23.549999 23.709999 9.580000e+05
736043 23.780001 24.250000 23.760000 24.190001 8.592000e+05
736046 24.100000 24.180000 23.750000 23.840000 1.116100e+06
736047 23.379999 23.930000 23.240000 23.709999 1.593200e+06
736048 24.129999 24.379999 23.370001 23.629999 1.057930e+07
736049 23.459999 23.840000 23.260000 23.370001 1.978700e+06
736050 23.420000 23.709999 23.379999 23.629999 7.228000e+05
736053 23.719999 23.969999 23.620001 23.930000 1.072400e+06
736054 23.920000 23.920000 23.580000 23.680000 1.237900e+06
736055 23.570000 23.760000 23.350000 23.549999 1.492400e+06
736056 23.420000 23.700001 23.309999 23.360001 1.599800e+06
736060 23.240000 23.700001 23.120001 23.670000 1.005400e+06
736061 23.709999 23.730000 23.120001 23.139999 9.464000e+05
736062 23.139999 23.490000 22.959999 23.180000 1.167900e+06
736063 23.200001 23.379999 22.900000 23.170000 1.448800e+06
736064 23.190001 23.360001 22.959999 23.100000 9.351000e+05
736067 23.090000 23.230000 22.760000 22.780001 7.275000e+05
736068 22.620001 23.139999 22.370001 23.059999 2.466100e+06
736069 23.219999 23.389999 22.719999 22.940001 1.095200e+06
736070 22.910000 23.000000 22.740000 23.000000 9.251000e+05
736071 22.820000 23.010000 22.549999 22.730000 8.206000e+05
736074 22.879999 23.250000 22.670000 23.180000 9.447000e+05
736075 23.240000 23.450001 23.049999 23.219999 1.095400e+06
736076 23.240000 23.680000 23.190001 23.570000 9.050000e+05
736077 23.670000 24.020000 23.620001 23.980000 1.655500e+06
736078 24.010000 24.160000 23.889999 24.090000 1.260400e+06
736081 24.120001 24.320000 23.940001 24.049999 2.124000e+06
736082 24.040001 24.280001 23.959999 24.170000 1.477500e+06
736083 24.200001 24.500000 24.110001 24.180000 3.178200e+06
736084 24.660000 24.900000 24.049999 24.080000 2.461800e+06
736085 24.129999 24.379999 24.010000 24.360001 8.451000e+05
736088 24.389999 24.500000 24.080000 24.330000 1.346900e+06
736089 24.290001 24.340000 23.650000 23.790001 8.430000e+05
736090 23.820000 24.160000 23.549999 24.070000 1.208100e+06
736091 24.040001 24.510000 24.040001 24.500000 7.884000e+05
736092 24.700001 24.770000 24.330000 24.440001 1.152000e+06
736095 24.480000 24.650000 24.240000 24.309999 6.545000e+05
736096 24.230000 24.469999 23.930000 24.420000 8.649000e+05
736097 24.430000 24.480000 24.150000 24.200001 6.223000e+05
736098 24.280001 24.520000 24.120001 24.340000 7.762000e+05
736099 24.389999 24.639999 24.309999 24.500000 6.563000e+05
736102 24.480000 24.610001 24.320000 24.520000 7.087000e+05
736103 24.600000 24.660000 24.379999 24.650000 6.674000e+05
736104 24.650000 24.799999 24.459999 24.490000 8.089000e+05
736105 24.469999 24.820000 24.230000 24.770000 9.207000e+05
736106 24.770000 24.850000 24.590000 24.600000 7.041000e+05
736110 24.549999 24.610001 24.309999 24.450001 7.692000e+05
736111 24.500000 24.770000 24.250000 24.700001 7.725000e+05
736112 24.600000 24.940001 24.580000 24.889999 6.804000e+05
736113 24.889999 24.910000 24.590000 24.860001 6.973000e+05
736116 24.900000 24.900000 24.360001 24.490000 9.905000e+05
736117 24.340000 24.520000 24.219999 24.250000 8.365000e+05
736118 24.309999 24.410000 24.129999 24.299999 7.190000e+05
736119 24.209999 24.459999 24.070000 24.110001 1.728700e+06
736120 24.080000 24.500000 24.000000 24.450001 7.351000e+05
736123 24.400000 24.490000 24.160000 24.170000 6.251000e+05
736124 24.090000 24.209999 24.010000 24.170000 7.284000e+05
736125 24.330000 24.559999 24.209999 24.360001 7.306000e+05
736126 24.360001 24.469999 24.260000 24.299999 5.053000e+05
736127 24.230000 24.330000 24.070000 24.240000 3.578000e+05
736130 24.120001 24.200001 23.920000 24.049999 2.139700e+06
736131 24.000000 24.040001 23.490000 23.500000 1.520900e+06
736132 23.590000 23.670000 23.200001 23.389999 1.674400e+06
736133 23.379999 24.059999 23.260000 23.950001 1.089600e+06
736134 24.059999 24.170000 23.860001 23.990000 1.178900e+06
736137 24.190001 24.209999 23.700001 23.730000 1.082300e+06
736138 23.690001 23.830000 23.270000 23.350000 1.217000e+06
736139 23.219999 23.469999 22.920000 22.940001 1.591700e+06
736140 23.049999 23.150000 22.940001 23.030001 7.129000e+05
736141 23.030001 23.600000 22.990000 23.290001 5.079600e+06
736144 23.190001 23.250000 22.520000 22.549999 9.471000e+05
736145 22.700001 23.090000 22.549999 22.850000 1.072700e+06
736146 23.020000 23.290001 22.820000 23.260000 1.182700e+06
736147 23.389999 23.389999 22.760000 22.889999 9.050000e+05
736151 22.790001 23.219999 22.719999 23.190001 1.045800e+06
736152 23.160000 23.370001 22.650000 22.889999 1.383900e+06
736153 22.690001 23.170000 22.690001 22.770000 1.199700e+06
736154 23.049999 23.190001 22.639999 22.709999 6.957000e+05
736155 22.969999 23.559999 22.900000 23.420000 8.850000e+05
736158 23.559999 23.850000 23.389999 23.790001 8.649000e+05
736159 23.780001 24.010000 23.650000 23.940001 9.934000e+05
736160 23.920000 23.990000 23.580000 23.639999 8.615000e+05
736161 23.780001 24.180000 23.780001 23.930000 1.530700e+06
736162 23.920000 24.020000 23.820000 23.870001 1.186800e+06
736165 23.870001 24.059999 23.730000 24.049999 8.183000e+05
736166 24.070000 24.129999 23.680000 23.750000 6.808000e+05
736167 23.700001 23.820000 23.549999 23.620001 8.331000e+05
736168 23.700001 23.809999 22.610001 22.740000 1.325100e+06
736169 22.690001 22.799999 22.030001 22.090000 1.677500e+06
736172 21.969999 21.969999 21.559999 21.629999 2.031300e+06
736173 21.760000 21.809999 21.469999 21.600000 9.993000e+05
736174 21.610001 22.350000 21.559999 22.129999 1.845300e+06
736175 21.850000 22.379999 21.139999 21.350000 4.123000e+06
736176 21.450001 21.549999 21.160000 21.219999 1.108900e+06
736179 21.170000 21.389999 21.090000 21.290001 1.102500e+06
736180 21.320000 21.469999 20.889999 20.980000 1.029600e+06
736181 21.049999 21.430000 20.879999 20.940001 1.368300e+06
736182 20.930000 20.930000 20.240000 20.559999 2.252000e+06
736183 20.480000 20.750000 20.240000 20.440001 1.047400e+06
736186 20.570000 20.920000 20.520000 20.889999 9.543000e+05
736187 20.670000 20.820000 20.030001 20.150000 2.873400e+06
736188 19.969999 20.379999 19.830000 20.240000 1.358800e+06
736189 20.209999 20.299999 20.040001 20.129999 6.618000e+05
736190 20.070000 20.260000 20.030001 20.200001 8.201000e+05
736193 20.110001 20.410000 20.110001 20.290001 5.986000e+05
736194 20.240000 20.309999 20.049999 20.090000 9.401000e+05
736195 19.959999 20.180000 19.719999 19.950001 1.673300e+06
736196 19.719999 19.780001 19.059999 19.110001 1.552400e+06
736197 18.790001 19.100000 18.510000 18.559999 2.339000e+06
736200 17.580000 18.410000 17.270000 17.870001 1.584100e+06
736201 18.370001 18.580000 17.690001 17.799999 1.623100e+06
736202 18.200001 18.309999 17.690001 18.260000 1.123800e+06
736203 18.440001 18.959999 18.340000 18.750000 1.943700e+06
736204 18.709999 18.930000 18.570000 18.780001 1.060200e+06
736207 18.730000 18.920000 18.600000 18.850000 1.746700e+06
736208 18.440001 18.760000 18.430000 18.500000 2.134200e+06
736209 18.760000 18.760000 18.400000 18.570000 8.752000e+05
736210 18.660000 18.900000 18.610001 18.790001 1.151200e+06
736211 18.480000 18.830000 18.410000 18.540001 7.729000e+05
736215 18.860001 18.900000 18.469999 18.709999 1.292000e+06
736216 18.850000 18.860001 18.280001 18.309999 1.341000e+06
736217 18.309999 18.410000 18.110001 18.290001 1.651100e+06
736218 18.200001 18.629999 18.200001 18.610001 9.032000e+05
736221 18.629999 18.730000 18.430000 18.500000 5.779000e+05
736222 18.549999 18.600000 18.280001 18.540001 8.075000e+05
736223 18.559999 18.820000 18.500000 18.740000 9.551000e+05
736224 18.730000 19.219999 18.700001 18.969999 9.806000e+05
736225 15.930000 16.570000 15.690000 16.049999 1.237130e+07
736228 16.090000 16.490000 15.920000 16.440001 3.203900e+06
736229 16.100000 16.500000 15.870000 16.280001 4.063600e+06
736230 16.209999 16.469999 16.070000 16.250000 2.115900e+06
736231 16.160000 16.230000 16.000000 16.190001 2.631200e+06
736232 16.350000 16.389999 16.020000 16.110001 1.533400e+06
736235 16.030001 16.110001 15.620000 15.640000 2.496800e+06
736236 15.640000 15.670000 15.360000 15.410000 2.535700e+06
736237 15.520000 15.830000 15.440000 15.780000 1.749300e+06
736238 15.780000 16.110001 15.590000 15.850000 1.790300e+06
736239 15.800000 16.270000 15.570000 16.230000 2.256000e+06
736242 16.370001 16.790001 16.320000 16.530001 2.268000e+06
736243 16.520000 16.799999 16.500000 16.530001 2.007700e+06
736244 16.570000 16.930000 16.350000 16.900000 2.338700e+06
736245 16.830000 17.270000 16.799999 17.150000 2.003500e+06
736246 17.150000 17.350000 17.040001 17.219999 1.322100e+06
736249 17.240000 17.280001 17.100000 17.209999 1.656600e+06
736250 17.150000 17.370001 16.969999 17.010000 1.484400e+06
736251 17.030001 17.129999 16.730000 16.740000 8.968000e+05
736252 16.780001 17.280001 16.549999 17.240000 1.559400e+06
736253 17.260000 17.379999 17.020000 17.129999 1.480800e+06
736256 17.030001 17.219999 16.990000 17.100000 7.682000e+05
736257 17.100000 17.370001 17.090000 17.219999 1.386100e+06
736258 17.290001 17.320000 16.920000 16.980000 1.593300e+06
736259 17.100000 17.350000 17.040001 17.309999 1.504100e+06
736260 17.290001 17.459999 16.670000 16.790001 1.428500e+06
736263 16.790001 17.080000 16.540001 16.910000 1.912600e+06
736264 16.830000 16.930000 16.590000 16.690001 1.486800e+06
736265 16.770000 17.020000 16.330000 16.500000 3.427000e+06
736266 14.540000 15.250000 13.320000 15.020000 1.106950e+07
736267 15.060000 15.310000 15.000000 15.150000 2.675400e+06
736270 15.190000 15.310000 15.000000 15.190000 2.423700e+06
736271 15.190000 15.460000 15.080000 15.280000 1.538600e+06
736272 15.310000 15.400000 15.000000 15.110000 1.511700e+06
736273 15.100000 15.200000 15.000000 15.100000 4.707600e+06
736274 15.060000 15.180000 15.000000 15.030000 1.827900e+06
736277 14.980000 15.130000 14.800000 15.050000 2.481400e+06
736278 15.030000 15.260000 15.030000 15.240000 1.564800e+06
736279 15.290000 15.300000 15.090000 15.160000 1.112100e+06
736280 15.100000 15.260000 14.980000 15.090000 1.806800e+06
736281 15.000000 15.100000 14.610000 14.690000 5.007900e+06
736284 14.620000 14.820000 14.440000 14.620000 1.733700e+06
736285 14.700000 14.920000 14.550000 14.590000 3.433000e+06
736286 14.660000 14.800000 14.540000 14.700000 1.710800e+06
736287 14.690000 14.800000 14.470000 14.670000 1.224300e+06
736288 14.770000 14.870000 14.610000 14.740000 1.318600e+06
736291 14.680000 15.010000 14.620000 14.760000 9.269000e+05
736292 14.640000 14.760000 14.560000 14.680000 1.077000e+06
736293 14.670000 15.200000 14.630000 15.090000 3.154100e+06
736295 15.080000 15.120000 14.880000 14.930000 3.386000e+05
736298 14.960000 15.090000 14.870000 14.990000 1.312700e+06
736299 15.060000 15.150000 14.930000 15.110000 1.158100e+06
736300 15.090000 15.210000 14.880000 15.000000 2.616500e+06
736301 15.050000 15.140000 14.630000 14.780000 2.360800e+06
736302 14.790000 14.880000 14.470000 14.530000 1.316400e+06
736305 14.530000 14.580000 14.120000 14.220000 9.929000e+05
736306 14.060000 14.140000 13.920000 13.960000 1.250000e+06
736307 13.960000 14.370000 13.830000 14.350000 2.088300e+06
736308 14.330000 14.640000 14.300000 14.530000 1.775700e+06
736309 14.300000 14.390000 13.980000 14.150000 1.379300e+06
736312 14.130000 14.300000 13.970000 14.250000 2.464000e+06
736313 14.400000 14.600000 14.280000 14.320000 1.491400e+06
736314 14.440000 14.590000 14.120000 14.550000 1.370300e+06
736315 14.620000 14.850000 14.280000 14.330000 1.560500e+06
736316 14.250000 14.360000 13.700000 13.770000 2.081800e+06
736319 13.830000 13.930000 13.680000 13.740000 2.014000e+06
736320 13.780000 13.960000 13.730000 13.830000 1.358100e+06
736321 13.900000 14.180000 13.820000 14.140000 1.055300e+06
736322 14.130000 14.290000 14.100000 14.240000 3.761000e+05
736326 14.200000 14.220000 13.930000 13.930000 5.106000e+05
736327 14.030000 14.050000 13.790000 13.950000 5.651000e+05
736328 13.920000 13.980000 13.810000 13.850000 4.292000e+05
736329 13.790000 13.840000 13.530000 13.610000 7.444000e+05
736333 13.390000 13.470000 13.170000 13.400000 8.912000e+05
736334 13.410000 13.500000 13.350000 13.400000 7.092000e+05
736335 13.120000 13.180000 12.500000 12.680000 1.342400e+06
736336 12.450000 12.450000 12.030000 12.040000 1.314100e+06
736337 12.130000 12.230000 11.800000 11.820000 1.539700e+06
736340 11.810000 12.010000 11.770000 11.980000 3.589300e+06
736341 12.120000 12.120000 11.690000 11.930000 1.883000e+06
736342 11.930000 11.950000 11.210000 11.300000 1.836300e+06
736343 11.340000 11.430000 10.960000 11.270000 1.318300e+06
736344 10.930000 11.420000 10.930000 11.390000 2.399100e+06
736348 11.530000 11.580000 10.960000 11.050000 6.808700e+06
736349 10.850000 11.170000 10.260000 11.120000 3.214900e+06
736350 11.130000 11.470000 10.900000 11.050000 2.065800e+06
736351 11.240000 11.440000 11.110000 11.250000 1.816200e+06
736354 11.220000 11.350000 11.100000 11.300000 2.853900e+06
736355 11.350000 11.750000 11.250000 11.580000 1.848600e+06
736356 11.560000 11.590000 10.990000 11.030000 1.766700e+06
736357 11.190000 11.330000 10.900000 11.050000 1.253400e+06
736358 11.060000 11.410000 11.010000 11.340000 1.619300e+06
736361 11.300000 11.300000 11.020000 11.090000 2.191700e+06
736362 10.950000 10.990000 10.680000 10.800000 1.443700e+06
736363 10.910000 10.910000 10.280000 10.500000 3.473200e+06
736364 10.480000 10.840000 10.440000 10.820000 1.825300e+06
736365 10.760000 10.790000 10.090000 10.110000 1.954700e+06
736368 9.980000 9.980000 9.490000 9.610000 1.499100e+06
736369 9.600000 10.020000 9.580000 9.880000 4.084200e+06
736370 9.970000 10.060000 9.800000 9.800000 1.013700e+06
736371 9.610000 9.770000 9.420000 9.670000 1.396400e+06
736372 9.750000 9.970000 9.650000 9.870000 1.358500e+06
736376 9.990000 10.160000 9.830000 10.080000 2.030000e+06
736377 10.200000 10.490000 10.100000 10.460000 2.358300e+06
736378 10.450000 10.730000 10.370000 10.700000 2.581900e+06
736379 10.670000 11.040000 10.510000 11.030000 1.524800e+06
736382 11.110000 11.250000 11.070000 11.210000 1.735900e+06
736383 11.200000 11.360000 11.120000 11.160000 1.095100e+06
736384 11.060000 11.380000 10.820000 11.370000 1.382000e+06
736385 10.530000 10.570000 10.020000 10.190000 3.721100e+06
736386 10.320000 10.830000 10.220000 10.820000 2.086300e+06
736389 10.800000 11.080000 10.770000 10.860000 1.669800e+06
736390 10.950000 11.200000 10.880000 11.150000 1.987100e+06
736391 11.140000 11.590000 11.110000 11.520000 1.127000e+06
736392 11.490000 11.810000 11.450000 11.790000 9.211000e+05
736393 11.790000 11.930000 11.660000 11.820000 9.292000e+05
736396 11.750000 12.130000 11.680000 11.750000 1.714400e+06
736397 11.620000 11.700000 11.130000 11.230000 1.472600e+06
736398 11.270000 11.340000 11.070000 11.220000 1.772400e+06
736399 11.300000 11.390000 10.830000 11.000000 8.836000e+05
736400 11.100000 11.580000 11.090000 11.560000 7.000000e+05
736403 11.770000 11.910000 11.530000 11.690000 1.933100e+06
736404 11.630000 11.810000 11.560000 11.620000 7.307000e+05
736405 11.540000 11.790000 11.510000 11.720000 9.581000e+05
736406 11.390000 11.940000 11.210000 11.810000 1.092200e+06
736407 11.880000 12.660000 11.880000 12.600000 2.148200e+06
736410 12.610000 13.040000 12.420000 12.550000 2.298000e+06
736411 12.440000 12.560000 12.360000 12.420000 1.365500e+06
736412 12.360000 12.360000 12.000000 12.030000 1.078400e+06
736413 12.000000 12.210000 12.000000 12.050000 8.825000e+05
736417 12.130000 12.170000 11.960000 12.020000 6.501000e+05
736418 11.990000 12.340000 11.870000 12.290000 8.317000e+05
736419 12.370000 12.520000 12.110000 12.300000 8.303000e+05
736420 12.300000 12.810000 12.300000 12.500000 2.761400e+06
736421 12.380000 12.380000 12.020000 12.190000 1.483000e+06
736424 12.180000 12.310000 12.020000 12.060000 7.662000e+05
736425 11.930000 12.040000 11.760000 11.850000 1.089600e+06
736426 11.870000 12.180000 11.640000 12.160000 9.761000e+05
736427 12.120000 12.330000 11.900000 11.950000 1.026000e+06
736428 12.090000 12.340000 12.010000 12.120000 6.586000e+05
736431 12.190000 12.590000 12.180000 12.280000 1.178500e+06
736432 12.330000 12.550000 12.210000 12.410000 9.308000e+05
736433 12.490000 12.690000 12.440000 12.630000 2.637900e+06
736434 12.670000 12.780000 12.500000 12.720000 2.978000e+06
736435 12.610000 12.760000 12.420000 12.430000 1.603800e+06
736438 12.460000 12.560000 12.320000 12.400000 1.457200e+06
736439 12.410000 12.600000 12.270000 12.300000 1.696000e+06
736440 12.320000 12.530000 12.240000 12.290000 1.423900e+06
736441 12.250000 12.510000 12.150000 12.180000 1.244200e+06
736442 12.180000 12.320000 11.850000 11.900000 1.517200e+06
736445 11.890000 12.020000 11.730000 11.760000 1.874000e+06
736446 11.770000 11.860000 11.690000 11.800000 1.439300e+06
736447 11.780000 12.100000 11.750000 11.760000 2.407000e+06
736448 12.900000 13.750000 12.530000 12.560000 5.299700e+06
736449 12.560000 12.850000 12.470000 12.770000 2.437300e+06
736452 12.810000 12.880000 12.290000 12.360000 1.235800e+06
736453 12.200000 12.560000 12.180000 12.360000 1.131900e+06
736454 12.210000 12.500000 12.210000 12.280000 1.078500e+06
736455 12.400000 12.710000 12.340000 12.370000 1.505600e+06
736456 12.320000 12.610000 12.320000 12.490000 8.465000e+05
736459 12.550000 12.600000 12.390000 12.410000 1.426600e+06
736460 12.410000 12.650000 12.320000 12.490000 1.374100e+06
736461 12.470000 12.620000 12.340000 12.360000 1.033900e+06
736462 12.360000 12.440000 11.700000 11.860000 1.859500e+06
736463 11.860000 12.030000 11.740000 11.770000 1.374100e+06
736466 11.770000 12.030000 11.710000 11.870000 1.397600e+06
736467 11.850000 12.390000 11.810000 12.320000 1.939200e+06
736468 12.300000 12.450000 11.800000 11.930000 1.465100e+06
736469 11.850000 11.920000 11.540000 11.640000 1.009300e+06
736470 11.660000 11.690000 11.430000 11.530000 8.373000e+05
736473 11.500000 11.580000 11.440000 11.450000 4.398000e+05
736474 11.530000 11.570000 11.340000 11.470000 1.120900e+06
736475 11.470000 11.800000 11.470000 11.760000 6.230000e+05
736476 11.810000 11.890000 11.640000 11.710000 6.174000e+05
736477 11.730000 12.060000 11.690000 11.950000 7.226000e+05
736481 11.960000 12.010000 11.820000 11.880000 6.825000e+05
736482 11.880000 12.090000 11.830000 12.030000 1.220900e+06
736483 12.010000 12.370000 11.960000 12.260000 6.623000e+05
736484 12.230000 12.300000 12.140000 12.190000 8.758000e+05
736487 12.220000 12.270000 11.990000 12.050000 1.255400e+06
736488 12.070000 12.240000 11.980000 12.170000 7.413000e+05
736489 12.170000 12.260000 12.100000 12.240000 1.399100e+06
736490 12.200000 12.200000 11.940000 11.960000 5.851000e+05
736491 11.820000 11.860000 11.400000 11.480000 5.185700e+06
736494 11.390000 11.510000 11.240000 11.270000 1.293800e+06
736495 10.800000 10.850000 10.250000 10.800000 4.642700e+06
736496 10.810000 11.180000 10.700000 11.000000 1.040000e+06
736497 10.930000 11.090000 10.810000 11.050000 1.663700e+06
736498 11.070000 11.460000 11.070000 11.360000 4.378600e+06
736501 11.500000 11.850000 11.500000 11.630000 1.927500e+06
736502 11.670000 11.700000 11.400000 11.500000 9.546000e+05
736503 11.530000 11.580000 11.340000 11.460000 8.133000e+05
736504 11.600000 12.000000 11.600000 12.000000 1.003000e+06
736505 11.450000 11.630000 11.350000 11.370000 3.387700e+06
736508 11.210000 11.210000 10.620000 10.880000 2.295400e+06
736509 11.010000 11.140000 10.670000 10.780000 9.048000e+05
736510 10.920000 11.370000 10.820000 11.320000 8.564000e+05
736511 11.390000 11.410000 11.120000 11.400000 7.659000e+05
736512 11.410000 11.910000 11.410000 11.780000 6.381000e+05
736516 11.650000 11.650000 11.300000 11.330000 5.233000e+05
736517 11.230000 11.400000 11.140000 11.350000 4.450000e+05
736518 11.420000 11.610000 11.330000 11.480000 1.058700e+06
736519 11.600000 11.830000 11.550000 11.760000 6.996000e+05
736522 11.860000 11.990000 11.840000 11.920000 5.381000e+05
736523 12.000000 12.460000 12.000000 12.400000 1.316200e+06
736524 12.490000 12.490000 12.110000 12.130000 4.353000e+05
736525 12.330000 12.360000 12.160000 12.200000 4.248000e+05
736526 12.240000 12.370000 12.060000 12.330000 4.380000e+05
736529 12.310000 12.500000 12.300000 12.430000 3.353000e+05
736530 12.390000 12.450000 12.280000 12.300000 4.990000e+05
736531 12.340000 12.610000 12.280000 12.470000 8.470000e+05
736532 12.420000 12.790000 12.370000 12.520000 7.036000e+05
736533 12.520000 12.670000 12.470000 12.570000 4.889000e+05
736536 12.570000 12.690000 12.430000 12.520000 7.921000e+05
736537 12.490000 12.640000 12.450000 12.530000 6.140000e+05
736538 12.500000 12.500000 12.180000 12.410000 6.134000e+05
736539 12.380000 12.420000 12.240000 12.370000 5.570000e+05
736540 12.310000 12.380000 12.140000 12.370000 5.329000e+05
736543 12.310000 12.390000 12.170000 12.260000 5.731000e+05
736544 12.200000 12.330000 11.680000 11.740000 1.041000e+06
736545 11.720000 12.000000 11.160000 11.610000 7.968000e+05
736546 11.580000 11.760000 11.460000 11.510000 1.037600e+06
736547 11.600000 11.860000 11.520000 11.720000 1.367800e+06
736550 11.760000 11.920000 11.700000 11.720000 5.770000e+05
736551 11.710000 11.800000 11.500000 11.510000 3.228000e+05
736552 11.490000 11.540000 11.310000 11.360000 2.727000e+05
736553 11.410000 11.560000 11.260000 11.280000 3.276000e+05
736554 11.270000 11.330000 11.170000 11.290000 2.901000e+05
736557 11.500000 11.570000 11.310000 11.440000 4.040000e+05
736558 11.410000 11.600000 11.290000 11.490000 4.909000e+05
736559 11.480000 11.500000 11.300000 11.360000 4.324000e+05
736560 11.370000 11.690000 11.330000 11.530000 4.123000e+05
736561 11.530000 11.770000 11.430000 11.700000 1.720300e+06
736564 11.680000 11.770000 11.560000 11.730000 3.729000e+05
736565 11.760000 11.880000 11.730000 11.780000 2.290000e+05
736566 11.770000 11.820000 11.680000 11.710000 4.588000e+05
736567 11.670000 11.830000 11.660000 11.680000 2.783000e+05
736568 11.790000 11.820000 11.580000 11.720000 5.155000e+05
736571 11.650000 11.940000 11.640000 11.770000 3.838000e+05
736572 11.770000 11.940000 11.610000 11.710000 1.094900e+06
736573 11.670000 11.700000 11.470000 11.550000 2.545400e+06
736574 11.560000 11.590000 11.330000 11.480000 1.222800e+06
736575 11.540000 11.540000 11.170000 11.170000 4.507000e+05
736579 11.260000 11.570000 11.070000 11.450000 1.373000e+06
736580 11.440000 11.670000 11.420000 11.620000 3.476400e+06
736581 11.630000 11.660000 11.430000 11.510000 3.458000e+05
736582 11.390000 11.450000 10.870000 10.870000 7.352000e+05
736585 10.760000 11.130000 10.690000 11.130000 5.457000e+05
736586 10.990000 11.120000 10.920000 11.050000 8.054000e+05
736587 11.000000 11.120000 10.910000 11.040000 4.698000e+05
736588 11.020000 11.140000 11.020000 11.050000 4.205000e+05
736589 11.010000 11.120000 10.650000 10.730000 8.944000e+05
736592 10.740000 10.860000 10.630000 10.650000 3.654000e+05
736593 10.730000 10.820000 10.600000 10.600000 4.618000e+05
736594 10.670000 10.740000 10.400000 10.720000 8.758000e+05
736595 10.850000 11.290000 10.760000 11.280000 1.240100e+06
736596 11.230000 11.390000 11.070000 11.310000 5.733000e+05
736599 10.930000 11.040000 10.820000 11.000000 2.073400e+06
736600 11.000000 11.040000 10.690000 10.750000 9.184000e+05
736601 10.800000 11.040000 10.710000 10.980000 9.792000e+05
736602 11.010000 11.250000 10.990000 11.210000 1.031300e+06
736603 11.220000 11.260000 10.980000 11.180000 6.957000e+05
736606 11.120000 11.180000 10.860000 10.960000 1.074100e+06
736607 10.900000 10.950000 10.760000 10.860000 9.970000e+05
736608 10.870000 11.050000 10.810000 10.950000 4.299000e+05
736609 10.960000 11.110000 10.870000 11.030000 2.873000e+05
736610 11.030000 11.070000 10.800000 10.830000 4.704000e+05
736613 10.860000 11.090000 10.860000 11.060000 3.035000e+05
736614 11.030000 11.070000 10.750000 10.770000 1.712600e+06
736615 10.790000 10.830000 10.640000 10.650000 4.601000e+05
736616 10.470000 10.550000 10.190000 10.550000 1.050900e+06
736617 10.590000 10.710000 10.540000 10.590000 4.272000e+05
736620 10.560000 10.820000 10.560000 10.800000 7.577000e+05
736621 10.960000 11.000000 10.890000 10.910000 7.045000e+05
736622 10.920000 10.930000 10.710000 10.810000 6.269000e+05
736623 10.770000 10.780000 10.580000 10.600000 9.495000e+05
736624 10.470000 10.720000 10.410000 10.560000 7.431000e+05
736627 10.680000 10.920000 10.500000 10.550000 4.681000e+05
736628 10.470000 10.600000 10.370000 10.390000 1.868900e+06
736629 10.240000 10.320000 10.140000 10.150000 5.212000e+05
736630 10.150000 10.170000 9.940000 9.990000 9.129000e+05
736631 9.980000 10.110000 9.930000 9.990000 5.425000e+05
736634 10.020000 10.070000 9.890000 10.010000 9.030000e+05
736635 10.450000 10.570000 9.990000 10.120000 6.406000e+05
736636 10.130000 10.310000 10.120000 10.160000 5.762000e+05
736637 9.730000 10.320000 9.730000 10.150000 1.573200e+06
736638 10.020000 10.280000 10.020000 10.090000 9.525000e+05
736641 10.270000 10.570000 10.120000 10.130000 2.362400e+06
736642 10.060000 10.140000 9.950000 10.090000 2.703300e+06
736643 10.020000 10.660000 9.970000 10.590000 2.970500e+06
736644 10.710000 10.990000 10.710000 10.920000 1.980700e+06
736645 10.940000 11.000000 10.680000 10.850000 1.856700e+06
736648 10.930000 11.300000 10.930000 11.090000 3.796100e+06
736649 10.780000 11.160000 10.780000 11.000000 2.608600e+06
736650 10.990000 11.260000 10.940000 11.140000 1.286100e+06
736651 11.210000 11.460000 11.120000 11.440000 1.449600e+06
736652 11.440000 11.720000 11.350000 11.670000 1.134900e+06
736655 11.750000 11.840000 11.680000 11.840000 6.047000e+05
736656 11.920000 12.000000 11.770000 11.930000 9.625000e+05
736657 11.930000 12.220000 11.900000 12.170000 8.656000e+05
736659 12.160000 12.410000 12.160000 12.260000 7.047000e+05
736662 12.280000 12.350000 12.150000 12.200000 1.204000e+06
736663 12.190000 12.290000 12.120000 12.190000 1.361700e+06
736664 12.310000 12.360000 12.040000 12.140000 1.096400e+06
736665 12.200000 13.260000 12.200000 13.040000 2.795200e+06
736666 13.030000 13.080000 12.810000 12.910000 8.903000e+05
736669 13.070000 13.280000 13.040000 13.180000 8.242000e+05
736670 13.240000 13.290000 13.130000 13.210000 1.315300e+06
736671 13.250000 13.610000 13.170000 13.590000 1.311000e+06
736672 13.620000 13.990000 13.460000 13.610000 2.237300e+06
736673 13.660000 13.810000 13.560000 13.660000 8.061000e+05
736676 13.720000 13.800000 13.550000 13.700000 1.172800e+06
736677 13.840000 13.840000 13.550000 13.750000 8.439000e+05
736678 13.730000 13.800000 13.360000 13.380000 7.798000e+05
736679 13.940000 13.990000 13.650000 13.700000 1.533300e+06
736680 13.690000 14.030000 13.630000 13.900000 1.804400e+06
736683 13.940000 14.220000 13.810000 14.130000 2.046800e+06
736684 14.230000 14.380000 14.200000 14.250000 3.923000e+05
736685 14.250000 14.510000 14.250000 14.370000 6.057000e+05
736686 14.330000 14.350000 14.000000 14.030000 5.691000e+05
736687 14.050000 14.210000 14.020000 14.180000 3.898000e+05
736691 14.260000 14.390000 14.240000 14.340000 6.363000e+05
736692 14.360000 14.360000 14.080000 14.160000 1.865300e+06
736693 14.170000 14.370000 14.130000 14.330000 8.077000e+05
736694 14.330000 14.330000 14.160000 14.210000 1.108000e+06
736698 14.340000 14.620000 14.060000 14.280000 1.740700e+06
736699 14.400000 14.520000 14.310000 14.390000 7.892000e+05
736700 14.450000 14.530000 14.300000 14.340000 6.863000e+05
736701 14.360000 14.490000 14.230000 14.300000 5.026000e+05
736704 14.290000 14.320000 14.150000 14.160000 1.898000e+06
736705 14.260000 14.440000 14.160000 14.380000 1.319200e+06
736706 14.470000 14.660000 14.300000 14.590000 8.848000e+05
736707 14.640000 14.850000 14.280000 14.380000 6.998000e+05
736708 14.480000 14.600000 14.350000 14.520000 4.082000e+05
736712 14.500000 14.500000 14.200000 14.250000 4.335000e+05
736713 14.230000 14.480000 14.150000 14.450000 6.249000e+05
736714 14.590000 15.050000 14.390000 14.660000 2.897700e+06
736715 14.650000 14.730000 14.060000 14.130000 1.427000e+06
736718 14.140000 14.300000 13.960000 13.980000 1.380900e+06
736719 14.020000 14.350000 14.020000 14.280000 9.799000e+05
736720 14.360000 14.770000 14.360000 14.700000 1.885800e+06
736721 14.720000 14.900000 14.700000 14.760000 7.579000e+05
736722 14.780000 14.800000 14.620000 14.630000 4.317000e+05
736725 14.540000 14.570000 14.090000 14.170000 7.812000e+05
736726 14.140000 14.200000 13.920000 14.130000 8.287000e+05
736727 14.160000 14.310000 14.040000 14.060000 6.182000e+05
736728 14.000000 14.160000 13.950000 14.070000 1.344000e+06
736729 14.210000 14.310000 14.070000 14.140000 7.376000e+05
736732 14.070000 14.150000 13.960000 13.990000 4.739000e+05
736733 14.000000 14.110000 13.870000 13.920000 4.589000e+05
736734 13.830000 13.910000 13.570000 13.820000 6.311000e+05
736735 13.880000 14.340000 13.830000 14.330000 1.149000e+06
736736 14.400000 14.530000 14.290000 14.440000 5.744000e+05
736739 14.420000 14.520000 14.200000 14.350000 5.353000e+05
736740 14.250000 14.410000 14.110000 14.300000 4.428000e+05
736741 14.200000 14.730000 14.140000 14.690000 5.044000e+05
736742 14.740000 14.770000 14.250000 14.300000 4.580900e+06
736743 14.370000 14.450000 14.200000 14.260000 1.290900e+06
736747 14.340000 14.510000 14.300000 14.390000 9.953000e+05
736748 14.350000 14.540000 14.250000 14.260000 1.287500e+06
736749 14.350000 14.380000 14.050000 14.060000 4.918000e+05
736750 14.030000 14.310000 13.960000 14.050000 5.348000e+05
736753 14.000000 14.320000 13.950000 14.200000 5.917000e+05
736754 14.110000 14.200000 13.800000 13.860000 1.380400e+06
736755 12.370000 14.070000 11.760000 13.760000 2.008900e+06
736756 13.690000 14.070000 13.650000 13.760000 7.296000e+05
736757 13.730000 13.860000 13.660000 13.780000 8.105000e+05
736760 13.680000 13.770000 13.500000 13.610000 9.848000e+05
736761 13.610000 13.730000 13.170000 13.210000 1.478300e+06
736762 13.190000 13.370000 13.090000 13.140000 9.346000e+05
736763 13.130000 13.260000 12.970000 13.130000 1.165600e+06
736764 13.200000 13.320000 13.120000 13.220000 5.485000e+05
