736034 20.656524 20.814659 20.201883 20.607106 6.226608e+03
736035 20.389668 20.557688 20.221648 20.429203 3.162721e+03
736036 20.607106 20.656523 20.271066 20.419319 3.261556e+03
736039 20.360018 20.765242 20.280950 20.765242 5.238257e+03
736040 20.834427 21.743709 20.834427 21.743709 1.670312e+04
736041 21.348368 21.842544 21.348368 21.496621 1.690079e+04
736042 21.466970 21.891961 21.378018 21.457086 6.523113e+03
736043 21.387901 22.069864 20.221648 20.261183 1.709846e+04
736046 20.458854 20.587339 20.073396 20.528038 4.210373e+04
736047 20.508270 20.508270 20.231531 20.409435 3.152838e+04
736048 20.310599 20.537922 20.191998 20.488503 3.310974e+04
736049 20.448971 22.089631 20.399551 21.694292 1.380725e+05
736050 21.496622 22.494856 21.496622 22.287301 7.610298e+04
736053 22.040213 22.524507 22.040213 22.297184 6.641715e+04
736054 22.139048 22.633224 22.139048 22.484971 3.459226e+04
736055 22.237884 23.127399 22.237884 22.534388 6.641715e+04
736056 22.336719 23.147167 22.257651 22.702408 1.587291e+05
736060 22.405903 22.830894 22.405903 22.643107 1.255205e+04
736061 22.336720 22.435556 22.139049 22.168700 2.905750e+04
736062 22.237885 22.633225 21.200118 22.010564 1.085209e+05
736063 22.623340 22.623340 21.585573 22.040213 2.372041e+04
736064 21.793124 22.445436 21.644873 21.862311 5.356859e+04
736067 21.783244 22.564040 21.783244 22.040213 9.201542e+04
736068 21.793125 22.297184 21.674524 22.040213 4.892334e+04
736069 21.842544 22.336719 20.409436 21.466970 2.292973e+04
736070 21.684409 21.961145 20.982679 21.783244 3.488877e+04
736071 21.546037 22.079747 21.348368 21.605340 1.887749e+04
736074 21.605341 21.852429 21.002447 21.555922 1.581361e+04
736075 21.546037 21.733825 21.496621 21.733825 1.225554e+04
736076 21.634989 21.793125 21.634989 21.793125 6.720783e+03
736077 21.743709 21.891962 21.546038 21.546038 2.470876e+03
736078 21.546037 21.634989 21.397785 21.605340 1.087185e+04
736081 21.546038 21.546038 20.735591 21.378018 3.558061e+03
736082 21.526272 21.526272 21.526272 21.526272 1.976701e+02
736083 21.526272 21.644873 21.427436 21.447204 1.482526e+03
736084 21.437321 22.494854 20.557687 21.209998 8.697483e+03
736085 21.730000 21.730000 21.660000 21.670000 4.100000e+03
736088 21.670000 21.670000 21.670000 21.670000 0.000000e+00
736089 22.230000 22.230000 22.230000 22.230000 5.000000e+02
736090 21.680000 21.680000 20.690001 21.010000 1.620000e+04
736091 21.000000 21.240000 21.000000 21.129999 6.000000e+02
736092 21.170000 21.450001 21.080000 21.280001 1.280000e+04
736095 21.309999 21.309999 21.309999 21.309999 3.000000e+02
736096 22.959999 22.959999 21.700001 21.740000 5.600000e+03
736097 21.750000 21.750000 21.049999 21.059999 2.800000e+03
736098 21.180000 21.540001 21.180000 21.180000 7.000000e+02
736099 21.180000 21.180000 21.180000 21.180000 0.000000e+00
736102 21.010000 21.049999 21.000000 21.000000 5.000000e+02
736103 21.129999 21.430000 21.020000 21.059999 9.700000e+03
736104 21.200001 21.200001 21.200001 21.200001 1.000000e+02
736105 21.760000 21.760000 21.360001 21.379999 1.200000e+03
736106 21.200001 21.290001 21.000000 21.150000 6.500000e+03
736110 21.150000 21.389999 21.000000 21.260000 2.700000e+03
736111 21.309999 22.660000 21.100000 21.160000 2.000000e+03
736112 21.100000 21.780001 21.000000 21.000000 2.700000e+03
736113 21.540001 21.540001 21.120001 21.120001 6.000000e+02
736116 21.530001 21.750000 21.480000 21.480000 1.200000e+03
736117 22.120001 22.120001 21.480000 22.080000 6.000000e+02
736118 21.480000 21.770000 21.100000 21.770000 7.000000e+02
736119 21.900000 22.190001 21.900000 22.129999 5.000000e+02
736120 22.129999 22.129999 22.129999 22.129999 0.000000e+00
736123 22.129999 22.129999 22.129999 22.129999 0.000000e+00
736124 22.080000 22.080000 22.040001 22.040001 1.000000e+03
736125 22.100000 22.100000 21.889999 21.940001 2.000000e+03
736126 21.940001 21.940001 21.940001 21.940001 0.000000e+00
736127 22.030001 22.030001 21.160000 21.230000 8.500000e+03
736130 21.740000 23.490000 21.740000 22.200001 1.360000e+04
736131 21.340000 22.200001 21.299999 22.200001 8.500000e+03
736132 21.430000 22.879999 21.430000 22.250000 4.800000e+03
736133 22.270000 23.150000 21.879999 22.980000 7.600000e+03
736134 22.389999 23.340000 20.969999 21.280001 1.810000e+04
736137 21.340000 21.340000 20.809999 21.000000 2.400000e+03
736138 21.110001 21.110001 20.799999 20.969999 3.900000e+03
736139 20.700001 21.320000 20.500000 21.000000 2.500000e+03
736140 20.790001 20.790001 20.790001 20.790001 2.000000e+02
736141 20.639999 20.639999 19.980000 20.590000 5.300000e+03
736144 20.270000 22.219999 20.270000 21.090000 8.000000e+02
736145 21.049999 21.049999 21.010000 21.010000 4.000000e+02
736146 20.660000 20.660000 20.660000 20.660000 1.000000e+02
736147 21.660000 21.660000 21.660000 21.660000 2.000000e+02
736151 21.660000 21.660000 21.660000 21.660000 0.000000e+00
736152 21.660000 21.660000 21.660000 21.660000 0.000000e+00
736153 20.799999 20.799999 20.000000 20.200001 3.700000e+03
736154 19.900000 20.350000 19.770000 20.160000 8.700000e+03
736155 20.250000 20.320000 20.250000 20.320000 4.000000e+02
736158 19.860001 20.570000 19.809999 20.570000 1.600000e+03
736159 20.110001 20.139999 20.030001 20.040001 9.000000e+02
736160 20.000000 20.000000 19.910000 19.910000 2.300000e+03
736161 19.690001 19.799999 19.690001 19.770000 2.700000e+03
736162 20.400000 20.400000 19.690001 19.690001 2.000000e+02
736165 19.840000 20.420000 19.790001 19.790001 1.300000e+03
736166 19.650000 19.650000 19.650000 19.650000 6.000000e+02
736167 19.650000 19.650000 19.650000 19.650000 0.000000e+00
736168 19.610001 19.610001 19.110001 19.200001 5.900000e+03
736169 20.250000 20.500000 19.520000 19.520000 3.700000e+03
736172 19.650000 19.650000 19.650000 19.650000 6.000000e+02
736173 19.780001 19.780001 18.990000 19.590000 1.800000e+03
736174 20.000000 20.000000 20.000000 20.000000 1.000000e+02
736175 20.000000 20.010000 19.309999 19.549999 3.200000e+03
736176 19.760000 19.799999 19.340000 19.400000 1.800000e+03
736179 19.400000 19.400000 19.400000 19.400000 0.000000e+00
736180 19.400000 19.400000 19.400000 19.400000 0.000000e+00
736181 19.600000 19.600000 19.530001 19.530001 3.000000e+02
736182 19.530001 19.530001 19.530001 19.530001 0.000000e+00
736183 19.530001 19.530001 19.530001 19.530001 0.000000e+00
736186 19.530001 19.530001 19.530001 19.530001 0.000000e+00
736187 19.530001 19.530001 19.530001 19.530001 0.000000e+00
736188 19.530001 19.530001 19.530001 19.530001 0.000000e+00
736189 19.530001 19.530001 19.530001 19.530001 0.000000e+00
736190 19.530001 19.530001 19.530001 19.530001 0.000000e+00
736193 19.299999 19.299999 19.040001 19.040001 1.500000e+03
736194 19.040001 19.040001 19.040001 19.040001 0.000000e+00
736195 19.570000 19.570000 19.570000 19.570000 1.000000e+02
736196 19.719999 19.719999 19.340000 19.340000 5.000000e+02
736197 19.780001 19.780001 19.549999 19.549999 1.200000e+03
736200 19.950001 19.950001 19.750000 19.750000 8.000000e+02
736201 19.950001 19.950001 19.750000 19.750000 2.000000e+02
736202 19.459999 19.490000 19.459999 19.490000 2.000000e+02
736203 19.490000 19.490000 19.490000 19.490000 0.000000e+00
736204 19.510000 19.510000 19.510000 19.510000 2.000000e+02
736207 19.400000 19.400000 19.400000 19.400000 3.000000e+02
736208 19.400000 20.219999 19.400000 20.219999 2.600000e+03
736209 20.250000 20.250000 19.660000 19.770000 3.000000e+02
736210 19.709999 20.299999 19.709999 20.250000 5.600000e+03
736211 20.530001 20.530001 20.530001 20.530001 2.000000e+02
736215 20.250000 20.250000 20.250000 20.250000 6.000000e+02
736216 20.250000 20.250000 20.250000 20.250000 0.000000e+00
736217 20.250000 20.250000 20.250000 20.250000 0.000000e+00
736218 20.250000 20.250000 20.250000 20.250000 0.000000e+00
736221 20.250000 20.250000 20.250000 20.250000 0.000000e+00
736222 20.250000 20.250000 20.250000 20.250000 0.000000e+00
736223 20.250000 20.250000 20.250000 20.250000 0.000000e+00
736224 20.389999 20.389999 20.389999 20.389999 2.000000e+02
736225 20.590000 20.590000 20.379999 20.379999 3.000000e+02
736228 20.379999 20.379999 20.379999 20.379999 0.000000e+00
736229 20.549999 20.549999 20.549999 20.549999 1.000000e+02
736230 20.549999 20.549999 20.549999 20.549999 0.000000e+00
736231 20.549999 20.549999 20.549999 20.549999 0.000000e+00
736232 20.290001 20.290001 20.290001 20.290001 2.000000e+02
736235 20.250000 20.660000 20.250000 20.660000 3.000000e+02
736236 21.879999 21.879999 21.879999 21.879999 1.000000e+02
736237 21.750000 21.750000 20.610001 20.610001 3.000000e+02
736238 20.610001 20.610001 20.610001 20.610001 0.000000e+00
736239 20.500000 20.500000 20.250000 20.250000 2.100000e+03
736242 20.500000 20.500000 20.500000 20.500000 1.200000e+03
736243 21.660000 21.660000 21.580000 21.580000 3.000000e+02
736244 20.500000 20.549999 20.500000 20.510000 2.970000e+04
736245 21.420000 21.420000 21.420000 21.420000 2.000000e+02
736246 20.540001 20.540001 20.540001 20.540001 1.000000e+02
736249 20.540001 20.540001 20.540001 20.540001 0.000000e+00
736250 20.549999 20.549999 20.549999 20.549999 2.000000e+02
736251 20.549999 20.549999 20.549999 20.549999 0.000000e+00
736252 20.500000 21.459999 20.500000 21.459999 7.000000e+02
736253 21.459999 21.459999 21.459999 21.459999 0.000000e+00
736256 21.459999 21.459999 21.459999 21.459999 0.000000e+00
736257 20.500000 20.549999 20.500000 20.540001 2.660000e+04
736258 20.500000 20.690001 20.500000 20.530001 1.300000e+03
736259 20.500000 20.889999 20.500000 20.889999 4.000000e+02
736260 20.889999 20.889999 20.889999 20.889999 0.000000e+00
736263 20.540001 20.570000 20.510000 20.570000 7.000000e+02
736264 20.530001 21.360001 20.500000 21.360001 3.000000e+02
736265 20.500000 21.350000 20.500000 20.540001 3.300000e+03
736266 20.000000 20.120001 20.000000 20.120001 3.610000e+04
736267 20.040001 20.100000 20.040001 20.100000 6.000000e+02
736270 20.100000 20.100000 20.100000 20.100000 0.000000e+00
736271 20.299999 20.299999 20.250000 20.250000 2.000000e+02
736272 20.250000 20.250000 20.250000 20.250000 1.000000e+02
736273 20.379999 20.379999 20.379999 20.379999 1.000000e+02
736274 20.379999 20.379999 20.379999 20.379999 0.000000e+00
736277 20.450001 20.450001 20.450001 20.450001 1.500000e+03
736278 20.500000 20.500000 20.500000 20.500000 1.500000e+03
736279 20.740000 20.740000 20.740000 20.740000 1.000000e+02
736280 20.740000 20.740000 20.740000 20.740000 0.000000e+00
736281 20.740000 20.740000 20.740000 20.740000 0.000000e+00
736284 20.900000 20.900000 20.809999 20.809999 2.300000e+03
736285 20.500000 20.500000 20.500000 20.500000 3.000000e+02
736286 20.500000 20.940001 20.500000 20.940001 1.500000e+03
736287 20.770000 21.000000 20.520000 21.000000 3.000000e+03
736288 21.000000 21.200001 21.000000 21.200001 2.600000e+03
736291 21.000000 21.000000 21.000000 21.000000 1.300000e+03
736292 21.000000 21.000000 21.000000 21.000000 5.000000e+02
736293 21.139999 21.200001 21.000000 21.000000 8.000000e+02
736295 21.000000 21.000000 21.000000 21.000000 0.000000e+00
736298 21.000000 21.100000 21.000000 21.049999 3.900000e+03
736299 21.049999 21.049999 20.750000 20.750000 1.600000e+03
736300 20.750000 20.750000 20.750000 20.750000 0.000000e+00
736301 20.750000 20.750000 20.750000 20.750000 0.000000e+00
736302 20.990000 21.190001 20.990000 21.000000 1.200000e+03
736305 21.030001 21.030001 21.030001 21.030001 1.500000e+03
736306 21.000000 21.000000 21.000000 21.000000 2.700000e+03
736307 21.000000 21.000000 21.000000 21.000000 5.000000e+02
736308 20.750000 21.200001 20.750000 21.200001 6.600000e+03
736309 21.200001 21.200001 21.200001 21.200001 0.000000e+00
736312 21.200001 21.200001 21.200001 21.200001 0.000000e+00
736313 20.750000 20.750000 20.750000 20.750000 8.300000e+03
736314 20.750000 20.750000 20.750000 20.750000 0.000000e+00
736315 20.750000 20.750000 20.750000 20.750000 0.000000e+00
736316 21.000000 21.250000 20.889999 20.889999 1.870000e+04
736319 20.910000 21.990000 20.889999 21.200001 6.600000e+03
736320 21.200001 21.200001 21.200001 21.200001 0.000000e+00
736321 21.200001 21.200001 21.200001 21.200001 0.000000e+00
736322 21.200001 21.200001 21.200001 21.200001 0.000000e+00
736326 21.000000 21.000000 20.889999 20.889999 4.000000e+02
736327 21.299999 21.299999 21.150000 21.150000 2.000000e+03
736328 21.150000 21.150000 21.150000 21.150000 0.000000e+00
736329 21.250000 21.400000 21.230000 21.230000 1.540000e+04
736333 21.250000 21.250000 21.250000 21.250000 4.000000e+02
736334 21.250000 21.250000 21.250000 21.250000 7.900000e+03
736335 21.250000 21.250000 21.250000 21.250000 1.020000e+04
736336 21.250000 21.250000 21.250000 21.250000 3.580000e+04
736337 21.000000 21.200001 21.000000 21.200001 3.000000e+02
736340 21.200001 21.200001 21.100000 21.120001 5.000000e+03
736341 21.120001 21.120001 21.120001 21.120001 8.100000e+03
736342 21.120001 21.120001 21.120001 21.120001 2.770000e+04
736343 21.000000 21.000000 21.000000 21.000000 3.000000e+03
736344 20.750000 20.750000 20.750000 20.750000 5.200000e+03
736348 20.750000 20.750000 20.750000 20.750000 3.100000e+03
736349 20.740000 20.740000 20.549999 20.600000 5.500000e+03
736350 20.600000 20.600000 20.600000 20.600000 0.000000e+00
736351 20.700001 21.549999 20.700001 20.750000 1.960000e+04
736354 20.750000 21.549999 20.750000 21.549999 1.700000e+03
736355 21.549999 21.549999 21.549999 21.549999 0.000000e+00
736356 20.750000 20.750000 20.750000 20.750000 1.600000e+03
736357 20.750000 20.750000 20.750000 20.750000 0.000000e+00
736358 20.940001 20.940001 20.799999 20.799999 3.500000e+03
736361 20.799999 20.799999 20.799999 20.799999 0.000000e+00
736362 20.799999 20.799999 20.799999 20.799999 0.000000e+00
736363 20.549999 20.549999 20.549999 20.549999 1.000000e+02
736364 20.549999 20.549999 20.549999 20.549999 3.000000e+02
736365 20.549999 20.549999 20.549999 20.549999 0.000000e+00
736368 20.549999 20.549999 20.549999 20.549999 4.000000e+03
736369 20.549999 20.549999 20.549999 20.549999 1.610000e+04
736370 20.549999 20.549999 20.549999 20.549999 6.000000e+02
736371 20.549999 20.549999 20.549999 20.549999 3.500000e+03
736372 20.549999 20.549999 20.450001 20.450001 3.890000e+04
736376 20.450001 20.450001 20.450001 20.450001 0.000000e+00
736377 20.450001 20.450001 20.450001 20.450001 0.000000e+00
736378 20.450001 20.450001 20.450001 20.450001 2.600000e+03
736379 20.450001 20.450001 20.450001 20.450001 0.000000e+00
736382 20.450001 20.450001 20.450001 20.450001 1.700000e+03
736383 20.450001 20.450001 20.450001 20.450001 2.000000e+02
736384 20.450001 20.450001 20.450001 20.450001 6.000000e+02
736385 20.450001 20.450001 20.450001 20.450001 2.500000e+03
736386 20.450001 20.450001 20.450001 20.450001 7.900000e+03
736389 20.450001 20.450001 20.450001 20.450001 0.000000e+00
736390 20.500000 20.500000 20.350000 20.350000 3.700000e+03
736391 20.350000 20.350000 20.350000 20.350000 0.000000e+00
736392 20.400000 20.400000 20.400000 20.400000 1.300000e+03
736393 20.400000 20.400000 20.400000 20.400000 7.000000e+02
736396 20.400000 20.500000 20.350000 20.350000 4.000000e+02
736397 20.350000 20.350000 20.350000 20.350000 1.000000e+02
736398 20.350000 20.350000 20.350000 20.350000 9.000000e+02
736399 20.350000 20.350000 20.350000 20.350000 0.000000e+00
736400 20.350000 20.350000 20.350000 20.350000 2.800000e+03
736403 20.350000 20.400000 20.350000 20.350000 7.300000e+03
736404 20.360001 20.360001 20.350000 20.350000 7.000000e+02
736405 20.400000 20.400000 20.379999 20.379999 1.800000e+04
736406 20.320000 20.320000 20.299999 20.309999 1.200000e+03
736407 20.360001 20.360001 20.360001 20.360001 1.000000e+03
736410 20.200001 20.200001 20.200001 20.200001 6.000000e+02
736411 20.200001 20.200001 20.200001 20.200001 0.000000e+00
736412 20.200001 20.200001 20.059999 20.059999 1.200000e+03
736413 20.049999 20.049999 19.770000 19.770000 1.000000e+03
736417 19.799999 19.900000 19.799999 19.900000 6.000000e+02
736418 19.900000 19.900000 19.809999 19.809999 1.700000e+04
736419 19.809999 19.809999 19.809999 19.809999 0.000000e+00
736420 19.809999 19.809999 19.809999 19.809999 7.000000e+02
736421 19.750000 19.750000 19.650000 19.650000 1.500000e+03
736424 19.580000 19.580000 19.580000 19.580000 2.000000e+02
736425 19.580000 19.580000 19.580000 19.580000 0.000000e+00
736426 19.600000 19.600000 19.600000 19.600000 6.000000e+02
736427 19.600000 19.600000 19.100000 19.100000 6.900000e+03
736428 18.770000 19.000000 18.770000 19.000000 4.000000e+02
736431 19.000000 19.000000 19.000000 19.000000 9.000000e+02
736432 19.000000 19.000000 19.000000 19.000000 0.000000e+00
736433 19.000000 19.000000 19.000000 19.000000 0.000000e+00
736434 19.020000 19.020000 18.750000 18.750000 5.000000e+02
736435 18.750000 18.750000 18.750000 18.750000 0.000000e+00
736438 18.750000 18.750000 18.750000 18.750000 0.000000e+00
736439 19.250000 19.250000 18.860001 18.860001 3.000000e+02
736440 18.860001 18.860001 18.860001 18.860001 0.000000e+00
736441 18.860001 18.860001 18.860001 18.860001 0.000000e+00
736442 18.990000 19.000000 18.959999 18.959999 1.600000e+03
736445 19.299999 19.750000 19.299999 19.510000 1.000000e+03
736446 19.299999 19.400000 19.299999 19.400000 4.000000e+02
736447 19.400000 19.400000 19.400000 19.400000 0.000000e+00
736448 19.400000 19.400000 19.400000 19.400000 0.000000e+00
736449 19.500000 19.500000 19.500000 19.500000 5.000000e+02
736452 19.500000 19.500000 19.500000 19.500000 1.000000e+02
736453 19.500000 19.500000 19.500000 19.500000 0.000000e+00
736454 19.500000 19.500000 19.500000 19.500000 0.000000e+00
736455 19.260000 19.260000 19.260000 19.260000 2.000000e+02
736456 19.350000 19.350000 19.350000 19.350000 1.000000e+02
736459 19.540001 19.540001 19.540001 19.540001 1.000000e+02
736460 19.540001 19.540001 19.540001 19.540001 0.000000e+00
736461 19.600000 19.600000 19.600000 19.600000 2.000000e+02
736462 19.520000 19.520000 19.520000 19.520000 4.000000e+02
736463 19.549999 19.549999 19.549999 19.549999 1.000000e+03
736466 19.600000 19.600000 19.500000 19.500000 2.800000e+03
736467 19.600000 19.700001 19.500000 19.700001 4.100000e+03
736468 19.750000 19.750000 19.750000 19.750000 1.500000e+03
736469 19.500000 19.500000 19.500000 19.500000 3.000000e+02
736470 19.700001 19.700001 19.700001 19.700001 2.000000e+02
736473 19.879999 19.990000 19.750000 19.990000 5.300000e+03
736474 19.850000 20.000000 19.850000 19.850000 6.690000e+04
736475 19.850000 19.850000 19.850000 19.850000 3.000000e+02
736476 19.850000 19.850000 19.850000 19.850000 2.000000e+02
736477 19.900000 19.950001 19.900000 19.950001 5.300000e+03
736481 19.850000 19.850000 19.850000 19.850000 1.000000e+02
736482 19.850000 19.850000 19.700001 19.700001 2.000000e+03
736483 19.600000 19.600000 19.500000 19.500000 1.800000e+03
736484 19.270000 19.299999 19.110001 19.110001 2.700000e+03
736487 19.110001 19.110001 19.110001 19.110001 0.000000e+00
736488 19.110001 19.110001 19.110001 19.110001 0.000000e+00
736489 19.200001 19.200001 18.250000 18.299999 3.100000e+03
736490 18.500000 18.650000 18.299999 18.299999 1.800000e+03
736491 18.500000 18.750000 18.400000 18.750000 1.500000e+03
736494 18.650000 18.750000 18.639999 18.750000 4.300000e+03
736495 18.650000 18.750000 18.650000 18.750000 1.000000e+03
736496 18.950001 18.950001 18.900000 18.900000 7.000000e+02
736497 18.900000 18.900000 18.900000 18.900000 1.000000e+02
736498 18.900000 18.900000 18.650000 18.650000 7.000000e+02
736501 18.650000 18.650000 18.650000 18.650000 0.000000e+00
736502 18.620001 18.620001 18.620001 18.620001 2.000000e+02
736503 18.620001 18.620001 18.620001 18.620001 0.000000e+00
736504 18.620001 18.620001 18.620001 18.620001 0.000000e+00
736505 18.650000 18.650000 18.620001 18.620001 5.000000e+02
736508 18.620001 18.620001 18.500000 18.500000 4.000000e+02
736509 18.400000 18.400000 18.400000 18.400000 1.000000e+02
736510 18.400000 18.400000 18.400000 18.400000 0.000000e+00
736511 18.400000 18.400000 18.400000 18.400000 0.000000e+00
736512 18.549999 18.549999 18.370001 18.370001 8.000000e+02
736516 18.370001 18.370001 18.370001 18.370001 0.000000e+00
736517 18.400000 18.400000 18.350000 18.350000 3.000000e+02
736518 18.400000 18.400000 18.400000 18.400000 1.000000e+03
736519 18.400000 18.400000 18.400000 18.400000 0.000000e+00
736522 18.400000 18.400000 18.400000 18.400000 0.000000e+00
736523 18.400000 18.400000 18.400000 18.400000 5.000000e+02
736524 18.400000 18.400000 18.400000 18.400000 0.000000e+00
736525 18.410000 18.490000 18.410000 18.490000 3.000000e+02
736526 18.530001 18.559999 18.530001 18.549999 8.000000e+02
736529 18.549999 18.549999 18.549999 18.549999 0.000000e+00
736530 18.549999 18.549999 18.549999 18.549999 0.000000e+00
736531 18.549999 18.549999 18.549999 18.549999 0.000000e+00
736532 18.549999 18.549999 18.549999 18.549999 0.000000e+00
736533 18.549999 18.549999 18.549999 18.549999 1.000000e+02
736536 18.410000 18.500000 18.400000 18.400000 1.190000e+04
736537 18.400000 18.400000 18.400000 18.400000 0.000000e+00
736538 18.420000 18.420000 18.420000 18.420000 1.000000e+02
736539 18.420000 18.420000 18.420000 18.420000 0.000000e+00
736540 18.420000 18.420000 18.420000 18.420000 0.000000e+00
736543 18.420000 18.420000 18.420000 18.420000 2.000000e+02
736544 18.420000 18.420000 18.420000 18.420000 3.000000e+02
736545 18.420000 18.420000 18.420000 18.420000 0.000000e+00
736546 18.500000 18.549999 18.500000 18.549999 2.000000e+03
736547 18.650000 18.799999 18.650000 18.670000 7.000000e+02
736550 18.799999 18.799999 18.799999 18.799999 3.000000e+02
736551 18.760000 18.760000 18.760000 18.760000 2.000000e+02
736552 18.760000 18.760000 18.760000 18.760000 0.000000e+00
736553 18.799999 18.799999 18.799999 18.799999 1.000000e+02
736554 18.799999 18.799999 18.799999 18.799999 5.000000e+02
736557 18.799999 18.799999 18.799999 18.799999 0.000000e+00
736558 18.799999 18.799999 18.799999 18.799999 0.000000e+00
736559 18.900000 18.900000 18.900000 18.900000 2.000000e+02
736560 18.900000 18.900000 18.900000 18.900000 6.000000e+02
736561 18.900000 18.900000 18.900000 18.900000 0.000000e+00
736564 18.900000 18.900000 18.900000 18.900000 1.000000e+02
736565 18.820000 18.840000 18.820000 18.840000 6.000000e+02
736566 18.889999 18.889999 18.889999 18.889999 1.000000e+02
736567 18.850000 18.850000 18.830000 18.830000 1.000000e+03
736568 18.830000 18.830000 18.830000 18.830000 0.000000e+00
736571 18.820000 18.820000 18.820000 18.820000 2.000000e+02
736572 18.820000 18.820000 18.820000 18.820000 0.000000e+00
736573 18.820000 18.820000 18.820000 18.820000 0.000000e+00
736574 18.820000 18.820000 18.820000 18.820000 0.000000e+00
736575 18.820000 18.820000 18.820000 18.820000 0.000000e+00
736579 18.860001 18.860001 18.820000 18.820000 5.000000e+02
736580 18.820000 18.820000 18.820000 18.820000 0.000000e+00
736581 18.930000 18.980000 18.930000 18.980000 5.000000e+02
736582 18.879999 18.879999 18.879999 18.879999 1.000000e+02
736585 18.850000 18.879999 18.850000 18.850000 1.500000e+03
736586 18.850000 18.850000 18.850000 18.850000 1.100000e+03
736587 18.850000 18.850000 18.850000 18.850000 5.000000e+02
736588 18.850000 18.850000 18.850000 18.850000 0.000000e+00
736589 18.850000 18.850000 18.850000 18.850000 4.000000e+02
736592 18.850000 18.850000 18.850000 18.850000 4.000000e+02
736593 18.850000 18.850000 18.850000 18.850000 2.100000e+03
736594 18.850000 18.850000 18.850000 18.850000 0.000000e+00
736595 18.850000 18.850000 18.850000 18.850000 0.000000e+00
736596 18.850000 18.850000 18.850000 18.850000 0.000000e+00
736599 18.980000 19.000000 18.850000 19.000000 6.600000e+03
736600 19.000000 19.000000 19.000000 19.000000 0.000000e+00
736601 18.850000 18.850000 18.850000 18.850000 1.900000e+03
736602 18.850000 18.850000 18.850000 18.850000 0.000000e+00
736603 18.850000 18.850000 18.850000 18.850000 0.000000e+00
736606 19.000000 19.000000 19.000000 19.000000 1.000000e+03
736607 19.000000 19.000000 19.000000 19.000000 0.000000e+00
736608 19.000000 19.000000 19.000000 19.000000 0.000000e+00
736609 19.000000 19.000000 19.000000 19.000000 2.000000e+02
736610 19.000000 19.000000 19.000000 19.000000 0.000000e+00
736613 19.000000 19.000000 19.000000 19.000000 0.000000e+00
736614 19.000000 19.000000 19.000000 19.000000 0.000000e+00
736615 19.000000 19.000000 19.000000 19.000000 0.000000e+00
736616 19.000000 19.000000 19.000000 19.000000 0.000000e+00
736617 19.000000 19.000000 18.850000 18.850000 2.700000e+03
736620 18.850000 19.000000 18.850000 19.000000 1.200000e+03
736621 19.000000 19.000000 19.000000 19.000000 3.000000e+02
736622 19.000000 19.000000 19.000000 19.000000 1.900000e+03
736623 19.000000 19.000000 19.000000 19.000000 0.000000e+00
736624 19.000000 19.000000 19.000000 19.000000 0.000000e+00
736627 19.000000 19.000000 19.000000 19.000000 0.000000e+00
736628 19.000000 19.000000 19.000000 19.000000 0.000000e+00
736629 19.000000 19.000000 19.000000 19.000000 0.000000e+00
736630 19.000000 19.000000 19.000000 19.000000 7.000000e+02
736631 19.000000 19.000000 19.000000 19.000000 0.000000e+00
736634 19.000000 19.000000 19.000000 19.000000 1.000000e+02
736635 19.020000 19.020000 19.010000 19.010000 2.100000e+03
736636 19.000000 19.000000 19.000000 19.000000 1.200000e+03
736637 19.000000 19.000000 19.000000 19.000000 0.000000e+00
736638 19.049999 19.049999 19.000000 19.000000 7.300000e+03
736641 19.000000 19.000000 19.000000 19.000000 0.000000e+00
736642 19.000000 19.000000 19.000000 19.000000 0.000000e+00
736643 19.100000 19.100000 19.100000 19.100000 1.000000e+02
736644 19.100000 19.100000 19.100000 19.100000 1.000000e+02
736645 19.100000 19.100000 19.100000 19.100000 0.000000e+00
736648 19.250000 19.500000 19.250000 19.500000 9.000000e+02
736649 19.549999 19.549999 19.549999 19.549999 2.000000e+02
736650 19.549999 19.549999 19.549999 19.549999 0.000000e+00
736651 19.549999 19.799999 19.549999 19.799999 4.000000e+02
736652 19.900000 19.900000 19.900000 19.900000 5.000000e+02
736655 19.990000 19.990000 19.990000 19.990000 7.000000e+02
736656 19.990000 19.990000 19.990000 19.990000 0.000000e+00
736657 19.990000 19.990000 19.990000 19.990000 0.000000e+00
736659 20.330000 20.330000 20.330000 20.330000 3.000000e+02
736662 19.350000 19.500000 19.100000 19.500000 1.800000e+03
736663 19.600000 19.600000 19.600000 19.600000 4.000000e+02
736664 19.600000 19.650000 19.600000 19.650000 8.000000e+02
736665 19.600000 19.799999 19.600000 19.799999 7.000000e+02
736666 19.770000 19.770000 19.500000 19.700001 7.200000e+03
736669 19.700001 19.700001 19.700001 19.700001 0.000000e+00
736670 20.000000 20.000000 20.000000 20.000000 3.000000e+02
736671 20.090000 20.090000 20.090000 20.090000 1.000000e+02
736672 20.010000 20.010000 20.010000 20.010000 5.000000e+02
736673 20.200001 20.200001 20.200001 20.200001 3.000000e+02
736676 20.240000 20.250000 20.049999 20.049999 1.390000e+04
736677 20.049999 20.049999 20.049999 20.049999 0.000000e+00
736678 20.049999 20.049999 20.049999 20.049999 0.000000e+00
736679 20.250000 20.389999 20.250000 20.389999 5.000000e+02
736680 20.389999 20.389999 20.389999 20.389999 0.000000e+00
736683 20.400000 20.600000 20.400000 20.600000 1.600000e+03
736684 20.600000 20.600000 20.600000 20.600000 0.000000e+00
736685 20.400000 20.600000 20.400000 20.600000 6.000000e+02
736686 20.600000 20.600000 20.600000 20.600000 2.000000e+02
736687 20.770000 20.770000 20.770000 20.770000 2.000000e+02
736691 20.620001 20.700001 20.620001 20.650000 3.000000e+03
736692 20.650000 20.650000 20.650000 20.650000 0.000000e+00
736693 20.700001 20.700001 20.400000 20.400000 1.800000e+03
736694 20.400000 20.400000 20.400000 20.400000 3.000000e+02
736698 20.400000 20.400000 20.400000 20.400000 1.000000e+03
736699 20.400000 20.400000 20.400000 20.400000 0.000000e+00
736700 20.400000 20.400000 20.400000 20.400000 0.000000e+00
736701 20.410000 20.549999 20.410000 20.549999 1.700000e+03
736704 20.549999 20.549999 20.549999 20.549999 0.000000e+00
736705 20.549999 20.549999 20.549999 20.549999 0.000000e+00
736706 20.549999 20.549999 20.430000 20.430000 1.100000e+03
736707 20.450001 20.450001 20.450001 20.450001 9.000000e+02
736708 20.750000 20.750000 20.400000 20.400000 1.800000e+03
736712 20.400000 20.400000 20.400000 20.400000 0.000000e+00
736713 20.549999 20.549999 20.500000 20.500000 4.000000e+02
736714 20.500000 20.500000 20.500000 20.500000 0.000000e+00
736715 20.500000 20.500000 20.500000 20.500000 0.000000e+00
736718 20.500000 20.500000 20.500000 20.500000 0.000000e+00
736719 20.549999 20.549999 20.549999 20.549999 4.000000e+02
736720 20.549999 20.549999 20.549999 20.549999 0.000000e+00
736721 20.549999 20.549999 20.549999 20.549999 0.000000e+00
736722 20.559999 20.559999 20.500000 20.500000 2.000000e+03
736725 20.500000 20.500000 20.500000 20.500000 0.000000e+00
736726 20.600000 20.600000 20.600000 20.600000 1.600000e+03
736727 20.520000 20.520000 20.500000 20.500000 1.000000e+03
736728 20.500000 20.500000 20.500000 20.500000 0.000000e+00
736729 20.500000 20.500000 20.500000 20.500000 0.000000e+00
736732 20.500000 20.500000 20.500000 20.500000 0.000000e+00
736733 20.500000 20.500000 20.500000 20.500000 0.000000e+00
736734 20.620001 20.620001 20.620001 20.620001 1.000000e+02
736735 20.620001 20.620001 20.620001 20.620001 0.000000e+00
736736 20.850000 20.850000 20.770000 20.770000 1.000000e+03
736739 20.980000 21.250000 20.750000 21.250000 1.400000e+03
736740 20.950001 20.950001 20.950001 20.950001 2.000000e+02
736741 20.910000 21.000000 20.900000 21.000000 2.700000e+03
736742 21.000000 21.000000 21.000000 21.000000 1.000000e+03
736743 21.250000 21.500000 21.000000 21.500000 1.600000e+03
736747 21.500000 21.500000 21.500000 21.500000 2.000000e+02
736748 21.500000 21.500000 21.500000 21.500000 7.000000e+02
736749 21.500000 21.500000 21.500000 21.500000 0.000000e+00
736750 21.889999 22.240000 21.500000 22.240000 2.800000e+03
736753 22.000000 22.000000 22.000000 22.000000 2.000000e+03
736754 21.750000 21.750000 21.750000 21.750000 2.000000e+02
736755 22.000000 22.000000 22.000000 22.000000 1.600000e+03
736756 22.000000 22.000000 22.000000 22.000000 0.000000e+00
736757 22.000000 22.000000 22.000000 22.000000 0.000000e+00
736760 22.000000 22.000000 22.000000 22.000000 0.000000e+00
736761 22.000000 22.000000 21.650000 21.650000 1.800000e+03
736762 21.650000 21.650000 21.650000 21.650000 0.000000e+00
736763 21.650000 21.650000 21.650000 21.650000 0.000000e+00
736764 22.049999 22.049999 22.049999 22.049999 1.100000e+03
