736034 15.452352 15.491974 14.808504 15.244340 2.743783e+04
736035 14.986799 15.234433 14.749071 15.085853 3.268767e+04
736036 15.036326 15.363203 14.729261 15.303771 3.308388e+04
736039 15.412731 15.412731 15.105665 15.125476 2.099935e+04
736040 15.165097 15.412731 15.026422 15.125476 2.317853e+04
736041 15.452352 15.452352 15.145286 15.175002 2.288137e+04
736042 14.907557 15.343393 14.907557 15.095759 4.536652e+04
736043 15.105665 15.353298 14.867936 15.343393 9.439802e+04
736046 15.264150 15.600932 14.858031 15.095759 3.090470e+04
736047 14.996313 15.334427 14.976424 15.105703 2.913740e+04
736048 15.016203 15.016203 14.568700 14.648256 2.903795e+04
736049 14.618423 14.847146 14.170920 14.290254 2.625349e+04
736050 14.479200 14.618423 14.131142 14.250476 1.064062e+04
736053 14.509033 14.697978 14.280309 14.280309 2.406570e+04
736054 14.131142 14.429477 13.365415 13.385304 5.330255e+04
736055 13.375359 13.723417 13.325637 13.683639 3.709300e+04
736056 13.514582 13.653805 12.927856 13.176469 4.892696e+04
736060 13.176469 13.554360 12.291408 12.291408 6.205371e+04
736061 12.251630 13.186414 12.251630 13.077024 6.971098e+04
736062 12.997467 13.454915 12.838355 13.246080 2.247458e+04
736063 13.315693 14.121198 13.315693 14.051586 2.446348e+04
736064 14.141087 14.717868 14.141087 14.558756 3.768968e+04
736067 14.638311 15.244926 14.300198 15.244926 6.066148e+04
736068 15.115648 15.314538 14.638312 15.195204 4.823085e+04
736069 15.364260 15.413982 15.135536 15.314537 2.943573e+04
736070 15.165370 15.294649 15.046036 15.205148 2.585571e+04
736071 15.055981 15.314538 14.876979 14.986369 2.356848e+04
736074 14.966480 15.065925 14.827257 14.847146 1.531454e+04
736075 14.867035 14.976425 14.111253 14.210698 2.555738e+04
736076 14.121197 14.737757 14.111253 14.369810 2.784461e+04
736077 14.419533 14.867036 14.240532 14.479200 3.878357e+04
736078 14.409588 14.499089 14.021752 14.469255 2.396626e+04
736081 14.598534 14.598534 13.812918 13.932252 3.450743e+04
736082 14.200754 14.210698 13.753251 14.190809 2.307125e+04
736083 14.170920 14.339977 13.703528 14.091364 2.545793e+04
736084 14.121197 14.190809 13.673694 13.962085 1.432009e+04
736085 14.101309 14.717868 14.061531 14.717868 2.426459e+04
736088 14.717867 14.916758 14.608478 14.747701 4.087192e+04
736089 14.787479 14.906813 14.111253 14.170920 4.117025e+04
736090 14.180864 14.777534 14.061530 14.538866 4.226415e+04
736091 14.668145 15.771985 14.041641 14.926702 1.638854e+05
736092 15.085814 15.165370 14.558755 14.896868 4.793251e+04
736095 14.886924 15.911208 14.817312 15.602928 8.293717e+04
736096 15.523372 15.911208 15.205148 15.901263 5.260643e+04
736097 15.911208 16.299042 15.602928 15.861485 7.627435e+04
736098 16.060376 16.527769 15.931097 16.358712 6.941265e+04
736099 16.408434 16.408434 16.159821 16.338822 5.539089e+04
736102 16.259265 16.637157 16.259265 16.527768 1.305713e+05
736103 16.398489 16.726658 16.358712 16.597380 6.344594e+04
736104 16.676935 17.581885 16.647102 17.482440 9.318001e+04
736105 17.452605 17.900109 17.323327 17.890164 1.007378e+05
736106 17.989609 18.148722 17.522219 18.138777 4.097136e+04
736110 18.357555 19.113338 18.258112 18.566391 1.237096e+05
736111 18.636003 18.705614 17.005104 17.651497 1.287813e+05
736112 17.323327 18.099000 17.323327 17.512274 4.713695e+04
736113 17.532161 17.760887 17.313383 17.542106 4.355693e+04
736116 17.502328 18.158666 16.935493 17.850387 1.149585e+05
736117 18.049277 18.775225 17.283549 17.452606 1.394220e+05
736118 17.452605 18.039331 17.392939 17.542106 8.771053e+04
736119 17.561997 17.681332 16.816159 17.333273 1.010362e+05
736120 17.233828 17.263662 16.607325 17.144327 6.056204e+04
736123 17.343218 17.870275 16.806214 17.104550 1.216213e+05
736124 16.875824 17.532161 16.875824 17.313383 1.000417e+05
736125 17.561997 17.760888 17.114493 17.452606 1.486704e+05
736126 17.542106 17.641552 17.233827 17.353162 4.892696e+04
736127 17.432719 17.432719 17.213937 17.323328 5.121420e+04
736130 17.174160 17.283549 16.676935 17.015049 9.596447e+04
736131 16.925548 17.860330 16.855937 17.641552 1.080968e+05
736132 17.740997 17.820553 16.845993 16.925548 8.025216e+04
736133 17.034937 17.203993 16.676935 16.945438 6.135760e+04
736134 17.044880 17.552051 16.915603 17.353162 1.059090e+05
736137 17.552051 17.601775 16.806213 16.875824 8.094827e+04
736138 16.915603 16.915603 16.557601 16.637157 8.810832e+04
736139 16.627212 17.134382 16.517824 16.517824 9.755560e+04
736140 16.448212 16.627211 15.583039 16.060375 1.282841e+05
736141 16.020599 16.249321 15.413983 15.592984 1.361701e+06
736144 15.602928 16.736602 15.602928 16.368654 1.130690e+05
736145 16.547655 16.975270 16.507878 16.726657 8.651719e+04
736146 16.885770 16.885770 16.567545 16.756491 1.381292e+05
736147 16.756491 16.875824 16.269211 16.567545 5.051808e+04
736151 16.567545 16.855937 16.438268 16.657046 9.447280e+04
736152 16.657046 16.666991 15.901264 16.478045 6.036315e+04
736153 16.378600 16.905660 15.722263 15.970875 5.031920e+04
736154 16.070321 16.318933 15.762041 15.960930 3.043019e+04
736155 16.080265 16.657046 15.911208 16.617267 5.728035e+04
736158 16.666990 16.756491 16.378599 16.388544 2.804350e+04
736159 16.398489 16.736602 16.308988 16.637157 3.878357e+04
736160 16.607324 16.845993 16.527768 16.657046 4.465083e+04
736161 16.806213 17.213937 16.736601 16.885769 6.632985e+04
736162 16.905659 17.134383 16.716712 16.746547 2.903796e+04
736165 16.627211 16.627211 16.030542 16.100154 3.599911e+04
736166 16.120043 16.120043 15.781930 15.970875 2.923685e+04
736167 15.841597 16.308989 15.841597 16.129987 2.376737e+04
736168 16.189655 16.438268 15.841597 16.398489 5.678312e+04
736169 16.398489 16.398489 15.612873 15.801819 5.002086e+04
736172 15.553206 15.941043 15.046036 15.115648 4.465083e+04
736173 15.105703 15.423927 14.777534 15.205148 4.833029e+04
736174 15.175314 15.513428 14.409587 14.459310 5.300421e+04
736175 14.459310 14.459310 12.778688 13.952140 1.579187e+05
736176 13.256025 14.717868 13.256025 14.688034 7.179933e+04
736179 14.727812 14.906813 14.190808 14.300198 5.787702e+04
736180 14.349921 14.916758 14.230587 14.369810 2.724794e+04
736181 14.499089 14.807368 13.743306 14.051586 3.450743e+04
736182 15.294648 16.120041 14.608477 15.821707 1.595099e+05
736183 15.980820 15.980820 15.026147 15.513428 7.428545e+04
736186 15.901263 16.448212 15.423927 15.742151 1.014339e+05
736187 16.090209 16.110099 15.354316 15.612873 4.852918e+04
736188 15.592984 15.891319 14.896869 15.334427 3.788856e+04
736189 15.642706 16.796267 15.642706 16.139931 1.897411e+05
736190 16.169765 16.308988 15.742151 15.871430 8.064994e+04
736193 15.891319 16.129987 15.612873 15.921153 1.547365e+05
736194 15.871429 16.110098 15.324481 15.354315 3.855484e+05
736195 15.254870 15.314537 14.608477 14.857090 6.831875e+04
736196 14.787479 14.886924 14.121197 14.131142 6.294872e+04
736197 13.852696 14.260421 13.673695 14.021753 8.780999e+04
736200 13.435026 14.867035 13.435026 14.668145 1.150579e+05
736201 15.135537 15.165370 14.688034 14.747701 1.329580e+05
736202 14.966480 15.016203 14.409588 15.016203 6.026370e+04
736203 15.234982 15.911208 14.867035 15.612873 1.309691e+05
736204 15.473649 15.921152 15.394093 15.901263 7.597602e+04
736207 15.891319 15.970874 15.592984 15.851541 6.931320e+04
736208 15.662596 15.791874 14.916758 15.016203 3.112630e+04
736209 15.165370 15.234982 14.588589 15.165370 6.235205e+04
736210 15.304593 15.304593 14.688034 14.747701 8.880443e+04
736211 14.558755 14.976424 14.419532 14.857090 6.792097e+04
736215 15.105703 15.941043 15.026147 15.791874 9.357779e+04
736216 15.931097 15.931097 15.334426 15.443816 1.271902e+05
736217 15.473650 15.791875 15.294649 15.722263 6.125815e+04
736218 15.602928 15.891319 15.483594 15.642706 3.838579e+04
736221 15.612873 15.831652 15.563150 15.712318 2.804350e+04
736222 15.791874 15.941043 15.612873 15.771985 3.957913e+04
736223 15.871430 16.040486 15.811763 15.950987 5.419755e+04
736224 16.010653 16.408433 16.000708 16.388544 1.297758e+05
736225 16.189655 16.378599 15.085814 15.254871 1.845700e+05
736228 15.543262 15.881375 14.986369 15.135537 1.124724e+05
736229 14.926702 15.463706 14.916758 15.055981 8.641775e+04
736230 15.085814 15.254871 14.916757 15.145481 6.921375e+04
736231 15.145481 15.960930 15.055981 15.712318 6.493762e+04
736232 16.010654 16.010654 15.413983 15.662596 1.292786e+05
736235 15.553206 15.831653 15.413983 15.722263 7.428546e+04
736236 15.702374 15.960930 15.573095 15.682485 5.976648e+04
736237 15.841597 15.931098 15.702374 15.921153 3.261798e+04
736238 15.851542 16.090210 15.473651 16.050431 5.737980e+04
736239 15.921152 16.040486 15.612873 15.990764 3.241909e+04
736242 16.060376 16.895715 16.060376 16.826103 8.840665e+04
736243 16.776381 16.875824 16.229432 16.577490 5.887147e+04
736244 16.547655 17.034936 16.299043 16.935493 8.940110e+04
736245 16.945438 17.015049 16.686880 16.895714 5.499311e+04
736246 16.935493 17.452605 16.935493 16.995159 6.354539e+04
736249 17.034936 17.283549 16.706767 16.796268 6.006481e+04
736250 16.736603 17.154272 16.368655 16.428323 8.641775e+04
736251 16.428322 16.666990 16.229432 16.368654 8.701442e+04
736252 16.478045 16.915603 16.090209 16.398489 7.597602e+04
736253 16.408433 16.746546 16.209542 16.607324 5.787702e+04
736256 16.567545 16.985214 16.547655 16.726657 2.814295e+04
736257 16.637157 17.005104 16.577490 16.905659 4.296026e+04
736258 17.005104 17.482440 16.885770 16.905659 7.030765e+04
736259 17.044881 17.293494 16.637157 17.005104 6.274983e+04
736260 17.084660 17.641552 16.666990 16.995159 9.864949e+04
736263 16.995160 17.850388 16.716712 16.826103 3.082797e+04
736264 16.905658 16.905658 16.428322 16.607324 4.992141e+04
736265 16.597379 17.382994 16.557600 17.303438 1.324608e+05
736266 17.323328 17.323328 16.995159 17.223883 5.728035e+04
736267 17.164215 17.283549 17.094605 17.233827 4.345749e+04
736270 17.303439 17.671386 17.253716 17.442663 3.878357e+04
736271 17.492384 17.740997 17.313383 17.691275 9.268278e+04
736272 17.661441 18.238223 17.661441 18.208388 6.931320e+04
736273 17.929944 18.158666 17.015049 17.860330 1.712444e+05
736274 17.780774 18.546502 17.392939 18.447056 8.611941e+04
736277 18.307834 18.417224 17.800664 18.367500 7.150099e+04
736278 18.238223 18.874671 18.238223 18.536557 9.646170e+04
736279 18.705613 18.705613 18.198443 18.208388 1.130690e+05
736280 18.198444 18.417224 17.870275 18.029387 1.254997e+05
736281 17.890164 18.427168 17.452605 17.969720 6.742374e+04
736284 17.929944 18.238223 17.929944 18.168611 3.729189e+04
736285 18.118887 18.397334 18.039331 18.238222 6.652874e+04
736286 18.218334 18.576336 17.959776 18.536557 8.790943e+04
736287 18.496780 18.636003 18.278000 18.496780 6.195427e+04
736288 18.616112 18.864725 18.526612 18.645947 8.999777e+04
736291 18.725504 18.834894 18.417224 18.536557 7.309211e+04
736292 18.397335 18.775225 18.317779 18.576336 3.440799e+04
736293 18.755337 19.540952 18.685725 19.252562 1.221185e+05
736295 19.342063 19.660286 19.153116 19.501175 3.619800e+04
736298 19.690119 20.992852 19.550897 20.803905 2.337953e+05
736299 20.764126 21.649188 20.764126 21.311075 1.971001e+05
736300 21.579578 21.768521 20.873517 21.430408 9.228501e+04
736301 21.698910 21.997247 21.151963 21.848077 9.894783e+04
736302 21.877911 22.434802 21.569632 22.156358 8.323551e+04
736305 22.434802 22.593914 22.126523 22.295580 9.228501e+04
736306 22.076802 22.385081 21.539798 22.375136 1.075001e+05
736307 22.375137 22.713250 22.146413 22.255802 1.200302e+05
736308 22.196135 22.216024 21.460242 21.957467 1.254002e+05
736309 21.609409 21.778466 21.311074 21.738689 1.120746e+05
736312 21.828190 21.858023 21.281241 21.549743 1.398197e+05
736313 21.579577 22.255802 21.579577 22.206080 8.582108e+04
736314 22.265746 23.359642 21.877911 23.280086 1.346486e+05
736315 23.359642 24.493315 22.822640 24.403816 1.387258e+05
736316 24.403816 24.403816 23.220419 23.469032 2.834184e+05
736319 23.697756 24.145260 23.379532 23.886702 1.028262e+05
736320 24.095537 24.095537 23.439199 23.886702 7.756714e+04
736321 24.115425 24.244702 23.896646 24.105480 5.767813e+04
736322 24.264592 26.621440 24.264592 26.333049 2.088346e+05
736326 26.044660 26.710942 24.393872 25.686657 1.914317e+05
736327 25.975048 27.407055 25.855713 26.840219 2.726783e+05
736328 26.681107 26.870053 25.935269 26.243548 1.556315e+05
736329 26.342993 26.352938 25.527544 25.805991 2.689989e+05
736333 25.070097 25.268988 23.946369 24.383927 2.392648e+05
736334 24.244703 24.662372 24.244703 24.582816 1.546371e+05
736335 24.155204 24.731985 23.986147 24.592761 1.870561e+05
736336 24.135314 24.463483 23.429253 23.538644 1.609021e+05
736337 23.588365 23.767367 22.822640 22.872362 1.218202e+05
736340 23.081195 23.359642 22.385080 22.534248 1.081962e+05
736341 22.663529 23.021530 22.474582 22.633694 9.367724e+04
736342 22.852472 23.071252 21.420464 21.609409 1.300741e+05
736343 21.738690 22.066859 21.142019 21.897801 6.802042e+04
736344 21.440352 21.778466 20.585126 21.211629 1.054118e+05
736348 21.509964 21.877911 20.714404 21.122129 1.722388e+05
736349 20.624904 21.291186 19.799510 21.122129 1.426042e+05
736350 21.301130 21.370742 21.082352 21.201685 9.178778e+04
736351 21.629298 22.106634 21.321019 21.987301 1.049145e+05
736354 21.957467 22.126523 21.330964 21.450297 1.320630e+05
736355 21.529853 21.897800 21.340907 21.738689 4.972253e+04
736356 21.639243 21.639243 20.883461 21.142018 9.775449e+04
736357 21.291185 21.887855 21.052517 21.410520 5.837424e+04
736358 21.470187 22.305526 21.470187 22.255802 8.224106e+04
736361 22.136468 22.792806 22.116579 22.484527 5.091587e+04
736362 22.066858 22.663528 22.046968 22.325415 6.086037e+04
736363 22.444748 22.981753 21.619354 22.713250 9.795338e+04
736364 22.494472 22.663529 21.072408 21.589520 8.333495e+04
736365 21.470187 21.688965 20.982906 21.151963 1.130690e+05
736368 20.943127 21.569633 20.475736 21.519908 7.000932e+04
736369 21.132074 21.858023 21.132074 21.390631 5.379977e+04
736370 21.589520 21.917690 21.480131 21.500021 4.753473e+04
736371 21.171852 22.564083 20.863572 22.504414 8.860554e+04
736372 22.703305 24.145259 22.703305 23.508809 1.217207e+05
736376 23.856868 24.682262 23.160753 23.369587 8.074938e+04
736377 23.648034 24.304372 23.469032 24.274537 1.019312e+05
736378 24.364038 24.622595 23.130919 23.210475 1.083951e+05
736379 23.120974 23.459087 22.096689 22.375136 1.444937e+05
736382 22.554137 22.991696 22.086744 22.196135 7.140155e+04
736383 22.037023 23.120974 21.937577 23.061308 1.196324e+05
736384 22.762971 23.538644 22.156358 23.409366 6.672763e+04
736385 23.449143 23.618200 23.250252 23.498865 3.142464e+04
736386 23.558534 23.588365 23.061308 23.369587 6.782152e+04
736389 23.628145 23.628145 23.250252 23.260197 6.165593e+04
736390 23.469032 23.638088 22.812695 23.439198 8.631830e+04
736391 23.469032 24.015980 23.240310 23.996090 1.018317e+05
736392 23.906591 24.702151 23.508809 24.552984 1.013345e+05
736393 24.473428 24.831429 24.175091 24.582816 4.117025e+04
736396 24.523150 24.821484 24.015980 24.294426 7.508101e+04
736397 24.165146 25.030319 24.145259 24.871207 1.256985e+05
736398 25.040264 26.372828 24.901042 26.303217 9.636225e+04
736399 26.104325 26.104325 21.669077 22.116579 3.197158e+05
736400 22.365192 22.753027 21.350852 21.768521 1.547365e+05
736403 21.907745 22.593914 21.559687 22.534248 8.950054e+04
736404 22.265746 22.802750 21.659133 21.758576 1.081962e+05
736405 21.728744 22.375137 21.321020 22.325415 7.607546e+04
736406 23.073919 24.061946 22.634795 23.892285 1.393218e+05
736407 24.032006 24.091885 22.704657 23.053959 1.402200e+05
736410 22.884298 23.163739 22.285494 22.884298 4.151709e+04
736411 22.584895 23.493083 22.515034 23.343380 5.788440e+04
736412 23.193679 23.642783 22.974118 23.433201 9.281464e+04
736413 23.243581 23.612842 22.954158 23.443181 6.756506e+04
736417 23.602863 23.752563 22.664735 23.363341 1.918169e+05
736418 23.313442 23.682704 22.275514 23.453162 6.536945e+04
736419 23.672723 24.351369 23.493084 24.261547 1.219564e+05
736420 24.281508 24.610850 23.523022 24.191687 1.153696e+05
736421 23.962144 24.640790 23.962144 24.351367 4.690632e+04
736424 24.361349 24.361349 23.672723 23.842384 5.908201e+04
736425 23.343380 24.081905 22.994080 23.343380 4.790433e+04
736426 23.313441 23.582901 22.065933 23.533002 4.600812e+04
736427 23.313442 23.882305 22.664736 23.872325 5.608799e+04
736428 23.942185 25.299474 23.702663 25.239595 1.500004e+05
736431 25.449175 25.868338 25.129813 25.389296 8.932162e+04
736432 25.369335 25.379315 24.640791 25.099873 7.245530e+04
736433 25.149774 25.568937 24.960152 25.149774 1.098806e+05
736434 25.259553 25.738598 25.259553 25.668736 4.740533e+04
736435 25.588895 25.938198 25.588895 25.768537 4.800413e+04
736438 25.838397 26.447182 25.499074 26.447182 6.337344e+04
736439 26.447183 26.546984 26.097881 26.457163 4.550911e+04
736440 26.357362 26.746584 26.357362 26.746584 8.852321e+04
736441 26.646785 26.726625 25.339394 25.698677 7.664693e+04
736442 25.798478 26.018039 25.179713 25.988100 7.255510e+04
736445 25.838397 26.467142 25.499075 25.968139 8.073876e+04
736446 26.127821 26.397283 25.568938 26.327421 1.304395e+05
736447 26.347382 26.546983 25.998079 26.337401 8.023975e+04
736448 26.327420 26.606863 25.728618 26.407261 6.417184e+04
736449 26.467143 26.656763 26.008059 26.367342 4.620772e+04
736452 26.566944 26.736605 25.978120 26.477123 6.127762e+04
736453 26.237602 26.556964 25.998079 26.197681 4.141729e+04
736454 26.117840 26.746584 24.870332 26.197681 3.055897e+05
736455 26.347382 26.576922 25.648778 26.377322 5.708599e+04
736456 26.207661 27.564951 25.778518 27.535010 1.414176e+05
736459 27.614851 29.131822 27.495089 28.782519 1.901203e+05
736460 28.932219 29.481123 28.213654 28.842398 1.505992e+05
736461 28.692698 28.722639 27.664750 27.704671 4.880254e+04
736462 27.744590 27.844392 26.796485 27.135808 1.027947e+05
736463 26.996084 27.564950 26.427222 26.936205 3.433144e+04
736466 27.036006 27.365348 26.956165 27.065947 3.343323e+04
736467 26.986107 27.654769 25.748576 26.028019 1.523956e+05
736468 26.038000 26.676724 25.638798 26.217641 4.021968e+04
736469 26.038000 26.676724 25.978120 26.487104 5.199616e+04
736470 26.666744 27.285509 26.566945 26.876326 7.115789e+04
736473 27.075925 27.305469 26.936205 27.055967 5.419177e+04
736474 27.245587 28.383317 26.736605 28.163753 1.202598e+05
736475 29.640806 32.095902 28.972141 31.816459 5.658699e+05
736476 31.816458 33.353388 30.938213 33.213668 2.047910e+05
736477 33.014070 33.143808 32.425246 32.485123 1.513976e+05
736481 32.824445 32.894306 32.365363 32.654786 4.392228e+05
736482 32.734624 34.680739 32.584926 34.012076 2.177651e+05
736483 33.942212 34.301495 32.874345 33.123847 1.633737e+05
736484 33.024048 33.523051 32.435224 33.223650 8.013995e+04
736487 33.463170 34.281534 33.333432 34.101893 1.290423e+05
736488 34.341417 34.471158 33.822452 34.411277 9.760507e+04
736489 34.451198 34.710679 34.171758 34.491119 1.036929e+05
736490 34.441216 34.720661 34.032033 34.481137 9.061903e+04
736491 34.101894 34.511080 33.772553 34.151797 7.125769e+04
736494 34.071954 34.560980 34.071954 34.321456 7.774474e+04
736495 34.151796 34.640818 33.852391 34.411277 8.053915e+04
736496 34.650799 34.650799 34.221656 34.331438 7.834354e+04
736497 34.191714 35.519065 34.032033 35.229642 1.423158e+05
736498 34.940218 34.940218 33.203688 33.293510 4.883248e+05
736501 34.022054 34.810481 32.964166 34.421259 1.108786e+05
736502 34.580940 34.880341 33.782531 34.091915 1.909187e+05
736503 34.241617 34.371356 33.403291 33.632833 1.097808e+05
736504 34.980140 38.283545 34.930241 37.884340 5.894229e+05
736505 36.676753 37.844419 35.558986 36.417273 4.808397e+05
736508 35.698706 37.634839 35.339424 37.545018 1.623757e+05
736509 37.914283 39.421272 37.704699 38.742627 2.321364e+05
736510 39.391333 39.391333 37.545018 37.814480 1.256491e+05
736511 37.754602 38.792526 37.574961 38.153803 1.452100e+05
736512 38.233645 38.493126 37.175757 37.934240 9.221584e+04
736516 37.884340 39.541031 37.764580 39.181748 1.838329e+05
736517 39.002111 40.718680 38.662789 39.690734 3.334341e+05
736518 39.610892 39.910297 38.303505 38.373365 1.612779e+05
736519 38.562985 38.902308 38.233645 38.293523 1.424156e+05
736522 38.393326 39.521071 37.934240 38.233645 1.028945e+05
736523 38.313483 38.792526 37.934239 38.493125 9.311404e+04
736524 38.562984 38.982149 37.495118 37.624860 9.800427e+04
736525 38.044021 38.273562 37.624860 37.854401 9.930168e+04
736526 38.044021 38.313483 37.734641 38.044021 9.471085e+04
736529 37.944221 38.882347 37.824462 38.632845 9.251524e+04
736530 38.523064 39.560992 38.503108 39.511093 1.622759e+05
736531 39.710695 40.618881 39.291530 40.578960 1.327349e+05
736532 40.489139 40.828461 39.181748 40.788540 1.327349e+05
736533 40.918283 41.806508 40.718680 41.676766 1.985036e+05
736536 41.666788 41.916289 40.539039 41.557006 2.145715e+05
736537 41.387346 43.103916 41.087941 42.235651 2.336334e+05
736538 42.664794 42.744636 41.676765 42.415292 1.449106e+05
736539 42.265589 43.153819 42.016087 42.964195 1.785434e+05
736540 43.153820 44.161805 42.884357 42.914296 1.699606e+05
736543 43.113897 43.113897 42.046030 42.604912 1.358287e+05
736544 42.654816 42.714693 41.926267 42.395332 3.381247e+05
736545 38.103903 39.421272 33.433230 34.670761 1.324156e+06
736546 34.670761 35.389322 34.071953 34.301495 2.444119e+05
736547 34.371356 35.618865 34.151797 34.221657 3.270469e+05
736550 34.251596 34.541019 33.862373 33.942212 1.474056e+05
736551 33.732632 34.710679 33.732632 34.481137 1.346311e+05
736552 34.201696 34.780538 33.882335 34.311478 1.283437e+05
736553 34.531170 34.910630 33.872098 33.951987 1.626700e+05
736554 34.141717 34.531169 33.702340 33.991931 1.751523e+05
736557 33.742284 34.631026 33.732296 33.991931 1.566784e+05
736558 33.712324 33.961971 33.332863 33.942003 1.887331e+05
736559 33.812185 34.930603 33.792213 34.740872 1.821424e+05
736560 34.670972 36.248738 34.551138 35.789389 2.520436e+05
736561 35.619626 35.879261 34.890658 35.240166 1.725560e+05
736564 35.030464 35.929191 34.690944 35.669559 9.216966e+04
736565 35.879261 36.568286 35.250150 36.448456 2.605316e+05
736566 36.518357 39.683882 36.518357 37.097540 5.231602e+05
736567 36.967722 37.996267 36.738048 37.796548 2.675217e+05
736568 37.726648 38.855053 34.471252 38.765180 1.949243e+05
736571 38.944926 40.872201 38.285858 40.193161 3.225439e+05
736572 40.103288 40.442808 39.813696 40.173189 2.468509e+05
736573 40.253076 40.273049 39.733811 39.883597 1.400020e+05
736574 39.863625 40.442808 39.643938 40.173189 1.350091e+05
736575 40.243090 40.922130 40.153217 40.532681 1.410006e+05
736579 40.542664 40.902157 39.963485 40.492736 1.656657e+05
736580 40.602582 40.602582 39.993443 40.452792 1.596742e+05
736581 40.273049 40.293017 38.825096 39.134656 9.876034e+04
736582 38.745208 39.104701 37.457029 38.245914 1.735546e+05
736585 38.186001 39.144644 38.186001 38.924954 1.622705e+05
736586 38.645350 39.134656 38.186001 38.735223 1.475913e+05
736587 39.374319 40.732399 39.374319 39.693867 2.351674e+05
736588 39.474177 40.402864 39.474177 40.293018 9.446641e+04
736589 40.293017 40.682470 39.893585 40.133244 1.569780e+05
736592 40.412852 40.702439 39.034799 39.963486 1.392031e+05
736593 40.043370 40.402863 39.134656 40.073331 9.975893e+04
736594 40.023403 40.103288 38.755195 39.574037 9.386726e+04
736595 39.603994 40.602582 39.414263 40.412851 1.016562e+05
736596 40.412851 40.762356 40.193161 40.502724 7.878858e+04
736599 40.442808 40.582609 39.314402 39.354347 8.507968e+04
736600 39.224529 40.103288 38.375731 38.685295 9.256909e+04
736601 38.944927 39.414264 38.225942 38.994855 8.767601e+04
736602 38.894998 39.204557 38.425661 39.044783 1.063496e+05
736603 38.954910 40.532681 38.865037 40.462780 2.928858e+05
736606 40.342951 40.772344 39.943514 40.762356 8.468025e+04
736607 40.892174 41.661086 40.782328 41.531269 1.766502e+05
736608 41.231694 42.919306 40.632539 42.190337 2.672221e+05
736609 41.860800 42.519872 41.481340 42.050535 1.702592e+05
736610 41.980635 42.589774 41.051948 41.371495 1.380048e+05
736613 41.581197 42.100464 40.902157 41.501312 1.438965e+05
736614 41.121848 41.780916 40.342951 40.672483 1.325126e+05
736615 40.832256 41.720999 40.163204 41.581197 9.366754e+04
736616 41.131833 41.641115 41.121848 41.441396 5.402360e+04
736617 41.381480 41.711015 41.002019 41.461368 8.398124e+04
736620 41.261649 42.439983 41.261649 42.429999 1.243242e+05
736621 42.539840 42.889348 41.970646 42.340126 1.472917e+05
736622 42.599757 42.729574 41.900744 41.930705 1.029544e+05
736623 42.150392 42.150392 39.653923 39.783740 1.030543e+05
736624 39.484165 40.133245 31.884910 38.755196 3.099117e+06
736627 38.725237 38.815110 37.047608 37.546902 2.542405e+05
736628 37.686708 38.775168 37.187414 37.407100 1.910299e+05
736629 37.467016 37.666734 35.899234 35.979119 1.146379e+05
736630 36.218781 36.668146 35.250150 35.310067 1.508866e+05
736631 35.260138 36.088963 34.960558 35.060420 1.340105e+05
736634 35.270123 35.689532 34.680956 35.160277 2.479494e+05
736635 35.330039 35.619626 34.301490 34.571110 2.480492e+05
736636 35.439884 39.943513 34.720899 39.723823 7.568297e+05
736637 39.603995 40.253078 38.755196 38.914970 2.198890e+05
736638 39.044782 39.903569 38.335786 39.064755 2.822009e+05
736641 39.594010 40.113272 39.184589 39.703851 1.299163e+05
736642 39.753784 39.993443 39.334375 39.743796 1.154368e+05
736643 39.084396 41.702014 38.984488 41.622085 1.639507e+05
736644 41.682032 41.961777 39.773771 41.022633 1.648498e+05
736645 40.962685 41.991747 40.223357 41.801921 1.170933e+05
736648 42.041705 43.959956 41.382302 43.840066 1.812349e+05
736649 43.640246 44.479481 41.971764 44.109820 1.740415e+05
736650 43.670219 46.068036 42.181577 45.698374 2.070114e+05
736651 45.918170 47.107090 45.598461 46.607545 2.418797e+05
736652 46.787382 47.826433 46.407727 47.716532 1.619525e+05
736655 48.076205 48.705632 47.246962 48.345959 2.041141e+05
736656 48.565761 49.295095 48.126158 48.835515 2.577652e+05
736657 48.725614 49.365032 48.096186 48.236059 2.855399e+05
736659 48.805539 48.805539 47.306904 48.026251 4.885550e+04
736662 47.766488 48.136151 47.356862 47.396823 8.462291e+04
736663 47.766489 47.766489 46.577570 47.177026 1.837326e+05
736664 47.296916 47.746507 46.837335 47.256951 1.979197e+05
736665 47.256950 47.886378 46.207907 47.187015 3.858485e+05
736666 47.266944 47.656589 46.607546 47.177026 2.500722e+05
736669 47.416805 48.585743 46.967214 47.746507 1.319798e+05
736670 47.696553 48.655678 47.117079 48.565760 1.748407e+05
736671 48.365942 49.355043 47.706542 48.615714 1.376746e+05
736672 48.825522 49.335060 48.345959 49.265124 1.325792e+05
736673 49.444960 49.954494 49.375020 49.774658 1.494638e+05
736676 49.774659 50.384104 49.694734 49.844594 1.804356e+05
736677 50.094367 50.324157 49.135241 49.474932 1.434693e+05
736678 49.205177 49.684741 48.675661 48.955405 1.248862e+05
736679 49.185195 49.544868 48.555767 48.905451 1.786373e+05
736680 49.105271 49.954495 49.095277 49.554857 1.666482e+05
736683 49.444961 51.153404 48.955405 50.174296 1.949224e+05
736684 50.174296 51.473112 49.424979 50.763759 1.350770e+05
736685 49.015352 50.813713 49.015352 49.464939 1.402722e+05
736686 49.604816 50.943596 49.015352 50.254221 1.034058e+05
736687 50.084378 50.913621 49.924524 50.094367 1.384739e+05
736691 50.394094 53.171566 49.195189 51.593002 2.560667e+05
736692 51.662938 51.682921 49.844594 50.084378 2.002176e+05
736693 50.653859 51.063486 49.744687 50.384104 1.461669e+05
736694 50.324157 50.543958 49.774659 49.934513 2.169024e+05
736698 50.354132 50.394093 49.005358 49.414985 2.196999e+05
736699 49.454950 50.623883 49.015352 50.454040 1.603539e+05
736700 50.204268 50.464029 49.544868 49.884559 8.772009e+04
736701 50.064396 50.074385 48.985377 49.454950 6.364203e+04
736704 49.165213 49.564851 48.286017 48.735604 1.222886e+05
736705 48.755585 48.805539 47.326887 48.395913 1.957217e+05
736706 48.305994 48.585743 46.827342 47.167033 1.434693e+05
736707 46.877296 47.216986 43.200649 44.189746 9.174642e+05
736708 44.269674 45.348689 44.199739 44.669308 3.407896e+05
736712 44.269675 45.498555 43.959956 44.829163 2.707534e+05
736713 44.909091 45.658408 44.109820 44.609365 1.404720e+05
736714 44.689291 44.709273 43.410457 43.510364 1.483648e+05
736715 43.520357 43.979937 42.571221 42.900919 1.441687e+05
736718 42.651147 43.210638 41.981758 42.141612 1.440688e+05
736719 41.891839 42.641157 41.122540 42.321449 1.624520e+05
736720 42.391385 43.600283 42.381392 43.060773 1.761396e+05
736721 42.651146 43.070766 42.051694 42.301466 1.571568e+05
736722 42.381392 42.561228 41.652057 42.471310 1.435692e+05
736725 42.331438 42.431349 41.482213 41.841886 2.036145e+05
736726 41.761957 42.701104 41.312366 42.351420 1.691459e+05
736727 42.351419 43.700194 41.891839 43.380481 2.274928e+05
736728 43.510364 44.369582 42.890929 43.620265 2.053130e+05
736729 44.099827 45.648416 43.770129 45.278754 1.339780e+05
736732 45.098917 45.458591 44.219717 44.229710 9.321509e+04
736733 44.199739 44.319629 43.010819 43.290567 9.741126e+04
736734 43.270584 43.710182 42.341430 42.451331 1.251860e+05
736735 42.431349 44.549418 42.001740 44.389564 1.443685e+05
736736 44.439519 44.869128 43.720172 44.129799 7.273374e+04
736739 44.379572 44.809180 44.049874 44.139792 6.673921e+04
736740 44.109822 44.499466 42.521268 42.890930 1.531605e+05
736741 42.791023 43.610276 42.571222 42.960866 1.359761e+05
736742 43.020813 43.780120 42.761047 43.770130 1.537599e+05
736743 43.660230 44.239700 43.660230 44.009909 1.087010e+05
736747 44.249692 44.649326 43.900008 44.109820 5.654849e+04
736748 44.149782 44.539430 43.910002 44.419536 7.593083e+04
736749 44.669309 44.669309 43.440429 44.059863 8.092628e+04
736750 43.919991 44.319629 43.660230 43.910002 5.015431e+04
736753 43.770000 44.360001 43.099998 44.169998 7.120000e+04
736754 44.040001 44.619999 43.799999 44.230000 1.214000e+05
736755 44.630001 45.970001 43.889999 45.570000 2.126000e+05
736756 45.540001 46.160000 44.660000 45.900002 2.630000e+05
736757 46.000000 47.130001 45.630001 47.060001 1.751000e+05
736760 46.720001 47.439999 44.770000 44.980000 2.836000e+05
736761 44.779999 45.130001 43.849998 44.680000 2.344000e+05
736762 47.060001 51.180000 46.860001 49.160000 9.072000e+05
736763 49.200001 51.770000 49.200001 49.299999 2.436000e+05
736764 49.950001 50.540001 49.410000 50.009998 1.441000e+05
