736034 15.461838 15.479682 15.399384 15.443993 2.623070e+04
736035 15.479682 15.515369 15.435071 15.479682 1.213393e+04
736036 15.524291 15.524291 15.435070 15.488604 2.016373e+04
736039 15.461837 15.542135 15.399383 15.417228 2.382176e+04
736040 15.399383 15.452915 15.265554 15.301241 2.676602e+04
736041 15.274476 15.533213 15.131722 15.533213 5.487034e+04
736042 15.452915 15.506446 15.345852 15.354772 3.033482e+04
736043 15.381539 15.559980 15.372617 15.559980 2.266190e+04
736046 15.604590 15.622434 15.542136 15.551058 2.087750e+04
736047 15.515369 15.568903 15.443993 15.479682 2.159126e+04
736048 15.479682 15.622434 15.435071 15.443993 3.809697e+04
736049 15.426151 15.426151 15.390462 15.408306 2.721212e+04
736050 15.408305 15.515368 15.301241 15.452915 2.185892e+04
736053 15.452915 15.479681 15.417228 15.461837 1.329379e+04
736054 15.417229 15.622434 15.417229 15.551058 3.426051e+04
736055 15.604589 15.649200 15.551057 15.604589 1.534585e+04
736056 15.542136 15.568903 15.435071 15.435071 1.489975e+04
736060 15.443992 15.515368 15.417228 15.417228 1.891465e+04
736061 15.390461 15.533213 15.390461 15.533213 1.177705e+04
736062 15.515369 15.675966 15.506447 15.658121 3.229766e+04
736063 15.595668 15.595668 15.390462 15.479682 3.381441e+04
736064 15.435070 15.479681 15.390461 15.417228 1.936075e+04
736067 15.470139 15.488076 15.407362 15.461171 2.161335e+04
736068 15.488076 15.506013 15.452203 15.461171 2.762205e+04
736069 15.514979 15.514979 15.443233 15.479107 2.977441e+04
736070 15.434265 15.532916 15.434265 15.532916 1.318325e+04
736071 15.470140 15.514980 15.470140 15.488076 1.506657e+04
736074 15.497045 15.550853 15.497045 15.550853 1.668085e+04
736075 15.506013 15.550853 15.497045 15.523948 1.327293e+04
736076 15.497045 15.523948 15.470140 15.523948 1.192770e+04
736077 15.506013 15.568790 15.506013 15.568790 8.968196e+03
736078 15.532916 15.550852 15.497044 15.541884 1.076184e+04
736081 15.497044 15.568790 15.470139 15.497044 1.614275e+04
736082 15.479107 15.532916 15.470139 15.532916 1.434911e+04
736083 15.470140 15.506013 15.470140 15.488076 1.515625e+04
736084 15.470139 15.479107 15.461171 15.470139 1.121025e+04
736085 15.488075 15.497044 15.362519 15.398393 3.129900e+04
736088 15.407361 15.461170 15.344585 15.353553 5.022190e+04
736089 15.353553 15.416330 15.317679 15.353553 3.766642e+04
736090 15.317679 15.335616 15.165220 15.165220 2.726332e+04
736091 15.156252 15.219028 15.066569 15.066569 3.461724e+04
736092 15.093475 15.129348 15.048635 15.102443 2.896727e+04
736095 15.084506 15.084506 14.896175 14.976889 4.771081e+04
736096 14.923078 14.949983 14.878238 14.923078 3.811483e+04
736097 14.931192 14.958243 14.877095 14.904145 3.336076e+04
736098 14.958242 15.075455 14.922176 15.057424 2.145908e+04
736099 15.048409 15.183654 15.048409 15.183654 3.011485e+04
736102 15.120539 15.120539 14.967260 14.976277 1.541808e+04
736103 14.967259 15.021358 14.922176 14.985293 3.777880e+04
736104 14.949226 15.003324 14.931193 14.940210 1.776235e+04
736105 14.976276 15.012341 14.958242 15.012341 2.254105e+04
736106 15.012342 15.012342 14.886113 14.895129 2.290171e+04
736110 14.922176 14.940210 14.895128 14.904145 7.754122e+03
736111 14.886112 14.949227 14.886112 14.922177 3.101649e+04
736112 14.931193 14.994308 14.904146 14.967260 1.081971e+04
736113 15.021358 15.021358 14.958243 14.994308 1.127053e+04
736116 14.967259 15.048408 14.958243 14.958243 2.254105e+04
736117 14.922176 14.940210 14.859062 14.859062 3.101649e+04
736118 14.841029 14.868079 14.723816 14.741849 6.131167e+04
736119 14.777914 14.795948 14.714800 14.714800 1.496726e+04
736120 14.660701 14.660701 14.471356 14.480372 4.742638e+04
736123 14.525456 14.525456 14.318077 14.318077 7.059858e+04
736124 14.309061 14.327094 14.218897 14.245946 3.065583e+04
736125 14.245946 14.336110 14.200864 14.327094 2.930337e+04
736126 14.335255 14.434994 14.335255 14.434994 2.602288e+04
736127 14.434994 14.580069 14.425926 14.498464 2.094525e+04
736130 14.507531 14.580069 14.462195 14.462195 5.277114e+04
736131 14.471263 14.525666 14.453129 14.516599 4.569873e+04
736132 14.516598 14.571001 14.489396 14.571001 1.559560e+04
736133 14.561934 14.634472 14.552867 14.634472 1.831576e+04
736134 14.634471 14.670741 14.625404 14.661674 1.659299e+04
736137 14.679809 14.688876 14.589136 14.688876 2.448146e+04
736138 14.661673 14.734211 14.634471 14.734211 1.668366e+04
736139 14.697941 14.743278 14.679809 14.725144 1.586761e+04
736140 14.779547 14.779547 14.707009 14.761414 1.922248e+04
736141 14.716077 14.734211 14.679809 14.716077 6.619061e+03
736144 14.697941 14.697941 14.489397 14.507531 2.339339e+04
736145 14.480330 14.525666 14.416860 14.434994 4.506402e+04
736146 14.471262 14.489396 14.444060 14.489396 4.678679e+04
736147 14.471262 14.661673 14.471262 14.652606 5.141106e+04
736151 14.652606 14.761414 14.643539 14.734211 3.173522e+04
736152 14.734211 14.852084 14.707009 14.761414 3.309531e+04
736153 14.761414 14.852084 14.743279 14.806749 2.330272e+04
736154 14.743279 14.861152 14.734212 14.861152 3.019380e+04
736155 14.788614 15.015294 14.734211 15.015294 3.264195e+04
736158 15.023499 15.023499 14.877640 14.877640 1.276268e+04
736159 14.886757 14.895873 14.868524 14.886757 1.969100e+04
736160 14.923223 14.968803 14.904990 14.968803 2.333748e+04
736161 14.932337 14.932337 14.859408 14.868524 2.525188e+04
736162 14.859407 14.886756 14.841176 14.877640 8.842715e+03
736165 14.832059 14.850293 14.777361 14.813827 2.060261e+04
736166 14.768246 14.877640 14.750013 14.877640 2.379328e+04
736167 14.795595 14.832060 14.722666 14.740898 2.616350e+04
736168 14.704432 14.750014 14.658852 14.658852 4.038477e+04
736169 14.677085 14.731782 14.631503 14.640619 2.342864e+04
736172 14.695318 14.713548 14.640619 14.658852 1.522406e+04
736173 14.622388 14.677084 14.622388 14.667968 1.330965e+04
736174 14.686201 14.722665 14.622388 14.667968 2.160540e+04
736175 14.731781 14.731781 14.686201 14.722665 8.660391e+03
736176 14.722666 14.786478 14.722666 14.786478 2.051145e+04
736179 14.841177 14.841177 14.786478 14.786478 1.376546e+04
736180 14.768247 14.822944 14.768247 14.786478 1.722962e+04
736181 14.804711 14.822943 14.713548 14.722665 1.959983e+04
736182 14.704432 14.786478 14.704432 14.750014 8.933877e+03
736183 14.768248 14.822944 14.750014 14.822944 1.786776e+04
736186 14.813827 14.886757 14.795595 14.886757 1.485941e+04
736187 14.886758 14.950571 14.868524 14.941454 1.622684e+04
736188 14.968035 15.013864 14.958869 15.013864 6.599501e+03
736189 14.977201 15.032197 14.949702 15.023030 1.329066e+04
736190 15.032197 15.032197 14.903873 14.922206 1.989016e+04
736193 14.977202 14.977202 14.830546 14.913040 2.163170e+04
736194 14.894707 14.903873 14.867208 14.894707 1.044921e+04
736195 14.913039 14.940536 14.913039 14.922206 1.365730e+04
736196 14.894707 14.949702 14.885541 14.903873 1.539884e+04
736197 14.949703 14.949703 14.830546 14.830546 2.685630e+04
736200 15.059695 15.059695 14.757218 14.757218 2.071510e+04
736201 14.711387 14.812214 14.711387 14.793881 4.152186e+04
736202 14.803048 14.803048 14.738886 14.757218 1.329066e+04
736203 14.757217 14.894707 14.757217 14.894707 2.117340e+04
736204 14.830545 14.940536 14.830545 14.885541 1.869859e+04
736207 14.885541 14.977201 14.876375 14.977201 1.384062e+04
736208 15.023029 15.087191 14.949702 15.068861 2.923945e+04
736209 15.041362 15.123856 15.032196 15.078027 1.090751e+04
736210 15.151355 15.188018 15.105524 15.151355 1.209908e+04
736211 15.151355 15.270512 15.123856 15.270512 1.237406e+04
736215 15.178852 15.343840 15.178852 15.334674 1.677373e+04
736216 15.362172 15.362172 15.270512 15.362172 1.329066e+04
736217 15.307177 15.362172 15.261346 15.261346 4.491327e+03
736218 15.288069 15.324929 15.223563 15.269639 1.363854e+04
736221 15.306502 15.315717 15.177487 15.177487 6.911424e+03
736222 15.177487 15.186703 15.020828 15.020828 1.760109e+04
736223 15.030043 15.030043 14.919462 14.983968 1.944414e+04
736224 15.011614 15.159058 14.983967 15.131411 7.740795e+03
736225 15.140626 15.417083 15.066904 15.324930 3.805891e+04
736228 15.315716 15.343361 15.260423 15.269639 5.989901e+03
736229 15.297286 15.306502 15.140627 15.140627 2.801431e+04
736230 15.131411 15.214348 15.131411 15.195918 1.649527e+04
736231 15.177487 15.186703 15.140627 15.140627 7.187881e+03
736232 15.168272 15.241995 15.140627 15.177487 9.675994e+03
736235 15.186703 15.269640 15.131411 15.205133 4.091563e+04
736236 15.214349 15.352577 15.214349 15.315717 1.723248e+04
736237 15.288070 15.426298 15.288070 15.417083 2.285378e+04
736238 15.463160 15.546097 15.444729 15.444729 2.137934e+04
736239 15.444729 15.490805 15.444729 15.472376 1.253272e+04
736242 15.463160 15.758046 15.463160 15.582957 3.944119e+04
736243 15.942351 15.942351 15.592173 15.711970 2.598695e+04
736244 15.693541 15.711969 15.555311 15.656679 3.114748e+04
736245 15.767263 15.767263 15.481589 15.518451 4.248222e+04
736246 15.601388 15.758047 15.582958 15.711970 3.418851e+04
736249 15.665895 15.675111 15.546098 15.564527 1.179550e+04
736250 15.607134 15.644183 15.394100 15.431149 2.630520e+04
736251 15.486722 15.486722 15.431148 15.468199 3.890206e+03
736252 15.431149 15.505248 15.412623 15.505248 1.241161e+04
736253 15.523773 15.699759 15.477460 15.699759 1.537557e+04
736256 15.690497 15.690497 15.653447 15.662709 8.614027e+03
736257 15.597872 15.736808 15.597872 15.709020 2.454535e+04
736258 15.709020 15.838694 15.597872 15.625660 2.473059e+04
736259 15.588610 15.736808 15.542299 15.551561 1.963628e+04
736260 15.662709 15.764595 15.644183 15.644183 9.725514e+03
736263 15.597872 15.755333 15.588610 15.644183 1.315260e+04
736264 15.616397 15.792381 15.616397 15.746070 6.483676e+03
736265 15.690498 15.838695 15.690498 15.838695 1.417146e+04
736266 15.773859 15.866481 15.588610 15.783121 2.973229e+04
736267 15.736809 15.746071 15.616399 15.718283 2.352648e+04
736270 15.736808 15.838694 15.662709 15.671971 3.306675e+04
736271 15.653447 15.727546 15.505249 15.607135 3.788319e+04
736272 15.542299 15.792382 15.468200 15.662709 6.752286e+04
736273 15.607135 15.755333 15.514511 15.560822 8.678864e+04
736274 15.495985 15.542298 15.329261 15.421886 3.649383e+04
736277 15.366313 15.375575 15.134753 15.282951 5.464813e+04
736278 15.218114 15.486723 15.181064 15.486723 3.723483e+04
736279 15.375574 15.477460 15.310738 15.394100 3.482660e+04
736280 15.408996 15.427618 15.306581 15.334511 1.592108e+04
736281 15.334511 15.474171 15.315891 15.474171 2.569718e+04
736284 15.427618 15.530034 15.427618 15.530034 1.955220e+04
736285 15.464861 15.502102 15.418306 15.436928 2.942141e+04
736286 15.427617 15.446238 15.408995 15.446238 5.213920e+03
736287 15.399686 15.492790 15.399686 15.492790 3.640433e+04
736288 15.455549 15.604518 15.455549 15.567275 2.085568e+04
736291 15.604517 15.604517 15.520722 15.548655 2.206605e+04
736292 15.520722 15.641758 15.520722 15.539344 2.653513e+04
736293 15.548655 15.641759 15.483479 15.502101 2.727997e+04
736295 15.502102 15.595207 15.502102 15.557964 8.100197e+03
736298 15.567274 15.613828 15.492790 15.595207 2.727997e+04
736299 15.585896 15.688313 15.585896 15.660381 2.858345e+04
736300 15.660381 15.697624 15.557964 15.557964 1.796940e+04
736301 15.530034 15.539345 15.399687 15.455549 9.319882e+04
736302 15.436928 15.604518 15.436928 15.567275 2.411438e+04
736305 15.520723 15.585897 15.492790 15.511412 1.424517e+04
736306 15.511412 15.632450 15.511412 15.632450 1.843493e+04
736307 15.604517 15.781419 15.604517 15.781419 3.426290e+04
736308 15.791722 15.866653 15.726157 15.866653 1.142699e+04
736309 15.857286 15.941584 15.754256 15.754256 3.924514e+04
736312 15.744889 15.763623 15.529463 15.529463 2.482091e+04
736313 15.538829 15.557563 15.482632 15.529463 1.301927e+04
736314 15.463898 15.623126 15.126708 15.613760 9.806603e+04
736315 15.576294 15.744889 15.576294 15.726158 2.716251e+04
736316 15.688692 15.801090 15.688692 15.782356 1.095867e+04
736319 15.810454 15.847920 15.772989 15.801089 4.823687e+04
736320 15.810453 15.810453 15.688691 15.754256 3.015975e+04
736321 15.810454 15.829188 15.716792 15.810454 3.465562e+04
736322 15.847920 15.847920 15.791723 15.810454 2.173001e+04
736326 15.829188 15.866654 15.791723 15.857287 3.587325e+04
736327 15.772989 15.885384 15.772989 15.829187 2.472725e+04
736328 15.819820 15.922851 15.819820 15.922851 1.498621e+04
736329 15.922851 16.044613 15.922851 16.025882 1.358126e+04
736333 15.997781 16.063346 15.969681 16.063346 2.126169e+04
736334 16.053979 16.185110 16.053979 16.138277 2.219833e+04
736335 16.138278 16.241308 16.138278 16.231942 2.641320e+04
736336 16.203842 16.222576 16.082080 16.128911 4.420933e+04
736337 16.091445 16.185110 16.072712 16.185110 2.557022e+04
736340 16.128910 16.260042 16.072713 16.100813 1.614764e+05
736341 16.110180 16.175743 16.072713 16.091446 2.304130e+04
736342 16.115923 16.115923 16.059440 16.059440 4.763234e+04
736343 16.125335 16.125335 16.031202 16.050027 2.654609e+04
736344 16.031201 16.144163 16.031201 16.097095 1.336718e+04
736348 16.087681 16.134748 16.031201 16.031201 1.054313e+04
736349 16.059441 16.059441 15.833517 15.861758 6.495319e+04
736350 15.927652 15.965305 15.889997 15.965305 2.861706e+04
736351 15.908825 16.106509 15.908825 16.059440 2.654609e+04
736354 16.115923 16.125335 16.078268 16.087682 6.147020e+04
736355 16.012373 16.144162 15.974718 16.144162 2.937014e+04
736356 16.068855 16.144163 15.974719 16.021787 4.791474e+04
736357 16.021787 16.125334 16.021787 16.106509 3.793643e+04
736358 16.115923 16.228884 16.115923 16.228884 1.807393e+04
736361 16.238298 16.332433 16.210056 16.332433 3.247660e+04
736362 16.332433 16.398327 16.294778 16.341847 3.492411e+04
736363 16.304192 16.445394 16.304192 16.445394 2.080385e+04
736364 16.445394 16.492462 16.388913 16.435980 4.292559e+04
736365 16.464221 16.539529 16.464221 16.539529 3.172351e+04
736368 16.548943 16.605423 16.520701 16.577184 4.932677e+04
736369 16.548942 16.652492 16.548942 16.652492 1.317891e+04
736370 16.661906 16.680732 16.633665 16.633665 1.581469e+04
736371 16.648799 16.790692 16.592043 16.696097 3.925711e+04
736372 16.771773 16.781232 16.554203 16.582583 3.821656e+04
736376 16.554204 16.563663 16.383932 16.402851 5.600051e+04
736377 16.365011 16.431230 16.365011 16.393391 1.750016e+04
736378 16.365012 16.459608 16.365012 16.459608 8.608186e+03
736379 16.440688 16.506907 16.421771 16.469068 1.589204e+04
736382 16.478527 16.506907 16.431231 16.487987 2.185155e+04
736383 16.469067 16.658259 16.440688 16.658259 3.197326e+04
736384 16.601501 16.696098 16.601501 16.648800 1.835152e+04
736385 16.705556 16.781232 16.705556 16.705556 3.263543e+04
736386 16.733935 16.743395 16.620420 16.620420 2.014883e+04
736389 16.648799 16.743395 16.648799 16.743395 2.516239e+04
736390 16.790692 16.837989 16.752853 16.837989 4.483824e+04
736391 16.809612 16.809612 16.629880 16.696097 5.127073e+04
736392 16.743395 16.790692 16.582583 16.620420 4.483824e+04
736393 16.620421 16.677177 16.601501 16.601501 1.750016e+04
736396 16.639339 16.705556 16.639339 16.658259 2.024343e+04
736397 16.743396 16.837989 16.677177 16.819072 3.632465e+04
736398 16.809612 16.819072 16.781233 16.809612 2.412184e+04
736399 16.809612 16.875829 16.781233 16.866369 1.712178e+04
736400 16.910096 16.938611 16.862568 16.919599 1.102626e+04
736403 16.938610 16.957620 16.815040 16.900589 2.319316e+04
736404 16.900590 16.976633 16.843556 16.967127 1.539874e+04
736405 16.929103 17.252288 16.777018 16.900589 3.355404e+04
736406 16.881578 17.185750 16.872072 16.986138 2.499918e+04
736407 16.891083 17.138225 16.891083 17.071685 2.975188e+04
736410 17.033664 17.176245 17.033664 17.176245 1.378282e+04
736411 17.233277 17.252288 16.929104 16.929104 5.389558e+04
736412 16.967126 17.043169 16.967126 16.976632 1.045593e+04
736413 17.014653 17.109707 16.976633 17.100202 1.910584e+04
736417 17.043170 17.128718 17.014654 17.071685 1.815530e+04
736418 17.033664 17.242781 17.033664 17.214267 1.825035e+04
736419 17.214268 17.252288 17.119213 17.242782 1.530368e+04
736420 17.204762 17.280805 17.147731 17.204762 2.366843e+04
736421 17.166739 17.271299 17.138224 17.223773 2.252778e+04
736424 17.204761 17.252288 17.185750 17.185750 9.030123e+03
736425 17.233277 17.280805 17.233277 17.280805 6.273560e+03
736426 17.280804 17.375859 17.280804 17.290310 2.157724e+04
736427 17.233276 17.337837 17.233276 17.318825 1.663444e+04
736428 17.347342 17.356847 17.299816 17.328331 2.157724e+04
736431 17.309319 17.337836 17.280804 17.290310 1.758498e+04
736432 17.309319 17.347342 17.299816 17.347342 1.235701e+04
736433 17.400823 17.429475 17.343521 17.429475 2.788716e+04
736434 17.353072 17.505878 17.295770 17.458127 7.802674e+04
736435 17.458128 17.849694 17.458128 17.601383 6.016751e+04
736438 17.553629 17.630032 17.477226 17.620484 1.948281e+04
736439 17.639582 17.639582 17.458127 17.534530 2.664561e+04
736440 17.486777 17.572732 17.458128 17.486777 2.444902e+04
736441 17.439026 17.486777 17.439026 17.486777 1.537614e+04
736442 17.458128 17.486777 17.458128 17.486777 6.398766e+03
736445 17.410374 17.439026 17.305321 17.400823 3.122980e+04
736446 17.419924 17.419924 17.257568 17.267118 1.747723e+04
736447 17.267119 17.381725 17.257569 17.362623 1.709521e+04
736448 17.362623 17.391273 17.209817 17.238467 5.204967e+04
736449 17.276669 17.324420 17.257568 17.324420 6.589774e+03
736452 17.333971 17.353072 17.257568 17.305321 2.148839e+04
736453 17.305322 17.343522 17.295771 17.314870 3.476345e+04
736454 17.314870 17.343522 17.248017 17.314870 2.750515e+04
736455 17.324420 17.353072 17.267118 17.333971 1.957831e+04
736456 17.343521 17.410374 17.305321 17.381724 5.329122e+04
736459 17.400823 17.419924 17.324419 17.410374 2.893770e+04
736460 17.381724 17.419925 17.372174 17.419925 2.301646e+04
736461 17.419925 17.486777 17.372174 17.486777 5.539231e+04
736462 17.502131 17.684444 17.434962 17.655658 3.368009e+04
736463 17.684444 18.077858 17.626872 17.905140 5.373461e+04
736466 17.895544 17.981903 17.866759 17.895544 1.832734e+04
736467 17.866759 17.991499 17.799589 17.905140 3.713445e+04
736468 17.914736 17.991499 17.684445 17.713230 3.771018e+04
736469 17.722825 17.751613 17.319816 17.367794 4.500274e+04
736470 17.415772 17.502131 17.156693 17.195076 1.116912e+05
736473 17.310222 17.377391 17.233457 17.319816 2.245339e+04
736474 17.367794 17.415771 17.329411 17.386986 1.074692e+04
736475 17.406174 17.482938 17.406174 17.463749 9.691421e+03
736476 17.521321 17.569298 17.425367 17.511726 2.389271e+04
736477 17.540513 17.550109 17.454154 17.530917 2.091812e+04
736481 17.530917 17.530917 17.406175 17.530917 3.291245e+04
736482 17.674849 17.761208 17.665253 17.761208 3.924546e+04
736483 17.742017 17.770803 17.626872 17.742017 1.400938e+04
736484 17.732422 17.866759 17.732422 17.799589 1.775161e+04
736487 17.847568 17.885948 17.847568 17.876353 2.283721e+04
736488 17.847567 17.943522 17.789995 17.789995 1.794352e+04
736489 17.761209 17.866760 17.626873 17.722826 3.195290e+04
736490 17.742018 17.770804 17.674850 17.722826 1.045906e+04
736491 17.732421 18.087454 17.732421 17.972308 3.032167e+04
736494 17.992546 18.011821 17.905812 17.934724 2.380374e+04
736495 17.867264 18.156378 17.867264 17.982909 4.259617e+04
736496 17.934724 18.040731 17.934724 18.002183 2.640577e+04
736497 18.069644 18.079281 17.944362 18.079281 2.332189e+04
736498 18.098556 18.204562 18.060006 18.060006 3.498283e+04
736501 18.060006 18.117828 17.915449 17.925086 1.445571e+04
736502 17.925086 18.050369 17.925086 17.982909 2.255091e+04
736503 18.021458 18.060006 17.953996 18.011821 2.158720e+04
736504 18.002183 18.021458 17.886536 17.925086 1.541943e+04
736505 17.934725 18.146741 17.934725 18.088918 2.312914e+04
736508 18.108193 18.300935 18.108193 18.156378 3.160983e+04
736509 18.243111 18.272022 18.175652 18.214200 2.187631e+04
736510 18.243112 18.262387 18.185290 18.262387 1.301014e+04
736511 18.214199 18.300934 18.185289 18.252749 1.484120e+04
736512 18.368394 18.647872 18.262387 18.455129 3.122434e+04
736516 18.474404 18.599686 18.291298 18.358757 2.023800e+04
736517 18.455129 18.455129 18.300935 18.329846 1.657589e+04
736518 18.387669 18.512951 18.262387 18.262387 3.363363e+04
736519 18.300935 18.358757 18.243112 18.243112 3.835583e+04
736522 18.300935 18.368394 18.243112 18.310572 5.290792e+04
736523 18.281659 18.406943 18.243112 18.320209 2.939329e+04
736524 18.311500 18.311500 17.866293 17.943722 4.006850e+04
736525 17.992113 17.992113 17.479158 17.479158 4.568197e+04
736526 17.450123 17.692083 17.450123 17.643690 3.077725e+04
736529 17.701762 17.943722 17.701762 17.895329 3.087404e+04
736530 17.905007 17.982434 17.837259 17.972756 1.490471e+04
736531 17.905007 18.001791 17.905007 17.953398 1.267868e+04
736532 18.001791 18.011470 17.953398 18.011470 7.258787e+03
736533 17.963077 18.040504 17.963077 18.040504 1.325938e+04
736536 17.982434 18.040503 17.953398 17.953398 1.180763e+04
736537 18.011470 18.011470 17.875971 17.885650 1.693717e+04
736538 17.953398 17.992112 17.905007 17.905007 1.248511e+04
736539 17.905007 17.963077 17.895329 17.895329 1.035587e+04
736540 17.943722 17.982434 17.905007 17.953398 1.655003e+04
736543 17.953398 17.953398 17.866293 17.866293 2.593806e+04
736544 17.866293 17.875971 17.769511 17.827580 1.267868e+04
736545 17.798544 17.953398 17.798544 17.953398 1.577576e+04
736546 17.963077 18.088897 17.963077 18.050183 1.945355e+04
736547 18.088897 18.098575 18.040503 18.088897 1.461436e+04
736550 18.117931 18.156645 18.069540 18.156645 1.316260e+04
736551 18.156645 18.195358 18.117931 18.195358 1.025909e+04
736552 18.311499 18.311499 18.253430 18.311499 1.432401e+04
736553 18.312471 18.312471 18.263872 18.263872 5.345997e+03
736554 18.283310 18.331912 18.283310 18.302751 6.317997e+03
736557 18.254152 18.283310 18.156951 18.215271 1.594079e+04
736558 18.195830 18.224991 18.118070 18.215271 2.148119e+04
736559 18.234711 18.234711 18.098632 18.098632 1.594079e+04
736560 18.098632 18.156951 18.059751 18.059751 8.261996e+03
736561 18.118070 18.118070 18.020872 18.059751 9.622795e+03
736564 18.050031 18.059751 17.943110 18.011152 4.286518e+04
736565 18.040310 18.273590 18.011152 18.273590 4.480918e+04
736566 18.283310 18.293031 18.176392 18.195830 2.138399e+04
736567 18.176392 18.205551 18.050031 18.069471 2.721599e+04
736568 18.050031 18.108350 17.981991 17.981991 1.389959e+04
736571 18.059752 18.059752 17.952831 17.952831 2.400839e+04
736572 17.952831 18.030591 17.943111 18.001432 1.030320e+04
736573 18.001431 18.001431 17.855632 17.855632 3.606118e+04
736574 17.855632 17.923672 17.768152 17.777872 2.400839e+04
736575 17.768152 17.787590 17.700110 17.700110 2.196719e+04
736579 17.768152 17.943110 17.729271 17.923672 4.208758e+04
736580 17.923672 17.923672 17.845912 17.865350 3.994918e+04
736581 17.845912 17.875070 17.845912 17.855632 1.040039e+04
736582 17.855632 17.855632 17.641791 17.641791 4.636438e+04
736585 17.641792 17.651512 17.554311 17.583472 3.790798e+04
736586 17.603977 17.633266 17.496575 17.496575 2.802186e+04
736587 17.525867 17.603976 17.516103 17.516103 1.318101e+04
736588 17.564920 17.643030 17.496574 17.613740 1.825814e+04
736589 17.652793 17.652793 17.535628 17.555156 2.021089e+04
736592 17.574684 17.672321 17.496574 17.545392 1.532903e+04
736593 17.594211 17.594211 17.506338 17.574684 1.396211e+04
736594 17.594212 17.711376 17.525867 17.711376 1.386447e+04
736595 17.769960 17.945705 17.750432 17.838305 2.997460e+04
736596 17.867594 17.906650 17.701611 17.809013 2.255418e+04
736599 17.828541 17.848069 17.799249 17.848069 5.565317e+03
736600 17.877358 17.916414 17.818777 17.887123 7.518059e+03
736601 17.926179 18.072634 17.799250 18.072634 2.294473e+04
736602 18.014053 18.082398 17.867595 17.916415 3.036515e+04
736603 17.935942 17.994523 17.896886 17.974996 1.220464e+04
736606 18.004288 18.004288 17.857832 17.935942 7.322785e+03
736607 17.887123 17.926179 17.682086 17.779721 1.767232e+04
736608 17.809014 17.945705 17.643031 17.672322 1.122827e+04
736609 17.633265 17.672321 17.603976 17.603976 1.484084e+04
736610 17.682086 17.682086 17.555156 17.564920 8.884979e+03
736613 17.603976 17.603976 17.506338 17.525866 1.015426e+04
736614 17.574685 17.584449 17.418465 17.467283 1.962506e+04
736615 17.409415 17.468262 17.350567 17.350567 1.490834e+04
736616 17.340758 17.350567 17.075939 17.075939 3.834975e+04
736617 17.075939 17.134787 16.811119 16.811119 4.207684e+04
736620 16.801311 16.869969 16.448219 16.507068 6.149692e+04
736621 16.497260 16.958243 16.389370 16.565916 4.374422e+04
736622 16.614958 17.232869 16.614958 17.085747 7.856305e+04
736623 17.154404 17.203446 16.899393 16.909201 1.716421e+04
736624 17.017091 17.085748 16.948435 16.958243 2.304909e+04
736627 17.007283 17.056323 16.899394 16.928818 1.696805e+04
736628 16.948435 16.968049 16.879776 16.938626 1.412370e+04
736629 16.860161 16.879776 16.752271 16.830736 2.000857e+04
736630 16.811119 16.830736 16.634573 16.634573 2.952245e+04
736631 16.693422 16.693422 16.379563 16.379563 3.089558e+04
736634 16.408987 16.438411 16.379563 16.428603 1.912584e+04
736635 16.408987 16.595341 16.389369 16.595341 5.198304e+04
736636 16.595342 16.713040 16.565916 16.713040 4.707898e+04
736637 16.703231 16.752271 16.683614 16.752271 1.284864e+04
736638 16.762080 16.771888 16.742464 16.771888 1.333905e+04
736641 16.801311 16.869969 16.762079 16.840544 2.520687e+04
736642 16.869970 16.899393 16.820928 16.889584 1.186783e+04
736643 16.801311 16.830736 16.703232 16.722846 2.197019e+04
736644 16.595718 16.664703 16.171956 16.309924 7.676998e+04
736645 16.211376 16.280360 16.043842 16.043842 7.519319e+04
736648 15.965004 15.994567 15.314577 15.570805 1.512733e+05
736649 15.570805 15.896017 15.570805 15.896017 6.395856e+04
736650 15.905872 15.925583 15.767904 15.787614 4.976745e+04
736651 15.787613 15.866452 15.718628 15.718628 3.459084e+04
736652 15.767904 15.767904 15.620080 15.620080 1.842874e+04
736655 15.679209 15.827032 15.659499 15.827032 3.567488e+04
736656 15.905872 15.984712 15.767904 15.787614 3.459084e+04
736657 15.738339 15.767904 15.649644 15.698919 2.779093e+04
736659 15.767903 15.767903 15.629934 15.649644 2.394750e+04
736662 15.669354 15.728484 15.659499 15.669354 2.739673e+04
736663 15.728483 15.817177 15.689064 15.807324 8.120470e+04
736664 15.728483 15.767903 15.649644 15.767903 3.892701e+04
736665 15.639789 15.738339 15.560950 15.679209 5.173843e+04
736666 15.560950 15.629934 15.521530 15.541240 3.823717e+04
736669 15.501819 15.629934 15.501819 15.551094 2.306056e+04
736670 15.541239 15.758048 15.541239 15.758048 2.138522e+04
736671 15.728484 16.497170 15.728484 15.945293 6.691504e+04
736672 15.906663 16.045328 15.857141 15.946282 2.357276e+04
736673 16.104754 16.104754 15.807618 15.817523 3.971714e+04
736676 15.876951 15.876951 15.787809 15.787809 1.891764e+04
736677 15.807618 15.886856 15.758096 15.817523 4.080663e+04
736678 15.886856 16.005709 15.886856 15.985899 5.090925e+04
736679 15.946282 15.946282 15.708574 15.886856 6.665744e+04
736680 15.817523 16.174086 15.817523 15.966092 4.665030e+04
736683 15.936377 16.055231 15.936377 16.025518 3.595342e+04
736684 15.916569 16.025519 15.916569 15.975995 3.961809e+04
736685 16.035423 16.075040 15.966091 16.075040 3.318015e+04
736686 16.005709 16.193895 16.005709 16.174086 5.170161e+04
736687 16.104754 16.283036 16.104754 16.124564 9.122065e+04
736691 16.045328 16.134468 15.916568 15.916568 1.448041e+05
736692 15.876951 15.995805 15.857141 15.985899 9.934236e+04
736693 15.985898 16.094849 15.985898 16.035423 2.515749e+04
736694 16.124564 16.134469 16.015613 16.025518 2.178995e+04
736698 16.005709 16.094850 15.975994 16.045328 4.060854e+04
736699 16.084946 16.183991 16.055231 16.183991 2.218613e+04
736700 16.223608 16.243418 16.164181 16.213705 1.901668e+04
736701 16.154276 16.292941 16.144371 16.292941 5.388060e+04
736704 16.302844 16.491031 16.302844 16.481125 4.783885e+04
736705 16.500935 16.540554 16.471220 16.540554 1.624342e+04
736706 16.501738 16.601266 16.442021 16.531597 1.473014e+04
736707 16.561453 16.989425 16.561453 16.581360 5.085879e+04
736708 16.591314 16.591314 16.422116 16.471879 4.180175e+04
736712 16.491786 16.551501 16.461928 16.471879 2.179663e+04
736713 16.501738 16.541551 16.461928 16.521644 2.398624e+04
736714 16.561454 16.561454 16.422116 16.501738 1.851220e+04
736715 16.461928 16.491786 16.422116 16.422116 1.214241e+04
736718 16.551501 16.551501 16.451975 16.511691 2.358813e+04
736719 16.481831 16.501738 16.451975 16.491785 1.682023e+04
736720 16.501739 16.501739 16.412164 16.442022 1.682023e+04
736721 16.451975 16.481832 16.412163 16.471879 2.209521e+04
736722 16.471879 16.551501 16.461928 16.521644 8.360350e+03
736725 16.481832 16.780418 16.481832 16.730652 2.080135e+04
736726 16.670935 16.770463 16.651029 16.660982 1.652164e+04
736727 16.720698 16.720698 16.660982 16.660982 1.731787e+04
736728 16.621173 16.700795 16.621173 16.700795 1.025138e+04
736729 16.651029 16.879943 16.651029 16.860039 1.821362e+04
736732 16.869992 16.879943 16.810273 16.869992 1.134619e+04
736733 16.889895 16.979470 16.869992 16.899849 1.562589e+04
736734 16.919755 17.228291 16.919755 17.158622 2.319002e+04
736735 17.118812 17.248197 16.989424 17.148669 1.771598e+04
736736 17.148670 17.158622 17.079000 17.079000 1.652164e+04
736739 17.090000 17.100000 16.950001 16.950001 1.810000e+04
736740 17.030001 17.030001 16.610001 16.610001 6.190000e+04
736741 16.520000 16.620001 16.430000 16.430000 4.920000e+04
736742 16.280001 16.540001 16.219999 16.530001 5.720000e+04
736743 16.570000 16.570000 16.490000 16.549999 1.410000e+04
736747 16.469999 16.559999 16.459999 16.520000 3.070000e+04
736748 16.469999 16.570000 16.469999 16.500000 1.700000e+04
736749 16.590000 16.629999 16.530001 16.580000 2.840000e+04
736750 16.600000 16.670000 16.570000 16.629999 4.430000e+04
736753 16.639999 16.660000 16.580000 16.580000 1.520000e+04
736754 16.600000 16.639999 16.530001 16.620001 3.570000e+04
736755 16.540001 16.600000 16.350000 16.590000 5.710000e+04
736756 16.639999 16.639999 16.520000 16.549999 1.880000e+04
736757 16.540001 16.580000 16.480000 16.530001 1.120000e+04
736760 16.480000 16.530001 16.410000 16.480000 2.740000e+04
736761 16.400000 16.480000 16.400000 16.420000 6.000000e+03
736762 16.410000 16.410000 16.330000 16.350000 1.590000e+04
736763 16.270000 16.270000 15.980000 16.020000 6.950000e+04
736764 16.120001 16.120001 15.940000 16.059999 2.720000e+04
