736034 27.850000 28.280001 27.679001 28.190001 4.477000e+05
736035 28.240000 28.469999 27.820000 28.030001 4.111000e+05
736036 27.910000 28.379999 27.809999 28.309999 4.440000e+05
736039 28.620001 29.500000 28.510000 29.270000 8.409000e+05
736040 29.309999 29.500000 28.700001 28.815001 5.505000e+05
736041 28.809999 29.490000 28.549999 29.200001 7.147000e+05
736042 28.030001 29.450001 27.000000 29.420000 1.347200e+06
736043 29.709999 30.000000 29.379999 29.920000 8.494000e+05
736046 29.809999 29.990000 29.230000 29.350000 1.045900e+06
736047 29.360001 29.469999 28.600000 28.660000 6.563000e+05
736048 28.610001 28.820000 27.340000 27.350000 9.516000e+05
736049 27.209999 27.459999 26.799999 27.010000 9.756000e+05
736050 27.100000 27.245001 26.900000 26.940001 9.459000e+05
736053 27.040001 27.400000 26.969999 27.120001 1.240900e+06
736054 27.090000 27.455000 26.990000 27.059999 1.256000e+06
736055 27.110001 27.219999 26.591999 26.889999 1.234600e+06
736056 26.930000 27.410000 26.709999 27.110001 9.593000e+05
736060 27.080000 27.680000 27.010000 27.049999 5.751000e+05
736061 27.100000 27.330000 26.969999 26.985001 4.790000e+05
736062 27.049999 27.600000 27.049999 27.450001 8.069000e+05
736063 27.459999 27.670000 27.120001 27.170000 6.416000e+05
736064 27.280001 27.520000 27.049999 27.200001 4.162000e+05
736067 27.160000 27.719999 27.070000 27.350000 4.218000e+05
736068 27.290001 27.950001 27.250000 27.709999 5.655000e+05
736069 27.889999 28.469999 27.719999 28.450001 7.934000e+05
736070 28.370001 28.600000 27.965000 28.250000 4.669000e+05
736071 28.150000 28.320000 27.629999 27.680000 4.451000e+05
736074 27.920000 28.309999 27.559999 28.020000 2.606000e+05
736075 28.170000 28.360001 27.900000 27.990000 3.746000e+05
736076 28.040001 28.049999 27.209999 27.680000 3.827000e+05
736077 27.639999 27.650000 26.969999 27.270000 4.854000e+05
736078 27.350000 27.629999 27.209999 27.620001 3.455000e+05
736081 27.740000 27.740000 26.889999 26.990000 3.606000e+05
736082 27.030001 27.059999 26.500000 26.840000 4.556000e+05
736083 26.540001 27.129999 25.860001 26.120001 3.787000e+05
736084 26.010000 26.459999 25.815001 25.860001 3.163000e+05
736085 25.920000 26.420000 25.900000 26.250000 3.560000e+05
736088 26.389999 26.700001 25.990000 26.559999 5.866000e+05
736089 26.600000 26.735001 26.250000 26.280001 3.786000e+05
736090 26.410000 26.790001 26.160000 26.660000 5.605000e+05
736091 26.660000 26.959999 26.600000 26.820000 2.757000e+05
736092 26.920000 27.190001 26.450001 26.500000 5.460000e+05
736095 26.510000 26.920000 26.459999 26.620001 1.901000e+05
736096 26.490000 26.910000 26.270000 26.309999 4.051000e+05
736097 26.469999 27.090000 26.090000 26.790001 5.159000e+05
736098 26.940001 27.209999 26.285000 26.469999 9.488000e+05
736099 26.540001 26.809999 26.379999 26.530001 3.988000e+05
736102 26.540001 27.219999 26.530001 27.150000 9.013000e+05
736103 27.120001 27.190001 26.780001 27.010000 5.339000e+05
736104 26.930000 27.160000 26.639999 27.049999 4.343000e+05
736105 27.049999 27.170000 26.930000 27.049999 4.136000e+05
736106 27.040001 27.330000 26.860001 26.940001 3.231000e+05
736110 26.770000 27.209999 26.490000 26.670000 4.116000e+05
736111 26.690001 27.110001 26.618000 26.959999 6.580000e+05
736112 27.010000 27.520000 26.840000 27.520000 5.839000e+05
736113 27.580000 27.620001 27.010000 27.360001 1.307200e+06
736116 27.450001 27.570000 27.090000 27.520000 6.528000e+05
736117 27.500000 28.000000 27.375000 27.950001 5.584000e+05
736118 27.990000 28.490000 27.850000 28.250000 7.790000e+05
736119 26.600000 27.420000 26.110001 27.049999 2.259300e+06
736120 26.910000 27.010000 26.740000 26.980000 7.337000e+05
736123 26.920000 26.980000 25.900000 25.959999 1.251200e+06
736124 26.000000 26.290001 25.799999 26.280001 5.715000e+05
736125 26.290001 26.840000 26.080000 26.809999 5.054000e+05
736126 26.940001 27.120001 26.545000 26.870001 5.495000e+05
736127 26.760000 26.940001 26.580000 26.740000 4.003000e+05
736130 26.680000 26.969999 26.271000 26.910000 5.439000e+05
736131 26.910000 27.235001 26.530001 26.799999 4.755000e+05
736132 26.820000 27.059999 26.360001 26.719999 6.197000e+05
736133 26.830000 27.250000 26.730000 26.950001 5.005000e+05
736134 27.059999 27.120001 26.570000 26.639999 5.889000e+05
736137 26.830000 27.059999 26.639999 26.910000 5.102000e+05
736138 27.000000 27.049999 26.639999 26.930000 5.899000e+05
736139 26.830000 27.090000 26.370001 26.410000 8.102000e+05
736140 26.540001 26.620001 26.250000 26.540001 4.448000e+05
736141 26.530001 27.250000 26.360001 26.969999 3.085600e+06
736144 26.799999 26.920000 26.240000 26.309999 5.537000e+05
736145 26.309999 27.120001 26.200001 26.910000 7.968000e+05
736146 27.290001 27.440001 26.790001 27.379999 7.217000e+05
736147 27.520000 27.920000 27.059999 27.400000 5.909000e+05
736151 27.250000 27.840000 27.040001 27.080000 1.801700e+06
736152 27.160000 27.305000 26.639999 27.260000 5.955000e+05
736153 26.990000 27.299999 26.820000 27.180000 5.932000e+05
736154 27.530001 27.910000 26.950001 27.090000 5.591000e+05
736155 26.700001 26.780001 26.309999 26.410000 2.917700e+06
736158 26.639999 26.799999 26.280001 26.459999 1.178500e+06
736159 26.490000 26.830000 26.469999 26.690001 8.441000e+05
736160 26.740000 26.815001 26.410000 26.530001 5.408000e+05
736161 26.730000 26.730000 26.350000 26.549999 5.470000e+05
736162 26.480000 26.535000 25.889999 25.950001 3.315000e+05
736165 25.959999 26.125000 25.809999 25.980000 6.460000e+05
736166 25.950001 26.059999 25.730000 25.959999 7.709000e+05
736167 25.850000 26.459999 25.760000 26.400000 9.255000e+05
736168 26.530001 26.600000 26.000000 26.110001 6.174000e+05
736169 25.990000 26.309999 25.180000 25.360001 1.776600e+06
736172 25.340000 25.549999 24.980000 25.049999 8.537000e+05
736173 25.190001 25.190001 24.690001 24.740000 1.115100e+06
736174 24.820000 25.084999 24.680000 24.770000 6.353000e+05
736175 24.700001 25.075001 24.600000 24.990000 9.147000e+05
736176 25.020000 25.440001 25.020000 25.340000 5.767000e+05
736179 25.370001 25.370001 24.450001 24.740000 6.402000e+05
736180 24.670000 25.110001 24.620001 25.049999 5.888000e+05
736181 25.090000 25.600000 25.040001 25.540001 6.084000e+05
736182 25.549999 25.639999 24.889999 25.200001 6.327000e+05
736183 25.200001 25.389999 24.980000 25.379999 4.989000e+05
736186 25.530001 26.155001 25.530001 26.059999 5.635000e+05
736187 25.889999 26.389999 25.840000 26.209999 5.662000e+05
736188 26.040001 26.129999 25.270000 25.799999 7.288000e+05
736189 25.840000 26.299999 25.610001 25.969999 6.509000e+05
736190 26.000000 26.000000 25.450001 25.480000 3.500000e+05
736193 25.379999 25.500000 25.160000 25.400000 5.933000e+05
736194 25.309999 26.049999 25.309999 25.700001 3.078000e+05
736195 25.639999 25.639999 25.080000 25.240000 1.875000e+05
736196 25.090000 25.090000 24.600000 24.629999 6.477000e+05
736197 24.200001 24.250000 23.540001 23.590000 6.607000e+05
736200 22.530001 23.790001 21.830000 23.080000 1.237300e+06
736201 23.570000 23.740000 23.010000 23.100000 1.248000e+06
736202 23.709999 23.980000 22.850000 23.920000 1.224400e+06
736203 24.500000 26.150000 24.500000 25.480000 2.473000e+06
736204 25.350000 25.690001 24.940001 25.650000 1.192400e+06
736207 25.620001 26.340000 25.549999 26.209999 1.556300e+06
736208 25.950001 26.410000 25.200001 25.360001 7.166000e+05
736209 25.430000 26.059999 25.260000 25.920000 1.007300e+06
736210 25.889999 26.230000 25.780001 25.969999 7.193000e+05
736211 25.719999 26.180000 25.540001 25.930000 6.515000e+05
736215 26.370001 26.370001 25.559999 26.059999 7.305000e+05
736216 26.340000 26.340000 25.639999 25.690001 4.379000e+05
736217 25.469999 26.410000 25.469999 26.379999 6.877000e+05
736218 26.340000 26.700001 26.030001 26.670000 7.891000e+05
736221 26.680000 26.840000 26.240000 26.360001 3.859000e+05
736222 26.330000 26.590000 25.870001 26.430000 5.670000e+05
736223 26.580000 26.680000 26.270000 26.520000 5.300000e+05
736224 26.420000 26.480000 25.889999 25.930000 4.250000e+05
736225 25.090000 25.709999 25.080000 25.559999 1.460800e+06
736228 25.570000 25.850000 24.910000 25.020000 6.656000e+05
736229 24.870001 25.090000 24.379999 24.690001 4.393000e+05
736230 24.670000 24.705000 24.280001 24.510000 3.560000e+05
736231 24.459999 24.459999 23.990000 24.129999 3.487000e+05
736232 24.340000 24.340000 23.590000 23.660000 5.988000e+05
736235 23.559999 23.559999 22.570000 22.700001 6.460000e+05
736236 22.860001 23.040001 22.100000 22.340000 7.132000e+05
736237 22.430000 23.180000 22.420000 23.100000 5.001000e+05
736238 22.990000 23.165001 22.410000 22.570000 5.700000e+05
736239 22.350000 23.120001 21.780001 23.080000 7.575000e+05
736242 23.150000 23.790001 23.129999 23.660000 1.092900e+06
736243 23.660000 23.879999 22.830000 23.170000 4.576000e+05
736244 23.480000 23.770000 23.040001 23.760000 4.637000e+05
736245 23.570000 24.100000 23.490000 23.709999 4.051000e+05
736246 23.809999 23.908001 23.370001 23.830000 4.984000e+05
736249 23.920000 24.049999 23.530001 23.670000 2.902000e+05
736250 23.629999 23.870001 23.190001 23.320000 3.952000e+05
736251 23.400000 23.620001 22.450001 22.730000 5.911000e+05
736252 22.799999 23.700001 22.639999 23.500000 5.859000e+05
736253 23.459999 23.799999 23.049999 23.180000 4.033000e+05
736256 23.070000 23.559999 22.670000 23.010000 5.010000e+05
736257 23.000000 23.209999 22.770000 22.780001 6.106000e+05
736258 22.940001 23.020000 22.549999 22.740000 4.889000e+05
736259 22.760000 23.350000 21.910000 22.139999 5.239000e+05
736260 22.250000 22.950001 22.100000 22.350000 8.646000e+05
736263 22.350000 22.850000 22.260000 22.770000 3.037000e+05
736264 22.660000 23.070000 22.000000 22.340000 9.183000e+05
736265 22.280001 23.129999 22.280001 23.020000 5.808000e+05
736266 22.870001 23.070000 22.670000 22.860001 4.523000e+05
736267 22.920000 23.530001 22.690001 23.379999 7.421000e+05
736270 23.389999 23.639999 23.260000 23.459999 7.970000e+05
736271 23.480000 23.740000 23.379999 23.700001 1.190900e+06
736272 23.879999 24.049999 23.530001 23.610001 7.978000e+05
736273 23.629999 23.870001 23.400000 23.490000 1.796700e+06
736274 23.360001 23.680000 23.299999 23.520000 1.001100e+06
736277 23.420000 23.420000 22.639999 22.930000 8.188000e+05
736278 22.820000 22.870001 22.250000 22.299999 1.275100e+06
736279 22.270000 22.850000 22.040001 22.129999 9.462000e+05
736280 22.000000 22.219999 21.629999 21.740000 7.225000e+05
736281 21.480000 21.530001 20.684999 20.910000 9.428000e+05
736284 20.830000 21.049999 20.445000 20.690001 7.995000e+05
736285 20.920000 21.150000 20.160000 20.240000 8.546000e+05
736286 20.389999 20.820000 20.080000 20.760000 1.419000e+06
736287 21.049999 21.730000 20.700001 21.500000 1.622600e+06
736288 21.530001 22.200001 21.530001 21.980000 1.464400e+06
736291 21.950001 22.469999 21.910000 22.170000 9.518000e+05
736292 22.020000 22.840000 21.600000 22.540001 1.808200e+06
736293 22.459999 22.900000 22.340000 22.420000 5.365000e+05
736295 22.440001 22.655001 22.139999 22.139999 2.322000e+05
736298 22.260000 22.620001 21.969999 22.209999 1.780300e+06
736299 22.330000 22.670000 21.889999 22.139999 9.394000e+05
736300 22.059999 22.340000 21.584999 21.910000 9.854000e+05
736301 21.559999 22.650000 21.309999 21.690001 4.160400e+06
736302 21.320000 22.500000 20.093000 21.799999 1.868200e+06
736305 21.809999 22.049999 21.615000 21.830000 6.930000e+05
736306 21.430000 22.150000 21.430000 22.030001 1.326300e+06
736307 22.070000 22.629999 21.416000 22.510000 1.853800e+06
736308 22.510000 23.040001 22.510000 22.660000 6.441000e+05
736309 22.490000 22.660000 22.070000 22.230000 7.074000e+05
736312 22.219999 22.500000 21.980000 22.290001 8.559000e+05
736313 22.400000 22.740000 22.160000 22.299999 8.775000e+05
736314 22.480000 22.770000 22.309999 22.690001 6.664000e+05
736315 22.670000 22.780001 21.930000 21.930000 5.038000e+05
736316 21.680000 22.059999 21.020000 21.309999 1.201400e+06
736319 21.469999 21.629999 21.180000 21.400000 5.953000e+05
736320 21.540001 21.940001 21.280001 21.879999 7.566000e+05
736321 21.860001 22.309999 21.760000 22.100000 4.922000e+05
736322 22.120001 22.290001 21.830000 21.860001 3.242000e+05
736326 21.830000 22.150000 21.670000 22.049999 5.384000e+05
736327 22.240000 22.365000 21.950001 22.190001 3.038000e+05
736328 22.240000 22.389999 22.030001 22.100000 2.274000e+05
736329 22.000000 22.450001 21.930000 22.110001 2.699000e+05
736333 21.709999 22.340000 21.660000 22.309999 8.192000e+05
736334 22.340000 22.530001 22.030001 22.100000 8.881000e+05
736335 21.730000 22.360001 21.600000 22.070000 1.513800e+06
736336 21.889999 22.110001 20.889999 21.639999 6.129000e+05
736337 21.790001 21.885000 20.900000 20.900000 6.412000e+05
736340 21.559999 21.930000 20.600000 20.780001 6.904000e+05
736341 21.100000 21.559999 20.799999 21.290001 6.309000e+05
736342 21.240000 21.450001 20.740000 20.830000 4.756000e+05
736343 20.969999 21.309999 20.320000 21.120001 8.361000e+05
736344 20.430000 21.219999 20.430000 21.100000 7.517000e+05
736348 21.150000 21.350000 20.570000 20.750000 1.015500e+06
736349 20.370001 20.870001 19.459999 20.639999 8.864000e+05
736350 21.680000 22.010000 21.020000 21.910000 1.444200e+06
736351 22.070000 22.299999 21.750000 22.110001 7.206000e+05
736354 21.860001 22.120001 21.200001 21.350000 5.200000e+05
736355 21.320000 21.889999 21.219999 21.549999 6.989000e+05
736356 21.520000 21.629999 20.900000 20.930000 4.786000e+05
736357 21.129999 21.340000 20.610001 20.750000 4.025000e+05
736358 20.889999 21.799999 20.780001 21.799999 6.616000e+05
736361 21.660000 22.469999 21.379999 22.360001 7.882000e+05
736362 22.330000 22.500000 21.790001 22.080000 4.073000e+05
736363 22.219999 22.430000 21.480000 21.540001 6.070000e+05
736364 21.400000 22.455000 21.139999 22.190001 6.467000e+05
736365 22.110001 22.110001 21.230000 21.389999 7.520000e+05
736368 21.129999 21.389999 20.490000 21.040001 6.736000e+05
736369 20.780001 21.370001 20.600000 20.930000 5.545000e+05
736370 21.070000 21.420000 20.740000 20.840000 8.326000e+05
736371 20.580000 20.840000 20.250000 20.549999 7.708000e+05
736372 20.700001 21.309999 20.379999 21.000000 8.532000e+05
736376 21.320000 22.070000 20.900000 21.910000 1.020500e+06
736377 22.000000 23.170000 21.950001 22.870001 6.583000e+05
736378 22.780001 23.480000 22.030001 22.520000 5.918000e+05
736379 22.299999 22.379999 21.559999 21.950001 6.005000e+05
736382 22.219999 23.150000 21.950001 22.549999 5.904000e+05
736383 22.510000 22.830000 22.320000 22.600000 4.463000e+05
736384 22.280001 22.615000 22.129999 22.469999 7.226000e+05
736385 22.559999 22.840000 22.080000 22.719999 7.274000e+05
736386 22.820000 23.075001 22.430000 22.910000 6.066000e+05
736389 23.030001 23.420000 22.830000 23.299999 5.690000e+05
736390 23.420000 24.540001 23.253000 24.330000 8.032000e+05
736391 24.209999 24.340000 23.809999 24.280001 6.012000e+05
736392 24.260000 24.445000 23.030001 24.090000 4.883000e+05
736393 24.190001 24.990000 24.090000 24.340000 5.936000e+05
736396 23.680000 23.879999 23.120001 23.850000 4.898000e+05
736397 23.920000 24.330000 23.870001 24.070000 8.236000e+05
736398 24.090000 24.600000 24.014999 24.490000 5.968000e+05
736399 24.490000 24.870001 24.240000 24.520000 5.126000e+05
736400 24.660000 25.320000 24.530001 25.100000 7.845000e+05
736403 25.110001 25.400000 24.820000 24.969999 5.879000e+05
736404 24.950001 25.150000 24.570000 24.740000 7.759000e+05
736405 24.520000 24.889999 24.150000 24.320000 1.882500e+06
736406 25.530001 27.500000 24.629999 27.440001 5.319100e+06
736407 27.500000 28.790001 26.959999 27.500000 3.241600e+06
736410 27.879999 28.497999 26.870001 27.129999 2.818000e+06
736411 27.450001 27.860001 26.690001 26.930000 2.140200e+06
736412 26.240000 26.549999 26.070000 26.309999 1.043470e+07
736413 26.480000 26.580000 26.110001 26.540001 2.110200e+06
736417 26.690001 27.250000 26.530001 27.180000 1.851000e+06
736418 27.090000 27.440001 27.035000 27.209999 1.382700e+06
736419 27.299999 27.670000 27.160000 27.469999 8.211000e+05
736420 27.580000 28.250000 27.469999 27.969999 1.097700e+06
736421 27.889999 28.350000 27.709999 28.030001 1.986800e+06
736424 28.209999 28.379999 27.840000 28.200001 1.780100e+06
736425 27.920000 28.100000 27.181999 27.690001 2.327000e+06
736426 27.889999 28.580000 27.650000 28.530001 1.548800e+06
736427 28.170000 28.559999 27.790001 28.049999 1.354500e+06
736428 28.290001 28.290001 27.770000 28.040001 8.333000e+05
736431 28.219999 28.450001 27.809999 27.889999 8.894000e+05
736432 27.900000 28.190001 27.740000 28.110001 6.786000e+05
736433 28.250000 28.780001 28.250000 28.680000 7.745000e+05
736434 28.719999 28.750000 28.350000 28.520000 5.007000e+05
736435 28.350000 29.135000 28.190001 29.090000 1.384100e+06
736438 28.760000 29.559999 28.320000 29.160000 1.461100e+06
736439 29.180000 29.430000 28.990000 29.290001 1.815800e+06
736440 29.129999 29.219999 28.655001 28.750000 8.937000e+05
736441 28.980000 29.223000 28.250000 28.280001 9.781000e+05
736442 28.200001 28.830000 28.170000 28.450001 6.596000e+05
736445 28.350000 28.680000 28.180000 28.520000 8.334000e+05
736446 28.450001 28.730000 28.370001 28.600000 5.214000e+05
736447 28.510000 29.160000 28.420000 29.000000 6.017000e+05
736448 28.680000 28.920000 28.420000 28.570000 1.329800e+06
736449 28.590000 28.590000 28.100000 28.430000 9.604000e+05
736452 28.580000 29.120001 28.520000 29.100000 9.373000e+05
736453 28.950001 29.080000 28.330000 28.910000 8.392000e+05
736454 28.709999 29.160000 28.660000 29.150000 7.932000e+05
736455 29.000000 29.240000 28.559999 28.610001 1.196800e+06
736456 28.040001 28.735001 27.260000 28.610001 9.392000e+05
736459 28.590000 29.030001 28.400000 28.850000 4.523000e+05
736460 28.850000 29.020000 28.570000 28.879999 3.671000e+05
736461 28.610001 28.635000 28.260000 28.280001 8.028000e+05
736462 28.469999 28.670000 28.240000 28.459999 6.384000e+05
736463 28.290001 28.730000 27.809999 28.200001 1.238700e+06
736466 28.250000 28.750000 28.030001 28.480000 6.378000e+05
736467 28.420000 28.680000 28.000000 28.160000 4.990000e+05
736468 28.040001 28.049999 27.209999 27.740000 1.331300e+06
736469 27.510000 28.280001 26.830000 28.160000 1.126800e+06
736470 28.090000 28.340000 27.900000 28.170000 7.418000e+05
736473 28.240000 28.480000 28.110001 28.270000 5.143000e+05
736474 28.309999 28.610001 27.490000 28.270000 5.090000e+05
736475 28.299999 28.840000 28.110001 28.680000 4.384000e+05
736476 28.719999 28.950001 28.469999 28.709999 3.037000e+05
736477 28.680000 29.180000 28.680000 29.020000 4.704000e+05
736481 28.990000 29.459999 28.990000 29.309999 7.529000e+05
736482 29.320000 29.670000 29.170000 29.620001 7.685000e+05
736483 29.370001 30.459999 29.230000 30.170000 1.402000e+06
736484 30.250000 30.475000 29.910000 30.410000 1.197700e+06
736487 30.600000 31.365000 30.040001 30.139999 2.635800e+06
736488 27.690001 27.965000 26.100000 27.690001 7.021200e+06
736489 27.820000 28.240000 27.309999 27.799999 2.591700e+06
736490 27.520000 27.889999 27.030001 27.400000 1.534300e+06
736491 27.059999 27.290001 26.650000 27.010000 1.250400e+06
736494 26.750000 26.920000 26.520000 26.570000 8.121000e+05
736495 26.520000 26.670000 25.959999 26.620001 1.137000e+06
736496 26.629999 27.209999 26.629999 27.059999 1.249600e+06
736497 26.879999 27.059999 26.469999 26.770000 7.936000e+05
736498 26.770000 27.200001 26.730000 26.790001 8.659000e+05
736501 27.090000 27.490000 27.059999 27.139999 7.910000e+05
736502 27.270000 27.475000 26.980000 26.980000 6.665000e+05
736503 27.080000 27.290001 26.709999 26.799999 8.431000e+05
736504 27.070000 27.379999 26.958000 27.260000 6.889000e+05
736505 26.340000 27.240000 26.340000 27.010000 4.001000e+06
736508 26.870001 27.580000 25.520000 26.889999 1.222700e+06
736509 27.260000 27.610001 27.215000 27.340000 1.283800e+06
736510 27.549999 28.030001 27.270000 27.850000 8.525000e+05
736511 27.760000 28.500000 26.730000 28.440001 1.259600e+06
736512 28.389999 28.540001 27.870001 28.020000 1.221300e+06
736516 27.959999 28.200001 27.480000 27.650000 6.644000e+05
736517 27.430000 28.209999 27.240000 28.129999 1.170400e+06
736518 28.110001 28.430000 27.540001 28.240000 6.579000e+05
736519 28.490000 29.240000 28.370001 28.690001 9.940000e+05
736522 28.709999 28.959999 28.629999 28.840000 5.940000e+05
736523 29.200001 29.750000 28.850000 28.879999 1.281500e+06
736524 27.350000 27.500000 26.540001 27.129999 8.823300e+06
736525 27.209999 27.469999 26.790001 27.190001 1.977300e+06
736526 27.379999 27.379999 26.740000 26.809999 1.251500e+06
736529 26.860001 27.629999 26.860001 27.559999 1.544000e+06
736530 26.629999 26.799999 26.200001 26.590000 1.932400e+06
736531 26.850000 27.020000 26.667000 26.900000 1.187000e+06
736532 26.900000 27.000000 25.980000 26.080000 1.637400e+06
736533 26.299999 26.299999 25.955000 26.040001 1.697400e+06
736536 26.120001 26.504999 26.080000 26.240000 1.797100e+06
736537 26.219999 26.510000 25.660000 26.240000 1.518600e+06
736538 26.160000 26.530001 26.160000 26.459999 9.388000e+05
736539 26.219999 26.480000 25.760000 26.340000 8.350000e+05
736540 26.410000 26.544001 26.000000 26.360001 2.708300e+06
736543 26.299999 26.570000 26.150000 26.290001 9.119000e+05
736544 26.320000 26.410000 25.450001 25.490000 8.726000e+05
736545 25.379999 25.549999 25.200001 25.500000 1.165900e+06
736546 25.549999 25.889999 25.480000 25.520000 6.596000e+05
736547 25.549999 25.719999 25.420000 25.420000 9.452000e+05
736550 25.420000 25.910000 25.080000 25.209999 1.639300e+06
736551 25.139999 25.170000 24.920000 24.980000 1.027600e+06
736552 24.959999 25.200001 24.885000 24.959999 8.515000e+05
736553 25.209999 25.610001 25.049999 25.150000 7.230000e+05
736554 25.170000 25.635000 24.930000 25.400000 6.805000e+05
736557 25.520000 25.879999 25.410000 25.440001 7.089000e+05
736558 25.350000 25.719999 25.320000 25.340000 5.143000e+05
736559 25.180000 25.180000 24.895000 25.139999 6.730000e+05
736560 25.180000 25.520000 25.100000 25.400000 1.043600e+06
736561 25.260000 25.700001 25.010000 25.500000 6.260000e+05
736564 25.480000 25.655001 25.320000 25.629999 8.864000e+05
736565 25.690001 25.924999 25.655001 25.879999 6.018000e+05
736566 25.830000 26.299999 25.790001 26.190001 1.215400e+06
736567 25.790001 25.889999 24.309999 25.040001 2.612700e+06
736568 24.990000 25.139999 24.780001 25.020000 1.799500e+06
736571 24.990000 25.070000 24.421000 24.610001 1.510600e+06
736572 24.520000 24.559999 24.209999 24.209999 1.385300e+06
736573 24.240000 24.469999 23.770000 23.959999 1.395200e+06
736574 23.940001 24.200001 23.799999 24.190001 1.279000e+06
736575 23.959999 24.468000 23.959999 24.410000 7.176000e+05
736579 24.860001 25.150000 24.510000 25.150000 1.363000e+06
736580 25.090000 25.240000 24.910000 25.190001 1.223700e+06
736581 24.990000 25.490000 24.900000 25.370001 1.686300e+06
736582 25.309999 25.608999 24.969999 25.010000 1.469300e+06
736585 25.000000 25.230000 24.860001 25.049999 1.310700e+06
736586 24.879999 25.030001 24.040001 24.170000 1.874200e+06
736587 24.230000 24.400000 23.870001 23.900000 1.084400e+06
736588 23.790001 24.000000 23.670000 23.990000 9.656000e+05
736589 23.920000 24.040001 23.690001 24.010000 1.272600e+06
736592 24.150000 24.440001 24.010000 24.440001 1.194700e+06
736593 24.520000 24.690001 23.959999 23.969999 9.225000e+05
736594 24.000000 24.450001 23.930000 24.219999 5.059000e+05
736595 24.430000 24.430000 24.010000 24.219999 9.065000e+05
736596 24.299999 24.559999 24.299999 24.360001 4.242000e+05
736599 24.360001 24.620001 24.000000 24.129999 8.261000e+05
736600 24.100000 24.389999 24.070000 24.170000 3.629000e+05
736601 24.110001 24.260000 23.879999 24.110001 1.018500e+06
736602 24.150000 24.219999 23.920000 24.020000 7.455000e+05
736603 24.070000 24.180000 23.840000 24.170000 6.618000e+05
736606 24.309999 24.670000 23.990000 24.330000 7.942000e+05
736607 24.410000 24.450001 24.000000 24.120001 6.764000e+05
736608 24.209999 24.219999 24.020000 24.110001 6.788000e+05
736609 24.110001 24.389999 23.990000 24.370001 3.374000e+05
736610 24.379999 24.629999 24.040001 24.160000 8.179000e+05
736613 24.209999 24.559999 24.150000 24.559999 5.079000e+05
736614 24.590000 24.590000 23.840000 23.879999 6.279000e+05
736615 23.879999 24.049999 23.809999 23.950001 3.938000e+05
736616 23.809999 23.830000 23.459999 23.680000 7.953000e+05
736617 23.700001 23.950001 23.549999 23.740000 5.647000e+05
736620 23.809999 23.841999 23.430000 23.440001 3.709000e+05
736621 23.590000 23.700001 23.490000 23.530001 3.712000e+05
736622 23.459999 24.010000 23.340000 23.670000 5.205000e+05
736623 23.660000 24.070000 23.610001 24.030001 4.308000e+05
736624 23.969999 24.160000 23.879999 23.930000 9.327000e+05
736627 24.000000 24.160000 23.559999 23.590000 6.232000e+05
736628 23.540001 23.540001 22.879999 23.049999 1.006900e+06
736629 22.889999 23.219999 22.840000 23.070000 7.496000e+05
736630 22.990000 23.000000 22.110001 22.320000 1.213400e+06
736631 22.230000 23.299999 22.195000 23.150000 9.687000e+05
736634 23.230000 23.285000 23.049999 23.250000 6.561000e+05
736635 23.230000 23.490000 22.969999 23.090000 1.212500e+06
736636 23.010000 23.620001 23.010000 23.410000 1.531800e+06
736637 23.379999 23.549999 22.530001 22.600000 1.327500e+06
736638 22.150000 23.059999 22.030001 22.730000 1.364800e+06
736641 22.730000 22.730000 21.719999 22.120001 1.433900e+06
736642 22.200001 22.379999 21.860001 22.180000 7.436000e+05
736643 21.879999 22.549999 21.809999 22.430000 6.991000e+05
736644 22.629999 23.309999 22.250000 22.370001 1.948500e+06
736645 22.360001 22.889999 22.080000 22.860001 1.098600e+06
736648 22.940001 24.379999 22.940001 24.340000 1.544500e+06
736649 24.299999 24.681999 23.900000 24.070000 7.547000e+05
736650 23.980000 24.280001 23.799999 24.260000 5.598000e+05
736651 24.379999 24.610001 24.240000 24.430000 1.366800e+06
736652 24.360001 24.930000 24.040001 24.129999 9.231000e+05
736655 24.250000 24.330000 23.940001 24.020000 1.242900e+06
736656 24.190001 24.900000 24.020000 24.860001 3.130600e+06
736657 24.860001 25.549999 24.719999 25.379999 1.256100e+06
736659 25.450001 25.573000 25.240000 25.320000 4.014000e+05
736662 25.330000 25.440001 24.735001 25.049999 1.031200e+06
736663 24.950001 25.360001 24.385000 24.430000 1.299100e+06
736664 24.370001 24.482000 24.100000 24.379999 1.099400e+06
736665 24.309999 24.660000 23.820000 23.969999 1.265000e+06
736666 23.760000 24.240000 23.410000 23.969999 1.334000e+06
736669 24.070000 24.660000 24.025000 24.309999 1.948400e+06
736670 20.790001 24.480000 20.670000 23.850000 1.145850e+07
736671 23.459999 23.480000 22.770000 22.860001 3.221000e+06
736672 22.860001 24.120001 22.860001 23.760000 2.701500e+06
736673 23.620001 23.740000 23.330000 23.530001 1.057900e+06
736676 23.540001 23.705000 22.629999 22.660000 1.226900e+06
736677 22.200001 22.850000 21.990000 22.540001 7.778200e+06
736678 22.750000 22.889999 22.209999 22.360001 3.073400e+06
736679 22.360001 22.400000 21.875999 22.160000 2.918100e+06
736680 22.129999 22.344999 21.780001 21.840000 1.756300e+06
736683 21.799999 22.100000 21.770000 21.850000 1.819900e+06
736684 21.879999 22.030001 21.830000 21.870001 1.593900e+06
736685 21.860001 21.980000 21.639999 21.900000 1.707100e+06
736686 21.889999 21.889999 20.600000 20.610001 1.658500e+06
736687 20.600000 20.885000 20.360001 20.450001 2.156900e+06
736691 20.559999 20.740000 20.459999 20.660000 1.801100e+06
736692 20.760000 20.809999 20.330000 20.520000 1.403600e+06
736693 20.530001 20.830000 20.290001 20.400000 9.307000e+05
736694 20.530001 20.530001 20.160000 20.450001 1.122900e+06
736698 20.750000 20.900000 20.520000 20.650000 2.718900e+06
736699 20.670000 21.280001 20.670000 21.219999 1.946500e+06
736700 21.000000 21.000000 20.645000 20.840000 1.808400e+06
736701 20.990000 20.990000 20.395000 20.590000 1.595500e+06
736704 20.500000 20.770000 20.440001 20.600000 1.677100e+06
736705 20.650000 21.010000 20.490000 20.840000 1.316200e+06
736706 20.840000 20.840000 20.330000 20.520000 1.676200e+06
736707 20.430000 20.559999 20.129999 20.370001 1.150600e+06
736708 20.370001 20.735001 20.370001 20.520000 6.766000e+05
736712 21.010000 21.870001 20.830000 21.620001 2.759500e+06
736713 21.629999 21.860001 21.379999 21.600000 2.502400e+06
736714 21.480000 21.889999 21.440001 21.830000 2.021000e+06
736715 21.889999 22.170000 21.590000 22.000000 1.970900e+06
736718 21.980000 21.990000 21.600000 21.639999 1.050300e+06
736719 21.660000 21.860001 21.575001 21.780001 8.588000e+05
736720 20.900000 21.129999 19.950001 20.290001 1.097530e+07
736721 20.360001 20.645000 20.000000 20.110001 3.501000e+06
736722 20.209999 20.250000 19.250000 19.559999 3.596900e+06
736725 19.500000 19.600000 19.139999 19.350000 2.041600e+06
736726 19.250000 19.745001 19.000000 19.670000 2.315700e+06
736727 19.670000 20.150000 19.559999 19.790001 2.097900e+06
736728 19.820000 20.150000 19.590000 20.020000 1.728600e+06
736729 20.040001 20.450001 19.760000 19.830000 1.891000e+06
736732 19.730000 19.900000 19.549999 19.620001 1.155400e+06
736733 19.629999 19.799999 19.559999 19.590000 1.134200e+06
736734 19.500000 19.825001 19.370001 19.740000 1.200200e+06
736735 19.820000 20.750000 19.750000 20.639999 2.663400e+06
736736 20.629999 20.740000 20.340000 20.650000 1.596900e+06
736739 20.680000 20.879999 20.379999 20.540001 1.780400e+06
736740 20.959999 20.959999 20.120001 20.750000 1.890700e+06
736741 20.760000 20.924999 20.680000 20.879999 1.193900e+06
736742 20.799999 20.920000 20.510000 20.610001 1.793800e+06
736743 20.559999 20.920000 20.530001 20.780001 1.256900e+06
736747 20.879999 21.020000 20.670000 20.840000 1.475700e+06
736748 20.809999 21.030001 20.719999 20.760000 1.235700e+06
736749 20.740000 20.980000 20.350000 20.379999 2.139700e+06
736750 20.389999 21.360001 20.350000 21.090000 2.405500e+06
736753 21.000000 21.150000 20.497000 20.730000 2.206200e+06
736754 20.590000 20.629999 19.764999 20.090000 2.176000e+06
736755 20.270000 20.459999 20.000000 20.309999 1.337300e+06
736756 20.309999 20.500000 20.250000 20.410000 1.242600e+06
736757 20.450001 20.600000 19.940001 20.459999 1.888300e+06
736760 20.469999 20.580000 20.120001 20.530001 2.007700e+06
736761 21.500000 21.840000 20.530001 21.000000 4.404200e+06
736762 21.629999 22.340000 21.420000 22.080000 3.953100e+06
736763 22.090000 22.365000 21.840000 21.980000 1.824700e+06
736764 22.040001 22.280001 21.930000 22.129999 1.567200e+06
