736034 5.250000 5.310000 5.150000 5.300000 5.860000e+04
736035 5.350000 5.550000 5.320000 5.490000 5.020000e+04
736036 5.480000 5.620000 5.360000 5.430000 6.610000e+04
736039 5.480000 5.480000 5.240000 5.280000 4.260000e+04
736040 5.280000 5.360000 5.020000 5.040000 5.380000e+04
736041 5.000000 5.110000 4.850000 5.030000 3.960000e+04
736042 4.960000 5.380000 4.820000 4.860000 3.100000e+04
736043 4.870000 5.050000 4.840000 4.910000 1.101000e+05
736046 4.950000 5.270000 4.920000 4.980000 3.870000e+04
736047 4.980000 5.110000 4.930000 5.040000 2.520000e+04
736048 5.040000 5.190000 4.960000 4.980000 2.100000e+04
736049 5.000000 5.050000 4.970000 4.980000 2.630000e+04
736050 5.000000 5.000000 4.890000 4.920000 5.310000e+04
736053 4.960000 4.960000 4.610000 4.700000 4.360000e+04
736054 4.600000 4.700000 4.530000 4.600000 4.730000e+04
736055 4.590000 4.610000 4.510000 4.580000 4.340000e+04
736056 4.530000 4.680000 4.510000 4.600000 6.500000e+04
736060 4.530000 5.180000 4.500000 4.970000 1.396000e+05
736061 4.840000 4.870000 4.620000 4.650000 1.259000e+05
736062 5.080000 5.080000 4.300000 4.450000 1.207000e+05
736063 4.420000 4.830000 4.370000 4.720000 1.255000e+05
736064 4.760000 4.910000 4.590000 4.810000 6.990000e+04
736067 4.850000 4.850000 4.610000 4.650000 4.880000e+04
736068 4.670000 4.850000 4.600000 4.820000 4.570000e+04
736069 4.840000 5.300000 4.840000 5.210000 4.010000e+04
736070 5.150000 5.290000 5.000000 5.170000 3.930000e+04
736071 5.170000 5.320000 5.070000 5.140000 1.146000e+05
736074 5.180000 5.190000 5.070000 5.140000 4.020000e+04
736075 5.160000 5.160000 4.900000 4.920000 6.720000e+04
736076 4.930000 5.000000 4.870000 4.970000 1.070000e+04
736077 5.010000 5.040000 4.910000 4.960000 2.350000e+04
736078 4.980000 4.990000 4.790000 4.800000 1.410000e+04
736081 4.870000 5.040000 4.760000 4.920000 3.040000e+04
736082 4.950000 4.980000 4.810000 4.960000 1.920000e+04
736083 4.880000 5.090000 4.880000 5.030000 1.640000e+04
736084 4.950000 5.030000 4.790000 4.900000 3.790000e+04
736085 4.860000 4.880000 4.650000 4.810000 3.740000e+04
736088 4.790000 4.790000 4.540000 4.660000 4.840000e+04
736089 4.660000 4.720000 4.590000 4.630000 5.770000e+04
736090 4.610000 4.650000 4.530000 4.610000 5.830000e+04
736091 4.560000 4.710000 4.470000 4.630000 1.102000e+05
736092 4.700000 4.720000 4.560000 4.670000 5.140000e+04
736095 4.610000 4.660000 4.500000 4.580000 1.300000e+05
736096 4.560000 4.670000 4.470000 4.630000 1.850000e+04
736097 4.620000 4.630000 4.530000 4.610000 1.370000e+04
736098 4.610000 4.670000 4.550000 4.590000 1.470000e+04
736099 4.580000 4.640000 4.530000 4.590000 1.660000e+04
736102 4.590000 4.660000 4.510000 4.590000 3.810000e+04
736103 4.540000 4.660000 4.450000 4.540000 6.810000e+04
736104 4.550000 4.630000 4.430000 4.600000 2.150000e+04
736105 4.640000 4.690000 4.500000 4.580000 6.390000e+04
736106 4.530000 4.640000 4.460000 4.530000 3.900000e+04
736110 4.470000 4.470000 4.250000 4.250000 4.340000e+04
736111 4.250000 4.270000 4.170000 4.230000 2.150000e+04
736112 4.180000 4.360000 4.040000 4.190000 3.590000e+04
736113 4.150000 4.260000 4.150000 4.150000 3.360000e+04
736116 4.220000 4.280000 4.040000 4.260000 1.206000e+05
736117 4.190000 4.480000 4.190000 4.250000 1.136000e+05
736118 4.190000 5.190000 4.190000 4.980000 5.433000e+05
736119 5.170000 5.170000 4.840000 4.980000 1.471000e+05
736120 4.950000 5.330000 4.950000 5.250000 7.140000e+04
736123 5.320000 5.460000 5.000000 5.000000 6.200000e+04
736124 5.150000 5.180000 4.940000 4.970000 5.800000e+04
736125 5.040000 5.160000 4.970000 5.070000 1.482000e+05
736126 4.960000 5.160000 4.960000 5.000000 4.330000e+04
736127 5.010000 5.230000 4.970000 5.190000 6.570000e+04
736130 5.110000 5.200000 5.000000 5.080000 3.630000e+04
736131 4.940000 4.940000 4.550000 4.660000 1.949000e+05
736132 4.610000 4.780000 4.510000 4.660000 8.470000e+04
736133 4.660000 4.730000 4.620000 4.650000 6.840000e+04
736134 4.640000 4.650000 4.360000 4.630000 9.160000e+04
736137 4.580000 4.600000 4.440000 4.520000 7.280000e+04
736138 4.500000 4.820000 4.460000 4.810000 1.113000e+05
736139 4.760000 4.900000 4.630000 4.640000 7.460000e+04
736140 4.620000 4.690000 4.560000 4.660000 6.340000e+04
736141 4.640000 4.700000 4.500000 4.600000 1.796800e+06
736144 4.500000 4.890000 4.410000 4.430000 9.360000e+04
736145 4.400000 4.550000 4.190000 4.190000 1.295000e+05
736146 4.140000 4.210000 3.900000 3.900000 1.268000e+05
736147 3.880000 4.090000 3.860000 3.950000 7.680000e+04
736151 3.910000 4.080000 3.810000 4.030000 9.770000e+04
736152 4.000000 4.270000 3.950000 4.180000 8.370000e+04
736153 4.210000 4.250000 3.940000 3.970000 5.240000e+04
736154 4.010000 4.240000 3.950000 4.170000 3.180000e+04
736155 4.170000 4.190000 4.040000 4.140000 3.610000e+04
736158 4.120000 4.340000 4.040000 4.300000 5.600000e+04
736159 4.290000 4.470000 4.110000 4.310000 5.960000e+04
736160 4.190000 4.300000 4.120000 4.290000 3.550000e+04
736161 4.270000 4.380000 4.170000 4.340000 4.220000e+04
736162 4.310000 4.370000 4.020000 4.110000 2.517000e+05
736165 4.100000 4.100000 3.850000 3.970000 5.870000e+04
736166 4.000000 4.150000 3.960000 4.110000 3.180000e+04
736167 4.100000 4.350000 3.980000 4.080000 3.062000e+05
736168 4.020000 4.080000 3.930000 4.000000 3.300000e+04
736169 3.980000 4.120000 3.970000 3.990000 4.840000e+04
736172 3.920000 4.010000 3.740000 3.780000 9.240000e+04
736173 3.760000 4.010000 3.670000 3.960000 2.500000e+04
736174 4.000000 4.160000 3.950000 4.030000 1.690000e+04
736175 4.040000 4.120000 4.010000 4.050000 1.950000e+04
736176 4.050000 4.240000 4.050000 4.130000 3.750000e+04
736179 4.120000 4.200000 4.010000 4.070000 5.760000e+04
736180 4.070000 4.160000 3.920000 4.000000 8.400000e+03
736181 4.020000 4.140000 3.990000 4.110000 3.770000e+04
736182 4.120000 4.260000 4.080000 4.260000 3.040000e+04
736183 4.250000 4.360000 4.140000 4.340000 1.720000e+04
736186 4.300000 4.370000 4.020000 4.240000 9.000000e+03
736187 4.190000 4.250000 4.070000 4.110000 4.320000e+04
736188 4.110000 4.260000 4.010000 4.240000 2.190000e+04
736189 4.210000 4.380000 4.170000 4.320000 4.260000e+04
736190 4.330000 4.400000 4.110000 4.400000 1.590000e+04
736193 4.400000 4.400000 4.200000 4.320000 2.140000e+04
736194 4.340000 4.340000 4.200000 4.250000 1.500000e+04
736195 4.190000 4.330000 4.170000 4.270000 3.980000e+04
736196 4.260000 4.340000 4.190000 4.200000 2.280000e+04
736197 4.190000 4.300000 4.170000 4.210000 4.040000e+04
736200 4.100000 4.230000 4.010000 4.230000 6.690000e+04
736201 4.320000 4.320000 4.200000 4.210000 2.540000e+04
736202 4.270000 4.270000 4.000000 4.090000 5.450000e+04
736203 4.170000 4.270000 4.070000 4.240000 3.190000e+04
736204 4.250000 4.440000 4.200000 4.410000 1.064000e+05
736207 4.380000 4.440000 4.230000 4.310000 7.040000e+04
736208 4.190000 4.350000 4.190000 4.290000 2.530000e+04
736209 4.320000 4.330000 4.050000 4.230000 4.740000e+04
736210 4.000000 4.330000 4.000000 4.020000 6.060000e+04
736211 4.000000 4.020000 3.790000 3.840000 5.060000e+04
736215 3.840000 4.010000 3.820000 3.890000 3.160000e+04
736216 3.900000 3.910000 3.830000 3.830000 3.320000e+04
736217 3.870000 3.900000 3.790000 3.840000 5.100000e+04
736218 3.750000 3.910000 3.750000 3.800000 1.800000e+04
736221 3.750000 3.760000 3.610000 3.690000 7.530000e+04
736222 3.630000 3.800000 3.630000 3.760000 9.200000e+03
736223 3.770000 3.870000 3.740000 3.780000 1.950000e+04
736224 3.790000 3.870000 3.740000 3.780000 3.670000e+04
736225 3.740000 3.770000 3.650000 3.740000 7.650000e+04
736228 3.780000 3.890000 3.750000 3.850000 1.490000e+04
736229 3.810000 3.820000 3.730000 3.780000 3.800000e+04
736230 3.990000 3.990000 3.690000 3.780000 9.320000e+04
736231 3.770000 3.870000 3.700000 3.870000 1.630000e+04
736232 3.840000 3.910000 3.700000 3.770000 3.800000e+04
736235 3.710000 3.820000 3.710000 3.750000 2.750000e+04
736236 3.790000 3.850000 3.730000 3.790000 1.920000e+04
736237 3.770000 3.850000 3.770000 3.780000 1.770000e+04
736238 3.770000 3.830000 3.610000 3.620000 1.562000e+05
736239 3.640000 3.680000 3.540000 3.640000 2.540000e+04
736242 3.650000 3.850000 3.650000 3.760000 4.150000e+04
736243 3.840000 3.910000 3.750000 3.880000 1.930000e+04
736244 3.910000 4.160000 3.900000 3.980000 3.510000e+04
736245 3.960000 4.120000 3.860000 3.940000 2.730000e+04
736246 3.960000 4.110000 3.960000 4.050000 5.040000e+04
736249 4.100000 4.110000 3.980000 4.040000 6.350000e+04
736250 4.000000 4.070000 3.960000 4.000000 1.300000e+04
736251 4.000000 4.100000 3.970000 4.060000 1.040000e+04
736252 4.050000 4.240000 4.010000 4.240000 2.420000e+04
736253 4.190000 4.220000 4.040000 4.100000 2.710000e+04
736256 4.050000 4.090000 4.000000 4.040000 9.900000e+03
736257 4.090000 4.200000 4.090000 4.170000 4.170000e+04
736258 4.170000 4.220000 4.110000 4.160000 1.110000e+04
736259 4.190000 4.270000 4.180000 4.250000 6.200000e+03
736260 4.200000 4.350000 4.170000 4.200000 6.200000e+03
736263 4.190000 4.250000 4.130000 4.210000 2.270000e+04
736264 4.200000 4.340000 4.120000 4.300000 9.800000e+03
736265 4.270000 4.450000 4.270000 4.420000 1.190000e+04
736266 4.400000 4.600000 4.400000 4.590000 4.780000e+04
736267 4.590000 4.750000 4.440000 4.440000 1.570000e+04
736270 4.480000 4.600000 4.250000 4.470000 5.680000e+04
736271 4.360000 5.000000 4.250000 4.620000 4.250000e+04
736272 4.730000 4.770000 4.480000 4.540000 1.120000e+04
736273 4.550000 4.710000 4.470000 4.540000 7.300000e+03
736274 4.370000 4.620000 4.340000 4.510000 1.080000e+04
736277 4.470000 4.630000 4.340000 4.420000 9.200000e+03
736278 4.340000 4.440000 4.340000 4.430000 8.100000e+03
736279 4.430000 4.510000 4.410000 4.500000 1.660000e+04
736280 4.450000 4.500000 4.360000 4.410000 6.400000e+03
736281 4.360000 4.560000 4.300000 4.560000 2.200000e+04
736284 4.510000 4.530000 4.350000 4.510000 3.600000e+03
736285 4.480000 4.690000 4.440000 4.510000 1.740000e+04
736286 4.580000 4.680000 4.460000 4.500000 1.700000e+04
736287 4.500000 4.540000 4.360000 4.510000 1.240000e+04
736288 4.470000 4.550000 4.080000 4.180000 2.640000e+04
736291 4.170000 4.290000 4.070000 4.100000 4.550000e+04
736292 4.160000 4.270000 4.100000 4.180000 2.000000e+03
736293 4.150000 4.200000 4.070000 4.080000 1.500000e+04
736295 4.030000 4.180000 3.900000 3.920000 6.800000e+03
736298 3.910000 3.910000 3.780000 3.810000 8.500000e+03
736299 3.830000 3.930000 3.740000 3.850000 3.370000e+04
736300 3.850000 4.010000 3.680000 3.680000 8.000000e+03
736301 3.740000 3.890000 3.620000 3.700000 7.100000e+03
736302 3.730000 3.730000 3.630000 3.690000 6.500000e+03
736305 3.620000 3.690000 3.580000 3.590000 4.240000e+04
736306 3.510000 3.550000 3.400000 3.410000 2.950000e+04
736307 3.400000 3.400000 3.030000 3.070000 1.065000e+05
736308 3.120000 3.180000 3.000000 3.170000 2.210000e+04
736309 3.140000 3.230000 3.080000 3.140000 1.910000e+04
736312 3.120000 3.190000 3.040000 3.100000 4.410000e+04
736313 3.380000 3.380000 3.030000 3.110000 3.530000e+04
736314 3.100000 3.320000 3.050000 3.050000 1.700000e+04
736315 3.010000 3.200000 2.960000 3.040000 4.290000e+04
736316 3.000000 3.120000 2.950000 2.950000 6.170000e+04
736319 3.010000 3.150000 2.970000 3.080000 5.380000e+04
736320 3.100000 3.320000 2.960000 3.120000 3.660000e+04
736321 3.140000 3.410000 3.070000 3.190000 3.280000e+04
736322 3.140000 3.280000 3.140000 3.220000 8.400000e+03
736326 3.180000 3.230000 2.910000 2.950000 4.660000e+04
736327 2.990000 3.160000 2.980000 3.050000 4.600000e+04
736328 3.030000 3.040000 2.950000 3.000000 8.950000e+04
736329 3.030000 3.050000 2.940000 3.010000 4.650000e+04
736333 2.920000 3.070000 2.910000 3.040000 1.850000e+04
736334 3.110000 3.180000 3.000000 3.170000 1.300000e+04
736335 3.010000 3.140000 2.920000 3.050000 2.590000e+04
736336 3.000000 3.050000 2.960000 3.030000 1.210000e+04
736337 3.050000 3.060000 2.940000 2.940000 1.850000e+04
736340 2.970000 2.990000 2.740000 2.770000 3.000000e+04
736341 2.780000 2.930000 2.750000 2.800000 2.090000e+04
736342 2.840000 2.930000 2.750000 2.810000 2.710000e+04
736343 2.900000 3.180000 2.820000 2.840000 1.190000e+04
736344 2.740000 2.960000 2.670000 2.890000 4.220000e+04
736348 2.890000 2.890000 2.690000 2.720000 1.890000e+04
736349 2.680000 2.680000 2.240000 2.400000 3.700000e+04
736350 2.400000 2.570000 2.390000 2.570000 1.310000e+04
736351 2.520000 2.750000 2.510000 2.730000 2.880000e+04
736354 2.670000 2.880000 2.570000 2.670000 1.450000e+04
736355 2.660000 2.850000 2.660000 2.730000 7.200000e+03
736356 2.610000 2.830000 2.600000 2.670000 4.700000e+03
736357 2.910000 2.910000 2.650000 2.660000 5.300000e+03
736358 2.760000 2.760000 2.570000 2.730000 5.020000e+04
736361 2.690000 2.910000 2.640000 2.860000 6.340000e+04
736362 2.750000 2.890000 2.610000 2.660000 4.930000e+04
736363 2.650000 2.800000 2.540000 2.770000 1.980000e+04
736364 2.800000 2.830000 2.760000 2.760000 2.240000e+04
736365 2.740000 2.970000 2.630000 2.700000 3.600000e+03
736368 2.590000 2.660000 2.590000 2.600000 4.200000e+03
736369 2.600000 3.030000 2.590000 2.600000 2.730000e+04
736370 2.850000 2.850000 2.380000 2.480000 2.320000e+04
736371 2.260000 2.550000 2.260000 2.420000 9.800000e+03
736372 2.430000 2.550000 2.330000 2.380000 1.380000e+04
736376 2.370000 2.570000 2.350000 2.520000 1.710000e+04
736377 2.850000 2.850000 2.750000 2.840000 1.110000e+04
736378 2.790000 2.970000 2.790000 2.970000 3.700000e+03
736379 2.990000 3.000000 2.580000 2.960000 6.500000e+03
736382 2.990000 3.160000 2.990000 3.120000 5.600000e+03
736383 3.130000 3.140000 3.040000 3.130000 7.500000e+03
736384 3.140000 3.290000 3.100000 3.290000 8.300000e+03
736385 3.290000 3.430000 3.100000 3.320000 7.100000e+03
736386 3.390000 3.410000 3.220000 3.350000 1.130000e+04
736389 3.290000 3.400000 3.290000 3.290000 7.100000e+03
736390 3.230000 3.390000 3.010000 3.280000 1.150000e+04
736391 3.400000 3.590000 3.280000 3.320000 5.300000e+03
736392 3.390000 3.660000 3.280000 3.380000 2.950000e+04
736393 3.620000 3.720000 3.460000 3.460000 7.700000e+03
736396 3.700000 3.760000 3.680000 3.680000 5.000000e+03
736397 3.900000 3.950000 3.570000 3.610000 1.720000e+04
736398 3.310000 3.640000 3.260000 3.590000 4.500000e+03
736399 3.690000 3.690000 3.230000 3.350000 8.300000e+03
736400 3.580000 3.810000 3.210000 3.230000 1.520000e+04
736403 3.250000 3.630000 3.060000 3.110000 1.040000e+04
736404 3.100000 3.110000 2.930000 3.060000 8.000000e+03
736405 3.080000 3.090000 2.940000 3.090000 7.100000e+03
736406 3.090000 3.180000 3.020000 3.100000 1.830000e+04
736407 3.020000 3.210000 2.910000 3.020000 8.080000e+04
736410 3.060000 3.170000 2.940000 3.090000 7.700000e+03
736411 3.120000 3.160000 3.050000 3.160000 1.000000e+03
736412 3.020000 3.240000 3.020000 3.020000 4.000000e+03
736413 3.160000 3.160000 3.080000 3.140000 4.900000e+03
736417 3.130000 3.240000 3.080000 3.240000 1.200000e+04
736418 3.180000 3.400000 3.180000 3.210000 3.200000e+03
736419 3.200000 3.300000 3.170000 3.280000 4.600000e+03
736420 3.210000 3.260000 3.060000 3.060000 1.010000e+04
736421 3.200000 3.200000 2.980000 3.090000 2.550000e+04
736424 3.100000 3.240000 3.100000 3.190000 4.400000e+03
736425 3.300000 3.480000 3.150000 3.190000 3.200000e+03
736426 3.360000 3.430000 3.210000 3.270000 1.190000e+04
736427 3.290000 3.430000 3.060000 3.270000 3.137000e+05
736428 3.280000 3.320000 3.230000 3.250000 5.120000e+04
736431 3.240000 3.350000 3.230000 3.230000 2.900000e+04
736432 3.240000 3.310000 3.240000 3.240000 8.660000e+04
736433 3.290000 3.290000 3.260000 3.260000 2.400000e+04
736434 3.300000 3.300000 3.250000 3.270000 1.450000e+04
736435 3.290000 3.290000 3.250000 3.260000 2.760000e+04
736438 3.260000 3.300000 3.250000 3.260000 4.200000e+04
736439 3.260000 3.350000 3.260000 3.280000 3.570000e+04
736440 3.310000 3.320000 3.280000 3.310000 5.240000e+04
736441 3.300000 3.350000 3.280000 3.320000 3.990000e+04
736442 3.340000 3.630000 3.310000 3.500000 1.325000e+05
736445 3.530000 3.620000 3.470000 3.500000 5.830000e+04
736446 3.500000 3.550000 3.500000 3.530000 2.030000e+04
736447 3.530000 3.680000 3.520000 3.660000 3.580000e+04
736448 3.670000 3.750000 3.640000 3.720000 4.280000e+04
736449 3.720000 3.760000 3.680000 3.720000 1.730000e+04
736452 3.710000 3.730000 3.670000 3.700000 2.860000e+04
736453 3.690000 3.720000 3.670000 3.680000 2.220000e+04
736454 3.680000 3.700000 3.610000 3.650000 4.670000e+04
736455 3.690000 3.700000 3.570000 3.640000 2.290000e+04
736456 3.640000 3.660000 3.610000 3.640000 2.190000e+04
736459 3.590000 3.650000 3.570000 3.600000 2.320000e+04
736460 3.590000 3.610000 3.530000 3.550000 7.580000e+04
736461 3.560000 3.570000 3.530000 3.540000 4.810000e+04
736462 3.540000 3.580000 3.510000 3.510000 2.740000e+04
736463 3.500000 3.560000 3.470000 3.560000 2.090000e+04
736466 3.550000 3.610000 3.550000 3.600000 2.480000e+04
736467 3.600000 3.610000 3.560000 3.590000 4.540000e+04
736468 3.580000 3.610000 3.570000 3.590000 4.700000e+04
736469 3.580000 3.630000 3.550000 3.580000 2.640000e+04
736470 3.600000 3.750000 3.600000 3.630000 1.010000e+04
736473 3.620000 3.700000 3.590000 3.630000 6.150000e+04
736474 3.680000 3.900000 3.650000 3.820000 1.849000e+05
736475 3.820000 3.900000 3.660000 3.660000 5.580000e+04
736476 3.730000 3.880000 3.730000 3.750000 3.770000e+04
736477 3.770000 3.870000 3.770000 3.800000 2.610000e+04
736481 3.850000 3.950000 3.840000 3.920000 9.580000e+04
736482 3.880000 4.130000 3.850000 4.060000 8.310000e+04
736483 4.050000 4.120000 3.970000 4.010000 4.880000e+04
736484 4.050000 4.050000 3.870000 3.950000 8.420000e+04
736487 3.930000 4.100000 3.910000 4.050000 6.330000e+04
736488 4.030000 4.250000 3.990000 4.200000 5.900000e+04
736489 4.190000 4.220000 4.010000 4.100000 2.940000e+04
736490 4.100000 4.250000 4.080000 4.250000 6.540000e+04
736491 4.180000 4.330000 4.000000 4.310000 4.810000e+04
736494 4.270000 4.400000 4.270000 4.390000 3.200000e+04
736495 4.380000 4.450000 3.980000 4.100000 5.620000e+04
736496 4.020000 4.120000 3.920000 4.060000 7.800000e+03
736497 3.980000 4.150000 3.910000 4.110000 2.560000e+04
736498 4.090000 4.170000 3.990000 4.170000 6.700000e+03
736501 4.180000 4.300000 3.900000 4.260000 5.830000e+04
736502 4.250000 4.280000 4.010000 4.150000 3.570000e+04
736503 4.140000 4.240000 3.960000 4.110000 1.188000e+05
736504 4.060000 4.150000 3.890000 3.960000 4.090000e+04
736505 3.790000 3.860000 3.630000 3.850000 2.530000e+04
736508 3.790000 3.810000 3.680000 3.720000 1.040000e+04
736509 3.500000 3.930000 3.500000 3.700000 1.450000e+04
736510 3.810000 3.890000 3.740000 3.830000 3.120000e+04
736511 3.800000 3.950000 3.750000 3.750000 5.700000e+03
736512 3.750000 3.850000 3.660000 3.790000 1.350000e+04
736516 3.780000 3.830000 3.700000 3.740000 1.610000e+04
736517 3.710000 3.770000 3.710000 3.750000 1.900000e+03
736518 3.730000 3.770000 3.720000 3.770000 7.100000e+03
736519 3.770000 3.780000 3.740000 3.750000 7.700000e+03
736522 3.740000 3.770000 3.560000 3.690000 3.040000e+04
736523 3.700000 3.700000 3.590000 3.660000 1.210000e+04
736524 3.570000 3.690000 3.550000 3.550000 5.000000e+03
736525 3.640000 3.730000 3.610000 3.660000 2.420000e+04
736526 3.660000 3.740000 3.660000 3.660000 4.800000e+03
736529 3.640000 3.720000 3.570000 3.600000 1.860000e+04
736530 3.630000 3.630000 3.530000 3.560000 7.300000e+03
736531 3.560000 3.560000 3.510000 3.510000 3.120000e+04
736532 3.490000 3.580000 3.460000 3.550000 4.000000e+03
736533 3.330000 3.380000 3.330000 3.380000 6.100000e+03
736536 3.340000 3.350000 3.310000 3.340000 2.600000e+03
736537 3.350000 3.430000 3.330000 3.430000 5.100000e+03
736538 3.400000 3.400000 3.350000 3.380000 3.000000e+03
736539 3.350000 3.440000 3.350000 3.440000 4.800000e+03
736540 3.420000 3.440000 3.350000 3.360000 1.130000e+04
736543 3.370000 3.380000 3.220000 3.250000 1.750000e+04
736544 3.260000 3.290000 3.160000 3.160000 5.700000e+03
736545 3.150000 3.180000 3.080000 3.090000 6.000000e+03
736546 3.150000 3.350000 2.960000 3.140000 1.940000e+04
736547 3.000000 3.140000 3.000000 3.140000 5.300000e+03
736550 3.100000 3.180000 2.980000 3.050000 1.270000e+04
736551 3.020000 3.060000 2.900000 2.970000 1.510000e+04
736552 3.000000 3.010000 2.970000 2.990000 1.100000e+03
736553 3.030000 3.060000 2.960000 3.000000 2.460000e+04
736554 2.950000 3.000000 2.940000 2.950000 5.500000e+03
736557 2.970000 2.980000 2.940000 2.950000 1.090000e+04
736558 2.930000 3.010000 2.930000 2.930000 7.800000e+03
736559 2.930000 2.960000 2.870000 2.870000 4.200000e+03
736560 2.870000 2.900000 2.810000 2.810000 5.500000e+03
736561 2.830000 2.850000 2.810000 2.810000 7.200000e+03
736564 2.810000 2.850000 2.760000 2.840000 1.500000e+03
736565 2.820000 2.840000 2.780000 2.800000 1.070000e+04
736566 2.760000 2.780000 2.750000 2.760000 4.900000e+03
736567 2.760000 2.780000 2.760000 2.780000 5.000000e+02
736568 2.780000 2.790000 2.720000 2.720000 1.020000e+04
736571 2.750000 2.790000 2.750000 2.780000 2.050000e+04
736572 2.750000 2.810000 2.730000 2.810000 1.350000e+04
736573 2.800000 2.800000 2.740000 2.790000 1.750000e+04
736574 2.760000 2.870000 2.760000 2.810000 2.500000e+03
736575 2.850000 2.880000 2.770000 2.780000 2.190000e+04
736579 3.140000 3.150000 2.650000 2.660000 3.030000e+04
736580 2.690000 3.170000 2.690000 2.930000 5.040000e+04
736581 2.800000 3.090000 2.800000 3.030000 9.780000e+04
736582 3.030000 3.340000 2.950000 3.190000 1.380000e+04
736585 3.230000 3.540000 3.130000 3.260000 3.270000e+04
736586 3.260000 3.390000 2.870000 3.190000 1.410000e+04
736587 3.150000 3.190000 3.150000 3.160000 1.100000e+03
736588 3.180000 3.180000 3.170000 3.170000 3.000000e+02
736589 3.180000 3.370000 3.170000 3.240000 1.230000e+04
736592 2.940000 3.220000 2.920000 3.170000 1.160000e+04
736593 3.150000 3.230000 3.130000 3.230000 1.440000e+04
736594 3.210000 3.250000 3.210000 3.240000 7.000000e+03
736595 3.220000 3.270000 3.220000 3.250000 7.700000e+03
736596 3.270000 3.270000 3.270000 3.270000 2.100000e+03
736599 3.220000 3.290000 3.180000 3.200000 1.490000e+04
736600 3.200000 3.200000 3.000000 3.000000 7.300000e+03
736601 3.090000 3.130000 2.990000 3.000000 1.380000e+04
736602 3.040000 3.190000 3.000000 3.180000 1.400000e+04
736603 3.150000 3.340000 3.150000 3.340000 6.620000e+04
736606 3.340000 3.360000 3.230000 3.250000 2.700000e+04
736607 3.220000 3.390000 3.220000 3.270000 2.430000e+04
736608 3.540000 3.800000 3.450000 3.500000 1.320000e+04
736609 3.490000 3.490000 3.300000 3.300000 4.900000e+03
736610 3.290000 3.500000 3.160000 3.330000 1.600000e+04
736613 3.410000 3.410000 3.410000 3.410000 1.600000e+03
736614 3.260000 3.640000 3.260000 3.450000 1.630000e+04
736615 3.590000 3.590000 3.450000 3.450000 7.000000e+03
736616 3.730000 3.730000 3.370000 3.370000 3.800000e+03
736617 3.390000 3.420000 3.290000 3.290000 1.530000e+04
736620 3.310000 3.410000 3.180000 3.280000 2.770000e+04
736621 3.340000 3.550000 3.270000 3.410000 1.030000e+04
736622 3.410000 3.410000 3.280000 3.280000 6.900000e+03
736623 3.240000 3.250000 3.210000 3.210000 1.290000e+04
736624 3.180000 3.340000 3.100000 3.110000 4.320000e+04
736627 3.150000 3.250000 3.150000 3.210000 6.420000e+04
736628 3.240000 3.240000 3.100000 3.140000 7.400000e+03
736629 3.150000 3.150000 3.080000 3.120000 1.060000e+04
736630 3.180000 3.230000 3.090000 3.090000 1.260000e+04
736631 3.150000 3.200000 3.010000 3.010000 3.270000e+04
736634 3.080000 3.100000 2.900000 2.960000 4.690000e+04
736635 2.970000 3.110000 2.970000 3.010000 1.170000e+04
736636 3.100000 3.100000 2.990000 3.080000 5.900000e+03
736637 3.050000 3.100000 3.050000 3.060000 8.300000e+03
736638 3.050000 3.190000 3.050000 3.110000 1.181000e+05
736641 3.230000 3.400000 3.090000 3.400000 1.710000e+04
736642 3.410000 3.590000 3.310000 3.590000 7.000000e+03
736643 3.510000 3.520000 3.210000 3.270000 7.800000e+03
736644 3.290000 3.570000 3.290000 3.460000 2.520000e+04
736645 3.440000 3.540000 3.430000 3.430000 4.500000e+03
736648 3.410000 3.790000 3.410000 3.560000 1.600000e+04
736649 3.570000 3.690000 3.570000 3.590000 4.800000e+03
736650 3.620000 3.670000 3.500000 3.510000 1.200000e+04
736651 3.470000 3.580000 3.470000 3.540000 1.760000e+04
736652 3.370000 3.690000 3.300000 3.400000 6.230000e+04
736655 3.540000 4.100000 3.420000 3.420000 8.030000e+04
736656 3.450000 4.110000 3.450000 3.560000 5.590000e+04
736657 3.520000 3.640000 3.520000 3.530000 4.400000e+03
736659 3.530000 3.580000 3.530000 3.580000 6.000000e+02
736662 3.630000 3.650000 3.510000 3.640000 1.420000e+04
736663 3.560000 3.560000 3.320000 3.490000 5.580000e+04
736664 3.500000 3.900000 3.380000 3.820000 1.190000e+05
736665 3.900000 3.910000 3.750000 3.820000 6.960000e+04
736666 3.750000 3.860000 3.650000 3.820000 3.700000e+04
736669 3.810000 3.910000 3.730000 3.840000 2.600000e+03
736670 3.870000 3.870000 3.590000 3.690000 5.940000e+04
736671 3.830000 3.840000 3.620000 3.730000 2.530000e+04
736672 4.100000 4.100000 3.700000 3.760000 1.940000e+04
736673 3.750000 3.850000 3.670000 3.830000 1.250000e+04
736676 3.890000 4.050000 3.780000 3.870000 9.300000e+03
736677 3.850000 3.850000 3.670000 3.780000 7.100000e+03
736678 3.750000 4.050000 3.690000 3.980000 4.180000e+04
736679 3.980000 4.110000 3.850000 3.950000 5.120000e+04
736680 3.950000 4.000000 3.950000 4.000000 2.470000e+04
736683 4.000000 4.200000 3.920000 4.190000 4.430000e+04
736684 4.120000 4.360000 3.950000 4.360000 4.060000e+04
736685 4.330000 4.380000 4.110000 4.210000 1.770000e+04
736686 4.170000 4.300000 4.050000 4.050000 5.400000e+03
736687 4.180000 4.380000 4.180000 4.300000 2.400000e+04
736691 4.260000 4.260000 4.050000 4.120000 1.140000e+04
736692 4.080000 4.240000 3.900000 4.060000 2.080000e+04
736693 4.100000 4.130000 4.000000 4.040000 5.300000e+03
736694 3.870000 4.190000 3.870000 4.150000 2.530000e+04
736698 4.150000 4.210000 4.110000 4.150000 1.240000e+04
736699 4.120000 4.240000 4.120000 4.180000 2.040000e+04
736700 4.240000 4.390000 4.220000 4.330000 2.130000e+04
736701 4.340000 4.350000 4.250000 4.250000 1.200000e+04
736704 4.320000 4.350000 4.280000 4.300000 5.300000e+03
736705 4.300000 4.320000 4.240000 4.280000 8.100000e+03
736706 4.320000 4.350000 4.320000 4.320000 6.300000e+03
736707 4.330000 4.350000 4.300000 4.320000 5.900000e+03
736708 4.340000 4.340000 4.300000 4.300000 2.800000e+04
736712 4.320000 4.540000 4.200000 4.330000 3.100000e+04
736713 4.370000 4.370000 4.310000 4.360000 8.600000e+03
736714 4.390000 4.690000 4.310000 4.460000 1.110000e+04
736715 4.520000 4.670000 4.370000 4.600000 9.400000e+03
736718 4.660000 4.700000 4.600000 4.650000 1.470000e+04
736719 4.650000 4.920000 4.650000 4.710000 1.460000e+04
736720 4.750000 4.850000 4.650000 4.660000 8.200000e+03
736721 4.570000 4.700000 4.570000 4.630000 5.000000e+03
736722 4.640000 4.660000 4.560000 4.640000 5.500000e+03
736725 4.650000 4.710000 4.600000 4.710000 1.660000e+04
736726 4.700000 4.870000 4.700000 4.860000 3.770000e+04
736727 4.960000 4.990000 4.860000 4.970000 8.500000e+03
736728 4.990000 5.000000 4.780000 4.940000 4.860000e+04
736729 4.960000 4.960000 4.830000 4.870000 1.150000e+04
736732 4.980000 5.140000 4.830000 4.840000 1.060000e+04
736733 4.890000 4.890000 4.780000 4.780000 8.100000e+03
736734 4.780000 4.830000 4.780000 4.790000 2.800000e+03
736735 4.780000 4.850000 4.750000 4.750000 3.200000e+03
736736 4.760000 4.800000 4.600000 4.790000 1.300000e+04
736739 4.750000 4.750000 4.550000 4.650000 5.940000e+04
736740 4.640000 4.760000 4.590000 4.640000 1.680000e+04
736741 4.710000 4.720000 4.580000 4.620000 1.970000e+04
736742 4.650000 4.670000 4.610000 4.660000 2.790000e+04
736743 4.610000 4.670000 3.890000 4.650000 2.670000e+04
736747 4.650000 4.820000 4.510000 4.660000 3.540000e+04
736748 4.650000 4.730000 4.500000 4.640000 2.400000e+04
736749 4.630000 4.710000 4.530000 4.590000 1.480000e+04
736750 4.550000 4.700000 4.300000 4.700000 7.540000e+04
736753 4.720000 4.810000 4.670000 4.790000 1.040000e+04
736754 4.720000 4.880000 4.720000 4.840000 3.820000e+04
736755 4.810000 4.990000 4.810000 4.910000 2.650000e+04
736756 4.960000 4.980000 4.910000 4.920000 1.320000e+04
736757 4.950000 5.100000 4.950000 4.950000 1.140000e+04
736760 4.910000 4.940000 4.850000 4.850000 7.400000e+03
736761 4.880000 4.880000 4.720000 4.750000 1.210000e+04
736762 4.750000 4.750000 4.530000 4.600000 3.210000e+04
736763 4.640000 4.780000 4.450000 4.540000 2.790000e+04
736764 4.500000 4.800000 4.450000 4.720000 3.600000e+03
