736034 29.256603 29.343648 29.082514 29.111529 1.944960e+05
736035 29.130873 29.314631 29.130873 29.227587 4.576603e+05
736036 29.179229 29.179229 28.714993 28.918096 1.521343e+05
736039 28.976125 29.256602 28.918096 29.256602 1.510705e+05
736040 29.159886 29.227587 29.024484 29.169558 9.100979e+04
736041 29.034155 29.614452 28.831051 29.527408 4.286455e+05
736042 29.314631 29.411348 29.140542 29.237259 2.152899e+05
736043 29.382332 29.633794 29.353319 29.537080 1.927551e+05
736046 29.498393 29.701495 29.498393 29.585437 1.016486e+05
736047 29.575765 29.633794 29.401676 29.401676 1.006814e+05
736048 29.488721 29.604781 29.217915 29.217915 6.412274e+04
736049 29.111528 29.333975 29.053500 29.188901 8.627071e+04
736050 29.188900 29.295289 29.121200 29.246930 1.413988e+05
736053 29.333975 29.604780 29.333975 29.566093 9.952080e+04
736054 29.411348 29.508064 29.295290 29.314631 8.027431e+04
736055 29.246931 29.362991 29.082514 29.169558 1.341451e+05
736056 29.121200 29.430691 29.121200 29.401676 1.478788e+05
736060 29.333975 29.798211 29.333975 29.691825 1.002945e+05
736061 29.682154 29.827227 29.633794 29.672481 8.801160e+04
736062 29.711166 29.836898 29.595108 29.672481 1.158658e+05
736063 29.604781 30.107703 29.604781 30.078689 8.772145e+04
736064 30.127047 30.281792 30.107703 30.272120 1.291159e+05
736067 30.146390 30.349493 30.088361 30.098033 1.187673e+05
736068 30.020660 30.291464 30.020660 30.272120 1.145118e+05
736069 30.320478 30.726686 30.320478 30.649314 1.025190e+05
736070 30.697672 30.784716 30.571942 30.668656 6.837824e+04
736071 30.523581 30.523581 30.262449 30.417195 7.524508e+04
736074 30.552597 30.746030 30.552597 30.629970 1.167363e+05
736075 30.600955 30.600955 30.233435 30.272120 9.719962e+04
736076 30.368836 30.426865 30.165734 30.426865 1.071614e+05
736077 30.407524 30.871760 30.407524 30.784716 6.644392e+04
736078 30.755700 30.784716 30.523582 30.562269 7.147315e+04
736081 30.658986 30.746030 30.446210 30.484896 2.185783e+05
736082 30.504240 30.649314 30.368837 30.629970 1.147052e+05
736083 30.513910 30.707343 30.417196 30.658986 1.605486e+05
736084 30.484896 30.658986 30.320479 30.436537 1.021321e+05
736085 30.562268 30.726685 30.533253 30.687999 5.957708e+04
736088 30.775044 30.910445 30.736358 30.746030 1.598716e+05
736089 30.688000 30.794387 30.397851 30.407524 6.431617e+04
736090 30.542926 30.542926 30.049674 30.146390 4.149118e+04
736091 30.107703 30.194747 29.875584 30.078689 9.100980e+04
736092 30.359165 30.562269 30.301136 30.523582 4.816459e+04
736095 30.494568 30.533254 30.233434 30.252778 8.772145e+04
736096 30.146389 30.426865 30.059345 30.301135 7.640567e+04
736097 30.475224 30.736359 30.272120 30.407524 3.708093e+05
736098 30.504240 30.581613 30.426865 30.571941 8.569041e+04
736099 30.639641 30.717014 30.504240 30.697671 5.425770e+04
736102 30.688000 30.775045 30.610627 30.765372 6.702422e+04
736103 30.736358 30.736358 30.562268 30.620298 1.014551e+05
736104 30.629970 30.852417 30.600954 30.726686 4.149118e+04
736105 30.755701 30.939462 30.736359 30.842745 6.441288e+04
736106 30.746030 30.852417 30.726686 30.726686 4.535982e+04
736110 30.581614 30.581614 30.214092 30.281792 1.371433e+05
736111 30.330152 30.484896 30.252779 30.397852 1.104497e+05
736112 30.320479 30.320479 30.175406 30.281792 9.033278e+04
736113 30.281791 30.320478 30.059345 30.127046 7.031256e+04
736116 30.156061 30.185075 29.962629 30.069017 7.988745e+04
736117 30.040002 30.301136 30.040002 30.156062 3.665538e+04
736118 30.185075 30.281791 30.107703 30.146390 2.610366e+05
736119 30.030330 30.098033 29.788540 29.827227 1.052271e+05
736120 29.769198 29.943285 29.682154 29.875584 1.227327e+05
736123 29.827226 29.885256 29.682153 29.682153 7.611552e+04
736124 29.711166 29.807883 29.643466 29.682153 1.218622e+05
736125 29.788539 30.059345 29.788539 30.010988 7.621224e+04
736126 30.049674 30.107703 30.001316 30.078689 7.340748e+04
736127 29.952956 29.952956 29.740182 29.817555 1.052271e+05
736130 29.643466 29.769198 29.469377 29.701495 1.666417e+05
736131 29.759526 29.827227 29.633794 29.827227 2.144195e+05
736132 29.836899 30.040001 29.711167 29.952957 8.472325e+04
736133 30.078689 30.388180 30.069017 30.291464 6.596034e+04
736134 30.146390 30.223763 30.078689 30.107703 9.497515e+04
736137 30.629970 30.765372 30.542926 30.581613 3.670374e+05
736138 30.581612 30.629969 30.504240 30.542925 5.387083e+04
736139 30.465553 30.494569 30.223763 30.243106 5.648217e+04
736140 30.223762 30.233434 29.962629 29.962629 5.358069e+04
736141 30.020660 30.156061 30.001316 30.088361 5.416098e+04
736144 29.846571 29.981972 29.479049 29.479049 9.207367e+04
736145 29.682154 29.817555 29.585437 29.672481 3.829955e+04
736146 29.846571 29.933616 29.672481 29.778870 9.642589e+04
736147 29.788540 29.885257 29.701496 29.798212 1.167363e+05
736151 29.566093 29.827226 29.498392 29.643466 5.377412e+04
736152 29.643466 29.933615 29.304959 29.885256 8.743130e+04
736153 29.691825 29.836899 29.362991 29.411348 5.464456e+04
736154 29.720839 29.827227 29.488721 29.527408 5.280696e+04
736155 29.778869 29.991644 29.749854 29.962629 1.142216e+05
736158 30.107703 30.320479 30.107703 30.281792 7.050600e+04
736159 30.272120 30.552597 30.272120 30.484896 4.390908e+04
736160 30.475224 30.581613 30.359164 30.407524 4.526311e+04
736161 30.581614 30.717015 30.552598 30.717015 5.880335e+04
736162 30.891105 30.891105 30.678328 30.765372 4.245834e+04
736165 30.746030 30.746030 30.542925 30.571941 5.271024e+04
736166 30.629970 30.707343 30.484896 30.533254 3.559150e+04
736167 30.397851 30.523581 30.397851 30.446209 2.138392e+05
736168 30.446209 30.465553 30.088361 30.136718 2.537829e+05
736169 30.204419 30.204419 29.759525 29.807883 6.170483e+04
736172 29.701495 29.875584 29.604781 29.769198 5.715918e+04
736173 29.875585 30.214092 29.769199 30.156062 1.572603e+05
736174 30.127047 30.407524 30.107702 30.407524 3.559150e+04
736175 30.320479 30.359164 30.146390 30.320479 3.394733e+04
736176 30.388179 30.465552 30.301135 30.301135 5.599859e+04
736179 30.310807 30.310807 29.923944 30.088361 6.218841e+04
736180 30.088361 30.146390 29.836899 29.952957 5.551501e+04
736181 30.078689 30.252778 29.711167 29.749854 9.642589e+04
736182 29.633794 29.633794 29.285618 29.508064 4.642370e+04
736183 29.488721 29.556421 29.314631 29.537080 3.259331e+04
736186 29.662809 29.952956 29.662809 29.933615 1.303732e+05
736187 29.788540 29.875585 29.691826 29.798212 2.489471e+05
736188 29.624122 29.991644 29.488721 29.991644 6.209170e+04
736189 29.952957 30.010989 29.846572 29.914272 4.245834e+04
736190 29.875584 30.020660 29.875584 29.991644 7.882357e+04
736193 29.943285 30.330151 29.914271 30.330151 5.300039e+04
736194 30.262449 30.262449 30.049673 30.127046 7.021584e+04
736195 29.991644 29.991644 29.691825 29.865912 5.667560e+04
736196 29.595109 29.604781 29.092185 29.101857 3.917967e+05
736197 28.831051 28.985797 28.337799 28.366815 6.667604e+05
736200 25.784496 27.989623 25.707123 27.080491 3.730338e+05
736201 27.912249 28.096008 26.703299 26.703299 1.240867e+05
736202 27.360969 27.718817 26.983775 27.670460 8.627071e+04
736203 28.037980 28.395831 27.825205 28.366815 1.161560e+05
736204 28.260426 28.531232 28.260426 28.482875 5.493471e+04
736207 28.328128 28.424843 28.163711 28.192725 8.868861e+04
736208 27.689801 27.718817 27.177207 27.302938 1.310502e+05
736209 27.670460 27.767174 27.302938 27.767174 2.785422e+05
736210 27.863890 28.212069 27.796190 27.912250 7.998416e+04
736211 27.535055 27.602758 27.322281 27.467355 9.207367e+04
736215 27.970279 28.134696 27.854219 28.134696 1.122873e+05
736216 28.347471 28.347471 27.602759 27.612429 5.919022e+04
736217 27.612428 27.805861 27.535055 27.641444 1.308568e+05
736218 27.593087 27.641444 27.399654 27.641444 9.952080e+04
736221 27.660788 27.660788 27.399654 27.457683 4.216819e+04
736222 27.535056 27.805862 27.467356 27.728489 1.119972e+05
736223 27.796191 28.096009 27.796191 28.057324 4.158790e+04
736224 28.105680 28.434515 27.979950 28.076667 7.921044e+04
736225 27.728489 27.950936 27.564072 27.680132 1.163494e+05
736228 27.815533 27.902578 27.660788 27.728489 3.762254e+04
736229 27.399654 27.457682 27.128848 27.322281 7.640567e+04
736230 27.351297 27.351297 26.964431 27.041804 8.365938e+04
736231 26.809685 26.993447 26.587239 26.964431 7.998417e+04
736232 27.186879 27.225565 26.877388 27.022462 8.269221e+04
736235 26.867717 26.867717 26.567895 26.596911 7.746955e+04
736236 26.625927 26.722641 26.451837 26.645268 6.808809e+04
736237 26.877389 27.022463 26.703300 27.012790 7.485822e+04
736238 27.070820 27.080492 26.683956 26.877389 5.174308e+04
736239 26.558224 27.312610 26.558224 27.312610 6.615377e+04
736242 27.486699 27.854219 27.486699 27.776846 5.725590e+04
736243 27.747833 27.834878 27.670460 27.728489 3.443091e+04
736244 27.844549 28.202397 27.825205 28.037980 2.693542e+05
736245 27.979950 28.521560 27.970279 28.473203 5.116278e+04
736246 28.540903 28.647292 28.482875 28.618276 1.022289e+05
736249 28.579589 28.579589 28.444187 28.521560 7.156987e+04
736250 28.376486 28.550575 28.270099 28.289442 1.077417e+05
736251 28.279770 28.366815 28.066995 28.096009 1.581307e+05
736252 28.212070 28.560249 28.134697 28.550576 8.085461e+04
736253 28.579589 28.589260 28.376486 28.502216 1.847276e+05
736256 28.405502 28.511889 28.386158 28.502216 3.404405e+04
736257 28.502216 28.724665 28.502216 28.618276 4.091088e+04
736258 28.656962 28.695649 28.376486 28.376486 9.729634e+04
736259 28.579589 29.169558 28.579589 29.072841 9.217039e+04
736260 29.275945 29.304959 29.101856 29.256602 4.506967e+04
736263 29.275945 29.275945 29.072840 29.130872 4.855145e+04
736264 29.063168 29.063168 28.744005 28.802037 6.992570e+04
736265 28.898752 29.217915 28.898752 29.208245 8.665757e+04
736266 29.130872 29.314631 29.130872 29.237259 5.561172e+04
736267 29.188901 29.314631 29.072841 29.140542 3.162615e+04
736270 29.198573 29.498392 29.198573 29.498392 4.236163e+04
736271 29.450035 29.856243 29.440364 29.749854 6.760451e+04
736272 29.827226 29.827226 29.246930 29.440363 5.957708e+04
736273 29.430691 29.508064 29.111528 29.179229 8.114476e+04
736274 29.072841 29.217915 28.927768 29.159886 7.360091e+04
736277 29.024484 29.266274 28.753679 29.227587 4.977975e+05
736278 29.072841 29.324303 29.072841 29.285618 4.835802e+04
736279 29.421020 29.430691 29.246931 29.266274 4.091089e+04
736280 29.121201 29.275945 28.966455 28.966455 5.396755e+04
736281 28.995468 29.150213 28.792364 28.802037 2.287334e+05
736284 28.734334 29.159886 28.734334 29.159886 1.482657e+05
736285 29.208245 29.324303 29.005141 29.092185 4.390908e+04
736286 29.217915 29.537080 29.198574 29.517736 1.092891e+05
736287 29.508064 29.691825 29.488721 29.653138 7.746955e+04
736288 29.662809 29.817555 29.633794 29.720839 3.618147e+05
736291 29.701495 29.846570 29.575765 29.614452 5.957708e+04
736292 29.459705 29.701495 29.411348 29.633794 2.788323e+05
736293 29.662810 29.759526 29.633794 29.701495 7.563194e+05
736295 29.672481 29.672481 29.537080 29.604781 2.060052e+04
736298 29.624121 29.778869 29.624121 29.682153 6.035081e+04
736299 29.749854 30.010988 29.749854 30.010988 4.342550e+04
736300 30.020660 30.088362 29.633794 29.662810 5.416098e+04
736301 29.759526 29.759526 29.217915 29.382332 4.270013e+05
736302 29.304959 29.720839 29.208245 29.691825 4.474084e+05
736305 29.672481 29.720839 29.324303 29.498392 6.779794e+04
736306 29.208245 29.304959 28.966455 28.966455 6.731436e+04
736307 28.869739 29.179230 28.618277 28.744007 7.766298e+04
736308 28.802038 28.956784 28.685978 28.705321 6.209170e+04
736309 28.492544 28.521560 28.125024 28.192725 5.919022e+04
736312 28.212069 28.260426 27.805862 28.018636 1.126742e+05
736313 28.231413 28.531232 28.231413 28.357143 1.149954e+05
736314 28.540903 28.773022 28.347470 28.763350 6.547676e+04
736315 28.734335 28.734335 28.086340 28.105681 8.317580e+04
736316 27.989623 27.989623 27.670460 27.670460 1.929485e+05
736319 27.855306 27.914615 27.746573 27.894844 2.416828e+05
736320 28.023347 28.329775 28.013462 28.270466 9.617889e+04
736321 28.428623 28.735051 28.428623 28.685627 6.316373e+04
736322 28.636202 28.794358 28.636202 28.715280 1.040867e+05
736326 28.596664 28.655972 28.458278 28.586779 9.726622e+04
736327 28.754819 28.942631 28.675741 28.903091 1.984863e+05
736328 28.873436 28.922861 28.725164 28.735050 2.911067e+05
736329 28.626317 28.843783 28.576894 28.576894 2.321934e+05
736333 28.112310 28.369314 27.964038 28.369314 2.097550e+05
736334 28.428622 28.517585 28.201273 28.339659 1.268217e+05
736335 27.993693 28.161734 27.756458 27.934384 1.009236e+05
736336 27.509338 27.746573 27.400605 27.469800 1.472832e+05
736337 27.647723 27.677379 27.281987 27.301758 1.126865e+05
736340 27.380836 27.479682 26.916251 27.212795 9.558580e+04
736341 27.361066 27.558761 27.024984 27.380837 8.263675e+04
736342 27.430260 27.568645 26.688901 26.787749 9.341115e+04
736343 26.916251 27.430260 26.688901 27.242448 1.445155e+05
736344 26.560400 26.807519 26.362703 26.688901 1.191116e+05
736348 26.945905 26.945905 26.422012 26.649361 1.211874e+05
736349 26.204548 26.540630 25.660884 26.362704 2.099527e+05
736350 26.293510 26.856942 26.036506 26.599938 1.086337e+05
736351 26.945906 27.094177 26.619708 26.886598 8.085749e+04
736354 26.758095 26.837174 26.372589 26.372589 3.375652e+05
736355 26.431897 26.698786 26.412126 26.599938 5.238932e+04
736356 26.669132 26.955791 26.323164 26.412127 1.021098e+05
736357 26.619708 26.619708 26.165007 26.422012 1.927532e+05
736358 26.580168 27.153485 26.580168 27.153485 6.049484e+04
736361 26.965675 27.400604 26.827286 27.291873 7.472892e+04
736362 27.034868 27.034868 26.580167 26.679016 5.822134e+04
736363 26.866828 27.173256 26.402242 27.113947 6.840267e+04
736364 27.074406 27.766342 27.074406 27.657609 6.790843e+04
736365 27.598301 27.598301 27.193026 27.351182 5.743056e+04
736368 27.064522 27.113946 26.659246 27.044754 7.304851e+04
736369 26.659246 27.024984 26.619708 26.886598 5.357550e+04
736370 26.847057 27.163370 26.659246 26.688901 4.774348e+04
736371 26.263856 26.510975 26.066161 26.352819 8.491025e+04
736372 26.599939 26.936021 26.422013 26.936021 4.902850e+04
736376 27.212796 27.509338 27.054640 27.479683 6.474530e+04
736377 27.558761 28.092540 27.558761 28.072770 5.930867e+04
736378 28.102425 28.122195 27.894843 28.003577 1.635931e+05
736379 27.815766 28.003578 27.726803 27.983807 8.194481e+04
736382 28.319890 28.606549 28.319890 28.567009 6.029715e+04
736383 28.458277 28.458277 28.132077 28.151848 2.162789e+05
736384 27.894843 28.428622 27.707034 28.389082 3.074166e+04
736385 28.468161 28.725165 28.290237 28.725165 6.108793e+04
736386 28.952516 28.982169 28.764704 28.814128 9.222498e+04
736389 28.824014 28.903092 28.596664 28.596664 4.339418e+04
736390 28.744936 29.150212 28.705398 29.130441 5.140085e+04
736391 29.100788 29.140327 28.972284 29.120556 6.276834e+04
736392 29.120555 29.397330 29.061248 29.357792 5.070891e+04
736393 29.377560 29.634565 29.268829 29.466523 6.000060e+04
736396 29.338022 29.871799 29.338022 29.832261 6.889690e+04
736397 29.634565 29.654334 29.377559 29.397330 4.280109e+04
736398 29.515949 29.565372 29.338022 29.417100 5.189509e+04
736399 29.506063 29.634565 29.081017 29.367675 4.972043e+04
736400 29.624679 29.911339 29.624679 29.891569 5.456398e+04
736403 29.812491 29.891569 29.733413 29.822376 4.289994e+04
736404 29.604912 29.604912 29.387446 29.535717 5.812250e+04
736405 29.476409 29.871799 29.476409 29.792721 1.115003e+05
736406 29.782836 30.247422 29.753183 30.237537 2.536434e+05
736407 30.306730 30.474772 30.306730 30.415463 7.028077e+04
736410 30.366038 30.593389 30.366038 30.524194 4.487689e+04
736411 30.316614 30.632927 30.277074 30.553849 4.784233e+04
736412 30.455001 30.455001 30.227652 30.227652 5.476167e+04
736413 30.049726 30.188114 29.891570 30.148574 5.308126e+04
736417 30.227653 30.247422 30.020073 30.039841 5.061007e+04
736418 29.960762 30.336385 29.792720 30.296845 6.009945e+04
736419 30.464886 30.731775 30.415463 30.484656 4.655731e+04
736420 30.464886 30.573619 30.366038 30.395693 7.097271e+04
736421 30.247422 30.672469 30.109034 30.613158 3.973681e+04
736424 30.623043 30.840509 30.613157 30.623043 1.088314e+05
736425 30.168343 30.257307 30.069496 30.099151 1.919624e+05
736426 30.109034 30.632928 30.049726 30.632928 3.548635e+04
736427 30.474772 30.504427 29.990417 30.099151 6.405336e+04
736428 30.296846 30.445117 30.029956 30.118919 3.024742e+04
736431 30.197997 30.326500 30.000302 30.000302 3.350940e+04
736432 30.049726 30.395693 29.970647 30.346270 3.637598e+04
736433 30.553849 31.028317 30.425348 30.998665 8.164827e+04
736434 31.067858 31.235899 30.919588 31.166707 6.355912e+04
736435 31.156821 31.176592 30.969011 31.127167 1.785191e+05
736438 31.038204 31.423712 30.949240 31.403941 6.632686e+04
736439 31.532442 31.670830 31.423711 31.591750 5.061006e+04
736440 31.680713 31.987144 31.621406 31.878410 6.731534e+04
736441 31.908063 32.115646 31.908063 32.026683 9.528926e+04
736442 32.095876 32.323226 32.095876 32.323226 4.616191e+04
736445 32.204609 32.254032 32.016795 32.115646 7.255427e+04
736446 32.135413 32.293569 32.125530 32.254033 4.635961e+04
736447 32.263916 32.580229 32.194723 32.471495 9.271922e+04
736448 32.619768 32.975621 32.471494 32.530805 2.043184e+05
736449 32.372649 32.431959 31.809217 31.967373 3.775985e+04
736452 32.066220 32.283686 31.917950 32.234263 2.224075e+04
736453 32.006914 32.006914 31.631291 31.730137 1.256355e+05
736454 31.552212 31.641173 31.364401 31.463249 3.637598e+04
736455 31.591750 31.730136 31.443478 31.492904 3.093936e+04
736456 31.295208 31.423711 31.107397 31.354516 1.185185e+06
736459 31.394056 31.621406 31.394056 31.483019 8.171746e+05
736460 31.670830 31.977256 31.670830 31.957490 3.049454e+05
736461 31.888292 31.927833 31.552212 31.552212 1.087326e+05
736462 31.799330 31.799330 31.255670 31.403941 5.387204e+04
736463 31.374287 31.552213 31.206246 31.275438 2.500849e+04
736466 31.334748 31.621405 31.334748 31.542327 6.019830e+04
736467 31.473134 31.660944 31.285323 31.344631 1.300837e+05
736468 31.275437 31.740024 31.275437 31.601635 5.229048e+04
736469 31.562097 31.581867 31.176591 31.374286 1.079418e+05
736470 31.473134 31.868527 31.473134 31.749907 5.713402e+04
736473 31.888293 31.888293 31.680713 31.690600 3.953911e+04
736474 31.809217 32.273804 31.809217 32.224376 4.754578e+04
736475 32.392418 32.639537 32.392418 32.560458 3.249127e+05
736476 32.550575 32.550575 32.323226 32.412189 6.257065e+04
736477 32.392418 32.590115 32.392418 32.590115 3.904487e+04
736481 32.768043 32.866888 32.629652 32.837235 9.380655e+04
736482 32.708732 32.866888 32.481383 32.837235 1.278102e+05
736483 32.777925 32.995391 32.708731 32.995391 7.304851e+04
736484 32.866888 32.876771 32.520923 32.797695 4.596422e+04
736487 32.857005 33.064584 32.837234 33.015161 6.079139e+04
736488 32.857006 32.896542 32.718615 32.718615 7.285082e+04
736489 32.777925 32.985505 32.777925 32.965734 5.654093e+04
736490 32.866888 32.906428 32.669192 32.827348 5.159854e+04
736491 32.570345 32.619768 32.214492 32.323226 5.140085e+04
736494 32.985504 33.173317 32.827348 32.827348 8.668951e+04
736495 32.718613 32.916310 32.451728 32.599998 3.831340e+05
736496 32.629651 32.748272 32.461612 32.471495 1.361134e+05
736497 32.313339 32.520922 32.046449 32.491265 1.110061e+05
736498 32.491266 32.491266 32.273804 32.342996 3.528866e+04
736501 32.679077 32.916310 32.570345 32.599998 2.039230e+05
736502 32.649422 32.649422 32.431959 32.501152 6.148332e+04
736503 32.501151 32.738384 32.481382 32.520922 8.056094e+04
736504 32.827347 33.034927 32.758154 33.015161 1.027028e+05
736505 31.868526 32.194722 31.522556 31.571982 1.290952e+05
736508 31.245785 31.245785 30.524195 30.642813 2.128193e+05
736509 30.998666 31.206245 30.939355 31.176592 1.587495e+05
736510 31.463249 31.878410 31.433594 31.819100 8.649181e+04
736511 31.917950 32.155183 31.740024 32.145299 4.764463e+04
736512 32.145299 32.570345 32.145299 32.451729 4.161492e+04
736516 32.254033 32.254033 31.779565 31.937720 2.154882e+05
736517 31.799329 32.145299 31.651060 32.085989 9.963856e+04
736518 32.135411 32.293568 32.036566 32.155182 7.907822e+04
736519 32.372649 32.827348 32.372649 32.787808 6.583262e+04
736522 32.916311 33.015162 32.876771 32.886658 6.217526e+04
736523 33.034926 33.272163 33.034926 33.232623 9.627774e+04
736524 33.311703 33.311703 33.123889 33.272163 3.143359e+04
736525 33.509400 33.568706 33.450089 33.509400 7.364160e+04
736526 33.598364 33.598364 33.351244 33.450090 8.402062e+04
736529 33.469860 33.618129 33.440207 33.578593 3.219472e+05
736530 33.509400 33.548936 33.410549 33.469860 4.883080e+04
736531 33.568706 33.825712 33.519283 33.796056 5.693632e+04
736532 33.835595 33.914674 33.657668 33.756519 6.197756e+04
736533 33.776286 33.914676 33.687327 33.894906 7.413584e+04
736536 33.904788 33.904788 33.736749 33.825712 1.307756e+05
736537 33.776286 33.904789 33.697210 33.904789 4.220800e+04
736538 33.934446 34.023405 33.805943 33.944329 1.071510e+05
736539 33.865249 34.092603 33.805943 34.033292 6.247180e+04
736540 33.914675 33.993751 33.667556 33.964099 8.145057e+04
736543 33.993752 34.053063 33.796056 33.855366 6.029715e+04
736544 33.815825 33.815825 33.519283 33.726862 8.293329e+04
736545 33.697210 33.954212 33.657670 33.914676 3.484384e+05
736546 33.904789 33.983869 33.825712 33.934446 6.869921e+04
736547 34.102485 34.359487 34.102485 34.310064 1.015167e+05
736550 34.379258 34.468221 34.270524 34.319951 4.813887e+04
736551 34.359487 34.408914 34.240871 34.280411 2.181571e+05
736552 34.300182 34.339722 34.142025 34.191448 3.914372e+04
736553 34.310065 34.478108 34.260642 34.438568 4.537113e+04
736554 34.349604 34.369374 34.270524 34.349604 9.647543e+04
736557 34.408914 34.547301 34.359487 34.507761 1.094245e+05
736558 34.458338 34.468220 34.310064 34.310064 1.388811e+05
736559 34.329834 34.359487 34.161794 34.349604 1.043833e+05
736560 34.310064 34.399027 34.240871 34.319951 3.350940e+04
736561 34.191448 34.329835 34.122254 34.310064 6.425106e+04
736564 34.211218 34.359487 34.211218 34.339721 7.047847e+04
736565 34.468221 34.596724 34.468221 34.497878 9.291692e+04
736566 34.507760 34.576954 34.181565 34.260641 3.133475e+04
736567 34.260642 34.319951 34.072832 34.151908 4.220800e+04
736568 34.270524 34.448450 34.043175 34.221101 4.052759e+04
736571 34.201330 34.408914 34.191447 34.300181 8.649181e+04
736572 34.270523 34.399026 34.240870 34.329834 1.208908e+05
736573 34.310064 34.310064 34.043175 34.230988 4.013220e+04
736574 34.201331 34.240871 33.924559 34.112368 3.615852e+05
736575 34.221101 34.290294 34.092602 34.171678 1.569703e+05
736579 34.211219 34.221102 34.023405 34.161795 1.289964e+05
736580 34.142025 34.290294 34.132138 34.221101 9.005033e+04
736581 34.211219 34.270525 34.102485 34.161795 3.400364e+04
736582 33.954212 33.954212 33.331474 33.331474 7.977016e+04
736585 33.094237 33.805942 33.074467 33.766402 8.036325e+04
736586 33.539052 33.539052 33.183200 33.291933 7.720012e+04
736587 33.321586 33.440206 33.153547 33.183200 5.248817e+04
736588 33.094238 33.459972 32.995391 33.390780 1.323572e+05
736589 33.262281 33.282046 33.143660 33.242510 7.848514e+04
736592 33.371009 33.450090 33.133777 33.252393 4.537113e+04
736593 33.420435 33.450089 33.222740 33.262280 1.072498e+05
736594 33.311703 33.608246 33.222740 33.598363 7.680473e+04
736595 33.766403 33.885019 33.766403 33.835596 6.958884e+04
736596 33.746632 33.805942 33.667555 33.687326 3.489327e+04
736599 33.529166 33.588477 33.301817 33.301817 6.504184e+04
736600 33.321587 33.529166 33.321587 33.529166 6.830382e+04
736601 33.548936 33.657669 33.430320 33.637899 4.299878e+04
736602 33.578593 33.667556 33.242510 33.301817 4.922620e+04
736603 33.420437 33.736749 33.380896 33.667556 4.843541e+04
736606 33.519283 33.558823 33.390780 33.529166 1.003305e+05
736607 33.558824 33.628016 33.361127 33.450090 5.337780e+04
736608 33.469860 33.667555 33.469860 33.588476 8.431716e+04
736609 33.548937 33.578593 33.420436 33.529166 4.804002e+04
736610 33.558823 33.558823 33.252393 33.430320 4.794117e+04
736613 33.558823 33.647786 33.479743 33.519283 9.963856e+04
736614 33.390780 33.390780 32.916311 33.044814 5.644208e+04
736615 33.015161 33.183201 32.985504 33.034927 1.402650e+05
736616 32.758154 32.975622 32.451729 32.866888 5.149970e+04
736617 33.064584 33.104124 32.827348 32.896541 7.779320e+04
736620 32.876771 32.896542 32.698849 32.718615 5.555246e+04
736621 32.975621 33.084354 32.896541 33.025044 2.332808e+04
736622 33.064584 33.232623 33.064584 33.163430 4.121953e+04
736623 33.183201 33.450090 33.163430 33.390780 3.677138e+04
736624 33.242510 33.529166 33.193088 33.440207 5.624439e+04
736627 33.578592 33.647786 33.509400 33.548936 5.723287e+04
736628 33.440207 33.519283 33.341357 33.390780 8.856761e+04
736629 33.331474 33.529167 33.301818 33.380897 2.223087e+05
736630 33.519283 33.519283 33.232623 33.232623 4.477804e+04
736631 32.916311 33.064585 32.649422 32.777925 4.724924e+04
736634 32.847118 32.945968 32.787808 32.857005 4.784233e+04
736635 32.916310 32.936080 32.491264 32.688961 6.830382e+04
736636 32.590115 32.649422 32.441842 32.540688 6.978653e+04
736637 32.580228 32.679078 32.293568 32.352879 7.423468e+04
736638 32.362767 32.590116 32.303456 32.303456 4.912735e+04
736641 32.797694 33.163430 32.797694 33.123890 8.491025e+04
736642 33.054697 33.262280 32.876770 33.094237 7.769436e+04
736643 33.183201 34.062945 33.183201 33.973982 1.043833e+05
736644 34.191448 34.675804 34.191448 34.349604 4.610261e+05
736645 34.250758 34.389144 34.112367 34.329834 9.103881e+04
736648 34.478107 34.665917 34.339721 34.428684 1.215828e+05
736649 34.487990 34.507761 34.221101 34.507761 1.280079e+05
736650 34.339721 34.438567 34.240870 34.290294 1.012201e+05
736651 34.329835 34.576955 34.329835 34.567071 1.316652e+05
736652 34.616494 34.616494 34.448451 34.448451 1.283044e+05
736655 34.527531 34.695570 34.527531 34.646147 1.333457e+05
736656 34.725227 34.814190 34.606606 34.804303 1.355203e+05
736657 34.596723 34.824073 34.567070 34.824073 1.664597e+05
736659 34.883384 34.913038 34.794421 34.893267 9.677198e+04
736662 34.833961 34.833961 34.596724 34.606607 1.065579e+05
736663 34.675805 34.824074 34.636264 34.656034 9.202729e+04
736664 34.784534 34.853726 34.646147 34.646147 8.234020e+04
736665 34.715340 34.833960 34.695570 34.764763 1.040867e+05
736666 34.695570 34.774650 34.517644 34.557184 7.690358e+04
736669 34.735110 34.952577 34.735110 34.853726 6.978653e+04
736670 34.922924 34.952578 34.754881 34.942690 1.311710e+05
736671 34.922923 35.328199 34.794420 35.298542 1.556853e+05
736672 35.338082 35.476468 35.219466 35.387505 1.198035e+05
736673 35.446816 35.525892 35.387506 35.456699 2.259660e+05
736676 35.436928 35.476468 35.130503 35.219466 1.480740e+05
736677 35.377622 35.496238 35.308428 35.417162 1.014178e+05
736678 35.357852 35.407276 35.071193 35.120616 1.002317e+05
736679 35.170043 35.387505 35.130503 35.160156 8.095633e+04
736680 35.239237 35.239237 34.952577 35.002000 6.504184e+04
736683 35.029999 35.310001 35.009998 35.070000 9.270000e+04
736684 35.139999 35.230000 35.090000 35.200001 9.040000e+04
736685 35.180000 35.200001 35.099998 35.130001 2.677000e+05
736686 35.130001 35.130001 34.910000 35.009998 9.310000e+04
736687 35.049999 35.090000 34.990002 35.090000 5.250000e+04
736691 35.180000 35.320000 35.180000 35.189999 9.160000e+04
736692 35.259998 35.270000 34.939999 34.980000 9.840000e+04
736693 34.990002 35.080002 34.900002 34.950001 1.096000e+05
736694 34.980000 34.980000 34.730000 34.830002 1.308000e+05
736698 35.080002 35.380001 35.080002 35.320000 1.436000e+05
736699 35.389999 35.720001 35.389999 35.680000 2.216000e+05
736700 35.650002 35.680000 35.500000 35.669998 1.086000e+05
736701 35.750000 35.930000 35.650002 35.869999 1.161000e+05
736704 35.880001 35.880001 35.740002 35.810001 1.109000e+05
736705 35.840000 36.009998 35.820000 35.880001 1.316000e+05
736706 35.869999 35.950001 35.549999 35.810001 3.450000e+05
736707 35.740002 35.889999 35.590000 35.889999 1.461000e+05
736708 35.880001 36.020000 35.880001 35.959999 6.010000e+04
736712 35.860001 35.880001 35.720001 35.799999 1.013000e+05
736713 35.810001 35.880001 35.750000 35.880001 7.810000e+04
736714 36.000000 36.000000 35.750000 35.830002 9.680000e+04
736715 35.820000 35.830002 35.590000 35.700001 7.310000e+04
736718 35.680000 35.740002 35.549999 35.689999 8.960000e+04
736719 35.730000 35.939999 35.599998 35.869999 1.246000e+05
736720 36.020000 36.200001 36.000000 36.180000 1.684000e+05
736721 36.080002 36.130001 35.900002 35.910000 9.240000e+04
736722 35.939999 35.939999 35.750000 35.840000 1.044000e+05
736725 35.759998 35.759998 35.459999 35.689999 1.596000e+05
736726 35.570000 35.840000 35.540001 35.820000 8.150000e+04
736727 35.930000 36.000000 35.730000 35.910000 1.153000e+05
736728 35.959999 35.970001 35.810001 35.959999 7.960000e+04
736729 36.169998 36.259998 36.070000 36.250000 1.007000e+05
736732 36.160000 36.290001 36.139999 36.200001 6.230000e+04
736733 36.349998 36.439999 36.240002 36.279999 1.139000e+05
736734 36.200001 36.279999 36.080002 36.259998 1.068000e+05
736735 36.320000 36.529999 36.320000 36.459999 1.890000e+05
736736 36.520000 36.740002 36.520000 36.680000 2.017000e+05
736739 36.759998 36.950001 36.759998 36.840000 2.788000e+05
736740 36.869999 37.200001 36.860001 37.200001 1.344000e+05
736741 37.169998 37.500000 37.130001 37.459999 1.401000e+05
736742 37.480000 37.540001 37.299999 37.410000 2.730000e+05
736743 37.310001 37.590000 37.310001 37.590000 2.511000e+05
736747 37.669998 37.779999 37.610001 37.709999 2.083000e+05
736748 37.700001 37.770000 37.680000 37.720001 1.733000e+05
736749 37.790001 37.790001 37.599998 37.660000 2.928000e+05
736750 37.520000 37.720001 37.490002 37.720001 9.940000e+04
736753 37.689999 37.840000 37.680000 37.810001 1.129000e+05
736754 37.770000 37.799999 37.630001 37.669998 1.015000e+05
736755 38.049999 38.310001 38.049999 38.220001 1.477000e+05
736756 38.180000 38.180000 37.970001 38.000000 1.112000e+05
736757 37.970001 38.099998 37.900002 38.060001 2.321000e+05
736760 37.930000 37.970001 37.730000 37.869999 1.539000e+05
736761 37.779999 37.779999 37.630001 37.669998 1.399000e+05
736762 37.740002 37.869999 37.730000 37.750000 9.670000e+04
736763 37.770000 37.840000 37.610001 37.790001 7.310000e+04
736764 37.919998 37.959999 37.759998 37.880001 9.910000e+04
