736034 33.468673 33.737343 33.372718 33.535841 1.016525e+07
736035 34.898383 35.675609 34.629713 35.589251 1.757969e+07
736036 35.445319 35.713992 34.620120 34.879191 1.078280e+07
736039 35.071099 35.301390 34.840812 35.243817 7.750377e+06
736040 34.898382 35.167056 34.629713 35.071099 8.042652e+06
736041 34.975147 35.474107 34.869597 35.243817 9.470924e+06
736042 35.109481 35.186242 34.245896 34.648904 1.043382e+07
736043 34.687287 35.205434 34.629713 35.023123 1.344216e+07
736046 34.965550 35.176649 34.831215 34.840812 7.044541e+06
736047 34.773645 34.965550 34.543354 34.773645 7.630435e+06
736048 34.764048 34.764048 33.938845 34.015610 8.699648e+06
736049 33.862084 34.284279 33.583817 34.178729 9.768573e+06
736050 34.111562 34.418614 33.958036 34.380235 8.787254e+06
736053 34.543354 35.080696 34.514569 34.840812 8.591892e+06
736054 34.744857 34.792832 34.207518 34.245897 9.843129e+06
736055 34.274686 34.572140 33.929252 34.514570 7.653080e+06
736056 34.361044 34.735263 34.341853 34.600928 6.017548e+06
736060 34.169136 34.677689 33.996418 34.456996 6.356265e+06
736061 34.735263 34.946358 34.476187 34.485781 7.719480e+06
736062 34.620120 34.927172 34.495379 34.792833 6.335635e+06
736063 34.687287 35.234223 34.639307 35.157458 7.590327e+06
736064 35.263007 35.301390 34.504972 34.773645 9.641242e+06
736067 34.773646 35.128674 34.706474 34.831215 5.956234e+06
736068 34.984741 35.493299 34.831215 35.349366 1.182150e+07
736069 35.397342 36.040234 35.282199 35.877111 1.249567e+07
736070 36.030636 36.040234 35.579656 35.848326 8.516952e+06
736071 35.550868 35.570060 35.042314 35.263008 9.627809e+06
736074 35.809945 35.934685 35.215032 35.464510 1.276367e+07
736075 35.464510 35.829135 35.215032 35.263008 1.092040e+07
736076 35.349366 35.925087 35.147864 35.694800 9.750150e+06
736077 35.666011 36.049828 35.512485 35.867517 8.143500e+06
736078 35.934684 35.934684 35.550867 35.848326 8.293475e+06
736081 35.925088 36.116995 35.502892 35.550868 8.563106e+06
736082 35.483431 35.801364 35.281106 35.685752 7.250258e+06
736083 35.377452 36.311985 35.377452 36.119300 9.170390e+06
736084 35.955514 36.321622 35.733924 35.945881 1.003315e+07
736085 36.128934 36.254181 35.945881 36.138566 6.233060e+06
736088 36.206010 36.552845 36.157836 36.523943 7.106031e+06
736089 36.340890 36.562481 35.994053 36.080762 9.961566e+06
736090 36.157835 36.254181 35.415987 35.695385 9.183975e+06
736091 35.627945 36.244544 35.502696 36.167471 1.195116e+07
736092 36.254181 36.572114 36.157835 36.504673 9.670896e+06
736095 36.466135 37.092372 36.456502 36.851512 1.189759e+07
736096 36.610653 36.639555 36.090395 36.340891 9.335042e+06
736097 36.408331 36.543212 36.100031 36.398695 6.759579e+06
736098 36.581750 36.774435 36.446870 36.745533 7.024717e+06
736099 36.716632 36.793705 36.360161 36.466135 6.834438e+06
736102 36.504672 36.996029 36.466134 36.928588 5.839784e+06
736103 36.928588 37.429572 36.928588 37.275423 7.111041e+06
736104 37.188712 37.236888 36.793704 36.928588 6.107524e+06
736105 36.784070 36.938220 36.610652 36.649190 6.880394e+06
736106 36.649191 36.947854 36.629921 36.774435 5.312302e+06
736110 36.629921 36.755170 36.215642 36.408331 8.125638e+06
736111 36.620285 37.313962 36.485404 37.207983 7.950581e+06
736112 37.159812 37.362133 37.005662 37.313962 9.362307e+06
736113 37.227251 37.294692 36.774434 36.803340 7.571468e+06
736116 37.015294 37.304328 36.764802 37.169448 8.507834e+06
736117 37.024931 37.323598 36.870780 37.111640 5.952796e+06
736118 37.371769 37.805318 37.198351 37.583723 7.308064e+06
736119 37.217619 37.776412 37.179081 37.285060 7.431384e+06
736120 37.795681 37.959467 37.525919 37.853488 9.449498e+06
736123 38.190690 38.296669 37.564458 37.660800 7.059112e+06
736124 37.651167 37.843852 37.371769 37.699338 7.522429e+06
736125 37.863121 38.489358 37.728241 38.431550 9.197848e+06
736126 38.537529 38.710948 38.181058 38.412281 6.725762e+06
736127 38.200326 38.402648 38.065441 38.161788 5.680721e+06
736130 37.786047 38.190689 37.525919 38.084711 5.429263e+06
736131 37.949830 38.354476 37.911291 38.287036 4.412836e+06
736132 38.431549 38.498990 38.084711 38.132886 6.772489e+06
736133 38.229228 38.470087 37.882390 38.335207 7.316157e+06
736134 38.181057 38.470087 37.786047 37.930561 9.960795e+06
736137 38.402648 38.585700 38.258131 38.393011 8.359079e+06
736138 38.595336 38.768756 38.518260 38.739850 9.037340e+06
736139 38.508627 38.788021 38.094348 38.190690 7.770804e+06
736140 38.364110 38.412281 37.708971 37.786048 8.612849e+06
736141 38.026907 38.267766 37.920929 38.055809 8.021201e+06
736144 37.400672 37.766779 36.899683 36.909319 1.042373e+07
736145 37.400671 37.660799 37.150178 37.371769 1.069638e+07
736146 38.017271 38.084712 37.747509 37.920929 1.016418e+07
736147 37.824582 37.949830 37.313962 37.574090 6.552536e+06
736151 37.005662 37.497014 36.996030 37.429573 7.750379e+06
736152 37.323598 37.477749 36.273451 37.207983 1.229270e+07
736153 36.774435 36.928589 36.389061 36.408331 8.780101e+06
736154 37.082739 37.169448 36.658823 36.706994 6.961901e+06
736155 37.333231 37.429573 37.044201 37.227252 6.532497e+06
736158 37.651167 37.940197 37.525919 37.882390 6.921244e+06
736159 37.892027 38.450820 37.824583 38.258131 7.760110e+06
736160 38.489358 38.489358 38.036541 38.248498 7.369724e+06
736161 38.547161 38.624238 38.383378 38.450819 7.678410e+06
736162 38.306301 38.778388 38.219592 38.730217 7.855586e+06
736165 39.404625 39.539505 38.441187 38.576067 1.458819e+07
736166 38.258130 38.845828 38.258130 38.614605 1.134294e+07
736167 38.701311 39.134859 38.614605 39.057786 9.090907e+06
736168 38.999979 39.250474 38.354476 38.479721 9.905686e+06
736169 38.643508 38.653141 37.805318 38.152152 8.064074e+06
736172 37.824582 37.940198 37.448843 37.814950 1.151116e+07
736173 38.152151 38.267767 37.602993 37.814950 8.864691e+06
736174 37.737578 38.153446 37.640862 37.998705 9.359732e+06
736175 37.863308 38.105091 37.573164 38.008375 5.330941e+06
736176 37.989032 38.056731 37.515138 37.563494 7.106116e+06
736179 37.679549 37.689222 37.157295 37.486121 6.845473e+06
736180 37.573164 37.892320 37.466783 37.640863 6.156583e+06
736181 37.998705 38.056730 37.524807 37.718235 4.817296e+06
736182 37.756922 37.892320 37.389410 37.650536 7.324591e+06
736183 37.669880 37.892320 37.002554 37.312041 8.055745e+06
736186 37.524808 37.872977 37.524808 37.795608 5.401445e+06
736187 37.215326 37.273355 36.489975 36.673729 1.082117e+07
736188 36.335233 36.402931 35.368099 36.335233 1.352189e+07
736189 36.470631 36.702745 36.238520 36.509317 6.338791e+06
736190 36.451289 36.809130 36.373920 36.799457 4.864202e+06
736193 36.489975 36.925185 36.315890 36.886499 4.941282e+06
736194 36.818801 36.954198 36.548004 36.577017 8.505365e+06
736195 36.373920 36.538331 36.016081 36.209505 8.263292e+06
736196 35.725938 35.783967 34.981244 34.981244 1.366503e+07
736197 34.400965 34.710447 33.037305 33.085661 2.919362e+07
736200 30.580786 32.505383 29.400881 31.199749 2.381481e+07
736201 32.689137 32.689137 30.687170 30.716184 1.923640e+07
736202 31.673646 32.398997 31.074024 32.205569 2.451337e+07
736203 32.882565 33.221060 32.447353 33.172704 2.055992e+07
736204 32.988950 33.066319 32.611768 32.930920 1.275882e+07
736207 32.969606 33.820685 32.756835 33.317775 1.295283e+07
736208 32.321624 32.660123 31.731675 32.031485 1.411059e+07
736209 32.640781 32.698810 32.070171 32.679467 1.175165e+07
736210 32.737492 33.356462 32.534395 32.689136 1.128723e+07
736211 32.224912 32.437683 31.770357 32.099184 1.235427e+07
736215 32.785853 33.288759 32.727823 33.143691 1.300718e+07
736216 33.704627 33.898055 32.544070 32.640781 1.030694e+07
736217 32.524726 33.017962 32.369984 32.756836 9.373949e+06
736218 32.660123 32.892233 32.379654 32.872894 7.544517e+06
736221 32.805192 32.988950 32.524726 32.698810 8.803049e+06
736222 32.824535 33.617584 32.679467 33.443504 8.488247e+06
736223 33.472517 33.636927 33.172703 33.482186 1.019398e+07
736224 33.453173 33.752987 32.776179 32.930920 1.316966e+07
736225 32.457026 32.495709 31.760688 31.944443 1.894742e+07
736228 32.253925 32.495709 31.944443 32.244256 8.656722e+06
736229 31.692988 31.789701 31.045006 31.373833 1.294558e+07
736230 31.325476 31.702659 31.054681 31.257778 1.186161e+07
736231 30.899940 31.006325 30.348672 30.919281 1.621546e+07
736232 31.480218 31.712332 31.006324 31.132050 1.334432e+07
736235 30.832239 30.870925 29.797405 30.068204 1.493778e+07
736236 30.068204 30.242288 29.468580 29.990833 1.326512e+07
736237 30.503414 30.745198 30.251959 30.464728 1.453100e+07
736238 30.387357 30.764539 30.000504 30.464728 1.291966e+07
736239 29.400881 30.435713 29.159097 30.397029 2.207242e+07
736242 30.696840 31.412520 30.667825 31.228765 1.125328e+07
736243 31.015995 31.364163 30.890269 31.296465 8.583413e+06
736244 32.050828 32.234587 31.547918 31.847731 1.301608e+07
736245 31.992802 32.118527 31.431862 31.905760 1.103268e+07
736246 31.867074 32.166883 31.344820 31.644633 1.132611e+07
736249 31.673646 31.770358 31.460876 31.722002 6.803306e+06
736250 31.451205 32.079840 31.441532 31.538248 1.058403e+07
736251 31.509235 32.012141 31.315808 31.470549 9.552868e+06
736252 31.634959 32.573080 31.296464 32.505382 1.249586e+07
736253 32.727822 32.959936 32.398997 32.834208 1.335100e+07
736256 30.870924 31.267451 30.561441 31.257778 3.796543e+07
736257 31.151393 31.335151 30.629141 31.190079 2.273974e+07
736258 31.335150 31.344820 30.329330 30.445385 2.144707e+07
736259 30.658157 31.364164 30.590455 31.286791 1.813744e+07
736260 31.509236 31.905761 31.277121 31.547918 1.424656e+07
736263 31.557592 31.741346 31.257779 31.480219 1.059234e+07
736264 31.286790 31.306134 30.754867 31.170736 1.286521e+07
736265 31.238754 32.676805 31.199887 32.492188 1.679566e+07
736266 32.492188 32.919719 32.404738 32.589356 1.239795e+07
736267 32.492189 32.618505 31.996645 32.035512 1.319616e+07
736270 32.161824 32.764253 32.084093 32.531055 9.607641e+06
736271 32.327008 32.589356 32.142395 32.346442 1.106697e+07
736272 32.453325 32.647652 32.297860 32.453325 8.866753e+06
736273 32.579637 33.084899 32.463040 32.919719 1.184673e+07
736274 33.949673 34.600684 33.862222 34.406352 1.880660e+07
736277 34.513234 34.727000 33.852508 34.114856 1.066568e+07
736278 34.007974 34.318904 33.745626 34.241173 7.127683e+06
736279 34.377204 34.532669 33.959392 34.027407 7.293253e+06
736280 33.755345 33.784492 33.211215 33.259798 1.010853e+07
736281 33.075184 33.395829 32.822552 32.968301 8.480617e+06
736284 32.783688 33.172348 32.278426 33.084899 1.090917e+07
736285 33.463845 33.463845 32.521340 32.637938 1.054568e+07
736286 32.735102 33.337531 32.657372 33.279231 1.010153e+07
736287 33.308380 33.463845 32.987736 33.201497 8.694187e+06
736288 33.356966 33.551294 32.822552 32.948868 8.379662e+06
736291 32.958583 33.172348 32.618505 32.686520 7.737300e+06
736292 32.327008 32.822552 32.239559 32.637938 7.729041e+06
736293 32.667087 32.793403 32.492188 32.657372 6.033986e+06
736295 32.676804 32.958582 32.531055 32.822551 2.929155e+06
736298 32.851703 33.551294 32.744821 33.327813 1.692266e+07
736299 33.619309 34.348052 33.619309 34.270321 1.806717e+07
736300 34.357771 34.396639 33.735911 33.901091 1.068482e+07
736301 34.056555 34.221738 33.318098 33.473563 1.459544e+07
736302 33.677610 34.571536 33.434696 34.318903 1.283111e+07
736305 34.280037 34.309189 33.444411 33.697044 8.151420e+06
736306 33.259799 33.376395 32.880853 33.094618 1.031258e+07
736307 32.841984 33.337531 32.152109 32.424172 1.283675e+07
736308 32.550489 32.939154 32.336724 32.472755 1.036485e+07
736309 31.880047 32.113243 31.024989 31.170739 1.567573e+07
736312 31.219321 31.598266 30.500293 30.976405 1.456523e+07
736313 31.714864 32.142395 31.637133 31.909196 1.332024e+07
736314 32.229840 32.812836 31.753731 32.657372 1.329508e+07
736315 32.871138 32.890567 31.442802 31.462235 1.550744e+07
736316 31.219320 31.335918 30.364262 30.403129 1.878377e+07
736319 30.723776 30.898672 30.305963 30.782074 1.061058e+07
736320 31.054137 31.462235 30.714060 31.306770 1.114334e+07
736321 31.549685 31.802314 31.365068 31.675997 6.614162e+06
736322 31.646848 31.782879 31.520532 31.559399 2.718889e+06
736326 31.442802 31.442802 31.044423 31.258184 5.266669e+06
736327 31.520532 31.773164 31.413653 31.627414 6.207135e+06
736328 31.578832 31.724583 31.287336 31.316485 4.913861e+06
736329 31.005556 31.384501 30.869524 30.908389 7.723114e+06
736333 29.829851 30.626608 29.693817 30.587742 1.530281e+07
736334 30.587742 30.801508 30.053331 30.393412 9.571301e+06
736335 29.761834 29.907585 29.392606 29.635520 1.268731e+07
736336 29.033092 29.217707 27.964272 28.158602 1.762410e+07
736337 28.576414 28.654147 27.497874 27.575607 1.486207e+07
736340 27.643625 27.789373 27.021763 27.653340 1.886451e+07
736341 27.925405 28.061436 27.206379 27.653340 1.558712e+07
736342 27.915689 27.983704 25.748895 26.127840 2.887947e+07
736343 26.225005 26.545652 25.486546 26.380470 2.313951e+07
736344 25.292217 25.661446 24.786955 25.233916 2.829007e+07
736348 26.069541 26.361037 25.029869 25.515697 2.797224e+07
736349 24.971570 25.039585 23.970763 24.524607 2.520564e+07
736350 24.573191 24.864687 23.990197 24.077646 2.150305e+07
736351 24.544040 25.243633 24.466308 24.884121 2.186071e+07
736354 24.738370 24.786954 24.233111 24.271976 1.957363e+07
736355 24.330277 24.932703 24.320560 24.767521 1.298415e+07
736356 24.679555 25.568996 24.484072 24.796845 1.934906e+07
736357 25.090066 25.256225 24.376559 24.601362 1.565378e+07
736358 24.777296 25.305095 24.552493 25.295321 1.834253e+07
736361 25.197583 25.344193 24.845715 25.129162 1.092537e+07
736362 24.787071 24.787071 23.838983 23.946499 1.791276e+07
736363 23.878080 23.966047 22.763836 23.770565 2.456510e+07
736364 23.604406 24.630686 23.575085 24.444977 1.710220e+07
736365 24.523170 24.845715 23.633729 23.799888 1.574223e+07
736368 23.223217 23.301409 21.815749 22.157842 2.371065e+07
736369 21.395463 22.763836 21.268401 22.411968 2.506270e+07
736370 22.851801 23.242766 22.128519 22.187165 2.107702e+07
736371 21.180433 21.630040 20.681955 21.199982 2.850161e+07
736372 21.415011 22.675869 21.366142 22.568353 2.228705e+07
736376 23.526214 23.594631 22.685642 23.184120 2.010089e+07
736377 23.672823 24.112658 23.575084 23.682598 1.879214e+07
736378 23.809662 23.985596 23.242765 23.418697 1.712536e+07
736379 23.242766 23.643504 23.105927 23.457795 1.269282e+07
736382 23.848758 24.181077 23.780339 23.985596 1.190679e+07
736383 23.897629 23.936724 23.145024 23.174345 1.439605e+07
736384 22.636772 23.174345 22.167616 23.174345 1.981343e+07
736385 23.262312 24.122432 23.232991 24.073561 1.717169e+07
736386 24.435203 25.090066 24.220174 24.591588 1.882293e+07
736389 24.444977 24.581814 24.112658 24.141981 1.300099e+07
736390 24.523170 25.529901 24.493847 25.500578 1.680849e+07
736391 25.412610 25.696059 25.246451 25.520126 1.575513e+07
736392 25.510352 25.598319 25.226902 25.549447 1.125525e+07
736393 25.666737 25.901315 25.324644 25.539673 1.332149e+07
736396 25.256226 25.735156 25.119390 25.500578 9.613102e+06
736397 25.119390 25.275775 24.376559 24.444977 2.122451e+07
736398 24.630685 24.689328 23.887855 24.054014 2.301043e+07
736399 24.347236 24.581814 23.897629 24.093110 1.966281e+07
736400 24.581814 25.500578 24.542719 25.412611 2.390476e+07
736403 25.246451 25.481029 25.080292 25.324644 1.720561e+07
736404 25.050970 25.109616 24.552493 24.855489 1.554128e+07
736405 24.728424 25.207356 24.151753 24.591588 1.743804e+07
736406 24.444977 25.441934 24.024692 25.266000 2.025082e+07
736407 25.461480 25.950184 25.393063 25.686286 2.348907e+07
736410 25.578770 26.008830 25.275774 25.353967 9.826861e+06
736411 25.031423 25.432159 24.875038 25.256226 1.331611e+07
736412 25.246452 25.285549 24.630685 24.699103 1.019495e+07
736413 24.376560 24.376560 23.741245 24.366785 1.542145e+07
736417 24.415655 24.503622 24.122433 24.161528 9.324669e+06
736418 24.005142 24.249494 23.575085 24.220174 1.361256e+07
736419 24.396105 24.855488 24.200624 24.503621 1.124254e+07
736420 24.347236 24.963004 24.327687 24.444977 1.514201e+07
736421 24.327687 25.099840 24.063789 24.953230 1.513497e+07
736424 24.914133 24.933681 24.347236 24.474300 1.115056e+07
736425 24.073561 24.141982 23.692373 23.829209 1.256947e+07
736426 23.790113 24.171303 23.721695 23.868306 1.464353e+07
736427 23.682599 23.760791 22.978865 23.184120 1.675805e+07
736428 23.467569 23.633728 23.125476 23.213443 9.774668e+06
736431 23.360053 23.887855 23.330732 23.565310 1.183407e+07
736432 23.672823 24.288591 23.633728 24.024691 1.461010e+07
736433 24.464526 25.295321 24.415655 25.295321 1.783868e+07
736434 25.158485 25.666737 25.080292 25.578770 1.825642e+07
736435 25.715606 25.774253 25.129162 25.178033 1.456328e+07
736438 25.588544 25.608093 24.953229 25.148710 2.890694e+07
736439 25.275775 25.891541 25.217129 25.862218 2.248674e+07
736440 25.881766 26.859175 25.823122 26.790756 2.427520e+07
736441 26.732112 27.250137 26.536630 26.644145 1.620474e+07
736442 26.702789 27.191493 26.673468 27.074205 1.865295e+07
736445 26.908046 27.083978 26.614823 26.908046 1.148337e+07
736446 26.888498 27.044883 26.712564 26.927593 1.346849e+07
736447 26.858800 27.350180 26.721215 27.055353 1.226650e+07
736448 26.760524 27.340352 26.613110 26.760524 1.090528e+07
736449 26.544318 26.770353 26.396905 26.593455 1.521055e+07
736452 26.632766 27.045524 26.377248 26.790007 1.472910e+07
736453 26.416558 26.446042 25.885870 26.426386 1.642839e+07
736454 26.043110 26.161042 25.600867 25.826904 1.488339e+07
736455 25.807248 26.043110 25.551731 25.718800 1.170377e+07
736456 25.541904 25.895697 25.453455 25.797421 1.179527e+07
736459 25.787593 26.043111 25.591042 25.650007 1.054933e+07
736460 25.954662 26.328111 25.826904 26.170868 1.100690e+07
736461 26.131559 26.524662 25.895696 25.905525 9.424559e+06
736462 26.102074 26.269144 25.522247 25.777765 9.668677e+06
736463 25.738457 26.190525 25.443627 25.443627 1.314813e+07
736466 25.414145 25.964489 25.404317 25.758109 9.713490e+06
736467 25.630351 26.102075 25.502594 25.708972 1.422455e+07
736468 25.738456 26.819491 25.728628 26.770352 1.997939e+07
736469 26.603282 26.878455 25.984145 26.151214 1.128905e+07
736470 26.387077 26.701560 26.210180 26.308456 1.406623e+07
736473 26.259317 26.475525 26.141386 26.367421 8.759428e+06
736474 26.573801 27.183111 26.495179 26.937421 1.771531e+07
736475 27.133973 27.802249 27.124144 27.301042 1.558331e+07
736476 27.428801 27.428801 26.878456 26.947249 9.906308e+06
736477 26.976732 27.163455 26.839144 27.055353 9.705628e+06
736481 27.163454 27.389490 26.770351 26.898111 1.250403e+07
736482 26.642594 27.094662 26.210179 27.016041 1.098233e+07
736483 26.986558 27.075006 26.750696 26.809663 7.938137e+06
736484 26.141387 26.190524 25.561559 26.082422 1.431152e+07
736487 26.161042 26.544317 26.092247 26.387076 9.998785e+06
736488 26.446042 26.475526 26.043111 26.062766 9.777567e+06
736489 26.003799 26.357594 25.944835 26.082422 1.013372e+07
736490 25.817076 25.856386 25.502594 25.630352 9.722434e+06
736491 25.197937 25.404317 25.001387 25.099663 1.321791e+07
736494 24.873627 25.286387 24.804835 24.824490 1.260320e+07
736495 24.657421 24.981731 23.998972 24.175869 1.554027e+07
736496 24.411731 24.736041 24.146386 24.293799 1.709313e+07
736497 24.028455 24.677076 23.812248 24.637765 1.602821e+07
736498 24.667249 25.050525 24.618110 24.873627 1.896322e+07
736501 25.433799 25.846558 25.404317 25.453455 1.712595e+07
736502 25.610695 25.846557 25.355177 25.748283 1.214405e+07
736503 25.777766 26.220007 25.689316 25.935006 1.429216e+07
736504 26.465697 26.819491 26.337937 26.819491 1.771639e+07
736505 24.637765 25.089835 24.087420 24.097248 4.846171e+07
736508 23.635350 23.694317 22.711559 23.202938 2.499549e+07
736509 23.841730 24.205350 23.468281 24.185697 1.945106e+07
736510 24.510007 24.814661 24.215177 24.795006 1.352355e+07
736511 24.903109 25.551730 24.745868 25.532075 1.939602e+07
736512 25.325696 25.944834 25.315869 25.473110 8.710585e+06
736516 25.060351 25.129145 24.401903 24.568972 1.308769e+07
736517 24.303626 24.795006 24.146385 24.716385 1.392078e+07
736518 24.834316 25.473110 24.824489 25.247076 1.319717e+07
736519 25.718799 25.974317 25.581214 25.915352 1.389778e+07
736522 26.229836 26.455869 25.935006 26.003799 1.298519e+07
736523 26.357593 26.966904 26.328111 26.898111 1.524937e+07
736524 26.976732 27.006214 26.475525 26.691731 1.268928e+07
736525 27.320696 27.595870 27.183111 27.517249 1.517046e+07
736526 27.762938 27.792422 27.212594 27.527076 1.820050e+07
736529 27.576213 27.743283 27.379663 27.723627 1.384108e+07
736530 27.468111 27.910351 27.291213 27.703973 2.114032e+07
736531 28.637592 28.637592 27.703973 28.283801 2.811290e+07
736532 28.224834 28.578628 28.136386 28.372250 1.996249e+07
736533 28.273973 28.568801 28.234663 28.421387 1.277262e+07
736536 28.323111 28.637593 28.293629 28.627765 1.043975e+07
736537 28.519663 28.775181 28.372250 28.726042 1.476055e+07
736538 28.726042 29.062482 28.627088 28.716146 1.352905e+07
736539 28.597402 28.726042 28.359915 28.557822 1.140769e+07
736540 28.468763 28.706250 28.290648 28.429182 1.038858e+07
736543 28.538030 28.617192 28.072952 28.201590 1.028715e+07
736544 28.092742 28.260962 27.499026 27.706826 1.673839e+07
736545 27.677139 28.211486 27.657350 28.122428 1.045141e+07
736546 27.973999 28.102638 27.696930 27.983895 1.203555e+07
736547 28.300544 28.874471 28.290649 28.706251 1.175749e+07
736550 28.716146 29.111958 28.696355 28.815100 8.924171e+06
736551 28.844784 29.181224 28.844784 29.032795 1.089729e+07
736552 29.082270 29.161433 28.745830 28.805204 8.100981e+06
736553 28.884367 29.141645 28.726043 29.072376 8.649576e+06
736554 28.844784 28.894262 28.557822 28.864575 9.646923e+06
736557 29.062482 29.487978 29.003109 29.349445 9.312462e+06
736558 29.675989 30.052012 29.557247 29.933267 2.192985e+07
736559 29.953057 30.150962 29.804629 30.052011 1.219793e+07
736560 29.953058 30.418137 29.883792 30.230125 1.322942e+07
736561 30.081697 30.398345 29.943162 30.230125 8.739426e+06
736564 30.121279 30.378557 30.071801 30.279603 6.544649e+06
736565 30.477507 30.645727 30.348870 30.398345 7.824902e+06
736566 30.497298 30.833738 30.398344 30.586356 1.232311e+07
736567 30.586357 30.734786 30.447823 30.645728 7.756625e+06
736568 30.794159 31.249341 30.606147 30.833739 1.058143e+07
736571 30.883214 31.269132 30.823843 31.081121 9.071808e+06
736572 31.081121 31.852953 31.081121 31.852953 1.360168e+07
736573 31.793584 31.971699 31.387875 31.724317 1.539827e+07
736574 31.803477 32.031069 31.110808 31.575886 1.186100e+07
736575 31.625362 31.872744 31.338399 31.556095 1.215954e+07
736579 31.625361 31.882641 31.219654 31.417561 1.404281e+07
736580 31.348294 31.605572 31.249341 31.358190 1.073145e+07
736581 31.368086 31.872744 31.279028 31.704526 1.256317e+07
736582 31.645154 31.932117 31.259237 31.259237 1.632120e+07
736585 30.992063 31.981592 30.813947 31.902432 1.374268e+07
736586 31.358191 31.664944 30.942587 31.130597 1.380799e+07
736587 31.160284 31.476932 30.982168 31.229550 1.156522e+07
736588 31.219654 31.803477 31.170179 31.615468 9.843740e+06
736589 31.338399 31.467037 31.051435 31.259237 1.460170e+07
736592 31.387875 31.763895 31.189970 31.269132 7.724762e+06
736593 31.506619 31.664944 31.318609 31.368086 8.756347e+06
736594 31.506619 31.724316 31.170179 31.585781 9.968124e+06
736595 31.793583 32.100335 31.645152 31.902432 8.099596e+06
736596 31.783686 31.912326 31.338399 31.575886 9.302171e+06
736599 31.199866 31.239446 30.635832 30.705101 1.011072e+07
736600 30.497299 31.160284 30.299394 31.021750 9.651376e+06
736601 31.110808 31.467037 30.992064 31.437352 7.347355e+06
736602 31.437352 31.773793 30.418136 30.714996 1.239851e+07
736603 30.942588 31.981594 30.675415 31.724317 1.609935e+07
736606 31.684734 31.813375 31.140492 31.615468 1.021620e+07
736607 31.734211 32.060758 31.476932 31.704526 9.425664e+06
736608 31.833163 32.387301 31.763895 32.219082 1.104087e+07
736609 32.139919 32.308141 31.862851 32.050860 1.122839e+07
736610 32.001384 32.179499 31.615468 31.971699 1.128667e+07
736613 32.278452 32.367509 32.070652 32.219082 6.539998e+06
736614 32.149815 32.416984 31.615468 31.843059 6.756211e+06
736615 31.843059 32.040966 31.546199 31.575886 6.672694e+06
736616 31.160283 32.654472 30.635831 31.397770 1.374803e+07
736617 31.902432 32.446672 31.556094 31.734210 1.359030e+07
736620 31.714419 31.833161 31.279028 31.457143 1.000840e+07
736621 31.912326 32.169602 31.704526 31.981593 1.295452e+07
736622 32.496148 32.654473 31.843059 32.585206 1.832876e+07
736623 32.496148 32.842483 32.238873 32.555522 1.053918e+07
736624 32.258659 33.169028 32.199290 33.089865 1.376465e+07
736627 33.218505 33.327353 32.990913 33.030495 9.124748e+06
736628 33.040389 33.238296 32.852381 33.000807 7.829355e+06
736629 32.802905 33.297670 32.713846 33.238296 9.017582e+06
736630 33.666343 33.855478 33.427435 33.666343 1.255112e+07
736631 33.536934 33.875389 33.019295 33.367707 1.013723e+07
736634 33.556842 33.726072 33.337844 33.417479 8.647731e+06
736635 33.526979 33.676300 32.760478 33.208434 8.947861e+06
736636 32.969523 33.019295 32.581296 32.770431 8.859962e+06
736637 32.919752 33.079025 32.621115 32.660934 8.135370e+06
736638 32.670886 33.059113 32.412069 32.631067 7.861917e+06
736641 33.417480 33.845526 33.417480 33.845526 1.127653e+07
736642 33.656391 34.124253 33.387617 33.945070 7.325665e+06
736643 34.542347 36.742305 34.313392 36.354077 2.818237e+07
736644 36.553169 38.763081 36.553169 37.847262 3.841149e+07
736645 37.200214 38.573945 37.170351 38.315128 2.273115e+07
736648 38.703355 39.698812 38.603808 39.171217 2.550260e+07
736649 38.633673 39.848128 38.235489 39.818265 1.852346e+07
736650 38.832761 39.300627 38.782989 39.011944 1.815205e+07
736651 38.842718 39.788403 38.544082 39.788403 1.261930e+07
736652 39.818266 40.485220 39.708764 40.246312 1.633873e+07
736655 40.256266 40.614631 39.927768 40.375723 1.007631e+07
736656 40.375722 40.584767 39.788403 40.355813 1.228503e+07
736657 40.315993 40.992904 40.037267 40.853541 9.796289e+06
736659 40.913266 41.012815 40.604677 40.913266 4.009202e+06
736662 40.445404 40.813722 40.166673 40.256265 1.007760e+07
736663 40.256266 40.734084 40.106949 40.415538 8.563814e+06
736664 40.833631 41.450813 40.823674 41.172087 1.465969e+07
736665 41.570267 42.346727 41.391089 41.968452 1.399005e+07
736666 41.898770 41.898770 40.953085 41.639953 1.123711e+07
736669 42.107815 42.655315 41.620043 41.898770 1.220848e+07
736670 42.296955 42.545819 41.779316 42.316860 1.171603e+07
736671 42.306907 42.595590 42.097862 42.446270 1.613974e+07
736672 42.705091 43.521365 42.505999 43.382002 1.490487e+07
736673 43.292410 43.839911 43.033590 43.531318 1.206006e+07
736676 43.302363 43.710501 42.466180 42.784726 1.199724e+07
736677 42.924090 43.103272 41.968452 42.366636 1.659914e+07
736678 42.077952 43.451684 41.928632 42.665272 1.506773e+07
736679 43.172953 43.312316 42.695134 42.814588 1.565425e+07
736680 42.924089 43.352136 42.416408 42.515952 1.899023e+07
736683 42.466180 42.665273 41.948542 42.635410 1.260597e+07
736684 42.934046 43.382003 42.934046 43.302364 8.608112e+06
736685 43.441726 43.461636 43.083362 43.172953 6.828136e+06
736686 43.103271 43.192862 42.565723 42.595590 8.163043e+06
736687 42.665273 42.874318 42.555771 42.864364 6.687577e+06
736691 43.073408 43.073408 42.754863 42.924089 5.900071e+06
736692 43.053500 43.093319 42.376589 42.426361 4.832444e+06
736693 42.456227 42.575680 41.540405 41.958499 7.147578e+06
736694 41.978404 42.356679 41.689725 42.058043 6.911953e+06
736698 42.894226 43.431774 42.257135 42.854407 8.279113e+06
736699 43.103271 43.620909 42.844454 43.421817 7.712201e+06
736700 43.332227 43.431774 41.998315 43.023637 9.838297e+06
736701 43.362093 43.929503 42.983818 43.650772 9.111216e+06
736704 43.292411 43.342183 42.486089 42.515952 1.105355e+07
736705 42.784726 43.322273 42.555771 42.864364 9.033072e+06
736706 42.934045 43.471589 42.585634 43.471589 8.737222e+06
736707 43.401907 43.511409 42.645362 43.431774 8.556547e+06
736708 43.820002 44.397365 43.302364 43.610957 1.284587e+07
736712 43.581090 43.640819 41.580223 41.958499 2.174117e+07
736713 42.097862 42.953955 41.789269 42.665272 1.583463e+07
736714 42.376589 42.804635 41.759407 42.257135 1.497177e+07
736715 42.286998 42.675225 42.157586 42.396498 1.073062e+07
736718 42.008272 42.386546 41.590178 41.769360 1.228861e+07
736719 41.888817 42.934046 41.839041 42.535862 1.210893e+07
736720 43.003728 43.700548 42.764816 43.660729 1.389757e+07
736721 43.740364 44.218183 43.551229 43.820002 1.058061e+07
736722 43.750000 43.950001 43.560001 43.650002 7.635600e+06
736725 43.240002 43.290001 42.470001 43.119999 7.216200e+06
736726 43.080002 43.369999 42.320000 42.490002 1.081100e+07
736727 43.299999 43.400002 42.549999 42.700001 9.731300e+06
736728 42.189999 42.509998 41.830002 42.130001 1.148100e+07
736729 43.099998 44.599998 42.919998 44.430000 1.669220e+07
736732 44.259998 45.029999 44.139999 44.630001 1.257710e+07
736733 44.880001 45.029999 44.619999 44.869999 1.005570e+07
736734 44.580002 44.590000 43.619999 43.910000 1.058650e+07
736735 44.349998 45.029999 43.889999 44.849998 1.316670e+07
736736 45.130001 45.150002 44.340000 44.700001 8.909400e+06
736739 45.000000 45.599998 44.939999 45.259998 1.325630e+07
736740 45.189999 46.259998 45.099998 46.040001 1.295870e+07
736741 46.380001 46.750000 46.000000 46.490002 1.011510e+07
736742 46.419998 46.500000 45.799999 46.110001 1.075250e+07
736743 45.549999 46.169998 45.400002 46.150002 8.277800e+06
736747 46.270000 46.700001 46.270000 46.560001 7.202500e+06
736748 46.209999 46.820000 46.139999 46.520000 7.590700e+06
736749 46.580002 46.590000 46.200001 46.580002 1.187710e+07
736750 45.889999 45.950001 45.240002 45.529999 1.182150e+07
736753 45.520000 46.029999 45.459999 45.840000 7.622000e+06
736754 45.599998 45.830002 45.130001 45.669998 1.373990e+07
736755 46.950001 47.169998 46.610001 46.810001 1.431330e+07
736756 47.080002 47.090000 46.040001 46.279999 8.460100e+06
736757 46.270000 47.060001 46.220001 46.830002 1.140430e+07
736760 46.529999 46.639999 45.980000 46.570000 9.329000e+06
736761 46.650002 46.790001 46.209999 46.330002 9.046100e+06
736762 46.970001 47.330002 46.340000 46.389999 1.141690e+07
736763 46.599998 47.119999 46.540001 46.680000 1.111590e+07
736764 47.040001 47.090000 46.209999 46.490002 8.525000e+06
