736034 12.750000 13.500000 12.250000 12.750000 6.250000e+04
736035 12.750000 13.000000 12.250000 12.750000 6.250000e+04
736036 13.000000 13.000000 12.250000 12.750000 1.875000e+05
736039 12.500000 13.750000 12.500000 13.250000 6.875000e+05
736040 14.500000 16.250000 14.000000 15.750000 1.562500e+06
736041 16.750000 16.750000 15.000000 15.500000 5.000000e+05
736042 15.500000 16.500000 15.000000 15.750000 6.250000e+05
736043 15.250000 16.250000 15.250000 15.250000 1.875000e+05
736046 15.250000 16.500000 15.250000 16.500000 3.125000e+05
736047 16.250000 18.750000 16.250000 18.000000 9.375000e+05
736048 18.000000 18.750000 17.500000 17.750000 5.000000e+05
736049 18.250000 18.250000 16.750000 17.750000 2.500000e+05
736050 17.250000 17.750000 16.250000 16.750000 3.125000e+05
736053 17.000000 17.750000 16.500000 17.750000 2.500000e+05
736054 17.000000 18.250000 17.000000 17.250000 1.250000e+05
736055 17.750000 19.250000 17.000000 18.250000 5.000000e+05
736056 20.000000 23.000000 19.000000 21.750000 1.375000e+06
736060 20.250000 24.250000 20.250000 20.750000 7.500000e+05
736061 21.750000 21.750000 20.250000 21.500000 1.875000e+05
736062 20.500000 21.750000 20.500000 21.500000 1.250000e+05
736063 21.750000 22.000000 21.250000 22.000000 6.250000e+04
736064 21.750000 22.250000 21.250000 21.500000 2.500000e+05
736067 22.499999 22.749999 21.249999 22.749999 6.250000e+04
736068 22.749999 22.749999 19.999999 22.499999 2.500000e+05
736069 21.500000 22.000000 20.500000 20.750000 1.250000e+05
736070 20.500000 21.000000 19.500000 20.750000 2.500000e+05
736071 20.000000 21.750000 19.750000 21.000000 1.250000e+05
736074 22.250000 22.250000 20.500000 21.750000 1.250000e+05
736075 19.500000 19.750000 15.000000 16.750000 2.187500e+06
736076 16.750000 17.000000 15.500000 16.500000 7.500000e+05
736077 16.500000 16.750000 15.750000 15.750000 4.375000e+05
736078 16.250000 16.500000 15.500000 15.750000 1.875000e+05
736081 15.500000 16.500000 15.500000 16.250000 2.500000e+05
736082 16.250000 16.250000 15.750000 15.750000 3.750000e+05
736083 15.750000 16.500000 15.750000 16.000000 4.375000e+05
736084 16.750000 17.000000 15.750000 15.750000 3.125000e+05
736085 16.250000 16.250000 15.750000 16.250000 1.875000e+05
736088 15.750000 16.250000 15.000000 15.750000 4.375000e+05
736089 15.250000 15.500000 15.000000 15.500000 1.250000e+05
736090 15.500000 16.750000 14.000000 15.500000 1.375000e+06
736091 16.000000 16.000000 13.750000 14.250000 5.625000e+05
736092 15.500000 15.500000 12.750000 14.000000 3.750000e+05
736095 14.000000 15.250000 13.250000 14.500000 1.875000e+05
736096 15.000000 15.000000 13.750000 14.000000 6.250000e+04
736097 14.000000 14.750000 14.000000 14.000000 6.250000e+04
736098 15.750000 15.750000 14.500000 15.000000 6.875000e+05
736099 15.500000 16.000000 15.250000 15.500000 2.500000e+05
736102 16.000000 16.000000 15.500000 15.750000 1.250000e+05
736103 16.000000 16.000000 15.000000 15.250000 1.250000e+05
736104 15.250000 16.000000 15.250000 16.000000 2.500000e+05
736105 16.000000 17.250000 15.500000 17.250000 2.500000e+05
736106 17.250000 18.000000 15.750000 17.500000 3.750000e+05
736110 18.000000 18.000000 16.250000 17.500000 1.875000e+05
736111 17.250000 19.000000 17.000000 18.500000 1.000000e+06
736112 19.000000 19.750000 18.500000 19.500000 6.250000e+05
736113 19.500000 20.000000 19.250000 19.500000 3.125000e+05
736116 19.500000 21.250000 19.500000 21.250000 5.000000e+05
736117 21.500000 21.500000 19.750000 20.250000 6.250000e+05
736118 21.000000 22.000000 20.250000 20.750000 1.875000e+05
736119 23.750000 26.250000 21.500000 22.250000 4.875000e+06
736120 22.500000 23.000000 20.250000 21.750000 6.875000e+05
736123 22.750000 22.750000 20.750000 22.000000 3.125000e+05
736124 22.500000 22.500000 21.000000 21.500000 3.125000e+05
736125 21.250000 21.250000 18.750000 19.750000 6.250000e+05
736126 20.500000 20.500000 18.000000 20.250000 2.500000e+05
736127 19.500000 20.000000 18.750000 19.750000 1.250000e+05
736130 19.750000 19.750000 18.250000 18.250000 2.500000e+05
736131 18.500000 18.750000 16.250000 16.250000 5.625000e+05
736132 17.500000 18.750000 16.500000 18.000000 2.500000e+05
736133 18.000000 18.500000 18.000000 18.000000 1.250000e+05
736134 18.000000 18.250000 16.750000 16.750000 1.875000e+05
736137 16.750000 18.000000 16.750000 17.000000 1.250000e+05
736138 17.000000 17.500000 16.250000 16.500000 2.500000e+05
736139 16.750000 17.000000 16.250000 16.750000 1.875000e+05
736140 16.750000 17.750000 16.250000 17.500000 3.125000e+05
736141 17.250000 17.250000 16.250000 16.500000 3.125000e+05
736144 16.250000 16.500000 15.750000 16.000000 1.875000e+05
736145 16.000000 16.000000 15.500000 15.500000 6.250000e+04
736146 15.500000 16.250000 15.500000 15.750000 0.000000e+00
736147 15.750000 16.500000 15.500000 16.250000 6.250000e+04
736151 16.250000 16.750000 15.250000 16.000000 1.875000e+05
736152 15.750000 15.750000 13.750000 14.500000 5.625000e+05
736153 14.750000 15.500000 14.250000 14.250000 6.250000e+04
736154 14.750000 15.750000 14.500000 15.250000 1.250000e+05
736155 15.250000 15.500000 14.500000 15.500000 6.250000e+04
736158 14.500000 15.500000 14.500000 15.500000 6.250000e+04
736159 15.500000 15.500000 14.750000 15.500000 6.250000e+04
736160 15.250000 16.000000 14.750000 15.500000 1.250000e+05
736161 15.500000 15.500000 14.750000 15.500000 6.250000e+04
736162 15.500000 16.500000 15.000000 16.500000 1.250000e+05
736165 16.500000 17.000000 14.750000 15.000000 1.875000e+05
736166 14.250000 16.000000 14.250000 15.750000 6.250000e+04
736167 15.750000 16.750000 15.250000 16.250000 6.250000e+04
736168 16.250000 16.250000 15.250000 16.250000 6.250000e+04
736169 16.250000 16.250000 15.000000 15.000000 6.250000e+04
736172 15.250000 15.250000 14.250000 14.750000 1.250000e+05
736173 15.000000 15.500000 14.750000 15.000000 6.250000e+04
736174 14.750000 15.000000 14.500000 14.750000 6.250000e+04
736175 14.500000 15.000000 14.500000 14.750000 6.250000e+04
736176 15.000000 15.000000 14.500000 14.500000 0.000000e+00
736179 14.500000 14.750000 14.250000 14.750000 1.250000e+05
736180 14.500000 15.000000 14.250000 14.250000 0.000000e+00
736181 15.000000 15.000000 14.250000 14.500000 0.000000e+00
736182 14.250000 15.000000 14.250000 14.250000 6.250000e+04
736183 14.250000 14.500000 14.000000 14.000000 0.000000e+00
736186 14.000000 14.750000 13.750000 14.000000 1.250000e+05
736187 14.250000 14.750000 13.750000 14.500000 1.250000e+05
736188 14.500000 14.750000 14.250000 14.500000 6.250000e+04
736189 14.500000 14.750000 14.250000 14.750000 6.250000e+04
736190 14.750000 15.000000 13.750000 14.000000 2.500000e+05
736193 14.000000 14.000000 12.500000 12.500000 3.750000e+05
736194 12.750000 13.250000 12.500000 13.250000 6.250000e+04
736195 13.250000 13.500000 12.250000 12.250000 1.875000e+05
736196 12.000000 12.250000 8.500000 10.250000 5.000000e+05
736197 10.000000 10.500000 9.500000 10.000000 6.875000e+05
736200 10.000000 10.750000 9.500000 9.750000 9.375000e+05
736201 10.000000 10.000000 5.500000 10.000000 8.750000e+05
736202 10.000000 10.250000 9.000000 10.000000 6.250000e+04
736203 10.250000 10.250000 7.750000 9.750000 1.875000e+05
736204 10.250000 10.500000 9.000000 9.000000 1.875000e+05
736207 9.250000 9.500000 9.250000 9.500000 6.250000e+04
736208 9.250000 10.500000 9.250000 10.250000 1.875000e+05
736209 10.000000 10.500000 9.500000 9.500000 1.250000e+05
736210 9.750000 10.500000 9.500000 10.000000 6.250000e+04
736211 10.000000 10.750000 10.000000 10.500000 6.250000e+04
736215 10.000000 10.750000 10.000000 10.500000 6.250000e+04
736216 10.500000 11.000000 10.500000 11.000000 0.000000e+00
736217 11.000000 11.000000 10.500000 11.000000 0.000000e+00
736218 10.750000 11.250000 10.500000 11.250000 6.250000e+04
736221 10.500000 11.500000 10.250000 10.750000 1.250000e+05
736222 10.500000 11.000000 10.000000 10.500000 1.250000e+05
736223 10.500000 11.250000 9.000000 9.750000 8.125000e+05
736224 9.250000 9.750000 9.000000 9.500000 6.250000e+04
736225 9.250000 9.750000 8.000000 8.250000 3.750000e+05
736228 8.500000 9.000000 8.500000 8.750000 6.250000e+04
736229 8.750000 9.000000 8.250000 8.500000 6.250000e+04
736230 8.500000 9.000000 8.250000 9.000000 6.250000e+04
736231 9.000000 9.500000 9.000000 9.000000 0.000000e+00
736232 8.500000 8.750000 7.500000 7.750000 6.875000e+05
736235 8.500000 8.500000 7.250000 7.750000 1.250000e+05
736236 7.500000 7.750000 7.250000 7.500000 1.250000e+05
736237 7.500000 7.750000 6.250000 7.250000 3.750000e+05
736238 7.000000 7.250000 6.500000 6.750000 6.250000e+04
736239 6.250000 7.250000 5.500000 7.250000 5.000000e+05
736242 7.000000 7.500000 6.250000 6.750000 0.000000e+00
736243 7.000000 7.750000 7.000000 7.500000 1.250000e+05
736244 7.500000 7.750000 7.000000 7.250000 0.000000e+00
736245 8.000000 8.750000 7.500000 8.000000 3.125000e+05
736246 8.750000 9.000000 8.000000 8.000000 1.875000e+05
736249 8.500000 8.750000 8.000000 8.500000 0.000000e+00
736250 8.750000 8.750000 7.500000 8.000000 6.250000e+04
736251 8.000000 8.750000 8.000000 8.250000 1.250000e+05
736252 8.250000 8.750000 8.250000 8.750000 6.250000e+04
736253 9.000000 9.000000 8.250000 8.250000 6.250000e+04
736256 8.250000 9.000000 8.250000 8.750000 0.000000e+00
736257 9.000000 9.500000 8.500000 8.500000 6.250000e+04
736258 8.750000 9.250000 7.750000 8.000000 1.250000e+05
736259 7.500000 8.250000 7.500000 8.000000 0.000000e+00
736260 4.250000 4.750000 3.500000 4.000000 4.812500e+06
736263 4.750000 5.500000 4.000000 4.750000 1.187500e+06
736264 4.750000 4.750000 4.250000 4.250000 6.875000e+05
736265 4.500000 4.750000 4.250000 4.250000 2.500000e+05
736266 4.500000 4.500000 4.250000 4.500000 3.750000e+05
736267 4.500000 4.750000 4.250000 4.500000 1.250000e+05
736270 4.500000 5.000000 4.250000 4.750000 3.750000e+05
736271 4.750000 5.250000 4.750000 5.250000 3.125000e+05
736272 5.750000 5.750000 5.000000 5.250000 2.500000e+05
736273 5.250000 5.250000 5.000000 5.250000 3.125000e+05
736274 5.250000 5.250000 4.500000 4.500000 4.375000e+05
736277 4.750000 5.250000 4.500000 5.000000 2.500000e+05
736278 4.750000 5.000000 4.750000 4.750000 6.250000e+04
736279 5.000000 5.000000 4.500000 5.000000 1.875000e+05
736280 5.000000 5.000000 4.750000 5.000000 6.250000e+04
736281 5.000000 5.000000 4.750000 5.000000 1.250000e+05
736284 5.000000 5.000000 4.750000 4.750000 1.875000e+05
736285 5.000000 5.000000 4.750000 5.000000 1.250000e+05
736286 4.750000 4.750000 4.500000 4.750000 1.250000e+05
736287 5.000000 5.000000 4.250000 4.250000 8.750000e+05
736288 4.250000 4.250000 4.000000 4.250000 2.500000e+05
736291 4.000000 4.250000 3.750000 4.000000 3.125000e+05
736292 3.750000 4.250000 3.250000 3.500000 6.875000e+05
736293 3.250000 3.750000 3.250000 3.750000 3.125000e+05
736295 3.750000 4.000000 3.750000 4.000000 1.875000e+05
736298 4.000000 4.000000 3.250000 4.000000 3.750000e+05
736299 3.500000 4.000000 3.500000 3.500000 6.250000e+05
736300 3.750000 4.000000 3.500000 3.500000 2.500000e+05
736301 4.000000 4.000000 3.500000 3.500000 2.500000e+05
736302 3.750000 3.750000 3.250000 3.500000 5.000000e+05
736305 3.500000 3.500000 3.250000 3.500000 3.125000e+05
736306 3.250000 3.750000 3.250000 3.500000 2.500000e+05
736307 3.500000 3.500000 3.250000 3.250000 1.875000e+05
736308 3.500000 3.500000 3.250000 3.500000 6.250000e+04
736309 3.500000 3.500000 3.000000 3.000000 3.750000e+05
736312 3.000000 3.500000 2.500000 2.750000 5.000000e+05
736313 2.500000 3.000000 2.000000 2.000000 8.125000e+05
736314 1.750000 2.250000 1.750000 2.000000 8.125000e+05
736315 2.000000 2.750000 2.000000 2.250000 8.750000e+05
736316 2.750000 2.750000 2.250000 2.500000 8.200000e+05
736319 2.050000 3.790000 2.050000 3.590000 4.791000e+05
736320 3.440000 3.850000 2.520000 2.660000 2.006000e+05
736321 2.640000 2.670000 2.610000 2.620000 4.690000e+04
736322 2.600000 2.600000 2.080000 2.240000 1.114000e+05
736326 2.020000 2.290000 2.020000 2.260000 4.180000e+04
736327 2.250000 2.320000 2.000000 2.020000 7.160000e+04
736328 2.000000 2.160000 1.990000 2.080000 5.650000e+04
736329 2.000000 2.190000 1.940000 2.020000 9.280000e+04
736333 1.950000 2.090000 1.950000 2.020000 2.120000e+04
736334 2.020000 2.360000 2.020000 2.170000 7.090000e+04
736335 2.250000 2.780000 2.190000 2.280000 7.760000e+04
736336 2.450000 2.550000 2.240000 2.450000 6.250000e+04
736337 2.510000 2.630000 2.430000 2.530000 5.380000e+04
736340 2.770000 2.780000 2.350000 2.350000 2.970000e+04
736341 2.350000 2.510000 2.330000 2.370000 2.440000e+04
736342 2.370000 2.490000 2.180000 2.190000 2.230000e+04
736343 2.310000 2.480000 2.280000 2.450000 1.960000e+04
736344 2.450000 2.690000 2.270000 2.400000 1.210000e+04
736348 2.320000 2.540000 2.320000 2.520000 1.440000e+04
736349 2.570000 2.950000 2.450000 2.900000 3.660000e+04
736350 2.990000 3.200000 2.910000 3.010000 6.830000e+04
736351 3.100000 3.420000 3.030000 3.200000 4.090000e+04
736354 3.280000 3.280000 3.000000 3.100000 1.060000e+04
736355 3.070000 3.090000 3.000000 3.010000 2.400000e+04
736356 3.010000 3.160000 2.850000 2.950000 1.030000e+04
736357 2.920000 2.920000 2.670000 2.700000 1.530000e+04
736358 2.790000 2.790000 2.580000 2.580000 7.100000e+03
736361 2.680000 2.960000 2.650000 2.750000 1.830000e+04
736362 2.770000 2.870000 2.550000 2.570000 8.900000e+03
736363 2.600000 2.660000 2.490000 2.500000 1.360000e+04
736364 2.500000 2.630000 2.470000 2.480000 2.500000e+03
736365 2.440000 2.520000 2.420000 2.440000 1.210000e+04
736368 2.430000 2.450000 2.050000 2.070000 2.190000e+04
736369 1.960000 2.080000 1.960000 2.030000 1.510000e+04
736370 2.040000 2.040000 1.920000 1.920000 1.460000e+04
736371 1.970000 1.970000 1.900000 1.900000 7.900000e+03
736372 1.980000 2.030000 1.920000 2.010000 1.270000e+04
736376 1.970000 2.040000 1.910000 1.910000 1.220000e+04
736377 1.910000 1.910000 1.770000 1.790000 4.230000e+04
736378 1.820000 1.820000 1.790000 1.790000 8.700000e+03
736379 1.780000 1.850000 1.780000 1.780000 9.000000e+03
736382 1.800000 1.960000 1.800000 1.840000 1.140000e+04
736383 1.830000 1.850000 1.790000 1.840000 7.400000e+03
736384 1.880000 1.880000 1.830000 1.850000 2.700000e+03
736385 1.880000 1.880000 1.850000 1.870000 4.300000e+03
736386 1.870000 2.160000 1.860000 2.150000 5.530000e+04
736389 2.150000 2.430000 2.150000 2.300000 1.060000e+05
736390 2.400000 2.400000 2.140000 2.160000 6.480000e+04
736391 2.170000 2.170000 2.050000 2.100000 2.550000e+04
736392 2.110000 2.360000 2.070000 2.360000 3.220000e+04
736393 2.390000 2.390000 2.250000 2.250000 3.900000e+04
736396 2.310000 2.490000 2.210000 2.230000 2.060000e+04
736397 2.170000 2.250000 2.090000 2.250000 2.120000e+04
736398 2.210000 2.210000 2.100000 2.150000 1.350000e+04
736399 2.200000 2.200000 2.050000 2.080000 1.490000e+04
736400 2.080000 2.080000 1.900000 1.960000 3.120000e+04
736403 2.020000 2.020000 1.910000 1.960000 1.490000e+04
736404 1.990000 2.250000 1.920000 2.000000 3.950000e+04
736405 2.080000 2.080000 1.910000 2.000000 2.220000e+04
736406 2.060000 2.160000 2.050000 2.110000 3.290000e+04
736407 2.140000 2.340000 2.090000 2.230000 4.940000e+04
736410 2.250000 2.340000 2.220000 2.300000 3.240000e+04
736411 2.300000 2.350000 2.230000 2.270000 1.210000e+04
736412 2.300000 2.300000 2.060000 2.060000 1.170000e+04
736413 2.050000 2.300000 1.900000 2.300000 2.050000e+04
736417 2.280000 2.300000 1.990000 2.050000 2.330000e+04
736418 2.160000 2.200000 2.020000 2.110000 9.700000e+03
736419 2.120000 2.140000 2.030000 2.030000 2.300000e+03
736420 2.130000 2.150000 2.100000 2.100000 1.060000e+04
736421 2.060000 2.300000 2.050000 2.090000 3.300000e+04
736424 2.070000 2.250000 2.000000 2.050000 3.070000e+04
736425 2.120000 2.120000 2.000000 2.000000 4.600000e+03
736426 2.060000 2.090000 2.010000 2.050000 7.400000e+03
736427 2.010000 2.140000 1.900000 2.140000 4.410000e+04
736428 2.190000 2.190000 2.000000 2.020000 1.060000e+04
736431 2.020000 2.110000 1.920000 1.940000 1.370000e+04
736432 2.000000 2.050000 1.940000 1.960000 1.170000e+04
736433 2.040000 2.050000 1.950000 2.000000 6.600000e+03
736434 1.990000 2.050000 1.960000 2.050000 5.300000e+03
736435 1.990000 2.050000 1.990000 2.000000 4.100000e+03
736438 1.990000 2.030000 1.920000 2.030000 1.260000e+04
736439 1.970000 2.050000 1.920000 1.960000 3.800000e+03
736440 1.950000 2.000000 1.920000 1.920000 4.800000e+03
736441 1.950000 1.990000 1.920000 1.990000 2.100000e+03
736442 1.990000 1.990000 1.930000 1.950000 4.500000e+03
736445 1.950000 2.030000 1.950000 1.960000 3.300000e+03
736446 1.960000 2.100000 1.960000 2.070000 8.500000e+03
736447 2.100000 2.490000 2.100000 2.430000 1.003000e+05
736448 2.430000 2.900000 2.400000 2.750000 9.770000e+04
736449 2.800000 3.420000 2.740000 3.160000 1.311000e+05
736452 3.140000 3.380000 2.670000 2.710000 6.860000e+04
736453 2.720000 2.770000 2.270000 2.370000 1.076000e+05
736454 2.500000 2.600000 2.500000 2.580000 5.640000e+04
736455 2.500000 2.610000 2.400000 2.400000 2.060000e+04
736456 2.390000 2.390000 2.070000 2.160000 2.480000e+04
736459 2.200000 2.210000 2.100000 2.120000 1.720000e+04
736460 2.140000 2.180000 2.110000 2.120000 7.400000e+03
736461 2.200000 2.450000 2.200000 2.450000 3.840000e+04
736462 2.610000 2.830000 2.500000 2.550000 5.630000e+04
736463 2.600000 2.700000 2.510000 2.590000 1.345000e+05
736466 2.540000 2.610000 2.440000 2.530000 2.640000e+04
736467 2.330000 2.730000 2.280000 2.450000 3.920000e+04
736468 2.470000 2.580000 2.360000 2.480000 4.300000e+04
736469 2.400000 2.680000 2.400000 2.680000 2.260000e+04
736470 2.700000 3.080000 2.640000 2.850000 1.268000e+05
736473 3.000000 3.000000 2.670000 2.830000 4.450000e+04
736474 2.790000 2.900000 2.710000 2.890000 3.940000e+04
736475 2.770000 2.950000 2.670000 2.830000 3.150000e+04
736476 2.910000 3.020000 2.710000 2.740000 2.230000e+04
736477 2.670000 2.900000 2.670000 2.840000 1.160000e+04
736481 2.860000 3.000000 2.860000 2.940000 3.920000e+04
736482 3.010000 3.010000 2.730000 2.780000 2.490000e+04
736483 2.870000 2.910000 2.770000 2.780000 2.840000e+04
736484 2.860000 2.890000 2.720000 2.820000 1.270000e+04
736487 2.780000 2.890000 2.750000 2.780000 8.000000e+03
736488 2.850000 2.870000 2.770000 2.840000 6.200000e+03
736489 2.780000 2.820000 2.730000 2.730000 1.180000e+04
736490 2.740000 2.800000 2.740000 2.800000 1.350000e+04
736491 2.750000 2.750000 2.500000 2.590000 6.540000e+04
736494 2.590000 2.820000 2.590000 2.800000 2.240000e+04
736495 2.770000 2.870000 2.630000 2.630000 1.490000e+04
736496 2.620000 2.850000 2.580000 2.850000 2.490000e+04
736497 2.800000 2.800000 2.670000 2.800000 6.900000e+03
736498 2.820000 2.820000 2.590000 2.660000 1.390000e+04
736501 2.690000 2.740000 2.600000 2.730000 3.200000e+04
736502 2.730000 2.740000 2.600000 2.610000 2.780000e+04
736503 2.610000 2.630000 2.500000 2.500000 3.990000e+04
736504 2.520000 2.730000 2.520000 2.610000 1.950000e+04
736505 2.450000 2.650000 2.450000 2.520000 1.230000e+04
736508 2.500000 2.520000 2.400000 2.400000 2.090000e+04
736509 2.580000 2.740000 2.520000 2.520000 3.520000e+04
736510 2.520000 2.530000 2.120000 2.260000 5.030000e+04
736511 2.290000 2.710000 2.170000 2.500000 1.336000e+05
736512 2.600000 2.740000 2.520000 2.580000 4.160000e+04
736516 2.550000 2.590000 2.270000 2.280000 4.510000e+04
736517 2.280000 2.650000 2.280000 2.510000 5.950000e+04
736518 2.480000 2.640000 2.280000 2.290000 5.880000e+04
736519 2.310000 2.490000 2.300000 2.460000 2.770000e+04
736522 2.400000 2.570000 2.320000 2.460000 3.830000e+04
736523 2.560000 2.620000 2.340000 2.360000 3.320000e+04
736524 2.360000 2.480000 2.300000 2.360000 3.470000e+04
736525 2.500000 2.500000 2.160000 2.270000 9.410000e+04
736526 2.330000 2.510000 2.220000 2.390000 1.051000e+05
736529 2.400000 2.510000 2.260000 2.290000 6.490000e+04
736530 2.440000 2.480000 2.150000 2.260000 1.163000e+05
736531 2.250000 2.420000 2.170000 2.310000 6.700000e+04
736532 2.300000 2.470000 2.240000 2.300000 9.360000e+04
736533 2.370000 2.400000 2.300000 2.310000 3.320000e+04
736536 2.380000 2.380000 2.230000 2.280000 3.030000e+04
736537 2.290000 2.290000 2.210000 2.220000 2.320000e+04
736538 2.220000 2.310000 2.150000 2.290000 5.530000e+04
736539 2.350000 2.380000 2.270000 2.350000 1.140000e+04
736540 2.280000 2.340000 2.280000 2.340000 1.590000e+04
736543 2.360000 2.380000 2.340000 2.340000 2.650000e+04
736544 2.340000 2.370000 2.270000 2.320000 1.560000e+04
736545 2.330000 2.330000 2.120000 2.210000 3.170000e+04
736546 2.250000 2.350000 2.200000 2.340000 8.800000e+03
736547 2.310000 2.480000 2.310000 2.350000 3.040000e+04
736550 2.320000 2.470000 2.300000 2.380000 3.520000e+04
736551 2.460000 2.460000 2.390000 2.390000 2.400000e+04
736552 2.360000 2.400000 2.350000 2.380000 9.600000e+03
736553 2.350000 2.540000 2.350000 2.450000 3.500000e+04
736554 2.860000 4.190000 2.500000 4.140000 2.274100e+06
736557 4.480000 5.290000 4.000000 4.230000 1.730300e+06
736558 3.650000 4.190000 3.650000 3.900000 3.009000e+05
736559 3.810000 3.920000 3.460000 3.710000 2.402000e+05
736560 3.680000 3.700000 3.510000 3.570000 1.575000e+05
736561 3.540000 3.540000 3.350000 3.530000 1.299000e+05
736564 3.440000 3.770000 3.250000 3.650000 1.742000e+05
736565 3.640000 3.950000 3.550000 3.780000 1.072000e+05
736566 3.800000 3.900000 3.410000 3.490000 1.022000e+05
736567 3.480000 3.480000 3.000000 3.370000 1.200000e+05
736568 3.360000 3.570000 3.260000 3.570000 6.840000e+04
736571 3.600000 3.640000 3.450000 3.590000 3.060000e+04
736572 3.500000 3.570000 3.400000 3.510000 3.500000e+04
736573 3.510000 3.620000 3.300000 3.400000 3.650000e+04
736574 3.380000 3.450000 3.300000 3.440000 1.400000e+04
736575 3.430000 3.440000 3.340000 3.340000 1.740000e+04
736579 3.330000 3.390000 3.270000 3.320000 1.330000e+04
736580 3.270000 3.480000 3.150000 3.190000 3.770000e+04
736581 3.190000 3.190000 2.810000 3.090000 1.409000e+05
736582 3.060000 3.070000 2.910000 3.040000 1.870000e+04
736585 3.030000 3.100000 2.900000 3.000000 2.940000e+04
736586 3.090000 3.100000 2.950000 3.070000 1.190000e+04
736587 3.100000 3.250000 3.100000 3.180000 3.280000e+04
736588 3.120000 3.380000 3.120000 3.240000 3.540000e+04
736589 3.270000 3.480000 3.190000 3.480000 1.044000e+05
736592 4.020000 4.020000 3.580000 3.790000 1.907000e+05
736593 3.790000 3.790000 3.500000 3.610000 2.650000e+04
736594 3.600000 3.750000 3.600000 3.740000 3.280000e+04
736595 3.790000 3.790000 3.680000 3.720000 2.850000e+04
736596 3.650000 3.740000 3.570000 3.580000 3.190000e+04
736599 3.590000 3.700000 3.560000 3.610000 1.390000e+04
736600 3.570000 3.750000 3.570000 3.740000 3.240000e+04
736601 3.730000 3.850000 3.720000 3.850000 5.010000e+04
736602 3.800000 3.970000 3.800000 3.930000 8.040000e+04
736603 3.920000 4.150000 3.850000 4.100000 1.861000e+05
736606 4.130000 4.420000 3.860000 3.990000 2.308000e+05
736607 3.950000 4.270000 3.870000 4.180000 7.370000e+04
736608 4.200000 4.830000 4.200000 4.660000 3.983000e+05
736609 4.720000 4.790000 4.250000 4.390000 1.260000e+05
736610 4.350000 4.470000 4.200000 4.330000 7.760000e+04
736613 4.450000 4.560000 4.140000 4.560000 4.490000e+04
736614 4.540000 4.760000 4.210000 4.320000 7.610000e+04
736615 4.280000 4.330000 4.130000 4.210000 3.340000e+04
736616 4.100000 4.290000 4.020000 4.160000 6.880000e+04
736617 4.170000 4.180000 3.850000 3.920000 1.124000e+05
736620 3.860000 3.930000 3.750000 3.910000 1.520000e+04
736621 3.920000 4.040000 3.900000 3.900000 3.660000e+04
736622 4.050000 4.050000 3.800000 4.000000 4.400000e+04
736623 3.950000 4.010000 3.850000 3.850000 3.730000e+04
736624 3.820000 3.920000 3.820000 3.920000 2.530000e+04
736627 3.950000 3.950000 3.850000 3.950000 5.400000e+03
736628 3.860000 3.890000 3.750000 3.850000 5.620000e+04
736629 3.830000 4.000000 3.830000 4.000000 4.200000e+03
736630 4.000000 4.100000 3.810000 4.050000 1.330000e+04
736631 3.920000 3.990000 3.920000 3.930000 1.080000e+04
736634 3.900000 4.100000 3.850000 4.000000 1.650000e+04
736635 3.950000 4.050000 3.950000 4.000000 1.100000e+04
736636 4.050000 4.150000 3.900000 4.000000 3.710000e+04
736637 4.140000 4.140000 4.000000 4.000000 7.100000e+03
736638 4.100000 4.250000 4.000000 4.150000 2.340000e+04
736641 4.350000 4.600000 4.340000 4.350000 4.010000e+04
736642 4.400000 4.610000 4.350000 4.400000 3.170000e+04
736643 4.400000 4.700000 4.350000 4.690000 5.560000e+04
736644 4.500000 5.090000 4.450000 5.000000 7.050000e+04
736645 4.900000 4.900000 4.100000 4.100000 8.780000e+04
736648 4.250000 4.530000 4.150000 4.500000 4.350000e+04
736649 4.350000 4.350000 4.150000 4.200000 2.250000e+04
736650 4.350000 4.450000 4.110000 4.250000 1.980000e+04
736651 4.250000 4.350000 4.000000 4.150000 4.740000e+04
736652 4.200000 4.200000 4.000000 4.080000 5.140000e+04
736655 4.050000 4.200000 4.050000 4.050000 7.800000e+03
736656 4.100000 4.250000 4.000000 4.250000 1.700000e+04
736657 4.100000 4.180000 4.050000 4.100000 1.060000e+04
736659 4.050000 4.160000 4.050000 4.160000 7.200000e+03
736662 4.100000 4.130000 4.050000 4.050000 1.320000e+04
736663 4.050000 4.100000 4.000000 4.000000 4.010000e+04
736664 4.000000 4.030000 3.950000 4.030000 1.070000e+04
736665 4.000000 4.000000 3.900000 3.900000 1.160000e+04
736666 3.900000 4.000000 3.800000 3.930000 3.060000e+04
736669 3.950000 4.100000 3.890000 4.000000 1.380000e+04
736670 3.950000 4.150000 3.900000 4.100000 1.710000e+04
736671 4.000000 4.150000 4.000000 4.150000 1.900000e+04
736672 4.100000 4.100000 4.050000 4.050000 1.360000e+04
736673 4.100000 4.130000 4.000000 4.050000 1.170000e+04
736676 4.000000 4.000000 3.900000 3.950000 1.710000e+04
736677 3.900000 3.950000 3.850000 3.900000 3.990000e+04
736678 3.850000 3.890000 3.750000 3.750000 1.290000e+04
736679 3.750000 3.800000 3.750000 3.750000 7.600000e+03
736680 3.750000 3.750000 3.650000 3.650000 5.000000e+03
736683 3.600000 3.700000 3.560000 3.650000 2.640000e+04
736684 3.600000 3.650000 3.250000 3.590000 4.600000e+04
736685 3.500000 3.500000 3.450000 3.500000 2.570000e+04
736686 3.450000 3.500000 3.300000 3.500000 1.440000e+04
736687 3.450000 3.500000 3.400000 3.500000 1.410000e+04
736691 3.400000 3.500000 3.300000 3.300000 3.090000e+04
736692 3.300000 3.350000 3.250000 3.350000 1.920000e+04
736693 3.300000 3.350000 3.300000 3.350000 2.020000e+04
736694 3.300000 3.300000 3.250000 3.300000 1.850000e+04
736698 3.250000 3.300000 3.230000 3.240000 2.290000e+04
736699 3.250000 3.400000 3.200000 3.300000 2.970000e+04
736700 3.300000 3.350000 3.300000 3.350000 1.220000e+04
736701 3.300000 3.350000 3.250000 3.300000 1.540000e+04
736704 3.400000 3.700000 3.400000 3.700000 4.730000e+04
736705 3.650000 4.350000 3.400000 4.100000 1.173000e+05
736706 4.050000 4.050000 3.500000 3.800000 3.130000e+04
736707 3.800000 3.800000 3.650000 3.750000 6.800000e+03
736708 3.650000 4.070000 3.650000 3.950000 2.910000e+04
736712 3.900000 3.900000 3.650000 3.700000 2.270000e+04
736713 3.700000 3.700000 3.600000 3.600000 1.510000e+04
736714 3.600000 3.650000 3.550000 3.650000 1.220000e+04
736715 3.600000 3.650000 3.600000 3.650000 3.900000e+03
736718 3.600000 3.600000 3.500000 3.500000 1.000000e+04
736719 3.530000 3.550000 3.500000 3.500000 1.020000e+04
736720 3.600000 3.600000 3.500000 3.600000 7.000000e+03
736721 3.600000 3.650000 3.500000 3.550000 1.790000e+04
736722 3.500000 3.950000 3.500000 3.750000 1.770000e+04
736725 3.650000 3.900000 3.530000 3.850000 5.170000e+04
736726 3.700000 3.950000 3.700000 3.950000 1.920000e+04
736727 3.800000 3.900000 3.800000 3.850000 9.400000e+03
736728 3.850000 3.850000 3.750000 3.850000 1.030000e+04
736729 3.750000 4.100000 3.750000 4.100000 2.250000e+04
736732 4.000000 4.100000 3.900000 3.900000 1.920000e+04
736733 4.000000 4.000000 3.920000 3.950000 1.550000e+04
736734 3.950000 4.100000 3.950000 4.060000 2.880000e+04
736735 4.100000 4.350000 3.950000 4.100000 4.550000e+04
736736 4.100000 4.150000 4.050000 4.100000 4.240000e+04
736739 4.100000 4.100000 4.050000 4.050000 1.950000e+04
736740 4.100000 4.220000 4.000000 4.000000 1.270000e+04
736741 4.000000 4.100000 4.000000 4.100000 5.700000e+03
736742 4.050000 4.100000 4.050000 4.100000 6.800000e+03
736743 4.050000 4.100000 4.050000 4.100000 5.300000e+03
736747 4.050000 4.050000 3.950000 4.000000 2.410000e+04
736748 3.970000 4.000000 3.900000 4.000000 1.730000e+04
736749 3.930000 3.950000 3.900000 3.930000 6.000000e+03
736750 3.850000 3.900000 3.730000 3.800000 2.550000e+04
736753 3.750000 3.850000 3.700000 3.800000 3.590000e+04
736754 3.950000 4.000000 3.850000 3.950000 5.500000e+03
736755 3.900000 4.100000 3.800000 4.100000 1.010000e+04
736756 4.100000 4.100000 3.950000 4.000000 7.300000e+03
736757 4.090000 4.090000 3.800000 4.000000 1.450000e+04
736760 4.000000 4.000000 3.900000 4.000000 2.000000e+04
736761 4.100000 4.100000 3.900000 4.050000 2.390000e+04
736762 4.000000 4.050000 3.850000 4.000000 1.930000e+04
736763 4.100000 4.100000 4.000000 4.100000 1.930000e+04
736764 4.050000 4.100000 3.950000 4.000000 1.400000e+04
