736034 21.758825 21.790846 21.390573 21.534672 2.392030e+05
736035 21.686777 22.215137 21.374565 21.790847 5.711892e+05
736036 21.702788 21.918933 21.590710 21.742814 4.919352e+05
736039 21.766832 21.902924 21.206449 21.750820 3.712930e+05
736040 21.622733 22.031011 21.374565 21.646750 4.815281e+05
736041 21.686776 21.830874 20.950274 21.638744 3.872238e+05
736042 21.326530 21.694781 20.974291 21.334536 3.688113e+05
736043 21.542678 21.894918 20.862214 21.358553 1.253254e+06
736046 21.446613 21.766831 21.094372 21.614727 3.656892e+05
736047 21.694781 21.750819 21.182431 21.238471 2.122246e+05
736048 21.214454 21.574700 21.166422 21.334536 1.608296e+05
736049 21.550684 21.662759 21.102379 21.134400 1.700359e+05
736050 21.086367 21.358552 20.918251 21.198443 1.489815e+05
736053 21.286503 21.550683 20.734127 20.878225 1.792421e+05
736054 20.750138 21.406585 20.550002 20.998307 3.001245e+05
736055 21.078362 21.670765 20.902243 21.222460 3.069291e+05
736056 21.158416 21.742814 21.158416 21.406585 1.965339e+05
736060 21.582704 21.902924 21.446613 21.846886 2.681027e+05
736061 21.798852 22.087049 21.694781 21.902924 2.773890e+05
736062 21.982977 22.006995 21.678771 21.782841 2.094227e+05
736063 21.846887 21.974974 21.486640 21.814864 2.227918e+05
736064 21.894919 21.966968 21.134400 21.582705 4.390992e+05
736067 21.614727 21.742814 21.238472 21.558689 2.107036e+05
736068 21.630739 21.894919 21.150411 21.262487 3.651288e+05
736069 21.382569 21.686777 21.254482 21.454618 2.617784e+05
736070 21.462623 21.870902 21.102379 21.222460 4.494262e+05
736071 21.142405 21.718797 21.038335 21.702788 2.789100e+05
736074 21.718797 22.095054 21.622732 21.982977 3.500785e+05
736075 21.998989 22.167104 21.654753 21.982977 3.017256e+05
736076 22.191119 22.815545 22.079043 22.215136 1.314255e+06
736077 22.567377 22.799535 22.167105 22.175110 1.025018e+06
736078 22.623415 22.671448 22.367241 22.463305 5.620630e+05
736081 22.655435 23.111747 22.479316 22.839562 4.909745e+05
736082 23.111748 23.792210 23.047705 23.247841 7.260947e+05
736083 23.215817 24.416636 23.215817 23.439971 1.664894e+06
736084 23.664123 24.120434 23.255845 23.423960 4.845702e+05
736085 23.501672 23.771617 23.501672 23.689815 4.724057e+05
736088 23.763436 23.943401 23.501671 23.673456 1.771010e+05
736089 23.804338 24.376950 23.779797 24.262428 4.360856e+05
736090 24.393312 24.393312 23.747078 23.976122 1.921526e+05
736091 24.270609 24.270609 22.732735 23.043581 7.705734e+05
736092 23.002681 23.501672 22.708194 23.117203 3.364510e+05
736095 23.133563 23.616194 22.871796 23.509851 2.911328e+05
736096 23.534393 23.714357 23.076301 23.378969 1.729291e+05
736097 23.583473 23.869780 23.149923 23.403510 2.261821e+05
736098 23.460770 23.697994 23.362607 23.640734 1.615586e+05
736099 23.608015 23.820699 23.378969 23.796158 1.901893e+05
736102 23.959762 24.270608 23.812519 24.254248 2.896603e+05
736103 24.295150 24.925023 24.090645 24.720518 4.522006e+05
736104 24.785959 24.785959 24.458752 24.630537 1.896167e+05
736105 24.655077 24.892303 24.540555 24.785960 3.263894e+05
736106 24.663258 24.941385 24.597817 24.859582 1.464253e+05
736110 24.622357 24.941384 24.622357 24.884123 1.650761e+05
736111 24.867762 25.055906 24.671438 24.851401 1.356275e+05
736112 24.753240 24.875943 24.548736 24.745060 1.964880e+05
736113 24.810502 24.925024 24.442393 24.589636 2.299450e+05
736116 24.262429 25.219510 24.262429 25.072267 2.222556e+05
736117 25.104988 25.849384 25.047727 25.751222 2.296996e+05
736118 25.808483 25.841205 24.957745 24.965925 1.784098e+05
736119 24.916843 24.949565 24.213348 24.376951 2.350167e+05
736120 24.385130 24.925022 24.336050 24.565096 1.221302e+05
736123 24.417852 24.671438 24.123366 24.188807 2.409064e+05
736124 24.327870 24.622357 24.090646 24.483294 2.332989e+05
736125 24.687798 25.219510 24.556915 25.162249 4.906475e+05
736126 25.145888 25.432195 25.031366 25.350393 3.266348e+05
736127 25.276771 25.448556 25.080447 25.432195 1.559143e+05
736130 25.366754 25.857566 25.235871 25.636700 2.558762e+05
736131 25.538536 25.816662 25.432195 25.726682 1.392267e+05
736132 25.710322 26.045709 25.563078 25.988448 1.622949e+05
736133 26.070250 26.315653 25.710321 26.217492 3.511753e+05
736134 26.184771 27.518142 25.972087 27.509963 7.510228e+05
736137 27.485420 27.485420 26.569241 26.961889 4.702788e+05
736138 26.896450 26.920989 26.348376 26.495619 3.128103e+05
736139 26.454718 26.700122 26.315653 26.683762 2.094127e+05
736140 26.896448 26.961888 26.495618 26.569240 1.640127e+05
736141 26.618322 26.822827 26.176591 26.340196 2.641382e+05
736144 26.053889 26.372918 25.693961 25.751222 2.842614e+05
736145 26.053889 26.372918 24.794140 24.810501 3.873318e+05
736146 24.785960 25.612159 24.368772 24.655077 3.271256e+05
736147 24.565097 24.900485 24.139727 24.589636 3.367782e+05
736151 24.491475 24.565096 24.205167 24.368772 1.278563e+05
736152 24.213347 25.325851 23.902499 25.006825 2.963681e+05
736153 24.867762 25.080447 23.959762 23.967941 1.739107e+05
736154 24.286970 24.810501 23.967941 24.671438 2.604571e+05
736155 24.892303 24.892303 24.360591 24.466933 3.050391e+05
736158 24.483294 24.933204 24.417852 24.458753 1.316192e+05
736159 24.466934 24.597817 24.213348 24.483294 2.829526e+05
736160 24.409672 24.516013 23.313527 23.313527 1.991057e+05
736161 23.248086 23.329887 22.389167 22.520050 2.386978e+05
736162 22.462787 22.634572 21.522066 22.503689 3.579649e+05
736165 22.356446 22.577311 21.088518 21.350283 3.235263e+05
736166 21.489346 22.487328 21.350283 21.849273 4.408302e+05
736167 21.767473 21.881995 20.867652 21.170318 4.652071e+05
736168 21.129418 21.562968 20.859471 20.892193 1.854448e+05
736169 21.546608 21.849274 20.892194 21.383003 4.284781e+05
736172 21.268481 21.939256 20.867652 21.906536 2.055680e+05
736173 21.955616 22.961779 21.955616 22.700013 1.842996e+05
736174 22.765454 23.689815 22.282824 23.452590 3.007854e+05
736175 23.296166 23.680949 22.794274 23.296166 1.825215e+05
736176 23.245978 23.647491 22.886289 23.153964 2.635771e+05
736179 23.011760 23.455099 22.585152 22.652071 2.698507e+05
736180 22.752450 22.969935 21.890868 21.982882 2.095400e+05
736181 22.016341 22.534964 20.769975 20.769975 3.211274e+05
736182 20.744879 21.706841 20.184433 20.343366 4.633302e+05
736183 20.284813 21.079476 20.284813 20.376827 2.583072e+05
736186 19.992042 21.556273 19.950218 21.447529 2.794703e+05
736187 21.129665 22.777544 20.661233 21.439164 6.427567e+05
736188 21.296961 22.267288 20.912178 22.192004 1.821869e+05
736189 22.376031 22.643707 21.547908 21.966152 2.742005e+05
736190 22.158544 22.894653 21.999610 22.794274 2.575544e+05
736193 22.827734 23.162329 22.292382 22.325842 1.758296e+05
736194 22.459679 23.003396 22.166909 22.350935 1.684685e+05
736195 22.342570 22.677167 21.690111 21.715205 2.584745e+05
736196 21.246773 22.417854 21.087839 21.146395 2.681778e+05
736197 21.347151 21.924326 20.368461 20.376827 2.629079e+05
736200 19.908392 20.067325 17.917553 19.439960 4.831549e+05
736201 19.833109 20.142610 19.272664 19.540340 3.690581e+05
736202 19.916757 19.916757 18.461271 19.289392 3.469749e+05
736203 19.615624 20.585949 19.322853 20.209529 3.621989e+05
736204 20.117514 20.878717 20.075690 20.736516 3.620316e+05
736207 20.703057 20.778340 19.933488 20.159340 2.997970e+05
736208 19.674176 20.176069 18.820960 19.373041 3.194544e+05
736209 19.657447 19.950218 19.172285 19.356311 2.365586e+05
736210 19.406502 19.782920 19.214108 19.339583 1.910537e+05
736211 19.197381 19.598894 18.846056 19.113731 2.405737e+05
736215 19.239204 19.540340 18.578378 18.728946 2.721929e+05
736216 18.912975 19.038447 17.649878 17.683337 4.839915e+05
736217 18.043027 18.804231 17.566230 18.662027 6.535474e+05
736218 18.444541 18.779137 17.867366 18.243784 7.654694e+05
736221 18.034662 19.674178 18.034662 19.004987 4.817329e+05
736222 19.406503 19.992043 19.122097 19.465056 4.560528e+05
736223 19.465056 20.560854 19.331219 20.050596 3.056524e+05
736224 20.134244 20.912177 20.033867 20.343366 3.404502e+05
736225 20.117514 20.686326 19.983676 20.619407 1.162048e+06
736228 20.677961 20.677961 20.050596 20.159340 2.169011e+05
736229 20.008771 20.661232 19.808014 20.410285 3.117587e+05
736230 20.309908 20.460474 19.155555 19.347946 3.190362e+05
736231 19.347947 19.448326 18.461271 19.080271 3.304124e+05
736232 19.398137 19.640718 18.662027 18.787500 1.949015e+05
736235 18.570015 18.862784 17.566230 18.185230 3.791796e+05
736236 18.084852 18.394352 16.495525 16.570809 6.432586e+05
736237 16.729742 17.273459 16.353322 16.704647 8.102214e+05
736238 16.972324 17.432391 16.671188 17.240000 9.346907e+05
736239 17.214905 17.641513 16.838485 17.081067 9.095961e+05
736242 17.214905 17.683337 17.214905 17.365473 8.773077e+05
736243 17.398931 19.063543 17.256729 18.728946 4.764631e+05
736244 18.912975 19.515244 18.227055 18.578378 3.935672e+05
736245 18.595109 19.105366 18.335798 18.653662 3.464730e+05
736246 18.653662 19.147189 18.394352 18.570015 2.683451e+05
736249 18.603474 18.662027 18.101581 18.201960 2.314560e+05
736250 18.126676 18.620204 17.884094 17.892459 2.125514e+05
736251 17.934284 18.385987 17.298553 17.332012 3.627008e+05
736252 17.240001 17.499311 16.963960 17.164716 3.127625e+05
736253 17.357108 17.365472 16.855215 16.938864 5.044854e+05
736256 16.729743 16.897041 15.951809 16.687919 5.063257e+05
736257 16.713012 16.729742 16.395147 16.646093 2.546267e+05
736258 16.570809 16.729742 15.893255 16.160931 3.322527e+05
736259 16.094012 16.160931 15.349538 15.742687 4.373154e+05
736260 15.734322 16.077281 15.157147 15.424823 3.223821e+05
736263 15.433188 15.893255 14.655254 14.814186 4.006773e+05
736264 14.697079 14.839282 14.186821 14.722174 4.663416e+05
736265 14.646890 15.592119 14.429403 15.265890 4.294525e+05
736266 15.349539 15.935079 15.157147 15.633945 4.459313e+05
736267 15.547331 16.274894 15.070950 16.041034 3.801517e+05
736270 16.006387 16.768597 15.867804 16.448122 3.634351e+05
736271 16.673320 16.889856 16.214261 16.439460 3.527815e+05
736272 16.439460 16.621352 15.590637 15.616622 3.193482e+05
736273 15.564652 15.642605 14.577246 14.733152 5.344990e+05
736274 14.594568 15.053625 14.291417 14.533939 3.824903e+05
736277 14.473307 14.992995 13.702438 13.858344 6.391295e+05
736278 13.763068 13.763068 12.619754 13.304010 7.667995e+05
736279 13.304010 14.464648 13.304010 14.412677 6.796652e+05
736280 14.308740 14.906380 14.100865 14.672522 7.040905e+05
736281 14.724491 15.408748 14.516616 14.551261 5.638614e+05
736284 14.724491 15.287486 14.525277 14.949689 2.890331e+05
736285 14.889060 14.967013 14.300079 14.551261 2.510093e+05
736286 14.759137 15.737882 14.663860 15.651267 6.316806e+05
736287 15.590638 15.659929 15.200871 15.278824 5.751213e+05
736288 15.408747 15.633944 14.871736 15.140241 4.488371e+05
736291 15.114257 16.058357 14.915042 15.841820 4.109865e+05
736292 15.902451 16.266232 15.599299 15.607960 2.653007e+05
736293 15.555990 15.729220 14.967012 15.036304 3.024584e+05
736295 14.941027 15.235517 14.733152 15.157564 1.451662e+05
736298 15.218194 15.850480 15.027642 15.200870 3.312144e+05
736299 15.235517 15.772526 14.750475 14.967012 5.163965e+05
736300 14.776458 14.811105 12.784322 13.156765 1.229322e+06
736301 13.087473 13.113458 11.181951 12.411879 2.486707e+06
736302 12.186682 12.411880 11.069353 11.727624 1.209660e+06
736305 11.511087 11.545732 9.432335 9.692179 1.754899e+06
736306 9.492965 10.376434 9.120522 9.155168 1.788246e+06
736307 9.233122 9.874070 9.215799 9.371705 1.551528e+06
736308 9.354382 10.922107 8.237053 9.059892 3.964006e+06
736309 9.484304 9.700840 8.055162 8.392959 2.266272e+06
736312 8.297684 8.462252 7.163032 7.795319 2.747850e+06
736313 7.881934 8.133116 7.318938 7.760673 1.587127e+06
736314 7.786657 8.159100 7.509490 8.081147 1.107195e+06
736315 8.063824 8.081147 7.015787 7.024448 1.244219e+06
736316 7.033110 7.881934 7.033110 7.881934 2.805276e+06
736319 7.803980 8.046501 6.963818 7.708704 2.104476e+06
736320 7.717365 8.756741 7.578782 8.289022 1.908294e+06
736321 8.496897 9.726826 8.496897 9.492966 1.601851e+06
736322 9.536273 9.900054 9.415012 9.648872 6.909251e+05
736326 9.622888 9.622888 8.592173 8.808710 1.049250e+06
736327 8.981939 9.215799 8.574850 9.163830 9.101467e+05
736328 8.964616 9.155168 8.644142 8.722095 8.250045e+05
736329 8.635480 9.726825 8.574850 9.562257 8.877135e+05
736333 9.302414 9.614227 8.886664 9.319737 8.250912e+05
736334 9.319736 9.354382 8.791387 9.181153 6.446728e+05
736335 8.964616 9.042570 8.245715 8.583512 7.470514e+05
736336 8.124454 8.938632 7.838626 7.899256 2.319540e+06
736337 9.319736 13.130780 9.259106 11.502425 7.132889e+06
736340 11.259905 11.433134 10.133915 11.052030 2.511392e+06
736341 10.541003 11.355180 10.133914 10.714232 1.611985e+06
736342 10.826832 11.251243 9.449659 9.588242 1.342267e+06
736343 9.484304 10.489034 9.146507 9.276429 1.285188e+06
736344 8.817371 9.146507 8.609496 8.774064 7.779728e+05
736348 8.791387 8.817372 7.518152 7.630751 9.455722e+05
736349 7.327600 7.396892 6.548068 7.119725 1.123392e+06
736350 7.223662 8.289022 7.111063 8.176423 1.427323e+06
736351 8.462251 10.618956 8.462251 10.575649 2.252760e+06
736354 10.142576 11.086675 9.466981 9.960685 1.932286e+06
736355 10.376434 10.506356 9.415012 10.125252 1.126164e+06
736356 10.038638 10.116591 9.276429 9.744148 1.083809e+06
736357 10.376435 10.549665 9.770133 10.203206 9.287689e+05
736358 10.411082 11.233921 10.185883 10.437066 8.922176e+05
736361 9.860785 9.860785 9.010086 9.586366 1.666363e+06
736362 9.659546 9.833344 9.156444 9.577220 6.946457e+05
736363 9.815049 10.290709 9.348537 10.208383 7.417543e+05
736364 10.473655 10.473655 9.165592 9.394274 9.273530e+05
736365 9.174738 9.778460 9.165591 9.504041 4.013834e+05
736368 9.147297 9.193033 7.665435 7.766055 1.517719e+06
736369 7.619698 7.647140 6.787294 7.006829 1.492473e+06
736370 6.933651 7.006829 5.680471 5.762797 2.525111e+06
736371 5.753649 5.753649 5.095044 5.213959 1.729113e+06
736372 5.854269 6.403107 5.259695 5.936595 1.188691e+06
736376 6.439697 7.198923 6.064658 7.052566 2.552370e+06
736377 7.125744 8.744816 7.125744 7.711171 2.126746e+06
736378 7.784349 8.195978 7.381868 7.775202 1.090541e+06
736379 7.683729 7.820938 7.464194 7.537372 5.396905e+05
736382 7.830086 8.177683 7.775202 8.022179 1.011691e+06
736383 7.793497 8.168536 7.253806 7.308690 1.087888e+06
736384 7.089155 7.336132 6.412255 7.162333 1.782625e+06
736385 6.814736 7.345279 6.631790 7.317837 5.193835e+05
736386 7.372721 7.784349 7.080007 7.290395 7.813620e+05
736389 7.180628 7.729466 7.098302 7.400163 7.079093e+05
736390 7.583109 7.583109 7.317837 7.436752 7.786179e+05
736391 7.326984 7.528225 7.098302 7.500783 9.954088e+05
736392 7.491635 8.296597 7.381868 8.223419 8.578334e+05
736393 8.241715 8.616754 7.912412 8.095358 1.284281e+06
736396 8.141094 8.598459 8.040474 8.543575 1.146156e+06
736397 8.452102 8.516133 7.683729 7.775202 1.144235e+06
736398 7.848381 7.949001 7.372721 7.793497 6.715031e+05
736399 7.958148 8.159388 7.610551 7.619698 8.698164e+05
736400 7.253807 7.601404 6.677527 6.805589 2.958419e+06
736403 6.540317 6.915356 6.146983 6.613495 1.839796e+06
736404 6.229309 6.485434 5.964038 6.037216 1.934104e+06
736405 6.064658 6.723263 6.009774 6.631790 2.252796e+06
736406 7.025124 7.610551 6.869620 7.345279 1.930720e+06
736407 7.409310 8.305745 7.409310 7.592256 1.068980e+07
736410 7.592256 7.592256 6.714116 7.034271 1.584861e+06
736411 6.915356 7.244659 6.768999 7.226364 8.734753e+05
736412 7.089155 7.400163 6.805589 6.805589 6.794612e+05
736413 6.631790 7.235511 6.403107 7.162333 9.331157e+05
736417 7.262953 7.308690 6.887914 6.951945 6.756193e+05
736418 6.833030 7.427605 6.558612 7.281248 8.462164e+05
736419 7.546520 7.738613 6.869620 6.942798 1.030351e+06
736420 6.915356 7.372721 6.869620 6.878767 1.109567e+06
736421 6.723263 6.988534 6.595200 6.613495 7.798070e+05
736424 6.778147 6.942798 6.558612 6.567759 6.178999e+05
736425 6.522023 6.842178 6.494581 6.677527 4.250749e+05
736426 6.778147 7.080008 6.723263 6.961093 6.676612e+05
736427 6.869620 7.052566 6.677527 6.805589 7.378210e+05
736428 6.951945 7.372720 6.951945 7.235511 5.523137e+05
736431 7.400163 7.500783 7.061713 7.125744 4.949602e+05
736432 7.171480 7.702023 7.098302 7.573961 5.342936e+05
736433 7.555667 7.958148 7.363574 7.830086 5.710657e+05
736434 7.830086 7.912411 7.546519 7.720318 3.470484e+05
736435 7.546520 7.702024 7.455047 7.519078 7.173310e+05
736438 7.272100 7.830085 7.226364 7.756907 6.005200e+05
736439 7.793496 8.214272 7.775202 8.122799 7.295883e+05
736440 8.058768 8.744815 7.875822 8.598458 7.929791e+05
736441 8.744815 10.007142 8.708226 9.824196 1.074076e+06
736442 11.278616 16.227304 11.278616 12.193346 1.284582e+07
736445 12.074431 12.293967 11.479857 12.028695 1.418471e+06
736446 12.266524 12.943424 11.864043 12.787920 1.769453e+06
736447 12.897688 13.345905 12.266524 12.870246 2.550266e+06
736448 12.742184 12.851952 12.440323 12.641564 1.861475e+06
736449 12.763933 12.895714 11.973246 12.029724 2.808348e+06
736452 12.057963 12.086202 11.257864 11.662620 1.207302e+06
736453 11.380231 11.521425 10.890759 11.126082 1.055754e+06
736454 11.295516 12.076789 11.154322 11.662620 1.017538e+06
736455 11.672032 12.217982 11.653206 11.794400 6.920385e+05
736456 11.540252 12.425068 11.540252 12.255635 7.822145e+05
736459 12.302698 12.669803 11.483774 11.832052 7.073816e+05
736460 11.954420 12.236808 11.841465 12.001485 5.545157e+05
736461 11.916769 12.538022 11.634381 12.330938 8.097943e+05
736462 12.632151 12.773345 12.199157 12.547435 7.305375e+05
736463 12.443893 12.895713 12.255634 12.283873 6.906266e+05
736466 12.650977 12.801584 12.378002 12.538022 4.635868e+05
736467 12.500371 12.886301 12.425068 12.763933 6.760366e+05
736468 12.745107 12.942779 12.368590 12.481545 5.479266e+05
736469 12.283872 12.989842 12.255634 12.735693 4.603864e+05
736470 12.848649 13.178101 12.707455 13.102798 4.180282e+05
736473 12.905126 13.159275 12.707454 13.008668 5.066038e+05
736474 13.178101 13.225166 12.867475 13.083972 6.577755e+05
736475 13.281644 13.422838 13.027495 13.262818 9.275501e+05
736476 13.488728 13.648748 12.490957 12.650977 1.555110e+06
736477 12.189744 13.648748 12.189744 13.639335 2.077716e+06
736481 13.771116 14.439434 13.648748 14.138220 1.950924e+06
736482 13.742876 14.815950 13.535792 14.571214 1.109596e+06
736483 14.354718 15.983154 14.354718 15.653701 1.591538e+06
736484 15.794896 16.491452 15.776070 16.124347 1.521224e+06
736487 16.472627 16.698537 16.001980 16.444387 5.347485e+05
736488 16.566755 16.971512 16.472626 16.905620 1.014055e+06
736489 17.282139 17.470395 16.576169 16.971512 8.406687e+05
736490 17.169183 17.225660 16.557343 17.169183 4.798711e+05
736491 16.886796 18.261083 16.858556 17.583352 2.185776e+06
736494 17.837502 18.609361 17.545699 17.592766 2.144454e+06
736495 17.583352 18.082237 16.915033 17.884566 2.364716e+06
736496 17.884566 18.524646 17.573940 17.668069 1.078251e+06
736497 17.470396 17.621003 16.510279 17.319790 1.513128e+06
736498 17.837502 18.308148 17.564526 18.072825 9.301857e+06
736501 18.242256 18.750555 17.931630 18.261083 1.284018e+06
736502 18.185779 18.637599 17.903392 18.515232 1.218504e+06
736503 18.637599 18.731729 17.941042 18.261083 8.852860e+05
736504 18.524646 18.618776 17.912806 18.609362 1.008595e+06
736505 17.272726 18.392865 17.046816 17.762199 9.607777e+05
736508 17.178597 17.583353 15.983155 16.764427 1.107808e+06
736509 17.470396 18.392865 17.319790 18.392865 6.307604e+05
736510 18.402277 18.882336 17.941043 18.204606 8.847213e+05
736511 18.119888 18.270495 17.413919 18.185779 1.167203e+06
736512 18.044585 18.825858 18.006933 18.741142 1.186217e+06
736516 18.374038 18.618775 17.498636 18.006933 6.188060e+05
736517 17.715133 18.053998 17.018576 17.583352 1.453733e+06
736518 17.799850 18.157542 16.792667 17.140944 7.488927e+05
736519 17.460983 17.630417 16.980926 17.489223 5.531979e+05
736522 17.621003 17.639830 16.849144 16.962099 7.911567e+05
736523 17.395094 18.270496 17.216249 17.884566 1.029680e+06
736524 17.743372 18.016346 17.310377 17.668069 5.515035e+05
736525 18.035173 18.119889 17.413920 17.893979 3.842358e+05
736526 17.931630 18.242257 17.856327 17.931630 2.916126e+05
736529 17.893979 18.336387 17.705720 18.053999 2.922715e+05
736530 18.176365 18.581122 17.950456 18.298735 3.350061e+05
736531 17.978695 18.759968 17.555113 18.411689 6.028040e+05
736532 18.317559 18.684665 18.072825 18.242256 3.517612e+05
736533 18.270496 18.345800 17.602179 17.771610 5.105573e+05
736536 17.696306 17.771610 16.905620 17.451572 9.453405e+05
736537 17.366856 17.922219 17.235073 17.781023 4.537032e+05
736538 17.941043 18.308149 17.413920 17.545700 5.750359e+05
736539 17.470396 18.016346 17.470396 17.649243 3.288878e+05
736540 17.602180 17.809263 17.065641 17.705720 5.254297e+05
736543 17.668069 17.677483 16.425563 16.764427 8.571414e+05
736544 16.754803 17.197493 16.331361 16.928029 8.330246e+05
736545 17.043512 17.563191 16.581577 17.389965 5.398877e+05
736546 17.457330 18.130987 16.119641 18.053998 9.313784e+05
736547 18.294590 18.323462 17.312976 17.457330 4.001521e+05
736550 17.649804 17.900020 17.341847 17.341847 3.147901e+05
736551 17.505450 17.688298 17.361095 17.486202 1.771717e+05
736552 17.524696 17.948138 17.399589 17.774911 3.431799e+05
736553 17.948138 18.102115 17.707546 17.794159 3.221041e+05
736554 17.823030 17.919268 17.515074 17.832655 5.354608e+05
736557 17.851900 18.381202 17.794159 18.073246 3.945703e+05
736558 18.034751 18.429321 17.919268 18.111740 3.274934e+05
736559 17.977009 18.005879 17.428461 17.495826 5.052425e+05
736560 17.563191 17.688297 17.438084 17.466954 6.412249e+05
736561 17.495825 17.909644 17.409212 17.784535 4.222865e+05
736564 17.466954 17.813406 17.428460 17.755665 3.958214e+05
736565 17.755665 17.948138 17.553567 17.649804 3.463558e+05
736566 17.476578 17.688298 16.879912 17.072384 3.359622e+05
736567 16.658565 17.168620 16.456469 17.062760 3.130579e+05
736568 17.149373 17.389965 16.668190 17.149373 2.745632e+05
736571 17.043512 17.322599 16.764426 17.235986 3.314391e+05
736572 17.351471 17.399589 17.207114 17.303352 4.425924e+05
736573 17.207115 17.495826 16.841416 17.457330 5.957050e+05
736574 17.178244 17.524695 16.937653 17.332223 2.776428e+05
736575 17.418836 17.967385 17.389965 17.688298 6.410324e+05
736579 17.563191 17.813407 17.341847 17.457330 2.843793e+05
736580 17.476578 17.890396 17.418836 17.592063 2.924632e+05
736581 17.659428 17.794160 17.351472 17.582439 4.179558e+05
736582 17.515074 17.688298 17.274482 17.284104 4.100644e+05
736585 17.178244 17.495825 16.966523 17.303352 2.462696e+05
736586 17.005018 17.274482 16.235126 16.552707 4.737731e+05
736587 16.745180 16.985772 16.408351 16.658566 2.517551e+05
736588 16.735555 16.841416 16.360233 16.620072 3.644482e+05
736589 16.360233 17.149374 16.138889 16.774051 5.299753e+05
736592 16.889533 17.303352 16.812544 17.033890 2.632073e+05
736593 17.033891 17.303353 16.793299 16.976147 2.319304e+05
736594 17.197493 17.351472 17.005019 17.322600 3.389455e+05
736595 17.563191 18.150236 17.341847 17.967385 6.740416e+05
736596 17.967384 18.265718 17.948137 18.150235 5.188118e+05
736599 18.275342 18.679536 18.025127 18.025127 4.862839e+05
736600 17.861524 18.034751 17.572815 17.688298 2.343363e+05
736601 17.803782 18.198352 17.332222 18.150235 2.890949e+05
736602 18.198354 18.419697 17.726794 18.044375 2.224029e+05
736603 18.159860 18.236849 17.967386 18.130988 2.526212e+05
736606 18.236849 18.756526 18.121364 18.602547 4.498102e+05
736607 18.718032 19.160720 18.592924 18.727654 4.286381e+05
736608 18.920127 19.728515 18.669912 18.872010 5.092844e+05
736609 18.660288 18.872011 18.102116 18.207977 5.372893e+05
736610 18.275343 18.477441 17.832655 18.333084 3.349998e+05
736613 18.477440 18.881634 18.275342 18.284966 4.644381e+05
736614 18.227225 18.284966 17.948138 18.207977 2.404954e+05
736615 18.044374 18.535181 17.890395 18.467816 3.644482e+05
736616 18.294589 19.006741 18.198353 18.679536 2.468470e+05
736617 18.621795 18.958624 18.333084 18.381203 2.130680e+05
736620 18.352332 18.438945 18.044374 18.284966 4.386467e+05
736621 18.458193 18.602548 18.275343 18.333084 2.160513e+05
736622 18.448569 18.958624 18.304214 18.621795 6.474803e+05
736623 18.487063 18.698784 17.967386 18.621795 2.544497e+05
736624 18.390827 18.689160 18.390827 18.602547 2.403029e+05
736627 18.477440 18.997117 18.410072 18.795021 3.231627e+05
736628 18.689160 18.968245 18.496686 18.515934 2.100846e+05
736629 18.246471 18.660289 18.188730 18.333084 2.607051e+05
736630 18.390827 18.390827 17.726793 17.909644 3.045890e+05
736631 17.755666 18.179105 17.707546 17.890396 2.010384e+05
736634 17.851900 18.092492 17.130125 17.130125 2.366460e+05
736635 17.178244 17.418836 16.552707 17.033890 3.164261e+05
736636 16.974846 17.663682 16.532023 17.368466 6.177860e+05
736637 17.171658 17.466871 16.433621 16.778036 3.853536e+05
736638 15.498773 16.679633 14.416319 16.384417 4.701786e+05
736641 16.384417 17.220859 16.384417 17.024048 3.543561e+05
736642 16.728834 17.171657 16.728834 16.876441 2.641188e+05
736643 16.876442 17.673520 16.827239 17.466871 2.792731e+05
736644 17.516072 18.047460 16.876441 17.368466 4.236331e+05
736645 17.220859 17.437349 16.532024 17.122454 3.788589e+05
736648 17.270060 17.663682 16.876442 17.466871 4.436093e+05
736649 17.614479 18.008097 17.516073 17.958896 3.612444e+05
736650 17.958896 18.254110 17.240540 17.319264 4.775590e+05
736651 17.565275 18.185226 17.516072 17.860490 4.211730e+05
736652 18.008097 18.254109 17.762085 18.106503 5.555941e+05
736655 18.303313 18.598528 18.204908 18.500122 4.494152e+05
736656 18.500122 18.844540 18.155707 18.500122 6.325468e+05
736657 18.401718 18.874061 18.254109 18.598527 8.063298e+05
736659 18.549326 18.549326 18.008098 18.254110 8.128246e+04
736662 18.254110 18.352515 17.466871 17.762085 4.350481e+05
736663 17.417669 17.634159 16.974846 17.368466 4.016888e+05
736664 17.811289 18.352516 17.663683 18.254110 8.190241e+05
736665 18.450920 18.598528 18.008097 18.204908 4.976336e+05
736666 18.106503 18.431240 17.860491 17.958896 3.302469e+05
736669 18.057300 18.303312 17.663682 17.712883 2.511293e+05
736670 18.401719 18.549326 17.762085 18.254110 5.750783e+05
736671 18.155707 18.893744 18.008098 18.696933 4.308167e+05
736672 18.746135 19.090553 18.647732 18.992147 5.641554e+05
736673 19.090552 19.090552 18.254109 18.352515 2.620523e+05
736676 18.598527 18.992146 18.352515 18.450920 3.040712e+05
736677 18.500122 19.139756 18.254110 18.992147 3.657711e+05
736678 18.795338 19.385768 18.401719 18.401719 3.886994e+05
736679 18.254110 18.687092 18.204908 18.303313 3.553401e+05
736680 18.204908 19.188957 18.204908 18.844540 1.844502e+06
736683 18.893743 19.188957 18.844540 19.090552 3.197175e+05
736684 19.188957 19.779387 18.795338 19.484171 4.063139e+05
736685 19.680981 20.300931 19.631779 20.123804 8.407715e+05
736686 20.714231 21.157055 20.005717 20.123804 8.747212e+05
736687 20.123804 20.763435 19.828589 20.419018 4.233379e+05
736691 20.615829 20.812638 20.517423 20.812638 2.949195e+05
736692 20.812638 21.058651 20.369817 20.665031 3.227681e+05
736693 20.714232 20.812638 20.448541 20.615829 3.393985e+05
736694 20.468220 20.842160 20.468220 20.665031 3.372336e+05
736698 20.861841 21.452269 20.517423 20.812638 5.128864e+05
736699 20.812638 21.009448 20.330454 20.615829 5.070805e+05
736700 20.763435 21.009448 20.369817 20.615829 6.743688e+05
736701 20.861842 21.186578 20.743755 21.009448 7.481725e+05
736704 21.058650 21.353866 20.812638 21.058650 6.807651e+05
736705 21.107853 21.304662 20.812638 20.861841 3.135180e+05
736706 21.009448 21.353866 20.812638 21.157055 6.338260e+05
736707 21.698281 22.239509 21.501472 21.993497 6.903104e+05
736708 22.190306 22.593766 22.091903 22.337915 5.949561e+05
736712 22.633129 23.272761 22.436318 23.174355 8.546466e+05
736713 23.026748 23.617178 22.711853 22.780736 8.687185e+05
736714 22.731534 22.780736 22.367436 22.534724 4.564020e+05
736715 23.420367 23.961595 23.321964 23.617178 8.473647e+05
736718 23.567977 23.912392 23.075952 23.617178 6.949355e+05
736719 23.666380 24.650429 23.518773 24.355215 5.491978e+05
736720 24.453620 25.388465 24.207608 25.339264 6.958211e+05
736721 25.290062 25.368786 24.601227 24.847239 8.981416e+05
736722 24.847238 24.925962 24.207607 24.256809 4.878915e+05
736725 24.207608 24.355215 23.253079 23.666380 5.810810e+05
736726 23.617178 24.060001 23.371166 24.060001 2.404032e+05
736727 24.250000 24.600000 24.000000 24.600000 3.068000e+05
736728 24.600000 24.700001 24.150000 24.299999 4.675000e+05
736729 24.250000 24.900000 24.049999 24.900000 7.777000e+05
736732 24.850000 25.500000 24.549999 24.950001 8.560000e+05
736733 25.150000 25.150000 23.600000 24.100000 7.748000e+05
736734 23.400000 24.049999 23.110001 23.650000 5.067000e+05
736735 24.000000 24.549999 23.650000 24.049999 3.858000e+05
736736 23.950001 24.139999 23.350000 23.450001 5.051000e+05
736739 23.500000 24.100000 23.250000 23.950001 8.076000e+05
736740 24.150000 24.400000 23.750000 23.900000 5.550000e+05
736741 23.700001 24.600000 23.700001 24.150000 3.168000e+05
736742 23.150000 23.450001 22.850000 23.250000 4.103200e+06
736743 23.299999 23.500000 23.150000 23.200001 6.011000e+05
736747 23.450001 23.549999 23.299999 23.450001 5.121000e+05
736748 23.299999 23.850000 23.150000 23.200001 4.958000e+05
736749 23.450001 23.500000 22.850000 23.100000 3.999000e+05
736750 22.950001 22.950001 21.950001 22.500000 6.569000e+05
736753 22.450001 22.950001 21.600000 21.850000 8.172000e+05
736754 21.850000 22.450001 21.750000 22.200001 3.807000e+05
736755 22.450001 22.750000 21.900000 22.250000 3.577000e+05
736756 22.049999 22.750000 22.049999 22.650000 5.106000e+05
736757 22.650000 22.900000 22.600000 22.700001 3.853000e+05
736760 22.700001 23.150000 22.250000 23.100000 2.730000e+05
736761 23.049999 23.250000 22.799999 23.049999 3.166000e+05
736762 22.750000 23.100000 22.350000 22.549999 3.945000e+05
736763 22.200001 22.299999 21.100000 21.799999 6.152000e+05
736764 22.000000 22.100000 21.500000 21.750000 3.915000e+05
