736034 18.000000 18.650000 18.000000 18.500000 2.260000e+04
736035 19.000000 19.750000 18.700001 19.750000 4.260000e+04
736036 19.559999 19.559999 18.020000 18.950001 3.890000e+04
736039 18.969999 18.969999 18.320000 18.610001 2.050000e+04
736040 18.360001 18.709999 18.360001 18.549999 4.380000e+04
736041 18.370001 18.490000 18.150000 18.209999 5.730000e+04
736042 18.150000 18.889999 18.010000 18.750000 1.800000e+04
736043 19.059999 19.959999 19.059999 19.700001 9.910000e+04
736046 19.639999 20.360001 19.430000 19.530001 3.780000e+04
736047 19.459999 20.170000 19.459999 19.959999 3.080000e+04
736048 19.930000 20.190001 19.559999 19.600000 2.160000e+04
736049 19.809999 20.120001 19.440001 19.490000 1.750000e+04
736050 19.270000 19.270000 18.910000 19.040001 2.550000e+04
736053 19.080000 19.209999 18.910000 18.940001 3.180000e+04
736054 18.930000 19.400000 18.820000 19.219999 2.830000e+04
736055 19.389999 20.110001 19.299999 20.090000 4.410000e+04
736056 20.160000 20.719999 20.030001 20.610001 2.430000e+04
736060 20.400000 21.180000 20.400000 21.040001 2.150000e+04
736061 21.080000 21.900000 20.990000 21.200001 6.120000e+04
736062 21.270000 21.850000 21.270000 21.670000 2.280000e+04
736063 21.840000 22.340000 21.830000 22.320000 2.200000e+04
736064 22.520000 22.750000 22.280001 22.549999 3.240000e+04
736067 22.719999 22.930000 22.490000 22.900000 3.350000e+04
736068 22.870001 23.940001 22.820000 23.639999 3.780000e+04
736069 23.990000 25.430000 23.809999 25.160000 7.750000e+04
736070 24.860001 25.510000 24.500000 25.490000 8.560000e+04
736071 25.340000 25.340000 24.240000 24.660000 7.140000e+04
736074 24.660000 25.360001 24.500000 24.510000 9.050000e+04
736075 24.660000 24.700001 23.660000 24.000000 6.630000e+04
736076 24.000000 24.540001 23.430000 24.510000 6.050000e+04
736077 24.459999 24.980000 24.459999 24.650000 3.650000e+04
736078 24.530001 24.830000 24.200001 24.590000 7.690000e+04
736081 24.799999 25.480000 24.670000 25.070000 7.470000e+04
736082 25.000000 25.549999 25.000000 25.469999 6.290000e+04
736083 25.379999 25.900000 24.850000 25.570000 7.090000e+04
736084 25.520000 26.100000 25.209999 25.350000 6.370000e+04
736085 25.270000 25.650000 24.700001 24.780001 8.070000e+04
736088 24.680000 24.940001 24.180000 24.230000 3.680000e+04
736089 24.070000 24.740000 23.809999 24.100000 6.670000e+04
736090 24.370001 25.000000 24.020000 24.260000 7.530000e+04
736091 23.410000 23.670000 22.160000 23.299999 4.530000e+04
736092 23.389999 24.200001 23.299999 24.000000 5.990000e+04
736095 24.200001 24.450001 23.879999 24.070000 1.307000e+05
736096 24.030001 24.670000 23.440001 23.879999 2.960000e+04
736097 23.969999 24.040001 23.469999 23.600000 1.790000e+04
736098 23.670000 23.969999 22.889999 22.959999 2.770000e+04
736099 22.940001 22.940001 22.080000 22.889999 2.920000e+04
736102 22.750000 22.900000 22.160000 22.670000 3.300000e+04
736103 22.540001 22.600000 22.040001 22.350000 4.160000e+04
736104 22.370001 23.010000 22.270000 22.860001 3.120000e+04
736105 22.959999 23.180000 21.860001 22.040001 8.100000e+04
736106 22.049999 22.549999 21.730000 22.020000 2.970000e+04
736110 21.870001 21.879999 21.040001 21.780001 3.570000e+04
736111 22.600000 23.600000 22.379999 23.540001 8.230000e+04
736112 23.540001 24.620001 23.320000 24.200001 3.720000e+04
736113 24.100000 24.959999 23.920000 24.150000 9.760000e+04
736116 24.200001 24.200001 22.980000 23.209999 6.450000e+04
736117 23.250000 23.940001 23.010000 23.110001 3.870000e+04
736118 23.200001 24.000000 22.950001 23.700001 2.600000e+04
736119 23.520000 23.520000 22.870001 22.969999 2.220000e+04
736120 22.889999 23.959999 22.830000 23.920000 2.950000e+04
736123 23.660000 23.900000 23.270000 23.570000 1.320000e+04
736124 23.760000 23.820000 23.129999 23.209999 1.660000e+04
736125 23.570000 24.209999 23.570000 23.870001 2.590000e+04
736126 23.959999 23.959999 22.910000 23.129999 2.110000e+04
736127 23.129999 23.270000 22.760000 22.940001 3.020000e+04
736130 23.020000 23.500000 22.469999 23.200001 5.540000e+04
736131 23.200001 23.360001 23.170000 23.200001 4.360000e+04
736132 23.180000 23.610001 22.790001 22.889999 4.410000e+04
736133 23.190001 24.010000 22.680000 23.980000 5.550000e+04
736134 23.980000 23.980000 22.270000 22.379999 1.101000e+05
736137 22.459999 22.670000 22.190001 22.209999 4.590000e+04
736138 22.010000 22.900000 21.549999 22.420000 4.070000e+04
736139 22.389999 22.900000 22.129999 22.350000 2.670000e+04
736140 22.530001 22.690001 21.889999 22.610001 2.990000e+04
736141 22.549999 22.549999 21.870001 22.070000 5.230000e+04
736144 21.780001 22.110001 21.740000 22.020000 3.510000e+04
736145 22.030001 22.889999 21.860001 22.820000 3.000000e+04
736146 22.879999 22.879999 21.760000 22.000000 4.950000e+04
736147 22.090000 22.370001 21.830000 21.910000 1.670000e+04
736151 21.750000 22.129999 21.440001 21.629999 2.550000e+04
736152 21.430000 22.209999 20.719999 22.150000 8.180000e+04
736153 22.030001 22.290001 21.430000 21.680000 3.870000e+04
736154 21.990000 22.160000 21.459999 21.559999 4.320000e+04
736155 21.760000 22.030001 21.570000 21.790001 3.060000e+04
736158 21.750000 21.920000 21.350000 21.750000 1.600000e+04
736159 21.450001 22.549999 21.450001 22.389999 2.620000e+04
736160 22.090000 22.299999 21.260000 21.360001 1.690000e+04
736161 21.350000 21.719999 21.209999 21.410000 1.480000e+04
736162 21.000000 21.000000 19.620001 20.740000 4.550000e+04
736165 20.570000 20.580000 19.910000 20.080000 4.690000e+04
736166 20.049999 20.770000 20.000000 20.059999 3.510000e+04
736167 19.950001 20.400000 19.900000 20.100000 5.190000e+04
736168 20.170000 20.530001 19.809999 19.910000 3.700000e+04
736169 19.790001 20.040001 19.270000 19.309999 4.730000e+04
736172 18.910000 19.520000 18.750000 18.780001 4.380000e+04
736173 18.770000 19.559999 18.570000 19.520000 2.470000e+04
736174 19.510000 20.549999 19.330000 20.420000 4.530000e+04
736175 20.520000 20.639999 20.129999 20.440001 3.190000e+04
736176 20.570000 20.940001 19.940001 20.120001 3.430000e+04
736179 19.980000 20.110001 19.070000 19.330000 2.790000e+04
736180 19.370001 20.020000 19.209999 19.580000 4.920000e+04
736181 19.740000 20.040001 19.260000 19.480000 3.280000e+04
736182 19.639999 20.760000 19.280001 20.610001 3.260000e+04
736183 20.299999 21.350000 20.160000 20.340000 3.310000e+04
736186 20.200001 21.510000 20.200001 21.510000 3.380000e+04
736187 21.180000 22.250000 21.020000 21.900000 4.110000e+04
736188 21.629999 22.160000 21.080000 21.110001 2.260000e+04
736189 21.080000 21.080000 20.350000 20.500000 2.160000e+04
736190 20.420000 20.889999 20.090000 20.430000 1.480000e+04
736193 20.309999 20.610001 19.850000 20.370001 2.190000e+04
736194 20.049999 20.700001 20.049999 20.660000 2.840000e+04
736195 20.280001 20.620001 20.000000 20.440001 1.660000e+04
736196 20.370001 20.520000 19.740000 20.040001 5.180000e+04
736197 19.690001 20.440001 19.590000 20.350000 4.770000e+04
736200 19.059999 20.100000 18.740000 18.990000 5.250000e+04
736201 19.730000 19.900000 18.730000 18.850000 5.040000e+04
736202 19.240000 19.809999 18.830000 19.770000 4.310000e+04
736203 19.809999 20.709999 19.790001 20.709999 4.050000e+04
736204 20.500000 21.430000 20.370001 20.889999 6.220000e+04
736207 20.469999 21.940001 20.389999 21.690001 1.024000e+05
736208 21.209999 21.540001 20.590000 20.730000 3.650000e+04
736209 20.870001 20.920000 20.030001 20.610001 2.430000e+04
736210 20.590000 20.950001 20.469999 20.600000 1.030000e+04
736211 20.170000 20.580000 20.129999 20.360001 1.340000e+04
736215 20.520000 20.950001 20.090000 20.860001 1.720000e+04
736216 20.870001 21.510000 20.430000 20.610001 3.230000e+04
736217 20.780001 20.980000 20.490000 20.879999 2.420000e+04
736218 20.629999 21.110001 19.900000 20.459999 3.670000e+04
736221 20.250000 20.430000 19.309999 19.959999 1.820000e+04
736222 19.910000 20.570000 19.910000 20.320000 1.620000e+04
736223 20.530001 21.309999 20.150000 21.059999 9.570000e+04
736224 21.150000 21.320000 20.709999 20.780001 3.310000e+04
736225 20.549999 20.549999 19.709999 20.240000 3.190000e+04
736228 20.510000 20.920000 20.059999 20.250000 1.680000e+04
736229 19.940001 20.790001 19.940001 20.580000 2.580000e+04
736230 20.540001 20.660000 19.709999 19.790001 3.560000e+04
736231 19.840000 20.469999 19.260000 20.110001 3.590000e+04
736232 20.110001 21.600000 19.370001 20.139999 7.460000e+04
736235 20.090000 20.090000 19.559999 19.700001 3.750000e+04
736236 19.830000 20.459999 19.400000 19.830000 3.070000e+04
736237 19.850000 19.940001 19.030001 19.299999 5.030000e+04
736238 19.620001 19.969999 18.840000 18.910000 6.180000e+04
736239 18.799999 19.590000 18.480000 18.740000 6.020000e+04
736242 19.000000 19.760000 18.950001 19.440001 6.920000e+04
736243 19.639999 20.600000 19.450001 20.540001 7.400000e+04
736244 20.490000 21.000000 20.059999 20.680000 9.330000e+04
736245 20.420000 21.010000 20.370001 20.990000 4.740000e+04
736246 21.000000 21.360001 20.830000 21.290001 3.250000e+04
736249 21.360001 21.360001 20.430000 21.010000 4.200000e+04
736250 20.900000 21.299999 20.450001 20.459999 3.610000e+04
736251 20.350000 20.700001 20.309999 20.360001 4.610000e+04
736252 20.219999 20.690001 19.799999 20.620001 8.270000e+04
736253 20.730000 21.530001 20.020000 21.150000 1.257000e+05
736256 21.000000 21.760000 20.879999 21.309999 8.370000e+04
736257 21.370001 22.299999 21.370001 22.010000 6.740000e+04
736258 21.910000 22.620001 21.670000 22.250000 3.540000e+04
736259 22.459999 23.690001 22.320000 23.070000 3.820000e+04
736260 22.879999 23.379999 22.350000 23.270000 6.100000e+04
736263 23.160000 23.520000 21.510000 21.610001 6.790000e+04
736264 21.580000 21.650000 20.500000 20.879999 4.760000e+04
736265 20.950001 21.450001 20.549999 21.370001 9.740000e+04
736266 21.330000 21.650000 21.090000 21.490000 5.400000e+04
736267 21.740000 23.000000 20.719999 22.520000 1.139000e+05
736270 22.370001 23.000000 22.290001 22.840000 4.160000e+04
736271 22.900000 23.600000 22.900000 23.070000 6.750000e+04
736272 23.139999 23.299999 22.290001 22.510000 3.930000e+04
736273 23.010000 24.040001 21.850000 23.940001 8.370000e+04
736274 23.910000 24.139999 23.240000 23.980000 3.670000e+04
736277 24.120001 24.469999 22.980000 23.120001 4.890000e+04
736278 23.200001 23.590000 22.770000 23.410000 3.510000e+04
736279 23.700001 23.700001 22.770000 23.070000 1.750000e+04
736280 22.639999 23.120001 22.340000 22.469999 2.940000e+04
736281 22.309999 22.650000 21.990000 22.170000 4.420000e+04
736284 22.230000 22.639999 21.959999 22.320000 4.810000e+04
736285 22.219999 22.700001 21.450001 21.980000 6.080000e+04
736286 22.379999 22.860001 21.730000 22.799999 5.670000e+04
736287 22.650000 22.650000 21.860001 22.129999 3.200000e+04
736288 22.309999 22.450001 22.010000 22.219999 2.150000e+04
736291 22.280001 22.360001 21.980000 22.120001 2.680000e+04
736292 22.379999 22.490000 21.850000 22.290001 4.280000e+04
736293 22.010000 23.020000 21.879999 22.780001 2.340000e+04
736295 22.590000 23.309999 22.590000 23.170000 2.250000e+04
736298 23.209999 23.790001 23.080000 23.219999 4.340000e+04
736299 23.260000 23.790001 23.260000 23.350000 2.380000e+04
736300 23.180000 23.350000 22.740000 22.900000 2.430000e+04
736301 23.200001 23.670000 23.059999 23.280001 7.230000e+04
736302 22.990000 23.350000 22.680000 22.760000 4.870000e+04
736305 22.330000 22.330000 20.379999 20.469999 2.930000e+04
736306 20.500000 20.500000 19.959999 19.990000 2.150000e+04
736307 20.100000 20.600000 19.750000 20.270000 6.200000e+04
736308 20.090000 20.680000 20.090000 20.580000 2.760000e+04
736309 20.549999 20.969999 20.110001 20.209999 3.930000e+04
736312 20.040001 20.070000 19.760000 20.000000 3.450000e+04
736313 20.139999 20.480000 19.809999 20.010000 2.560000e+04
736314 19.780001 20.250000 19.200001 19.799999 5.340000e+04
736315 19.690001 20.200001 19.690001 19.959999 5.800000e+04
736316 20.000000 20.540001 20.000000 20.299999 8.390000e+04
736319 20.299999 21.150000 20.100000 20.660000 8.760000e+04
736320 20.590000 22.000000 20.450001 21.719999 4.630000e+04
736321 22.010000 22.480000 21.900000 22.430000 2.300000e+04
736322 22.469999 22.469999 22.030001 22.040001 7.400000e+03
736326 21.830000 22.170000 21.440001 21.940001 2.390000e+04
736327 22.240000 22.459999 22.000000 22.410000 3.720000e+04
736328 22.170000 22.629999 22.100000 22.549999 4.260000e+04
736329 22.580000 22.650000 22.240000 22.299999 4.070000e+04
736333 22.090000 22.270000 21.379999 21.959999 7.950000e+04
736334 22.000000 22.500000 21.400000 22.410000 4.800000e+04
736335 21.910000 22.809999 21.910000 22.129999 7.600000e+04
736336 21.770000 21.840000 20.059999 20.730000 1.506000e+05
736337 20.809999 20.809999 19.870001 20.049999 9.360000e+04
736340 20.549999 20.740000 19.420000 19.889999 1.191000e+05
736341 20.090000 20.090000 18.730000 19.250000 6.730000e+04
736342 19.250000 19.340000 17.950001 18.129999 7.170000e+04
736343 18.280001 19.000000 18.100000 18.809999 5.970000e+04
736344 18.150000 18.719999 17.520000 18.459999 3.860000e+04
736348 18.670000 18.670000 18.190001 18.330000 5.740000e+04
736349 18.090000 18.410000 17.080000 17.799999 8.880000e+04
736350 17.610001 18.200001 17.610001 17.750000 5.270000e+04
736351 18.320000 18.420000 17.500000 17.959999 6.980000e+04
736354 17.680000 18.230000 17.230000 17.290001 4.200000e+04
736355 17.620001 18.160000 17.379999 17.969999 4.650000e+04
736356 18.010000 18.299999 17.490000 17.590000 3.850000e+04
736357 18.240000 18.680000 17.920000 18.160000 3.400000e+04
736358 18.190001 18.950001 18.190001 18.920000 6.640000e+04
736361 18.580000 19.080000 18.120001 18.290001 6.350000e+04
736362 18.000000 18.309999 17.709999 17.889999 5.700000e+04
736363 18.000000 18.209999 17.129999 17.910000 3.970000e+04
736364 18.000000 18.850000 18.000000 18.129999 2.340000e+04
736365 18.000000 18.110001 17.480000 17.490000 3.390000e+04
736368 17.230000 17.809999 17.030001 17.740000 2.430000e+04
736369 17.469999 17.730000 16.420000 16.610001 2.720000e+04
736370 16.530001 17.129999 16.290001 16.299999 2.230000e+04
736371 16.000000 16.500000 15.970000 16.160000 4.240000e+04
736372 16.350000 16.559999 16.190001 16.250000 2.500000e+04
736376 16.530001 16.980000 15.960000 16.420000 2.710000e+04
736377 16.660000 17.530001 16.660000 17.000000 2.880000e+04
736378 17.040001 17.389999 16.680000 17.100000 1.860000e+04
736379 17.040001 17.620001 16.920000 17.290001 3.040000e+04
736382 17.559999 17.990000 17.219999 17.270000 2.380000e+04
736383 17.209999 17.980000 17.209999 17.350000 3.880000e+04
736384 17.139999 17.540001 16.980000 17.540001 3.010000e+04
736385 17.730000 17.730000 17.100000 17.540001 1.420000e+04
736386 17.709999 18.150000 17.350000 17.719999 2.010000e+04
736389 17.820000 18.200001 17.740000 18.059999 7.450000e+04
736390 17.990000 18.150000 17.790001 18.150000 2.960000e+04
736391 18.139999 18.820000 18.000000 18.820000 2.880000e+04
736392 19.290001 19.660000 18.969999 19.180000 2.540000e+04
736393 19.350000 19.590000 18.670000 18.980000 3.090000e+04
736396 18.910000 20.120001 18.910000 19.500000 7.450000e+04
736397 19.270000 19.570000 18.850000 19.070000 2.205000e+05
736398 19.320000 19.500000 18.760000 19.309999 6.370000e+04
736399 19.709999 20.320000 19.200001 20.150000 1.255000e+05
736400 20.290001 21.700001 20.020000 20.290001 1.107000e+05
736403 20.150000 20.700001 20.010000 20.490000 4.280000e+04
736404 20.290001 20.940001 20.280001 20.820000 6.000000e+04
736405 20.830000 21.280001 20.040001 21.090000 4.640000e+04
736406 21.100000 22.000000 20.709999 21.680000 3.420000e+04
736407 21.639999 21.700001 20.629999 21.600000 1.363000e+05
736410 21.469999 21.549999 20.860001 21.420000 4.770000e+04
736411 21.570000 21.700001 21.160000 21.290001 1.236000e+05
736412 21.100000 21.580000 20.920000 21.200001 6.360000e+04
736413 21.100000 21.420000 20.469999 21.379999 4.490000e+04
736417 21.299999 21.400000 20.559999 21.160000 4.720000e+04
736418 20.870001 21.840000 20.639999 21.760000 4.220000e+04
736419 21.809999 22.440001 21.629999 21.680000 7.130000e+04
736420 21.690001 21.950001 21.410000 21.629999 5.520000e+04
736421 21.400000 21.400000 20.549999 21.020000 5.560000e+04
736424 21.190001 21.250000 20.650000 20.790001 5.150000e+04
736425 20.740000 21.120001 20.290001 20.389999 3.580000e+04
736426 20.430000 21.120001 19.820000 20.879999 3.840000e+04
736427 20.830000 21.309999 20.780001 20.930000 6.150000e+04
736428 21.340000 21.400000 21.020000 21.209999 4.010000e+04
736431 21.200001 21.450001 20.950001 21.040001 6.780000e+04
736432 20.950001 22.020000 20.889999 21.930000 4.430000e+04
736433 21.840000 22.080000 21.660000 22.030001 5.470000e+04
736434 22.070000 22.330000 21.650000 22.020000 4.150000e+04
736435 21.900000 22.000000 21.730000 21.870001 3.600000e+04
736438 21.549999 22.240000 21.510000 22.170000 4.220000e+04
736439 22.240000 22.860001 22.240000 22.650000 1.760000e+04
736440 22.620001 23.120001 22.510000 22.750000 2.680000e+04
736441 22.820000 22.850000 22.180000 22.260000 3.240000e+04
736442 22.360001 22.930000 22.360001 22.730000 1.890000e+04
736445 22.600000 22.650000 22.049999 22.270000 1.800000e+04
736446 22.290001 23.120001 21.950001 22.900000 3.930000e+04
736447 22.980000 23.400000 22.299999 22.930000 1.590000e+04
736448 22.770000 23.230000 22.530001 22.809999 2.240000e+04
736449 22.840000 23.430000 22.610001 22.990000 2.790000e+04
736452 23.100000 23.110001 22.690001 23.070000 2.140000e+04
736453 22.719999 23.299999 22.350000 22.620001 2.280000e+04
736454 22.650000 24.389999 22.340000 24.299999 1.406000e+05
736455 24.580000 25.540001 24.360001 24.610001 1.030000e+05
736456 24.520000 24.930000 22.860001 23.070000 5.340000e+04
736459 23.100000 23.100000 21.809999 21.980000 7.650000e+04
736460 21.959999 22.270000 21.770000 22.250000 3.210000e+04
736461 22.200001 22.440001 21.959999 21.980000 3.090000e+04
736462 22.190001 22.500000 21.780001 22.420000 2.180000e+04
736463 22.260000 22.690001 21.809999 21.920000 1.890000e+04
736466 22.110001 23.110001 22.110001 22.820000 3.120000e+04
736467 22.879999 22.879999 21.879999 22.020000 3.910000e+04
736468 22.010000 22.760000 21.740000 22.090000 3.350000e+04
736469 21.990000 21.990000 21.330000 21.660000 2.170000e+04
736470 21.809999 21.950001 21.480000 21.879999 1.510000e+04
736473 21.730000 22.090000 21.730000 21.820000 1.210000e+04
736474 21.840000 21.940001 21.650000 21.840000 3.490000e+04
736475 22.010000 22.600000 22.010000 22.150000 2.030000e+04
736476 22.250000 22.290001 20.520000 20.549999 4.770000e+04
736477 20.549999 20.580000 19.850000 20.360001 6.670000e+04
736481 20.309999 20.889999 20.129999 20.270000 1.704000e+05
736482 20.270000 21.540001 20.160000 21.459999 4.810000e+04
736483 21.320000 21.480000 20.870001 21.129999 2.820000e+04
736484 21.190001 21.690001 20.469999 20.690001 6.540000e+04
736487 20.889999 22.639999 20.889999 22.450001 3.450000e+04
736488 22.580000 22.930000 22.530001 22.650000 3.660000e+04
736489 23.049999 23.610001 22.650000 23.070000 4.830000e+04
736490 22.980000 23.190001 22.780001 23.030001 4.130000e+04
736491 22.690001 23.530001 22.020000 23.480000 3.350000e+04
736494 23.230000 23.650000 23.000000 23.410000 4.160000e+04
736495 23.670000 23.969999 23.090000 23.889999 2.950000e+04
736496 23.850000 24.250000 23.430000 23.940001 3.980000e+04
736497 23.830000 24.000000 23.379999 23.940001 3.170000e+04
736498 23.990000 23.990000 23.389999 23.830000 1.352000e+05
736501 24.110001 24.110001 23.549999 23.799999 3.970000e+04
736502 23.690001 24.000000 23.320000 23.790001 1.890000e+04
736503 23.900000 24.080000 23.469999 23.950001 3.950000e+04
736504 24.209999 24.450001 23.780001 24.129999 4.450000e+04
736505 23.299999 23.730000 23.139999 23.370001 6.530000e+04
736508 22.990000 23.010000 22.170000 22.370001 1.057000e+05
736509 22.709999 22.940001 22.250000 22.410000 1.029000e+05
736510 23.080000 23.080000 22.400000 22.440001 4.360000e+04
736511 22.830000 23.000000 22.480000 22.900000 9.030000e+04
736512 22.799999 23.750000 22.799999 23.540001 2.640000e+04
736516 23.290001 23.290001 22.660000 22.889999 2.010000e+04
736517 22.389999 23.190001 22.389999 23.010000 1.850000e+04
736518 23.180000 23.230000 22.760000 23.150000 3.750000e+04
736519 23.250000 24.090000 23.250000 23.930000 3.210000e+04
736522 23.940001 24.030001 23.620001 23.790001 3.240000e+04
736523 23.930000 24.500000 23.930000 24.129999 5.160000e+04
736524 24.200001 24.309999 23.840000 23.930000 3.400000e+04
736525 23.980000 24.450001 23.980000 24.379999 2.910000e+04
736526 24.600000 24.629999 24.360001 24.620001 2.110000e+04
736529 24.430000 25.440001 24.209999 25.360001 3.290000e+04
736530 25.240000 25.379999 25.090000 25.250000 3.330000e+04
736531 25.160000 26.080000 24.750000 26.000000 4.330000e+04
736532 25.920000 26.350000 25.040001 25.139999 1.480000e+04
736533 24.920000 25.129999 24.469999 24.870001 2.540000e+04
736536 24.840000 24.840000 23.790001 24.420000 3.290000e+04
736537 24.370001 24.959999 23.740000 24.549999 2.260000e+04
736538 24.500000 25.030001 24.260000 24.639999 1.920000e+04
736539 24.480000 25.020000 24.160000 24.250000 1.990000e+04
736540 24.020000 25.299999 23.930000 25.110001 3.480000e+04
736543 24.879999 24.879999 23.959999 24.000000 3.150000e+04
736544 24.170000 24.500000 23.980000 24.299999 2.790000e+04
736545 24.440001 24.770000 24.080000 24.709999 2.270000e+04
736546 23.440001 25.139999 23.440001 24.879999 4.210000e+04
736547 24.900000 24.930000 24.209999 24.559999 3.890000e+04
736550 24.750000 25.180000 24.360001 24.549999 2.530000e+04
736551 24.820000 24.820000 24.200001 24.420000 5.610000e+04
736552 24.400000 24.700001 23.709999 23.889999 5.310000e+04
736553 23.650000 24.430000 23.650000 24.230000 4.230000e+04
736554 24.250000 24.430000 23.940001 24.030001 4.020000e+04
736557 24.219999 24.750000 24.219999 24.639999 3.040000e+04
736558 24.760000 25.090000 24.480000 24.940001 2.360000e+04
736559 25.000000 25.090000 24.740000 24.969999 2.820000e+04
736560 25.000000 25.400000 25.000000 25.400000 3.400000e+04
736561 25.410000 25.530001 25.000000 25.420000 3.630000e+04
736564 25.240000 25.389999 24.330000 24.920000 3.270000e+04
736565 24.959999 25.799999 24.820000 25.600000 2.830000e+04
736566 25.799999 25.799999 25.139999 25.219999 1.340000e+04
736567 25.219999 25.590000 24.910000 25.350000 1.410000e+04
736568 25.340000 25.590000 24.969999 25.170000 7.400000e+03
736571 25.190001 25.700001 24.690001 25.629999 2.630000e+04
736572 25.490000 25.660000 25.049999 25.180000 2.010000e+04
736573 25.020000 25.250000 23.600000 23.639999 7.730000e+04
736574 23.629999 24.490000 23.299999 24.469999 2.970000e+04
736575 24.430000 25.580000 24.430000 25.480000 2.300000e+04
736579 25.299999 26.740000 25.010000 25.959999 4.930000e+04
736580 25.840000 25.840000 24.950001 24.969999 2.210000e+04
736581 25.180000 25.420000 24.610001 25.120001 1.620000e+04
736582 25.320000 25.320000 23.670000 23.690001 3.390000e+04
736585 23.580000 24.809999 23.490000 24.680000 3.360000e+04
736586 24.309999 24.309999 23.420000 23.549999 3.110000e+04
736587 23.580000 23.639999 23.030001 23.139999 1.690000e+04
736588 23.350000 23.410000 22.760000 23.129999 3.600000e+04
736589 23.370001 23.799999 22.799999 23.760000 6.500000e+04
736592 23.860001 24.120001 23.260000 23.469999 3.000000e+04
736593 23.469999 23.920000 22.790001 22.950001 4.200000e+04
736594 23.250000 23.480000 22.799999 23.030001 5.040000e+04
736595 23.170000 23.600000 22.990000 23.410000 7.620000e+04
736596 23.379999 23.590000 22.940001 22.950001 4.250000e+04
736599 23.120001 23.260000 22.400000 22.430000 7.700000e+04
736600 22.379999 22.379999 21.730000 22.180000 6.010000e+04
736601 22.139999 23.010000 21.790001 22.940001 6.100000e+04
736602 23.020000 23.879999 23.020000 23.799999 2.760000e+04
736603 23.920000 24.740000 23.719999 24.590000 6.630000e+04
736606 24.180000 24.299999 23.900000 24.120001 3.670000e+04
736607 24.160000 24.299999 23.549999 24.250000 3.100000e+04
736608 24.540001 24.980000 24.400000 24.510000 2.380000e+04
736609 24.580000 24.760000 24.389999 24.469999 1.620000e+04
736610 24.480000 24.480000 23.750000 24.139999 4.090000e+04
736613 24.150000 24.200001 23.799999 23.799999 4.410000e+04
736614 23.799999 23.799999 23.250000 23.600000 7.090000e+04
736615 23.600000 24.650000 23.549999 24.549999 3.930000e+04
736616 24.299999 24.500000 23.750000 24.049999 2.580000e+04
736617 23.910000 24.400000 23.900000 24.299999 1.460000e+04
736620 24.200001 24.500000 24.100000 24.450001 1.080000e+04
736621 24.549999 24.549999 23.799999 24.049999 1.870000e+04
736622 24.250000 24.250000 23.850000 24.000000 2.110000e+04
736623 23.850000 24.250000 23.850000 24.100000 1.480000e+04
736624 23.900000 24.250000 23.900000 24.000000 1.260000e+04
736627 24.049999 24.250000 23.900000 24.100000 1.410000e+04
736628 24.200001 24.350000 23.600000 23.700001 1.490000e+04
736629 23.450001 23.700001 22.500000 22.549999 2.390000e+04
736630 22.600000 22.600000 21.750000 22.250000 3.360000e+04
736631 22.049999 22.200001 21.580000 21.750000 2.680000e+04
736634 21.700001 21.799999 21.510000 21.700001 2.920000e+04
736635 21.799999 21.799999 21.000000 21.450001 1.650000e+04
736636 21.250000 21.250000 20.650000 21.000000 3.000000e+04
736637 22.000000 23.049999 21.900000 22.700001 2.290000e+04
736638 22.549999 22.830000 21.500000 21.650000 3.050000e+04
736641 22.049999 23.750000 21.980000 23.650000 2.800000e+04
736642 23.850000 24.100000 23.500000 24.049999 3.050000e+04
736643 23.799999 25.250000 23.200001 25.250000 6.810000e+04
736644 25.299999 26.450001 24.750000 26.299999 6.570000e+04
736645 25.950001 27.750000 25.730000 27.700001 7.250000e+04
736648 26.950001 27.799999 26.950001 27.549999 3.500000e+04
736649 27.700001 27.950001 26.850000 27.600000 3.500000e+04
736650 27.400000 28.799999 27.049999 28.000000 7.700000e+04
736651 28.000000 28.500000 26.350000 26.549999 4.180000e+04
736652 26.700001 28.549999 26.600000 28.150000 5.210000e+04
736655 28.400000 29.120001 28.350000 28.900000 3.800000e+04
736656 28.900000 29.350000 27.850000 29.299999 4.910000e+04
736657 29.049999 29.650000 28.299999 29.450001 2.270000e+04
736659 29.500000 29.500000 28.700001 29.000000 3.150000e+04
736662 29.000000 29.200001 28.100000 28.299999 2.340000e+04
736663 28.150000 28.450001 27.700001 28.250000 2.030000e+04
736664 28.549999 29.549999 28.450001 28.450001 3.090000e+04
736665 29.799999 30.600000 29.299999 30.200001 8.390000e+04
736666 29.900000 30.670000 29.750000 30.350000 3.810000e+04
736669 30.799999 31.750000 30.799999 31.350000 3.230000e+04
736670 31.400000 32.450001 30.850000 32.150002 3.770000e+04
736671 32.200001 32.549999 30.850000 31.049999 3.990000e+04
736672 31.100000 33.500000 30.799999 33.450001 5.910000e+04
736673 33.500000 33.750000 32.549999 32.950001 1.119000e+05
736676 33.099998 34.000000 33.099998 33.900002 3.720000e+04
736677 34.400002 34.500000 32.500000 32.650002 4.200000e+04
736678 32.299999 33.650002 32.080002 32.950001 4.520000e+04
736679 33.049999 34.099998 33.049999 33.849998 3.620000e+04
736680 33.150002 33.950001 32.599998 32.849998 8.420000e+04
736683 33.099998 33.349998 32.400002 32.599998 2.680000e+04
736684 32.849998 33.400002 32.500000 33.250000 3.360000e+04
736685 33.500000 33.799999 32.450001 32.799999 3.260000e+04
736686 33.000000 33.099998 32.119999 32.250000 2.860000e+04
736687 32.349998 32.450001 31.799999 32.299999 2.410000e+04
736691 32.439999 33.200001 31.650000 32.400002 3.150000e+04
736692 32.250000 32.529999 31.559999 31.799999 1.910000e+04
736693 31.760000 32.400002 31.750000 32.299999 2.300000e+04
736694 32.049999 32.349998 31.750000 32.150002 3.360000e+04
736698 32.700001 33.400002 31.700001 31.900000 8.390000e+04
736699 31.700001 32.099998 31.500000 32.049999 5.900000e+04
736700 32.000000 32.700001 31.600000 31.750000 5.340000e+04
736701 31.799999 32.049999 31.299999 31.350000 1.490000e+04
736704 31.250000 31.250000 30.500000 30.750000 2.550000e+04
736705 31.000000 31.700001 30.459999 30.850000 3.560000e+04
736706 30.799999 31.200001 30.350000 31.000000 3.150000e+04
736707 31.000000 31.150000 29.850000 29.950001 4.370000e+04
736708 30.100000 31.250000 30.100000 31.100000 2.700000e+04
736712 31.100000 31.100000 30.150000 30.299999 2.630000e+04
736713 30.500000 30.500000 30.000000 30.100000 1.470000e+04
736714 30.100000 30.750000 29.500000 29.549999 1.790000e+04
736715 29.850000 30.150000 29.250000 29.250000 2.520000e+04
736718 29.600000 29.670000 28.580000 28.799999 3.170000e+04
736719 28.900000 30.250000 28.450001 29.950001 2.310000e+04
736720 30.350000 31.299999 30.200001 31.150000 3.340000e+04
736721 31.299999 31.299999 30.500000 30.700001 3.320000e+04
736722 30.850000 30.850000 29.799999 30.500000 2.200000e+04
736725 30.250000 30.250000 28.600000 28.850000 2.720000e+04
736726 28.600000 29.000000 28.400000 28.700001 3.680000e+04
736727 28.680000 28.879999 28.049999 28.600000 3.490000e+04
736728 28.500000 28.900000 28.200001 28.500000 2.390000e+04
736729 28.750000 29.549999 28.450001 29.150000 1.900000e+04
736732 28.950001 29.219999 28.190001 28.450001 2.310000e+04
736733 28.549999 28.549999 28.049999 28.150000 1.620000e+04
736734 28.000000 28.049999 27.100000 27.600000 2.930000e+04
736735 27.850000 28.299999 27.850000 28.200001 2.470000e+04
736736 28.350000 29.200001 28.350000 29.049999 2.310000e+04
736739 29.049999 29.100000 27.950001 28.500000 2.570000e+04
736740 28.549999 28.780001 28.049999 28.650000 3.770000e+04
736741 28.549999 28.549999 28.000000 28.450001 1.160000e+04
736742 28.450001 28.700001 27.900000 28.299999 2.330000e+04
736743 28.350000 28.400000 28.049999 28.150000 2.310000e+04
736747 28.150000 28.700001 27.799999 27.950001 2.190000e+04
736748 28.000000 28.000000 27.250000 27.500000 1.560000e+04
736749 27.450001 27.750000 27.049999 27.250000 1.710000e+04
736750 26.799999 27.450001 26.600000 26.750000 3.000000e+04
736753 26.549999 27.620001 26.549999 27.250000 3.670000e+04
736754 27.200001 27.200001 25.900000 26.049999 4.700000e+04
736755 26.500000 27.150000 26.400000 26.750000 3.570000e+04
736756 26.549999 27.100000 26.500000 26.799999 3.250000e+04
736757 26.549999 26.900000 26.049999 26.100000 3.150000e+04
736760 25.850000 26.049999 25.400000 26.000000 4.460000e+04
736761 25.950001 26.389999 25.700001 26.000000 3.800000e+04
736762 26.150000 26.150000 25.450001 25.650000 4.110000e+04
736763 26.549999 27.950001 26.400000 27.650000 7.700000e+04
736764 28.250000 28.250000 25.850000 26.200001 8.530000e+04
