736034 58.484046 58.837069 58.032963 58.601719 1.416012e+05
736035 58.474242 59.327378 58.474242 59.209705 1.235578e+05
736036 59.082223 59.327378 58.680170 58.739009 1.279706e+05
736039 58.376178 58.709588 58.150635 58.346760 1.330698e+05
736040 58.101606 59.219510 58.101606 58.846874 1.114962e+05
736041 58.846873 59.837299 58.621332 59.562728 1.308144e+05
736042 59.582337 60.013812 59.337183 59.572533 4.078390e+05
736043 59.523503 59.876525 58.435016 58.640945 3.132093e+05
736046 58.837070 58.876295 58.346761 58.640945 3.682220e+05
736047 58.807651 58.837069 56.866029 58.180057 4.512803e+05
736048 58.837069 58.837069 58.248700 58.336956 2.395649e+05
736049 58.376178 58.395790 57.346530 57.503428 1.477791e+05
736050 57.219048 58.170249 57.219048 57.660327 1.495442e+05
736053 58.346760 59.641175 58.258504 59.513694 3.497864e+05
736054 59.915747 60.719854 59.464664 59.749044 1.955352e+05
736055 60.435477 60.513925 58.758618 59.327378 1.670973e+05
736056 59.229319 59.327378 58.140832 58.317343 1.999480e+05
736060 58.542885 58.846873 58.248701 58.327148 2.453506e+05
736061 58.356565 58.984164 58.140832 58.258505 1.294416e+05
736062 58.121218 58.778231 58.081993 58.346760 2.868307e+05
736063 58.199666 58.513463 57.905481 58.336956 1.716081e+05
736064 58.131023 58.513463 57.493624 57.836839 1.764131e+05
736067 57.728970 58.032962 57.434785 57.640714 1.589581e+05
736068 57.866256 57.993737 57.542654 57.709357 9.845403e+04
736069 57.758391 58.052576 57.601492 57.738778 1.594485e+05
736070 57.660326 58.023154 57.532845 57.856451 1.198315e+05
736071 57.601493 57.807422 57.022929 57.366143 1.612136e+05
736074 57.493624 57.856452 57.434786 57.630910 1.935740e+05
736075 57.474012 58.121219 57.474012 58.023155 2.341715e+05
736076 58.199666 59.709818 58.199666 59.366604 2.413300e+05
736077 59.327378 59.749044 58.974355 59.278348 1.409148e+05
736078 59.356796 59.768657 58.415404 58.650753 9.894434e+04
736081 59.239123 59.317574 58.699784 59.150867 2.119115e+05
736082 60.004003 60.317800 59.248926 60.170710 2.275033e+05
736083 60.278578 60.435477 58.827265 59.317574 1.973003e+05
736084 59.033194 59.464664 58.640945 58.689975 1.134575e+05
736085 58.817457 59.405829 58.758618 59.229318 1.103195e+05
736088 59.513694 59.817686 59.121449 59.523502 1.547415e+05
736089 59.807884 59.807884 57.807422 58.395791 1.400322e+05
736090 58.552689 58.788039 58.032963 58.336956 1.940643e+05
736091 60.415865 61.269001 59.405829 61.043459 3.490999e+05
736092 61.690667 62.102529 60.631602 61.671054 2.073026e+05
736095 62.249619 63.455778 62.131946 63.112564 2.912435e+05
736096 63.455778 63.808802 63.141980 63.553839 3.894033e+05
736097 64.720776 64.946321 64.201050 64.475622 3.172299e+05
736098 65.593525 65.691586 64.612907 65.279728 3.467465e+05
736099 65.024766 65.328762 64.544265 64.936513 2.058317e+05
736102 65.231408 65.536133 64.907018 65.516477 1.481370e+05
736103 65.988310 66.007974 65.103622 65.369027 1.895210e+05
736104 65.722905 65.722905 64.877530 65.428004 1.473506e+05
736105 65.162600 65.339538 64.415523 64.680935 1.706476e+05
736106 64.159943 64.661271 63.491506 63.953515 2.022016e+05
736110 62.026850 62.026850 61.161819 61.201136 3.965393e+05
736111 61.279777 62.282431 61.053690 61.849911 2.744516e+05
736112 60.110017 62.193960 59.992055 61.997361 3.665580e+05
736113 61.899063 62.370900 61.574673 61.633655 2.714043e+05
736116 62.950866 63.068828 61.859743 61.967873 2.643268e+05
736117 62.046510 62.931202 61.741784 62.223449 1.320159e+05
736118 63.511172 65.447669 63.422699 64.523653 3.030567e+05
736119 64.612125 64.877530 63.894537 64.041988 1.621938e+05
736120 63.894537 65.024981 63.314575 64.907019 1.994493e+05
736123 65.654095 66.312699 65.418179 65.978485 2.501717e+05
736124 66.312699 66.381509 65.142936 65.909676 2.199938e+05
736125 65.978485 67.217050 65.821202 67.118753 1.546248e+05
736126 67.049943 67.158074 66.037462 66.263554 1.698612e+05
736127 65.998142 66.853349 65.693417 66.440486 1.674037e+05
736130 65.496813 66.037462 65.093790 65.791714 1.504962e+05
736131 65.821203 66.302867 65.752393 65.948989 1.244469e+05
736132 66.312699 66.312699 64.877530 65.477157 1.729084e+05
736133 65.005317 65.860523 64.985661 65.486989 1.026245e+05
736134 65.133111 65.378859 64.749745 64.887363 1.360462e+05
736137 65.378858 65.899843 64.956171 65.673752 1.022313e+05
736138 65.388684 65.693417 65.054469 65.663928 1.291653e+05
736139 65.251066 65.329707 63.845386 64.238584 1.676986e+05
736140 64.081309 64.258249 63.678279 64.071477 9.141834e+04
736141 64.081308 64.336881 63.127804 63.521003 1.833282e+05
736144 62.429877 62.901717 61.928552 62.134980 1.159932e+05
736145 62.174300 62.754266 62.125152 62.508518 1.645530e+05
736146 63.304744 64.199263 62.960697 63.825728 1.747761e+05
736147 63.904370 64.081308 63.078652 63.855217 2.493853e+05
736151 63.688110 63.688110 62.665797 62.921377 9.770949e+04
736152 62.439709 62.882057 61.633656 62.842736 1.704510e+05
736153 62.154640 62.636308 61.830255 62.203789 1.294602e+05
736154 62.862396 63.393209 62.547838 62.813247 8.935405e+04
736155 63.579981 63.638958 62.390560 63.383385 1.090139e+05
736158 64.100965 64.228751 62.655968 62.960697 1.777251e+05
736159 62.587156 63.462019 62.420049 63.353889 3.093479e+05
736160 63.589811 63.589811 62.636307 62.950865 9.161494e+04
736161 63.157293 64.110797 62.832903 63.442362 2.516462e+05
736162 63.678279 63.678279 62.950866 63.373553 9.692310e+04
736165 64.002667 64.002667 63.206445 63.226102 1.514792e+05
736166 63.471851 63.471851 62.714946 63.078652 1.039023e+05
736167 62.479028 63.265422 62.479028 62.773926 3.546638e+05
736168 62.911544 63.324399 62.596987 62.695285 1.179591e+05
736169 62.773927 63.039331 61.515697 61.967873 1.782166e+05
736172 61.358414 61.584507 60.719471 60.975048 1.931581e+05
736173 62.567499 63.285078 62.125151 62.931201 3.574162e+05
736174 63.412874 63.501339 61.672976 61.967873 1.156983e+05
736175 62.449537 62.449537 60.729300 61.761445 1.278874e+05
736176 61.751612 64.150117 61.751612 63.462018 2.089843e+05
736179 64.091133 64.680934 63.796240 64.287736 2.826105e+05
736180 64.189439 64.356546 63.511172 64.071477 1.829350e+05
736181 65.221576 65.948989 65.034814 65.703241 2.052489e+05
736182 65.860523 66.175081 64.779233 65.152767 2.298237e+05
736183 65.014821 65.586331 64.502423 65.556771 1.348974e+05
736186 66.000192 66.571703 65.724282 65.911505 1.614039e+05
736187 65.783409 66.000192 64.955693 65.349844 1.055333e+05
736188 64.847302 65.369547 64.118129 65.300572 1.257334e+05
736189 65.280868 66.019897 65.280868 65.694722 1.034640e+05
736190 65.458234 66.167704 65.300572 66.167704 7.882973e+04
736193 65.675019 66.414048 65.113357 66.364775 1.674146e+05
736194 65.960776 66.325359 65.133060 65.399115 1.340105e+05
736195 64.778326 65.359700 64.472863 64.650231 9.587666e+04
736196 63.950618 64.640374 63.536763 63.595883 1.865308e+05
736197 63.063782 63.812666 62.137533 62.324753 1.291822e+05
736200 58.600050 58.974488 57.112136 58.412827 3.826198e+05
736201 60.649620 60.718596 58.688732 58.698585 2.213145e+05
736202 59.516446 59.634689 58.058092 59.516446 3.658685e+05
736203 59.181419 62.472561 59.171563 62.048850 2.830973e+05
736204 62.531680 62.531680 61.339381 61.841919 1.400213e+05
736207 60.866403 61.684259 59.900740 60.659476 2.645723e+05
736208 59.368638 60.422986 59.309515 59.477030 2.136286e+05
736209 60.048544 60.048544 59.260246 59.861324 3.003413e+05
736210 58.412827 59.191272 57.772338 58.935076 3.575914e+05
736211 58.491659 59.319371 58.393119 58.629610 1.786479e+05
736215 59.614981 59.821908 59.082879 59.644541 1.821952e+05
736216 60.206202 60.206202 58.925220 59.161711 2.210188e+05
736217 59.112443 59.890884 58.984344 59.151855 1.448496e+05
736218 59.348931 59.614981 59.112443 59.614981 8.070193e+04
736221 59.417905 59.782492 59.102588 59.191271 1.427803e+05
736222 59.122295 59.890884 59.043463 59.605129 9.538397e+04
736223 58.994196 59.378490 58.994196 59.279955 1.304632e+05
736224 59.151856 60.176643 59.151856 59.693813 1.227773e+05
736225 58.885804 59.526298 58.885804 59.073028 7.961802e+04
736228 58.442390 58.629609 57.082576 57.151552 3.806490e+05
736229 56.481499 56.717989 55.919837 56.353400 1.520428e+05
736230 56.382964 57.565407 55.249785 56.993893 1.240583e+05
736231 57.121991 57.279651 55.535543 55.614371 1.551960e+05
736232 56.176032 56.254864 54.904906 55.427152 1.307588e+05
736235 55.279344 55.279344 53.150942 53.338165 1.929358e+05
736236 53.594360 53.929387 52.283818 52.441477 2.201320e+05
736237 53.377576 56.245012 53.377576 55.505983 3.567045e+05
736238 55.210369 55.949398 54.904906 55.387736 2.928524e+05
736239 54.826074 56.038081 54.776806 55.998669 1.949065e+05
736242 56.668718 56.993892 56.126765 56.698282 1.529297e+05
736243 56.747550 56.826378 56.018373 56.461791 1.150914e+05
736244 56.905209 57.033308 56.313988 56.855941 1.162738e+05
736245 56.451940 56.639159 55.683347 56.166181 2.208218e+05
736246 55.969106 56.836234 55.811446 56.717990 1.114455e+05
736249 56.796817 56.796817 56.274572 56.442083 1.256349e+05
736250 55.269492 55.476419 54.057486 54.303829 2.213145e+05
736251 54.737390 54.845782 53.742167 54.441780 1.725386e+05
736252 54.688124 55.486276 54.629000 55.299053 8.493903e+04
736253 55.456712 57.210675 55.456712 56.905209 2.142198e+05
736256 56.067645 56.895358 56.028230 56.501207 1.299705e+05
736257 56.481500 56.895358 56.195741 56.717990 7.912534e+04
736258 57.269796 57.693505 56.412523 56.560331 1.708634e+05
736259 57.171260 57.319064 56.471647 56.826378 1.279998e+05
736260 57.723070 57.723070 56.580035 56.924917 1.049421e+05
736263 58.284731 58.393118 57.023452 57.102284 3.646860e+05
736264 56.786966 57.053017 55.565103 55.949398 9.814301e+04
736265 55.841005 56.708133 55.673494 56.402671 3.307892e+05
736266 58.452243 61.585725 58.452243 60.600353 6.235431e+05
736267 60.107666 61.457624 59.220830 60.915671 2.169788e+05
736270 61.487189 62.364169 60.984647 62.127678 1.650497e+05
736271 62.068558 62.679487 61.694116 62.236069 1.140075e+05
736272 62.364168 62.433144 61.625139 62.058702 1.826879e+05
736273 61.979875 62.206509 61.221138 61.625140 8.947174e+04
736274 61.397925 61.901752 61.289255 61.605383 8.940486e+04
736277 61.150950 61.842475 60.775546 60.903975 1.124229e+05
736278 60.538450 60.983006 60.182805 60.597725 1.111386e+05
736279 60.755789 61.052157 60.133411 60.479178 1.432454e+05
736280 60.498937 61.269496 60.261839 60.706395 2.093358e+05
736281 60.558208 60.558208 59.728373 60.024742 2.127934e+05
736284 59.422127 61.239861 59.273940 61.190463 1.328724e+05
736285 61.249738 62.306790 61.150951 61.753565 1.576687e+05
736286 62.237638 63.304571 61.763446 63.146503 1.824649e+05
736287 63.294689 64.134401 63.156383 63.235417 1.044209e+05
736288 63.363841 64.025733 63.284809 63.768884 9.661652e+04
736291 63.610816 63.620698 62.751345 62.761223 1.056064e+05
736292 62.257396 63.571300 62.237638 63.195901 9.315888e+04
736293 63.294690 63.531783 62.642676 62.820498 8.535447e+04
736295 62.415459 62.761222 62.079573 62.237637 8.683632e+04
736298 61.180586 61.249738 60.024742 60.726153 2.773033e+05
736299 61.150951 61.822722 60.983006 61.793082 1.008645e+05
736300 61.733811 62.237638 61.654777 61.773324 1.150902e+05
736301 61.931387 61.951145 59.125753 59.432004 2.503336e+05
736302 59.570309 61.131191 59.570309 60.597725 2.622872e+05
736305 59.817284 59.935831 58.552774 58.661444 2.783899e+05
736306 57.792093 58.789869 57.584635 58.335436 1.559893e+05
736307 57.594511 58.651563 57.574753 58.039067 2.278095e+05
736308 57.535240 59.125753 57.525359 58.394711 1.542110e+05
736309 57.643906 58.374953 56.043511 56.241091 2.499385e+05
736312 55.865688 56.596735 55.865688 56.438671 2.857992e+05
736313 57.041290 57.663664 57.041290 57.426570 1.656707e+05
736314 57.722939 58.127978 57.475964 57.960033 9.612257e+04
736315 58.157613 58.671321 57.920519 58.286041 1.353422e+05
736316 58.157614 58.414470 57.189473 57.189473 8.821938e+04
736319 56.883226 57.031409 56.537459 56.794315 2.392691e+05
736320 56.389277 56.902981 56.033632 56.458430 1.427514e+05
736321 56.478184 57.189472 56.250968 56.952379 1.328724e+05
736322 57.288265 57.436447 56.804192 57.031409 3.961475e+04
736326 57.495722 57.989672 57.317900 57.979791 9.128187e+04
736327 58.325558 58.453982 57.969913 58.197130 5.364292e+04
736328 57.821727 58.216888 57.663663 57.782214 8.347746e+04
736329 57.416689 57.515481 56.497943 56.626371 1.008645e+05
736333 55.361862 56.300367 55.105006 55.954599 2.091382e+05
736334 56.102785 57.634027 56.102785 56.952379 1.341567e+05
736335 56.250968 56.952379 56.102785 56.478184 1.489752e+05
736336 55.539683 56.300366 55.164280 55.431014 1.762412e+05
736337 55.855811 56.221333 54.818518 54.867912 1.227958e+05
736340 56.122544 56.379396 55.243310 55.737260 1.038282e+05
736341 57.298142 57.801969 56.764676 57.545117 1.719932e+05
736342 57.574753 57.614270 54.433234 55.006217 1.112374e+05
736343 55.480409 56.527583 55.144523 56.083027 7.093115e+04
736344 54.719725 56.211456 54.561662 55.915082 2.967649e+05
736348 56.359637 56.833829 55.984235 56.665888 1.832553e+05
736349 55.431014 57.011650 55.045733 56.468307 2.276119e+05
736350 55.865688 56.794317 55.460650 56.359638 1.998520e+05
736351 57.288266 57.930397 56.853587 57.021532 9.424557e+04
736354 56.567095 57.278384 56.310243 56.586854 1.585578e+05
736355 57.011651 57.703181 56.804193 57.584634 7.014083e+04
736356 56.912862 57.772333 56.616492 56.784434 1.776242e+05
736357 57.801969 58.207008 57.317901 57.871126 1.198321e+05
736358 58.029190 59.846924 58.029190 59.797526 1.610275e+05
736361 60.123534 61.694294 60.113652 61.595501 2.378861e+05
736362 61.062039 62.850134 61.062039 61.605383 4.455425e+05
736363 61.891875 61.891875 59.135636 59.708615 3.113858e+05
736364 59.204787 59.580190 58.859024 59.303576 3.233393e+05
736365 59.451762 59.511038 56.478184 56.942498 2.194124e+05
736368 56.152179 56.152179 54.581420 55.431014 2.465796e+05
736369 55.154403 55.668106 53.909648 54.126987 1.803904e+05
736370 54.334446 54.729607 53.721949 53.899771 3.843915e+05
736371 55.628594 57.248748 53.465093 55.638472 2.612005e+05
736372 55.519926 56.448549 55.282828 56.369519 2.002471e+05
736376 56.814070 58.710838 56.784435 58.513258 2.623860e+05
736377 58.374953 59.718496 58.374953 59.086241 2.809585e+05
736378 58.671321 59.007207 58.325558 58.394711 1.113362e+05
736379 58.167495 58.947932 58.167495 58.938055 1.351446e+05
736382 59.799836 60.295113 59.631443 59.968232 1.317439e+05
736383 59.849362 59.938512 59.453142 59.631443 1.131214e+05
736384 59.314465 59.928609 58.789468 59.631443 1.158950e+05
736385 59.255032 60.334737 59.215409 60.275302 1.371919e+05
736386 60.423887 60.839918 60.225775 60.641810 9.093300e+04
736389 60.057382 60.305021 59.334278 59.354085 1.233242e+05
736390 59.938512 61.929531 59.671066 61.810666 2.787423e+05
736391 61.355009 61.662082 60.800300 61.057842 1.339231e+05
736392 60.859731 60.978599 60.077195 60.562564 5.824467e+04
736393 60.681430 61.830474 60.384264 61.493689 1.241166e+05
736396 61.008315 61.008315 60.007856 60.186152 1.108432e+05
736397 59.879082 59.879082 59.195596 59.264939 9.301316e+04
736398 59.572009 60.087098 58.878620 59.740405 7.429166e+04
736399 60.126721 60.275302 58.779565 59.066827 5.279661e+04
736400 59.502670 60.097001 59.433331 59.918705 1.228289e+05
736403 59.928609 60.820111 59.839459 60.503133 1.412532e+05
736404 60.423887 61.454066 60.245587 61.355008 1.719604e+05
736405 61.602647 62.692261 61.602647 62.414902 1.519512e+05
736406 62.583298 64.118662 62.474336 63.930454 1.732482e+05
736407 63.890832 64.445541 63.415362 64.316771 1.796868e+05
736410 64.098846 64.296962 62.959710 63.217253 7.696616e+04
736411 62.751690 63.663000 62.751690 63.445084 1.193619e+05
736412 63.930455 64.574317 63.722440 64.227617 1.059894e+05
736413 63.791778 64.386109 63.791778 64.326678 9.548955e+04
736417 64.386109 64.495071 63.930455 64.237524 2.233703e+05
736418 64.049324 64.851671 63.920547 64.405917 1.305552e+05
736419 64.425733 65.634212 64.425733 65.356857 1.995969e+05
736420 65.515341 65.654019 64.178093 64.178093 1.300599e+05
736421 63.890832 64.088940 63.524323 63.821493 1.874131e+05
736424 63.266781 63.672908 62.900276 63.435177 1.970215e+05
736425 62.206886 62.573391 62.038494 62.127644 2.114836e+05
736426 61.880005 62.444621 61.572931 62.404998 3.092514e+05
736427 61.909720 62.028586 61.424346 61.582835 1.525456e+05
736428 61.761135 61.969155 60.869638 61.067750 7.102283e+04
736431 61.840380 62.434713 61.166803 61.315388 2.146534e+05
736432 61.572932 61.612555 60.889449 61.384727 7.092378e+04
736433 62.008774 62.811126 62.008774 62.652637 8.994244e+04
736434 63.296501 63.573854 62.543676 62.959711 1.216402e+05
736435 62.929992 63.890832 62.870561 63.534231 8.172083e+04
736438 64.188001 64.524786 63.890832 64.306863 8.934811e+04
736439 64.683278 64.861578 63.395553 64.039416 9.231977e+04
736440 64.703087 64.703087 64.039417 64.306863 9.717350e+04
736441 64.425733 64.425733 63.702624 64.019601 7.874916e+04
736442 63.762063 64.079040 62.821030 63.246969 1.341212e+05
736445 63.296500 63.880924 63.019142 63.811585 7.983878e+04
736446 64.158278 64.306863 63.276688 64.168186 9.568766e+04
736447 63.554047 63.920548 63.237065 63.534231 7.211244e+04
736448 63.217254 63.910640 62.840842 63.534231 1.168856e+05
736449 63.454986 63.643193 62.682353 63.246969 9.420183e+04
736452 63.019142 63.970078 63.019142 63.682816 8.598022e+04
736453 63.207349 63.445084 62.949803 63.098388 9.063583e+04
736454 62.613014 62.791314 62.276225 62.523864 2.999402e+05
736455 64.465356 64.980440 62.712071 63.385650 1.573993e+05
736456 63.276688 63.771962 62.414902 63.762062 1.245128e+05
736459 63.435177 63.702624 62.652637 63.395554 8.974433e+04
736460 63.494607 64.168186 63.365838 63.613477 6.270216e+04
736461 63.385650 64.079039 62.840841 63.316307 5.388622e+04
736462 63.722439 64.059223 62.622921 63.266780 7.052755e+04
736463 63.276687 63.742245 62.900275 63.256876 6.567383e+04
736466 63.663001 64.772425 63.663001 64.326678 1.795877e+05
736467 64.475255 64.574317 62.613014 63.207349 8.380100e+04
736468 65.455910 66.614858 64.693179 65.931373 5.024098e+05
736469 65.236312 65.236312 62.416360 63.270290 2.615410e+05
736470 63.449021 64.044785 62.982337 63.766762 8.718034e+04
736473 63.131279 63.736974 63.111419 63.240500 7.119397e+04
736474 63.597963 64.849066 63.597963 64.809347 8.777611e+04
736475 64.868929 64.868929 63.429161 63.965347 1.024717e+05
736476 64.382381 64.888784 63.836268 64.729917 1.634383e+05
736477 64.054715 64.858997 63.429161 64.561111 1.215361e+05
736481 64.402244 64.541255 63.200785 63.538385 1.130961e+05
736482 63.220641 64.660412 63.220641 64.392313 1.406999e+05
736483 64.471750 64.789491 64.193728 64.432031 1.415936e+05
736484 64.342671 64.451896 62.873113 64.392313 5.421466e+04
736487 64.739841 64.739841 64.024928 64.372457 5.808713e+04
736488 64.352594 64.461818 63.796548 63.955423 1.359338e+05
736489 63.975279 64.154009 63.369584 63.588032 1.107131e+05
736490 62.942617 63.449021 62.763888 62.962477 9.144999e+04
736491 62.356780 62.356780 61.085815 61.175181 2.244050e+05
736494 60.867368 61.284406 60.579414 60.589345 1.882619e+05
736495 60.450335 61.006380 59.884357 60.460262 1.406999e+05
736496 60.966665 61.026239 60.271604 60.380828 1.358345e+05
736497 59.775133 59.953862 59.109859 59.685768 2.136812e+05
736498 59.765201 60.887227 59.576543 60.480121 1.510265e+05
736501 61.602147 62.535512 61.512782 62.168124 1.253093e+05
736502 61.989394 62.724169 61.989394 62.585158 1.359338e+05
736503 63.012123 63.329865 61.999322 62.287276 1.097201e+05
736504 62.654664 63.300078 62.138338 63.151135 9.512388e+04
736505 60.907086 61.482991 59.814852 59.914144 9.651400e+04
736508 60.172308 60.251745 58.653108 59.457392 1.508280e+05
736509 60.559558 60.559558 59.536824 60.053155 1.003865e+05
736510 61.443276 62.475934 61.234756 62.277348 1.489414e+05
736511 62.138337 63.399370 61.761018 63.399370 1.746586e+05
736512 63.717111 65.176738 63.528454 64.878852 2.720662e+05
736516 63.985210 64.253302 63.647606 63.766762 1.363310e+05
736517 63.449021 64.193728 63.121348 63.548313 1.704882e+05
736518 63.190853 63.429161 62.535512 62.763888 1.018759e+05
736519 63.012124 63.985210 62.942618 63.796549 7.526503e+04
736522 64.322807 64.819278 64.044784 64.551187 8.042833e+04
736523 64.491605 64.491605 63.627750 64.193727 1.356359e+05
736524 63.836267 64.124221 63.161066 63.836267 1.149827e+05
736525 64.084503 64.372457 63.697256 63.697256 5.322171e+04
736526 64.024929 64.382381 63.121348 63.846199 7.625798e+04
736529 63.727042 64.173863 63.399369 63.607887 7.615868e+04
736530 63.538386 63.617819 63.002196 63.240500 4.756194e+04
736531 63.697256 64.193728 63.141207 63.945492 6.434267e+04
736532 63.935560 63.935560 62.704314 63.141207 1.284867e+05
736533 63.389442 63.935560 63.012123 63.687324 9.184717e+04
736536 64.005066 64.690200 63.727044 64.134146 5.620054e+04
736537 64.481681 65.027796 64.134146 64.541256 6.334973e+04
736538 64.610761 64.620693 63.409302 64.064640 9.194647e+04
736539 66.735657 68.969777 66.715801 68.165497 4.792933e+05
736540 67.480364 68.383945 66.358342 68.165497 2.941095e+05
736543 67.301634 68.105914 67.053398 68.026485 2.365189e+05
736544 67.371139 67.599520 67.103049 67.510151 1.731692e+05
736545 66.954105 67.768318 66.755520 67.669026 1.774388e+05
736546 67.659094 68.056273 66.745589 66.844882 9.879777e+04
736547 66.973961 67.510151 66.358342 67.510151 8.509516e+04
736550 67.917261 67.917261 66.537072 67.063330 1.263023e+05
736551 67.013681 67.311566 66.636366 66.904456 1.075357e+05
736552 67.391003 67.539938 66.924319 67.132836 1.147841e+05
736553 67.590677 67.739966 67.560811 67.670295 6.001646e+04
736554 67.272174 67.680250 66.684952 67.600624 7.275627e+04
736557 67.411522 67.779778 67.311987 67.610579 7.892711e+04
736558 67.560811 67.560811 66.784480 67.043260 6.499295e+04
736559 67.391612 67.391612 66.545611 66.794435 9.634483e+04
736560 66.893963 67.341852 66.734719 67.262226 8.569514e+04
736561 67.252272 67.441380 66.724765 67.172646 1.468064e+05
736564 67.580722 67.580722 66.983544 67.451328 6.280329e+04
736565 67.720062 68.058460 67.620533 67.829546 9.335893e+04
736566 67.570765 67.839501 67.361754 67.710107 5.922022e+04
736567 67.680250 68.078371 67.491142 67.769823 6.240517e+04
736568 67.859403 68.118182 67.381657 67.879306 7.146238e+04
736571 66.933776 67.700153 66.923822 67.152743 1.067955e+05
736572 67.192555 67.849448 66.744667 67.749920 1.508871e+05
736573 67.550864 68.367007 67.302040 68.108228 1.317774e+05
736574 67.779778 68.187854 67.321942 68.018647 5.474138e+04
736575 68.187853 68.506349 67.769822 67.939029 9.485188e+04
736579 67.501097 67.769823 67.232369 67.411523 9.952978e+04
736580 67.242317 68.376956 67.242317 68.267472 1.112743e+05
736581 68.406820 68.406820 67.650392 68.048513 1.156536e+05
736582 67.600624 68.048513 66.993492 66.993492 1.018190e+05
736585 65.948433 66.465985 65.430874 66.436127 1.957751e+05
736586 64.833697 65.610028 64.833697 64.903368 1.705940e+05
736587 64.017554 64.694356 63.709013 64.306191 3.507429e+05
736588 64.206662 66.426172 64.206662 66.157445 2.499193e+05
736589 66.028051 66.107677 65.619983 65.719512 1.339671e+05
736592 65.420927 66.018104 65.420927 65.729467 1.649208e+05
736593 65.639886 65.958382 65.231818 65.789182 1.884099e+05
736594 65.440830 66.684952 65.430875 66.645139 1.356591e+05
736595 66.406269 66.884008 66.018104 66.605326 1.661152e+05
736596 66.605327 67.929075 66.485896 67.401568 1.553660e+05
736599 66.575468 67.102975 66.465985 66.505798 1.081889e+05
736600 66.237071 67.152743 66.227116 66.893964 7.693652e+04
736601 66.684952 67.003447 66.416225 66.774525 7.504545e+04
736602 66.485896 66.983544 66.117632 66.266929 1.127672e+05
736603 66.674997 66.884008 65.639886 66.625236 6.698354e+04
736606 66.754623 66.903918 66.396315 66.665049 8.260972e+04
736607 66.645139 67.132833 66.645139 66.933776 1.817414e+05
736608 66.874060 67.093028 66.505798 66.585424 6.389812e+04
736609 65.928523 66.396314 65.610028 66.137535 1.039091e+05
736610 66.406270 66.416225 65.918576 66.256974 6.389812e+04
736613 66.426173 67.122885 66.426173 66.665049 4.349451e+04
736614 66.774524 66.844203 66.067864 66.346554 7.992241e+04
736615 66.057918 66.485896 66.057918 66.366457 6.359953e+04
736616 65.759324 66.694906 65.610027 66.247018 9.624529e+04
736617 66.625236 67.162698 66.525701 66.774525 6.559012e+04
736620 66.545612 66.903919 66.396315 66.446083 7.056661e+04
736621 66.983544 67.351800 66.724765 67.192556 8.280878e+04
736622 66.884008 67.033304 66.416224 66.635184 8.151489e+04
736623 66.495843 66.824293 66.137535 66.625236 7.285580e+04
736624 66.605326 67.043260 66.485895 66.495843 4.448981e+04
736627 66.893963 66.933776 66.485895 66.555566 4.369357e+04
736628 66.824292 66.824292 66.475940 66.505798 6.210658e+04
736629 66.127587 66.585424 66.047963 66.326644 9.236364e+04
736630 66.505799 66.595380 65.978292 66.446083 1.059992e+05
736631 66.436127 66.834248 65.958381 66.117632 8.917868e+04
736634 66.714810 66.714810 65.968336 66.157445 1.295878e+05
736635 66.475940 66.804390 65.500545 65.639886 1.242132e+05
736636 65.182051 65.291534 63.878213 64.286281 1.666129e+05
736637 64.236520 64.943180 64.166849 64.186752 9.803683e+04
736638 64.465435 64.992949 63.918026 64.634641 1.195353e+05
736641 66.127587 66.864106 66.107677 66.714810 1.005251e+05
736642 67.162698 68.635734 67.132833 67.889261 1.646223e+05
736643 66.018105 68.735264 65.719512 68.556109 2.731097e+05
736644 69.173196 69.461834 66.764578 67.461283 1.822390e+05
736645 67.879306 67.879306 66.356501 67.451328 1.592476e+05
736648 66.207206 66.227116 64.644588 65.182050 2.183683e+05
736649 64.127037 65.291534 64.127037 65.082522 1.535745e+05
736650 64.236520 64.933226 64.206662 64.843653 1.088856e+05
736651 64.992948 66.426172 64.813794 66.336599 9.624530e+04
736652 66.466303 66.815494 65.867682 66.526162 7.592443e+04
736655 66.286717 66.336598 66.067224 66.306668 5.297749e+04
736656 66.436365 66.635909 65.847731 66.346577 9.946998e+04
736657 65.867682 66.416416 65.608287 66.276739 8.570182e+04
736659 65.837752 66.067224 65.588328 65.777892 6.365281e+04
736662 65.997386 66.596000 65.917569 65.997386 1.199227e+05
736663 66.107132 66.147041 65.458631 65.568377 5.317703e+04
736664 65.338905 65.767913 64.620565 65.638216 1.744965e+05
736665 65.149348 65.149348 63.572991 63.772527 1.008668e+05
736666 63.902233 64.770221 63.742598 64.730312 7.801958e+04
736669 65.119411 65.648194 64.949804 65.388792 8.769720e+04
736670 65.847731 66.127084 65.448651 65.937519 8.749767e+04
736671 65.767913 67.114797 65.718033 66.865374 9.697575e+04
736672 66.566070 67.184635 66.466303 66.865374 8.630043e+04
736673 67.154706 67.234522 66.406436 66.665838 7.652304e+04
736676 66.845423 67.404129 66.596000 67.005058 8.769720e+04
736677 67.314340 67.503905 66.605979 67.074896 7.981543e+04
736678 66.705747 66.865374 66.077203 66.306668 1.378812e+05
736679 66.137062 68.232215 66.017336 67.493925 2.167987e+05
736680 67.593693 67.942884 67.513876 67.643581 1.791856e+05
736683 68.002751 68.292075 67.643580 67.853095 1.285028e+05
736684 67.883024 68.022700 67.583713 67.753327 1.047578e+05
736685 67.543805 68.152399 67.404129 67.703440 7.133504e+04
736686 67.783257 67.783257 66.995079 67.154706 4.439733e+04
736687 67.094846 67.813186 67.094846 67.583714 3.980795e+04
736691 67.783257 68.361914 67.733369 68.302054 4.629295e+04
736692 68.341963 68.341963 67.733369 67.853095 7.412858e+04
736693 67.992772 68.471660 67.942884 68.441730 7.073643e+04
736694 68.431751 68.780950 68.262145 68.601365 8.540251e+04
736698 68.870738 68.870738 67.932904 68.451709 1.563385e+05
736699 68.292075 68.790921 68.002751 68.501597 1.126395e+05
736700 67.843116 68.481639 67.783257 68.302054 1.082497e+05
736701 68.132447 69.010414 68.132447 68.990464 1.167301e+05
736704 69.269817 69.269817 68.541498 68.970506 1.419717e+05
736705 68.990465 69.499290 68.940576 69.100211 7.323066e+04
736706 67.444037 67.902976 65.438672 67.723390 7.263204e+05
736707 68.052631 69.758684 68.042652 69.399515 9.086987e+05
736708 68.721082 69.339655 68.521547 68.910647 4.399826e+05
736712 68.830830 68.960535 67.513876 68.032680 2.312652e+05
736713 68.192307 69.100211 68.032680 68.721083 3.049947e+05
736714 67.922934 69.489312 67.643581 69.319705 2.782565e+05
736715 69.728755 70.267510 69.100211 69.978178 1.798840e+05
736718 69.120162 69.459381 68.371892 69.209958 3.236516e+05
736719 68.870739 69.100212 68.112491 68.760992 1.960467e+05
736720 68.940577 69.878411 68.890697 69.479332 1.956476e+05
736721 69.309725 69.628987 69.090232 69.489311 9.408244e+04
736722 69.698825 69.828522 69.339655 69.609029 1.808817e+05
736725 69.479332 70.028066 69.040345 69.469353 1.899607e+05
736726 69.658918 70.327370 69.499291 70.018087 1.875663e+05
736727 70.457075 70.676560 69.349635 69.569128 2.042277e+05
736728 69.349635 70.137813 69.199980 69.768664 1.015651e+05
736729 70.197673 70.656610 70.057996 70.287461 1.584336e+05
736732 69.628987 69.778642 67.543805 67.593693 5.453389e+05
736733 67.813186 68.701133 67.783257 68.022701 1.535449e+05
736734 67.663531 67.932905 67.025008 67.164685 1.896614e+05
736735 67.454017 68.092540 67.154706 68.042652 1.524475e+05
736736 68.152399 69.050323 68.152399 68.681174 1.600299e+05
736739 68.930597 68.980485 68.312032 68.661224 1.632226e+05
736740 68.721083 69.309725 68.661224 69.209958 1.331920e+05
736741 68.421780 69.140120 68.282103 68.810879 1.394775e+05
736742 68.631294 70.407186 67.673510 70.147784 2.799526e+05
736743 69.708805 69.798593 68.062610 68.880718 2.096153e+05
736747 69.130141 69.838502 69.070281 69.818551 2.403442e+05
736748 69.339656 69.728755 69.080254 69.190000 2.648875e+05
736749 69.250000 69.489998 68.989998 69.379997 1.827000e+05
736750 69.269997 69.489998 68.360001 69.339996 1.736000e+05
736753 69.000000 69.389999 68.779999 69.300003 2.474000e+05
736754 69.529999 69.639999 68.019997 68.250000 2.456000e+05
736755 68.669998 69.519997 68.370003 69.330002 2.199000e+05
736756 68.989998 69.510002 68.839996 69.279999 2.081000e+05
736757 69.279999 69.440002 68.690002 69.120003 2.107000e+05
736760 69.440002 69.459999 69.019997 69.120003 1.721000e+05
736761 69.070000 69.180000 68.860001 69.029999 1.713000e+05
736762 68.800003 69.059998 68.500000 68.519997 9.720000e+04
736763 68.400002 68.599998 67.930000 68.160004 1.650000e+05
736764 68.480003 68.989998 68.120003 68.300003 2.866000e+05
