736397 7.090000 7.090000 6.900000 6.900000 1.000000e+03
736398 6.900000 6.900000 6.900000 6.900000 0.000000e+00
736399 6.900000 6.900000 6.900000 6.900000 0.000000e+00
736400 6.900000 6.900000 6.900000 6.900000 0.000000e+00
736403 6.650000 6.800000 6.570000 6.800000 8.000000e+02
736404 7.490000 7.590000 7.390000 7.500000 1.070000e+04
736405 7.700000 8.400000 7.700000 8.390000 1.330000e+04
736406 8.150000 8.340000 7.750000 7.993000 1.390000e+04
736407 8.017000 8.030000 7.941000 7.941000 1.000000e+03
736410 8.720000 9.400000 8.350000 8.750000 3.830000e+04
736411 8.900000 8.900000 8.419000 8.890000 3.120000e+04
736412 8.660000 8.860000 8.390000 8.390000 2.710000e+04
736413 8.479000 8.500000 8.340000 8.489000 2.800000e+03
736417 8.790000 8.790000 7.750000 8.360000 9.400000e+03
736418 8.150000 8.180000 8.150000 8.160000 1.100000e+03
736419 7.750000 8.140000 7.750000 8.010000 7.000000e+03
736420 7.610000 8.800000 7.610000 8.469000 1.090000e+04
736421 8.040000 8.400000 7.240000 8.199000 1.030000e+04
736424 8.340000 8.340000 8.340000 8.340000 1.700000e+03
736425 8.150000 8.300000 8.100000 8.100000 1.000000e+03
736426 8.092000 8.200000 8.092000 8.160000 1.200000e+03
736427 8.320000 8.390000 8.200000 8.340000 1.800000e+03
736428 8.419000 8.420000 8.160000 8.201000 5.000000e+03
736431 8.000000 8.250000 7.780000 8.030000 2.920000e+04
736432 7.890000 8.030000 7.650000 7.800000 6.110000e+04
736433 7.700000 7.790000 7.620000 7.760000 5.100000e+03
736434 7.560000 7.840000 7.560000 7.690000 3.010000e+04
736435 7.690000 7.690000 7.690000 7.690000 0.000000e+00
736438 7.880000 7.890000 7.843000 7.890000 3.000000e+03
736439 8.100000 8.200000 7.850000 7.850000 4.400000e+03
736440 7.850000 7.850000 7.750000 7.750000 3.100000e+03
736441 7.640000 7.640000 7.620000 7.630000 1.200000e+03
736442 7.620000 7.640000 7.620000 7.630000 1.700000e+03
736445 7.420000 7.481000 7.300000 7.300000 6.500000e+03
736446 7.300000 7.300000 7.300000 7.300000 0.000000e+00
736447 7.550000 7.780000 7.550000 7.680000 3.300000e+03
736448 7.790000 7.790000 7.000000 7.380000 1.500000e+03
736449 7.740000 7.740000 7.320000 7.390000 1.100000e+03
736452 7.520000 7.520000 7.280000 7.350000 6.000000e+02
736453 7.520000 7.520000 7.520000 7.520000 2.000000e+02
736454 7.520000 7.520000 7.520000 7.520000 0.000000e+00
736455 7.520000 7.520000 7.520000 7.520000 0.000000e+00
736456 7.230000 7.260000 7.214000 7.260000 4.000000e+02
736459 7.260000 7.260000 7.260000 7.260000 0.000000e+00
736460 6.500000 6.890000 6.250000 6.470000 6.200000e+03
736461 7.240000 7.240000 6.740000 6.740000 4.000000e+03
736462 6.740000 6.740000 6.740000 6.740000 0.000000e+00
736463 7.130000 7.130000 7.130000 7.130000 1.000000e+02
736466 6.740000 6.750000 6.214000 6.600000 4.600000e+03
736467 6.817000 6.817000 6.540000 6.540000 8.000000e+02
736468 6.680000 6.680000 6.450000 6.530000 1.060000e+04
736469 6.621000 6.670000 6.550000 6.550000 4.300000e+03
736470 6.580000 6.580000 6.510000 6.510000 6.000000e+02
736473 6.920000 7.020000 6.920000 7.020000 1.000000e+03
736474 6.870000 7.010000 6.760000 7.010000 8.000000e+02
736475 7.980000 8.190000 7.800000 8.080000 1.200000e+04
736476 7.900000 8.000000 7.710000 7.900000 1.350000e+04
736477 7.980000 8.190000 7.850000 7.850000 9.700000e+03
736481 7.680000 7.680000 7.500000 7.500000 3.900000e+03
736482 7.270000 7.270000 7.144000 7.149000 1.900000e+03
736483 7.120000 7.580000 7.120000 7.490000 5.500000e+03
736484 7.490000 7.580000 7.375000 7.475000 4.000000e+03
736487 7.190000 7.250000 7.000000 7.100000 7.500000e+03
736488 7.500000 7.500000 7.500000 7.500000 2.400000e+03
736489 7.270000 7.270000 7.015000 7.130000 3.600000e+03
736490 7.105000 7.210000 7.000000 7.157000 3.100000e+03
736491 7.160000 7.240000 7.000000 7.120000 2.500000e+03
736494 6.920000 6.930000 6.810000 6.920000 3.600000e+03
736495 7.159000 7.240000 7.100000 7.100000 2.400000e+03
736496 7.000000 7.170000 7.000000 7.170000 7.000000e+02
736497 6.980000 7.070000 6.780000 6.780000 1.500000e+03
736498 7.000000 7.100000 6.898000 6.898000 6.100000e+03
736501 6.990000 7.060000 6.910000 7.030000 6.100000e+03
736502 6.930000 7.300000 6.880000 7.010000 1.870000e+04
736503 7.110000 7.200000 7.000000 7.080000 9.700000e+03
736504 6.900000 7.000000 6.790000 6.800000 1.600000e+03
736505 6.840000 6.940000 6.800000 6.800000 3.200000e+03
736508 6.670000 7.000000 6.410000 6.800000 3.000000e+03
736509 6.700000 6.860000 6.551000 6.560000 1.500000e+03
736510 6.980000 6.980000 6.885000 6.975000 4.000000e+02
736511 7.000000 7.360000 7.000000 7.148000 4.800000e+03
736512 7.220000 7.340000 7.220000 7.250000 4.800000e+03
736516 7.020000 7.020000 6.760000 6.840000 6.000000e+03
736517 6.710000 6.790000 6.710000 6.710000 1.300000e+03
736518 6.850000 6.850000 6.850000 6.850000 1.000000e+02
736519 6.850000 6.850000 6.850000 6.850000 0.000000e+00
736522 6.790000 6.790000 6.610000 6.695000 5.600000e+03
736523 6.700000 6.980000 6.700000 6.870000 7.100000e+03
736524 6.909000 7.150000 6.909000 7.120000 1.630000e+04
736525 7.170000 7.290000 7.120000 7.250000 5.700000e+03
736526 7.340000 7.340000 7.190000 7.190000 3.400000e+03
736529 7.080000 7.080000 6.760000 6.970000 1.910000e+04
736530 6.890000 6.970000 6.740000 6.810000 3.900000e+03
736531 6.880000 7.340000 6.860000 6.980000 1.110000e+04
736532 7.038000 7.100000 6.900000 6.900000 5.800000e+03
736533 7.390000 7.390000 6.898000 7.200000 1.460000e+04
736536 6.960000 7.010000 6.770000 6.800000 2.190000e+04
736537 6.990000 6.990000 6.990000 6.990000 6.000000e+02
736538 6.940000 7.080000 6.844000 7.000000 8.100000e+03
736539 7.080000 7.300000 7.043000 7.260000 1.060000e+04
736540 7.250000 7.290000 7.020000 7.030000 1.630000e+04
736543 7.030000 7.120000 6.965000 7.050000 1.800000e+03
736544 7.000000 7.000000 6.900000 6.910000 3.500000e+03
736545 7.000000 7.090000 6.915000 7.085000 3.400000e+03
736546 7.030000 7.260000 7.030000 7.052000 2.400000e+03
736547 7.220000 7.220000 7.060000 7.136000 1.400000e+03
736550 7.030000 7.030000 6.970000 6.970000 1.900000e+03
736551 7.060000 7.060000 6.920000 7.000000 1.900000e+03
736552 7.200000 7.200000 6.934000 6.970000 1.400000e+03
736553 7.055000 7.055000 6.900000 6.930000 1.400000e+03
736554 6.910000 6.910000 6.910000 6.910000 1.000000e+02
736557 6.910000 6.987000 6.900000 6.987000 9.000000e+02
736558 6.900000 6.973000 6.900000 6.900000 1.200000e+03
736559 6.900000 6.900000 6.900000 6.900000 3.000000e+02
736560 6.900000 7.005000 6.900000 7.005000 9.000000e+02
736561 7.020000 7.020000 6.898000 6.898000 1.600000e+03
736564 6.740000 6.740000 6.740000 6.740000 1.000000e+02
736565 6.680000 6.830000 6.680000 6.800000 2.100000e+03
736566 7.080000 7.190000 7.080000 7.100000 5.400000e+03
736567 7.100000 7.130000 7.100000 7.106000 1.900000e+03
736568 7.119000 7.119000 7.119000 7.119000 5.000000e+02
736571 7.060000 7.080000 6.820000 6.990000 7.300000e+03
736572 6.980000 6.980000 6.980000 6.980000 2.000000e+02
736573 6.920000 6.920000 6.830000 6.910000 2.600000e+03
736574 6.910000 6.910000 6.910000 6.910000 0.000000e+00
736575 6.990000 6.990000 6.900000 6.900000 6.300000e+03
736579 7.370000 7.410000 7.110000 7.370000 5.200000e+03
736580 7.350000 7.480000 7.205000 7.320000 3.600000e+03
736581 7.260000 7.270000 7.110000 7.190000 1.300000e+03
736582 7.640000 7.640000 7.256000 7.256000 4.200000e+03
736585 7.300000 7.340000 7.180000 7.200000 1.400000e+03
736586 7.600000 8.174000 7.600000 7.760000 2.010000e+04
736587 8.530000 8.900000 8.400000 8.610000 2.010000e+04
736588 8.340000 8.340000 8.010000 8.200000 1.700000e+04
736589 8.120000 8.290000 8.115000 8.290000 1.080000e+04
736592 8.180000 8.270000 8.000000 8.270000 5.500000e+03
736593 8.300000 8.300000 8.020000 8.176000 7.000000e+03
736594 8.120000 8.269000 8.010000 8.010000 5.000000e+03
736595 8.160000 8.160000 7.835000 8.000000 7.700000e+03
736596 7.950000 8.140000 7.620000 8.140000 5.500000e+03
736599 7.940000 7.982000 7.744000 7.930000 6.600000e+03
736600 7.090000 7.740000 7.080000 7.620000 9.670000e+04
736601 7.540000 7.570000 7.270000 7.550000 2.250000e+04
736602 7.590000 7.900000 7.500000 7.600000 3.550000e+04
736603 7.880000 7.880000 7.550000 7.636000 1.140000e+04
736606 8.950000 8.950000 6.850000 7.430000 4.220000e+04
736607 7.285000 7.345000 7.055000 7.280000 3.880000e+04
736608 7.260000 7.260000 7.100000 7.110000 1.740000e+04
736609 7.150000 7.250000 7.120000 7.240000 1.160000e+04
736610 7.240000 7.300000 7.050000 7.250000 3.590000e+04
736613 7.250000 7.270000 7.020000 7.060000 2.190000e+04
736614 7.150000 7.150000 6.960000 6.960000 7.600000e+03
736615 7.000000 7.100000 6.880000 7.100000 1.280000e+04
736616 7.200000 7.200000 6.880000 6.880000 7.700000e+03
736617 7.100000 7.100000 6.790000 6.810000 1.150000e+04
736620 6.820000 7.000000 6.610000 6.800000 1.250000e+04
736621 7.047000 7.049000 6.800000 6.810000 1.900000e+03
736622 6.810000 6.810000 6.650000 6.670000 1.850000e+04
736623 6.670000 6.670000 6.600000 6.610000 5.300000e+03
736624 6.570000 6.570000 6.440000 6.481000 1.950000e+04
736627 6.510000 6.700000 6.510000 6.700000 7.900000e+03
736628 6.740000 6.740000 6.600000 6.700000 3.600000e+03
736629 6.730000 7.040000 6.670000 7.040000 1.790000e+04
736630 6.990000 6.990000 6.700000 6.910000 5.700000e+03
736631 6.760000 6.900000 6.760000 6.900000 3.900000e+03
736634 6.870000 6.870000 6.660000 6.660000 1.200000e+03
736635 6.980000 6.980000 6.660000 6.660000 1.500000e+03
736636 6.530000 6.630000 6.310000 6.609000 2.300000e+04
736637 6.520000 6.710000 6.310000 6.410000 8.600000e+03
736638 6.450000 6.650000 6.450000 6.605000 3.400000e+03
736641 6.830000 6.830000 6.600000 6.670000 4.900000e+03
736642 6.552000 6.640000 6.552000 6.640000 8.000000e+02
736643 6.600000 7.140000 6.360000 6.530000 3.400000e+03
736644 6.428000 6.428000 6.330000 6.350000 6.800000e+03
736645 6.450000 6.500000 6.410000 6.500000 1.230000e+04
736648 6.500000 6.500000 6.200000 6.470000 2.700000e+04
736649 6.470000 6.590000 6.410000 6.500000 4.000000e+04
736650 6.400000 6.490000 6.350000 6.470000 9.600000e+03
736651 6.350000 6.490000 6.300000 6.370000 2.300000e+03
736652 6.341000 6.400000 6.250000 6.390000 2.460000e+04
736655 6.400000 6.400000 6.340000 6.340000 4.900000e+03
736656 6.367000 6.369000 6.050000 6.100000 3.880000e+04
736657 6.072000 6.100000 5.960000 6.030000 2.890000e+04
736659 6.011000 6.020000 5.970000 6.000000 7.000000e+02
736662 6.210000 6.284000 6.130000 6.150000 1.680000e+04
736663 6.151000 6.250000 6.151000 6.200000 3.800000e+03
736664 6.180000 6.180000 6.100000 6.110000 1.900000e+03
736665 6.044000 6.390000 5.910000 6.100000 6.300000e+03
736666 6.120000 6.359000 5.970000 6.140000 1.430000e+04
736669 6.310000 6.400000 6.120000 6.140000 2.180000e+04
736670 5.980000 6.200000 5.980000 6.110000 1.800000e+04
736671 6.110000 6.171000 5.970000 6.070000 1.370000e+04
736672 6.059000 6.059000 6.000000 6.039000 1.000000e+03
736673 6.100000 6.490000 6.000000 6.330000 2.710000e+04
736676 6.300000 6.300000 6.050000 6.195000 8.900000e+03
736677 6.200000 6.200000 6.000000 6.053000 9.800000e+03
736678 6.050000 6.090000 5.893000 6.000000 9.300000e+03
736679 5.980000 6.090000 5.910000 5.910000 8.100000e+03
736680 6.070000 6.070000 5.790000 5.980000 4.100000e+03
736683 6.000000 6.000000 5.820000 5.960000 3.600000e+03
736684 6.080000 6.130000 5.830000 6.120000 8.400000e+03
736685 6.100000 6.110000 6.050000 6.110000 6.700000e+03
736686 6.030000 6.076000 6.010000 6.076000 8.300000e+03
736687 6.130000 6.180000 6.020000 6.180000 1.160000e+04
736691 6.190000 6.220000 6.100000 6.220000 2.900000e+03
736692 6.130000 6.161000 6.000000 6.010000 7.900000e+03
736693 5.960000 6.490000 5.800000 5.890000 1.080000e+04
736694 6.100000 6.100000 5.950000 5.950000 3.000000e+02
736698 6.130000 6.137000 6.000000 6.010000 2.200000e+03
736699 6.010000 6.110000 6.010000 6.010000 1.900000e+03
736700 6.130000 6.130000 6.030000 6.031000 8.000000e+02
736701 6.040000 6.490000 6.010000 6.080000 8.400000e+03
736704 6.490000 6.490000 6.000000 6.230000 2.940000e+04
736705 6.210000 6.245000 6.050000 6.110000 2.070000e+04
736706 6.500000 6.500000 6.231000 6.231000 2.400000e+03
736707 6.290000 6.470000 6.190000 6.225000 9.200000e+03
736708 6.230000 6.420000 6.200000 6.220000 7.400000e+03
736712 6.200000 6.200000 5.860000 6.110000 6.540000e+04
736713 6.008000 6.090000 5.861000 6.040000 3.010000e+04
736714 5.880000 5.960000 5.800000 5.820000 1.970000e+04
736715 5.910000 5.950000 5.800000 5.930000 2.050000e+04
736718 5.990000 5.990000 5.100000 5.770000 1.940000e+05
736719 5.890000 5.890000 5.590000 5.760000 4.160000e+04
736720 5.660000 5.940000 5.427000 5.800000 9.400000e+03
736721 5.800000 5.800000 5.620000 5.640000 1.050000e+04
736722 5.640000 5.841000 5.630000 5.810000 3.400000e+03
736725 5.810000 5.860000 5.670000 5.780000 1.170000e+04
736726 5.665000 5.810000 5.660000 5.770000 3.800000e+03
736727 5.830000 6.090000 5.830000 6.010000 2.400000e+03
736728 6.030000 6.090000 5.900000 5.960000 1.130000e+04
736729 6.000000 6.090000 6.000000 6.090000 3.000000e+02
736732 6.150000 6.260000 6.140000 6.260000 7.500000e+03
736733 6.310000 6.320000 6.070000 6.200000 1.110000e+04
736734 6.360000 6.490000 6.250000 6.390000 1.960000e+04
736735 6.310000 6.900000 6.310000 6.640000 5.010000e+04
736736 6.530000 7.000000 6.510000 6.850000 2.660000e+04
736739 6.690000 6.980000 6.498000 6.560000 1.300000e+04
736740 6.670000 6.900000 6.600000 6.600000 1.530000e+04
736741 6.560000 6.600000 6.427000 6.600000 1.700000e+03
736742 6.420000 6.590000 6.400000 6.400000 4.300000e+03
736743 6.410000 6.580000 6.410000 6.450000 3.500000e+03
736747 6.530000 6.530000 6.210000 6.413000 3.500000e+03
736748 6.550000 6.590000 6.499000 6.510000 9.700000e+03
736749 6.700000 6.790000 6.440000 6.690000 3.140000e+04
736750 6.650000 6.690000 6.560000 6.690000 3.420000e+04
736753 6.700000 6.750000 6.590000 6.700000 1.050000e+04
736754 6.760000 6.760000 6.050000 6.570000 9.100000e+03
736755 6.400000 6.850000 6.250000 6.560000 6.200000e+03
736756 6.400000 6.460000 6.400000 6.450000 4.800000e+03
736757 6.410000 6.410000 6.260000 6.310000 1.500000e+03
736760 6.315000 6.315000 6.000000 6.189000 6.200000e+03
736761 6.270000 6.640000 6.079000 6.260000 5.000000e+03
736762 6.060000 6.160000 5.930000 6.024000 1.740000e+04
736763 5.970000 6.040000 5.840000 5.890000 6.200000e+03
736764 5.950000 5.980000 5.950000 5.950000 8.000000e+02
