736034 6.503559 6.503559 6.445073 6.450922 4.415636e+04
736035 6.524868 6.524868 6.471628 6.507121 4.211882e+04
736036 6.483458 6.507120 6.471627 6.495289 4.205966e+04
736039 6.513036 6.560361 6.489374 6.530783 4.519491e+04
736040 6.477543 6.507120 5.921480 6.051622 3.509113e+05
736041 6.075284 6.294160 6.063453 6.282329 1.769937e+05
736042 6.282329 6.382894 6.252751 6.270498 9.405747e+04
736043 6.329654 6.359232 6.229090 6.359232 9.322930e+04
736046 6.382894 6.382894 6.300076 6.359232 5.489644e+04
736047 6.371063 6.371063 6.211343 6.341485 3.732721e+04
736048 6.412472 6.412472 6.305992 6.317823 5.501475e+04
736049 6.270498 6.335570 6.270498 6.288245 3.277223e+04
736050 6.317822 6.317822 6.258667 6.282329 5.128794e+04
736053 6.305992 6.317823 6.270498 6.317823 4.418927e+04
736054 6.359232 6.359232 6.264583 6.300076 3.791877e+04
736055 6.323739 6.353316 6.235005 6.276414 5.270768e+04
736056 6.276413 6.317822 6.270498 6.282329 6.483458e+04
736060 6.282330 6.365148 6.282330 6.317823 4.383433e+04
736061 6.329654 6.400641 6.317823 6.388810 5.081470e+04
736062 6.424303 6.430219 6.359232 6.424303 4.276953e+04
736063 6.388809 6.406556 6.359232 6.394725 5.122879e+04
736064 6.430218 6.436134 6.371062 6.418387 4.762029e+04
736067 6.403425 6.481224 6.403425 6.421379 3.536845e+04
736068 6.415395 6.451302 6.403426 6.439333 3.088007e+04
736069 6.439333 6.517132 6.439333 6.505163 2.675076e+04
736070 6.505162 6.517131 6.415394 6.481224 5.900727e+04
736071 6.445318 6.493194 6.421380 6.445318 4.344755e+04
736074 6.475240 6.499178 6.451302 6.475240 2.495541e+04
736075 6.493193 6.505162 6.433348 6.433348 2.758859e+04
736076 6.505163 6.523117 6.469256 6.493194 3.740319e+04
736077 6.481224 6.505163 6.463271 6.487209 2.764844e+04
736078 6.523116 6.529101 6.487209 6.511147 5.194555e+04
736081 6.487209 6.523117 6.469256 6.493194 3.327388e+04
736082 6.493194 6.499178 6.463271 6.475240 3.261558e+04
736083 6.499178 6.499178 6.433348 6.451302 4.799577e+04
736084 6.445318 6.463271 6.295705 6.343581 9.174254e+04
736085 6.385472 6.433348 6.325627 6.349565 4.931236e+04
736088 6.379488 6.397442 6.337596 6.391457 4.422553e+04
736089 6.301689 6.391457 6.301689 6.343581 5.607486e+04
736090 6.343581 6.343581 6.223890 6.277751 7.911522e+04
736091 6.385473 6.391457 6.158061 6.259798 8.779277e+04
736092 6.223891 6.289721 6.199953 6.283736 6.594931e+04
736095 6.301689 6.391457 6.301689 6.385472 6.283735e+04
736096 6.343581 6.385473 6.229875 6.259798 1.150821e+05
736097 6.262826 6.299167 6.184086 6.208314 8.031438e+04
736098 6.232541 6.293110 6.232541 6.250712 6.868515e+04
736099 6.250712 6.268883 6.141688 6.153802 9.382125e+04
736102 6.147745 6.202257 6.129574 6.178029 6.674694e+04
736103 6.178030 6.178030 6.123518 6.153802 5.039334e+04
736104 6.141688 6.165915 6.123517 6.135631 6.062948e+04
736105 6.153802 6.171972 6.123517 6.129574 2.598406e+04
736106 6.117461 6.129574 6.081119 6.099290 3.682590e+04
736110 6.117461 6.117461 5.796446 5.881242 2.483931e+05
736111 5.899413 5.996323 5.899413 5.984209 5.923640e+04
736112 5.978152 6.099290 5.978152 6.075062 4.270108e+04
736113 6.087176 6.099290 6.020550 6.044778 5.966038e+04
736116 6.069005 6.093233 6.032664 6.093233 3.537225e+04
736117 6.050835 6.117461 6.050835 6.093233 4.227710e+04
736118 6.099290 6.099290 6.020550 6.038721 5.202870e+04
736119 5.990266 6.044778 5.966038 6.032664 3.852183e+04
736120 6.020550 6.020550 5.966038 5.978152 6.262826e+04
736123 5.972095 6.014493 5.875184 5.899412 8.812777e+04
736124 5.899412 5.905469 5.857014 5.857014 6.608069e+04
736125 5.857014 5.911526 5.820672 5.844900 7.498431e+04
736126 5.682287 5.909333 5.547286 5.866378 1.522436e+05
736127 5.823424 5.884788 5.645469 5.712969 1.421799e+05
736130 5.633195 5.700696 5.467513 5.528877 1.775254e+05
736131 5.479786 5.522740 5.277285 5.436831 2.703688e+05
736132 5.412286 5.553422 5.393876 5.516604 1.260412e+05
736133 5.498196 5.627060 5.498196 5.553423 5.467514e+04
736134 5.571832 5.768196 5.553423 5.749787 1.123571e+05
736137 5.768195 5.768195 5.553422 5.565695 8.640020e+04
736138 5.528877 5.547286 5.455240 5.485922 8.775021e+04
736139 5.492059 5.498195 5.436831 5.461377 8.210475e+04
736140 5.467514 5.467514 5.357059 5.375468 1.034593e+05
736141 5.381604 5.381604 5.258876 5.289558 6.731607e+04
736144 5.289559 5.289559 5.074785 5.148422 1.414435e+05
736145 5.148422 5.209785 5.013421 5.123876 8.609339e+04
736146 5.142285 5.258876 5.117740 5.203649 5.522741e+04
736147 5.203649 5.344786 5.203649 5.301831 5.449104e+04
736151 5.301831 5.369331 5.283422 5.332513 4.847739e+04
736152 5.314104 5.461377 5.314104 5.430695 5.823423e+04
736153 5.400013 5.461377 5.393876 5.418422 3.829100e+04
736154 5.424558 5.473649 5.283422 5.320240 4.602284e+04
736155 5.357059 5.375468 5.240468 5.277286 6.602744e+04
736158 5.215199 5.333162 5.066194 5.091028 1.047386e+05
736159 5.091028 5.115863 4.904771 4.923397 1.637200e+05
736160 4.904771 4.923397 4.799225 4.861311 8.518159e+04
736161 4.861311 4.910980 4.625385 4.718514 1.349743e+05
736162 4.761974 4.774391 4.637802 4.730931 9.145225e+04
736165 4.761974 4.768182 4.538465 4.625385 9.828167e+04
736166 4.588134 4.706097 4.532257 4.637803 6.264449e+04
736167 4.631595 4.687472 4.631595 4.668846 3.718935e+04
736168 4.687471 4.749557 4.575717 4.644011 7.853842e+04
736169 4.606760 4.693680 4.513631 4.544674 7.822800e+04
736172 4.501214 4.625386 4.445337 4.563300 8.567829e+04
736173 4.581925 4.581925 4.495005 4.513631 1.005788e+05
736174 4.507422 4.612968 4.507422 4.569508 3.278125e+04
736175 4.526048 4.644011 4.519839 4.612968 4.997899e+04
736176 4.637803 4.761974 4.637803 4.706097 3.781020e+04
736179 4.712305 4.724722 4.606759 4.625385 4.463962e+04
736180 4.606760 4.619177 4.526048 4.532257 3.191206e+04
736181 4.557092 4.557092 4.346000 4.352209 7.301281e+04
736182 4.346000 4.383252 4.172160 4.246663 6.345160e+04
736183 4.246663 4.339792 4.184577 4.333583 4.178369e+04
736186 4.333583 4.333583 4.103866 4.228037 9.747457e+04
736187 4.147325 4.203202 3.942442 4.035571 1.157278e+05
736188 3.934682 4.130155 3.852709 4.123849 8.859339e+04
736189 4.098627 4.325628 4.079711 4.300406 6.961361e+04
736190 4.268877 4.319322 4.167988 4.231044 3.209540e+04
736193 4.180600 4.256267 4.130155 4.161683 4.470656e+04
736194 4.161683 4.218433 4.123849 4.186905 2.351981e+04
736195 4.212127 4.275183 4.155377 4.262572 2.818594e+04
736196 4.275184 4.325628 4.262573 4.300406 2.730316e+04
736197 4.287794 4.287794 4.224739 4.262572 5.258854e+04
736200 4.111239 4.111239 3.531125 3.985127 1.415603e+05
736201 4.048183 4.048183 3.852710 3.877932 6.103802e+04
736202 3.909459 3.928376 3.726598 3.884237 8.840423e+04
736203 3.859015 3.959905 3.821182 3.940988 5.227326e+04
736204 3.959904 4.022960 3.928376 3.991432 4.647212e+04
736207 3.934682 4.016654 3.915765 3.978821 6.179468e+04
736208 3.966209 3.991432 3.915765 3.928376 4.313016e+04
736209 3.947293 3.972516 3.909460 3.953599 4.382378e+04
736210 3.953599 4.054488 3.953599 3.985127 4.722880e+04
736211 3.978821 4.004044 3.972516 3.997738 3.802265e+04
736215 4.079710 4.174294 4.048182 4.174294 6.021829e+04
736216 4.193211 4.256267 4.117544 4.117544 5.031853e+04
736217 4.104932 4.155377 4.092321 4.111238 4.937269e+04
736218 4.117642 4.130449 4.040796 4.111238 4.335371e+04
736221 4.143257 4.168872 4.060007 4.104834 2.663980e+04
736222 4.104835 4.104835 4.021585 4.066412 4.207296e+04
736223 4.040797 4.162469 3.976759 4.066412 1.035494e+05
736224 4.066412 4.162469 4.015182 4.130450 6.679162e+04
736225 4.111239 4.540293 4.111239 4.540293 1.314700e+05
736228 4.495466 4.565908 4.405813 4.469851 6.519066e+04
736229 4.450640 4.476255 4.412217 4.476255 5.148654e+04
736230 4.437832 4.476255 4.296949 4.476255 5.545689e+04
736231 4.482659 4.533889 4.354583 4.482659 7.210677e+04
736232 4.540292 4.540292 4.354582 4.360986 6.967332e+04
736235 4.303352 4.418621 4.072815 4.213699 8.228880e+04
736236 4.245718 4.252122 4.066412 4.066412 5.289537e+04
736237 4.130449 4.130449 4.002373 4.047200 3.983162e+04
736238 4.085623 4.130450 4.021585 4.021585 3.944739e+04
736239 4.162469 4.162469 4.002374 4.008778 4.200892e+04
736242 4.072816 4.354583 4.021585 4.348179 6.230896e+04
736243 4.393006 4.546697 4.360987 4.482659 1.043179e+05
736244 4.527485 4.546696 4.469851 4.521081 1.008598e+05
736245 4.546696 4.623542 4.527485 4.610734 1.058548e+05
736246 4.591523 4.610735 4.527485 4.597927 6.986544e+04
736249 4.636349 4.681176 4.508273 4.546696 5.955531e+04
736250 4.527210 4.598658 4.436276 4.494734 5.559960e+04
736251 4.520715 4.520715 4.416791 4.514220 3.052782e+04
736252 4.533706 4.546697 4.442772 4.527211 3.293108e+04
736253 4.533706 4.579173 4.507725 4.553192 7.599479e+04
736256 4.566182 4.579173 4.475248 4.514220 5.365102e+04
736257 4.501230 4.546697 4.488240 4.520716 2.383768e+04
736258 4.579173 4.579173 4.481744 4.481744 2.851428e+04
736259 4.475248 4.507725 4.449267 4.488239 2.370777e+04
736260 4.507725 4.507725 4.449267 4.488239 1.968070e+04
736263 4.475249 4.579173 4.403801 4.410296 2.097976e+04
736264 4.416791 4.416791 4.286885 4.299876 5.228701e+04
736265 4.338848 4.436277 4.273895 4.410296 3.715301e+04
736266 4.410295 4.423286 4.338847 4.358333 4.644125e+04
736267 4.390810 4.390810 4.299876 4.325857 4.092027e+04
736270 4.306371 4.397305 4.286885 4.371324 4.676602e+04
736271 4.403801 4.592164 4.384315 4.592164 7.612470e+04
736272 4.559688 4.559688 4.416791 4.455763 8.599752e+04
736273 4.468753 4.501230 4.423286 4.436277 5.423560e+04
736274 4.436277 4.462258 4.351838 4.377819 1.203575e+05
736277 4.416791 4.449267 4.351838 4.351838 6.475795e+04
736278 4.351839 4.475249 4.351839 4.384315 7.631956e+04
736279 4.429781 4.442772 4.384314 4.397305 4.468753e+04
736280 4.384120 4.410491 4.351157 4.364342 4.515973e+04
736281 4.364342 4.370935 4.285230 4.285230 4.469825e+04
736284 4.272044 4.272044 4.087450 4.219303 9.724175e+04
736285 4.219303 4.324785 4.113820 4.173154 6.500363e+04
736286 4.179747 4.225895 4.140191 4.173154 7.614523e+04
736287 4.206118 4.324786 4.192932 4.278637 6.981628e+04
736288 4.305008 4.483010 4.305008 4.423676 4.614863e+04
736291 4.430268 4.443454 4.370934 4.436861 4.581900e+04
736292 4.417083 4.430269 4.364342 4.403898 4.278637e+04
736293 4.384120 4.483010 4.344564 4.463232 4.370935e+04
736295 4.483010 4.588492 4.450046 4.496195 3.850114e+04
736298 4.469825 4.522566 4.450047 4.502788 5.234573e+04
736299 4.535751 4.535751 4.417083 4.430268 3.236996e+04
736300 4.436861 4.436861 4.206118 4.245674 5.135683e+04
736301 4.232489 4.285230 4.192933 4.245674 5.359834e+04
736302 4.239081 4.285229 4.166561 4.173154 5.649910e+04
736305 4.206118 4.206118 4.120414 4.133599 4.529159e+04
736306 4.120413 4.140191 4.021523 4.061079 3.876485e+04
736307 4.067672 4.140191 4.034709 4.087450 3.691890e+04
736308 4.087450 4.087450 4.014930 4.041301 4.555529e+04
736309 4.001090 4.007792 3.820136 3.873752 1.235848e+05
736312 3.853645 3.867049 3.216956 3.243764 3.072193e+05
736313 3.243764 3.444824 3.243764 3.397910 1.408759e+05
736314 3.283976 3.592268 3.283976 3.451526 1.833665e+05
736315 3.451526 3.578864 3.438122 3.458228 1.018033e+05
736316 3.411314 3.531950 3.391208 3.424718 2.637234e+05
736319 3.411314 3.505142 3.364400 3.451526 9.463213e+04
736320 3.464930 3.498440 3.458228 3.498440 1.047521e+05
736321 3.505142 3.639182 3.458228 3.619076 1.018703e+05
736322 3.558758 3.739712 3.558758 3.672692 5.723502e+04
736326 3.639182 3.706202 3.552056 3.632480 7.077304e+04
736327 3.625778 3.665990 3.478334 3.491738 1.007309e+05
736328 3.485036 3.592268 3.451526 3.518546 1.509959e+05
736329 3.545354 3.679394 3.518546 3.659288 1.078351e+05
736333 3.639182 3.840242 3.639182 3.786626 6.440615e+04
736334 3.800029 3.853645 3.719605 3.846943 6.460720e+04
736335 3.759817 3.934069 3.759817 3.934069 1.073659e+05
736336 3.954176 3.954176 3.726308 3.746414 7.445914e+04
736337 3.766520 3.826838 3.746414 3.826838 5.348190e+04
736340 3.813434 3.813434 3.699500 3.739712 7.781014e+04
736341 3.739712 3.766520 3.485036 3.619076 1.113871e+05
736342 3.564858 3.564858 3.273434 3.293766 1.509982e+05
736343 3.253101 3.286988 3.009119 3.151442 1.766841e+05
736344 3.049782 3.144665 2.873573 3.131110 1.582498e+05
736348 3.090447 3.090447 2.826132 2.866796 1.571655e+05
736349 2.880351 2.880351 2.588927 2.799023 1.530991e+05
736350 2.799023 2.975233 2.717695 2.893905 9.345890e+04
736351 2.893906 3.036229 2.846464 2.995565 6.025016e+04
736354 3.015897 3.015897 2.785468 2.866796 5.184631e+04
736355 2.860019 3.083670 2.846464 3.070115 8.871480e+04
736356 3.056560 3.056560 2.914237 2.961678 4.168037e+04
736357 3.009119 3.036228 2.948123 3.036228 2.961678e+04
736358 3.036229 3.171775 3.022674 3.158220 3.788509e+04
736361 3.151443 3.164997 3.090447 3.158220 1.511337e+04
736362 3.151443 3.164998 3.083670 3.083670 4.344247e+04
736363 3.137888 3.192107 3.083670 3.178552 3.205661e+04
736364 3.185329 3.246324 3.104001 3.212438 2.236507e+04
736365 3.219215 3.239547 3.164997 3.171774 3.585189e+04
736368 3.124333 3.144665 3.049783 3.056560 5.347286e+04
736369 3.056560 3.104001 2.880350 2.893905 2.724473e+04
736370 2.893905 3.029451 2.731250 2.846464 3.639408e+04
736371 2.791460 2.805211 2.633323 2.722705 5.837315e+04
736372 2.757083 2.873967 2.757083 2.839589 2.674577e+04
736376 2.853340 2.894593 2.853340 2.867091 1.753257e+04
736377 2.894593 2.997726 2.894593 2.963348 5.892318e+04
736378 3.018352 3.121485 2.990850 3.066481 4.984751e+04
736379 3.032103 3.093983 2.949597 3.032103 3.245244e+04
736382 3.087107 3.128361 3.059605 3.121485 2.021402e+04
736383 3.107734 3.155863 3.100859 3.155863 1.223842e+04
736384 3.107734 3.135236 3.038979 3.135236 1.581369e+04
736385 3.162739 3.162739 3.080232 3.142112 7.184917e+04
736386 3.162738 3.313999 3.155862 3.313999 4.744106e+04
736389 3.265870 3.369003 3.265870 3.313999 3.568393e+04
736390 3.369003 3.437759 3.334626 3.430883 3.300248e+04
736391 3.410257 3.733406 3.410257 3.650900 5.507290e+04
736392 3.747157 3.809037 3.678402 3.774659 7.748708e+04
736393 3.815912 3.815912 3.712779 3.760908 5.631049e+04
736396 3.774659 3.809037 3.733406 3.760908 4.125310e+04
736397 3.760908 3.774659 3.644024 3.664651 3.582145e+04
736398 3.678402 3.678402 3.602771 3.637149 4.187190e+04
736399 3.644025 3.644025 3.575269 3.609647 1.491987e+04
736400 3.665287 3.693107 3.616602 3.665287 2.552486e+04
736403 3.630512 3.651377 3.560962 3.581827 2.552486e+04
736404 3.554007 3.665287 3.477502 3.602692 3.901757e+04
736405 3.547052 3.602692 3.470547 3.554007 2.872417e+04
736406 3.512276 3.686151 3.491411 3.630511 4.485976e+04
736407 3.567917 3.811342 3.567917 3.790477 6.273413e+04
736410 3.804387 3.804387 3.755702 3.769612 2.691586e+04
736411 3.769612 3.839162 3.693107 3.811342 2.149096e+04
736412 3.741792 3.811342 3.707017 3.707017 2.142141e+04
736413 3.734837 3.860027 3.707017 3.832207 4.729402e+04
736417 3.839162 3.894802 3.644422 3.651377 6.600299e+04
736418 3.644422 3.825252 3.644422 3.776567 4.284282e+04
736419 3.825252 3.860027 3.734837 3.804387 4.263417e+04
736420 3.804387 3.964352 3.804387 3.894802 6.843724e+04
736421 3.866982 3.915667 3.811342 3.860027 2.802866e+04
736424 3.866982 3.943487 3.866982 3.894802 2.795911e+04
736425 3.894802 3.894802 3.866982 3.866982 2.350791e+04
736426 3.887847 3.957397 3.832207 3.887847 3.414907e+04
736427 3.880892 3.943487 3.839162 3.929577 5.480543e+04
736428 3.971307 4.082587 3.825252 4.013037 8.714619e+04
736431 4.047812 4.152137 4.047812 4.138227 8.700709e+04
736432 4.131272 4.277327 4.040857 4.207777 9.424029e+04
736433 4.214802 4.348271 4.200753 4.320172 3.997037e+04
736434 4.418517 4.418517 4.228851 4.270999 1.938809e+04
736435 4.263974 4.306122 4.221826 4.270999 3.680927e+04
736438 4.228851 4.306122 4.221826 4.249925 6.034191e+04
736439 4.263975 4.334221 4.256950 4.320172 2.816893e+04
736440 4.278024 4.355295 4.278024 4.313147 2.381363e+04
736441 4.320172 4.320172 4.214802 4.235876 3.435064e+04
736442 4.228850 4.278023 4.228850 4.256949 2.718547e+04
736445 4.242901 4.285049 4.228851 4.278024 2.325166e+04
736446 4.278024 4.334221 4.228851 4.313147 5.022639e+04
736447 4.299098 4.355295 4.242900 4.334221 2.704498e+04
736448 4.341246 4.348271 4.214802 4.235876 6.153611e+04
736449 4.270999 4.270999 4.130506 4.249925 6.294104e+04
736452 4.278024 4.334221 4.214802 4.228851 5.366847e+04
736453 4.193728 4.193728 4.144555 4.144555 3.133003e+04
736454 4.144555 4.285048 4.039185 4.228851 1.299564e+05
736455 4.270999 4.270999 4.179678 4.249925 2.781769e+04
736456 4.263974 4.263974 4.186703 4.242900 2.978460e+04
736459 4.249925 4.369344 4.200752 4.285048 5.001564e+04
736460 4.285048 4.355295 4.249925 4.327196 3.442088e+04
736461 4.214801 4.256949 3.645803 3.814395 2.916642e+05
736462 3.828602 3.835705 3.587095 3.601301 9.475612e+04
736463 3.558682 3.636816 3.459238 3.615507 8.367519e+04
736466 3.608404 3.693641 3.608404 3.629713 4.205069e+04
736467 3.643920 3.672332 3.565785 3.615507 3.885427e+04
736468 3.615507 3.672333 3.487651 3.508960 4.055903e+04
736469 3.501857 3.565785 3.452135 3.473444 4.403958e+04
736470 3.530269 3.558681 3.466340 3.544475 3.793085e+04
736473 3.579991 3.579991 3.480547 3.544475 4.340029e+04
736474 3.572888 3.615507 3.551579 3.572888 3.771776e+04
736475 3.558681 3.651022 3.551578 3.587094 3.033048e+04
736476 3.622611 3.622611 3.544476 3.551579 3.160905e+04
736477 3.565785 3.594198 3.551579 3.558682 3.239040e+04
736481 3.516063 3.601301 3.508960 3.551579 4.631259e+04
736482 3.530269 3.615507 3.523166 3.601301 2.940707e+04
736483 3.587094 3.693641 3.558681 3.679435 3.750467e+04
736484 3.693641 3.800189 3.693641 3.771776 5.433915e+04
736487 3.750467 3.977768 3.750467 3.949355 8.481169e+04
736488 3.970664 3.970664 3.913839 3.949355 2.713406e+04
736489 3.963562 3.963562 3.864118 3.885427 4.453680e+04
736490 3.871220 3.963561 3.800189 3.857014 5.533359e+04
736491 3.849911 3.906736 3.807292 3.871220 5.753556e+04
736494 3.849674 3.878403 3.734758 3.820945 3.440287e+04
736495 3.756305 3.770670 3.741941 3.749123 4.948555e+04
736496 3.770669 3.871220 3.734758 3.828127 6.543009e+04
736497 3.820945 3.885585 3.741941 3.849674 3.713212e+04
736498 3.892767 3.907131 3.849673 3.871220 7.785533e+04
736501 3.914314 3.914314 3.878403 3.885585 3.433105e+04
736502 3.907132 3.907132 3.878403 3.907132 2.183397e+04
736503 3.907132 3.914314 3.878403 3.878403 2.233673e+04
736504 3.914314 3.921496 3.878403 3.914314 2.420411e+04
736505 3.835309 3.921496 3.806580 3.899949 4.417069e+04
736508 3.878403 3.878403 3.734759 3.777852 6.938032e+04
736509 3.820945 3.842492 3.792216 3.813763 2.908802e+04
736510 3.813763 3.907132 3.813763 3.907132 2.470686e+04
736511 3.928679 3.950225 3.878403 3.935861 3.174545e+04
736512 3.950225 4.043594 3.928678 4.022047 4.129780e+04
736516 4.065141 4.065141 3.986136 4.036412 4.496075e+04
736517 4.000501 4.445799 3.986137 4.187239 1.010539e+05
736518 4.187238 4.215967 4.079505 4.122598 5.717052e+04
736519 4.115416 4.237514 4.093870 4.230332 5.544680e+04
736522 4.244697 4.302154 4.201603 4.287790 6.478369e+04
736523 4.266244 4.323701 4.237515 4.280608 8.633038e+04
736524 4.244331 4.273352 4.208055 4.215310 3.750973e+04
736525 4.208055 4.309629 4.179034 4.251587 4.106482e+04
736526 4.244331 4.258842 4.208055 4.215310 3.946865e+04
736529 4.186289 4.280608 4.186289 4.258842 2.640917e+04
736530 4.258842 4.324139 4.229821 4.295118 2.749746e+04
736531 4.338650 4.338650 4.273352 4.324139 3.591357e+04
736532 4.324140 4.324140 4.273353 4.309629 1.298693e+04
736533 4.316884 4.345905 4.273352 4.316884 6.907014e+04
736536 4.324139 4.345905 4.244331 4.258842 3.054468e+04
736537 4.287863 4.316884 4.229821 4.237076 3.526060e+04
736538 4.273352 4.273352 4.179034 4.237076 5.376153e+04
736539 4.222565 4.287863 4.193544 4.266097 2.372472e+04
736540 4.244331 4.345905 4.222565 4.244331 6.442677e+04
736543 4.208055 4.316884 4.208055 4.302373 5.296345e+04
736544 4.316884 4.316884 4.244332 4.251587 4.708669e+04
736545 4.244331 4.309628 4.244331 4.302373 2.633662e+04
736546 4.302373 4.309629 4.229821 4.295118 5.484982e+04
736547 4.295118 4.345905 4.222565 4.273352 1.047660e+05
736550 4.273352 4.331395 4.258842 4.287863 3.721952e+04
736551 4.302373 4.331395 4.280608 4.316884 4.447479e+04
736552 4.331394 4.353160 4.295118 4.345905 9.446358e+04
736553 4.375220 4.389877 4.301933 4.367891 5.122745e+04
736554 4.331247 4.433849 4.331247 4.382548 6.163416e+04
736557 4.382548 4.411862 4.367890 4.375219 5.240003e+04
736558 4.367891 4.404534 4.331248 4.345905 4.426520e+04
736559 4.345904 4.360562 4.323918 4.331247 3.187974e+04
736560 4.301932 4.411862 4.301932 4.331247 5.430548e+04
736561 4.294604 4.331248 4.287276 4.301933 3.078044e+04
736564 4.360562 4.360562 4.257961 4.301933 4.177346e+04
736565 4.294604 4.353234 4.287276 4.323919 2.858184e+04
736566 4.345905 4.375220 4.294605 4.309262 2.924142e+04
736567 4.316590 4.338576 4.294604 4.323919 5.525822e+04
736568 4.338576 4.345905 4.257961 4.279947 6.170746e+04
736571 4.294605 4.316591 4.250633 4.265290 1.773540e+04
736572 4.287275 4.309261 4.250632 4.250632 2.696953e+04
736573 4.272618 4.272618 4.162688 4.206660 4.382548e+04
736574 4.199331 4.213989 4.140702 4.162688 3.217289e+04
736575 4.184674 4.331247 4.118715 4.287275 6.134101e+04
736579 4.316591 4.397206 4.257961 4.353234 7.687782e+04
736580 4.375220 4.375220 4.309262 4.323919 5.679724e+04
736581 4.323919 4.389877 4.323919 4.382548 3.810911e+04
736582 4.367891 4.397206 4.118716 4.192003 1.182848e+05
736585 4.206660 4.279947 4.140702 4.257961 7.306690e+04
736586 4.228340 4.257960 4.183909 4.191314 3.976565e+04
736587 4.169099 4.213530 4.072832 4.109858 5.228036e+04
736588 4.109858 4.176505 4.102453 4.139479 2.117873e+04
736589 4.102453 4.154289 4.072833 4.095048 3.983971e+04
736592 4.102453 4.220935 4.102453 4.169099 5.450190e+04
736593 4.206125 4.235746 4.146884 4.154289 1.658754e+04
736594 4.191314 4.220935 4.117263 4.191314 3.406368e+04
736595 4.198720 4.257961 4.198720 4.243151 2.628828e+04
736596 4.206125 4.272771 4.183909 4.213530 2.621423e+04
736599 4.220935 4.235746 4.154289 4.206125 2.310407e+04
736600 4.235746 4.235746 4.035807 4.109858 6.442480e+04
736601 4.109858 4.191314 4.109858 4.169099 2.103062e+04
736602 4.176504 4.176504 4.109858 4.132073 2.110467e+04
736603 4.176504 4.206125 4.132074 4.206125 2.732500e+04
736606 4.206125 4.206125 4.109858 4.146884 2.569587e+04
736607 4.183909 4.183909 4.072832 4.087642 6.442479e+04
736608 4.109858 4.139479 4.006186 4.043212 5.368734e+04
736609 4.035807 4.102453 3.998781 4.043212 4.546762e+04
736610 4.035807 4.080238 4.013591 4.043212 4.946640e+04
736613 4.050617 4.109858 4.050617 4.065427 2.377053e+04
736614 4.065427 4.132073 4.050616 4.080237 2.391863e+04
736615 4.072832 4.139479 4.035807 4.102453 3.784032e+04
736616 4.050049 4.109939 4.012618 4.087480 4.169828e+04
736617 4.087480 4.087480 3.967700 3.990159 6.018927e+04
736620 3.997646 4.012618 3.937756 3.945242 3.922783e+04
736621 3.945242 3.997645 3.892838 3.922783 3.967700e+04
736622 3.930270 3.967701 3.892839 3.937756 2.605207e+04
736623 3.945242 3.952728 3.907811 3.937756 1.864071e+04
736624 3.930269 3.945242 3.922783 3.922783 1.459814e+04
736627 3.967701 3.967701 3.907811 3.930270 2.724987e+04
736628 3.945242 3.975187 3.915297 3.945242 2.350675e+04
736629 3.930269 3.960214 3.907811 3.922783 2.088657e+04
736630 3.900325 3.975187 3.892839 3.930270 4.851076e+04
736631 3.937756 3.937756 3.892839 3.907811 3.683224e+04
736634 3.937756 3.937756 3.892839 3.907811 3.046895e+04
736635 3.922783 3.922783 3.832949 3.847921 3.451151e+04
736636 3.870380 3.892838 3.847921 3.877866 4.192288e+04
736637 3.907810 3.907810 3.817976 3.825462 3.758086e+04
736638 3.825463 3.900325 3.825463 3.832949 5.614671e+04
736641 3.847921 3.930269 3.832948 3.862893 4.731295e+04
736642 3.907811 3.922783 3.855407 3.877866 2.500400e+04
736643 3.832949 4.042563 3.832949 4.005132 1.030854e+05
736644 4.179268 4.194410 4.012703 4.073272 1.253023e+05
736645 4.073273 4.141413 4.020275 4.042988 9.009655e+04
736648 4.088414 4.504827 4.088414 4.406402 4.972723e+05
736649 4.466971 4.641108 4.368547 4.497256 3.609919e+05
736650 4.550254 4.656250 4.527540 4.572967 3.531936e+05
736651 4.765125 5.153323 4.668076 4.949519 4.570056e+05
736652 4.998043 5.095092 4.871879 4.968928 1.922548e+05
736655 4.988338 5.065978 4.852469 4.871879 2.094326e+05
736656 4.852469 4.930109 4.852469 4.900994 1.559584e+05
736657 4.881584 4.959224 4.852469 4.930109 1.555702e+05
736659 4.900994 4.978634 4.881585 4.978634 7.909526e+04
736662 5.017453 5.075683 4.998043 5.027158 1.432449e+05
736663 5.056273 5.075683 4.998043 5.017453 1.566377e+05
736664 5.046568 5.056273 4.900994 4.930109 1.472239e+05
736665 4.930108 5.075682 4.920403 4.968928 9.724347e+04
736666 4.959223 5.046568 4.959223 4.998043 4.600141e+04
736669 5.007748 5.075683 4.978633 5.056273 8.753855e+04
736670 5.065978 5.192142 5.017453 5.192142 1.497472e+05
736671 5.211552 5.240666 5.153322 5.153322 1.236409e+05
736672 5.163027 5.240667 5.163027 5.201847 1.358691e+05
736673 5.230962 5.347421 5.230962 5.337716 1.408187e+05
736676 5.366831 5.376536 5.260076 5.318306 1.890522e+05
736677 5.298681 5.377180 5.141683 5.210370 1.308971e+05
736678 5.171120 5.200558 4.955248 5.053372 1.583717e+05
736679 5.053372 5.190745 4.994498 4.994498 6.623352e+04
736680 4.955249 5.063185 4.955249 5.063185 7.771400e+04
736683 5.063185 5.151496 5.014123 5.151496 9.969371e+04
736684 5.112247 5.229995 5.053373 5.220183 7.663464e+04
736685 5.239808 5.249620 5.180934 5.220183 4.670690e+04
736686 5.210370 5.210370 5.092621 5.141683 6.721475e+04
736687 5.151496 5.210371 5.082810 5.112247 5.965924e+04
736691 5.112247 5.112247 5.004311 5.092622 9.253068e+04
736692 5.053372 5.092622 4.788438 4.837500 4.705033e+05
736693 4.857125 5.014123 4.857125 4.857125 3.480449e+05
736694 4.866937 4.955248 4.857124 4.876749 1.968362e+05
736698 4.906187 5.053373 4.876750 5.033748 2.378520e+05
736699 5.063185 5.180934 5.033748 5.112247 1.294252e+05
736700 5.151496 5.151496 5.082810 5.092622 8.674138e+04
736701 5.131871 5.171121 5.072997 5.102434 1.245190e+05
736704 5.102434 5.171120 5.102434 5.141683 1.131367e+05
736705 5.141684 5.200558 5.122059 5.151496 1.480687e+05
736706 5.180934 5.200558 5.131872 5.161309 1.725015e+05
736707 5.200934 5.200934 5.062243 5.121682 1.451308e+05
736708 5.151402 5.200935 5.072150 5.111776 6.280748e+04
736712 5.131589 5.200935 5.111776 5.171215 8.470094e+04
736713 5.200935 5.200935 5.131589 5.131589 6.568038e+04
736714 5.141496 5.141496 5.101869 5.111776 2.645047e+04
736715 5.141495 5.181122 5.111776 5.151402 2.823365e+04
736718 5.191028 5.200935 5.161308 5.191028 7.489346e+04
736719 5.191029 5.200935 5.151402 5.181122 5.934019e+04
736720 5.200935 5.220748 5.191028 5.220748 5.309907e+04
736721 5.181121 5.230654 5.161308 5.191028 8.876262e+04
736722 5.151402 5.200935 5.151402 5.171215 5.686355e+04
736725 5.200935 5.210842 5.151402 5.181122 5.755701e+04
736726 5.200935 5.230654 5.151402 5.151402 1.035234e+05
736727 5.181122 5.200935 5.161309 5.161309 4.893832e+04
736728 5.191028 5.200935 5.151402 5.171215 1.211570e+05
736729 5.151402 5.210842 5.151402 5.200935 8.004487e+04
736732 5.210842 5.240562 5.191029 5.230655 7.013833e+04
736733 5.240561 5.240561 5.161309 5.200935 7.548786e+04
736734 5.200934 5.230654 5.161308 5.210841 1.381963e+05
736735 5.230655 5.240561 5.200935 5.200935 1.170953e+05
736736 5.191028 5.300000 5.191028 5.300000 1.797047e+05
736739 5.340000 5.380000 5.210000 5.330000 1.811000e+05
736740 5.300000 5.330000 5.260000 5.270000 5.820000e+04
736741 5.290000 5.290000 5.220000 5.260000 6.940000e+04
736742 5.270000 5.280000 5.210000 5.230000 7.430000e+04
736743 5.270000 5.270000 5.210000 5.220000 7.900000e+04
736747 5.220000 5.250000 5.180000 5.180000 1.680000e+05
736748 5.200000 5.200000 5.120000 5.150000 1.347000e+05
736749 5.150000 5.150000 5.060000 5.130000 1.596000e+05
736750 5.110000 5.200000 5.100000 5.180000 6.340000e+04
736753 5.180000 5.240000 5.180000 5.220000 8.700000e+04
736754 5.230000 5.230000 5.160000 5.220000 9.340000e+04
736755 5.220000 5.220000 5.170000 5.200000 9.880000e+04
736756 5.200000 5.200000 5.150000 5.150000 7.930000e+04
736757 5.180000 5.210000 5.150000 5.160000 8.250000e+04
736760 5.160000 5.160000 5.100000 5.120000 1.240000e+05
736761 5.140000 5.150000 5.110000 5.120000 1.013000e+05
736762 5.110000 5.140000 5.060000 5.090000 2.615000e+05
736763 5.100000 5.100000 4.960000 4.990000 1.351000e+05
736764 4.960000 5.020000 4.810000 4.950000 2.626000e+05
