736034 23.379999 23.440001 23.120001 23.240000 1.527900e+06
736035 23.150000 23.500000 23.080000 23.240000 1.411000e+06
736036 23.090000 23.180000 22.660000 22.850000 2.185300e+06
736039 22.980000 23.230000 22.780001 23.200001 2.346900e+06
736040 23.150000 23.450001 23.049999 23.340000 1.285700e+06
736041 23.230000 24.110001 23.209999 23.969999 1.781900e+06
736042 23.760000 23.840000 23.250000 23.379999 2.006000e+06
736043 23.459999 23.590000 23.270000 23.559999 1.796400e+06
736046 23.559999 23.820000 23.530001 23.570000 1.241400e+06
736047 23.530001 23.760000 23.340000 23.680000 9.867000e+05
736048 23.660000 23.700001 23.200001 23.200001 1.364800e+06
736049 23.170000 23.270000 22.980000 23.190001 1.489100e+06
736050 23.209999 23.260000 22.950001 23.180000 1.431400e+06
736053 23.350000 23.600000 23.309999 23.520000 1.486500e+06
736054 23.219999 23.360001 22.940001 23.320000 1.905300e+06
736055 23.330000 23.400000 23.100000 23.370001 1.292100e+06
736056 23.420000 23.650000 23.200001 23.540001 9.785000e+05
736060 23.650000 24.180000 23.540001 24.070000 2.522300e+06
736061 24.049999 24.250000 23.900000 24.040001 2.035900e+06
736062 24.100000 24.680000 24.049999 24.490000 2.366000e+06
736063 24.440001 24.629999 24.309999 24.530001 1.619700e+06
736064 24.530001 24.570000 24.340000 24.420000 1.233700e+06
736067 24.260000 24.360001 24.070000 24.219999 1.262000e+06
736068 24.219999 24.320000 24.059999 24.190001 1.271000e+06
736069 24.250000 24.570000 24.070000 24.420000 1.722600e+06
736070 24.330000 24.400000 23.990000 24.200001 1.338300e+06
736071 24.000000 24.230000 23.910000 24.200001 1.432800e+06
736074 24.270000 24.430000 24.200001 24.270000 1.200200e+06
736075 24.280001 24.330000 23.900000 23.990000 1.819400e+06
736076 24.040001 24.290001 23.830000 24.250000 1.275800e+06
736077 24.230000 24.510000 24.160000 24.389999 1.205900e+06
736078 24.430000 24.610001 24.370001 24.540001 1.211900e+06
736081 24.600000 24.770000 24.430000 24.559999 1.183100e+06
736082 24.490000 25.170000 24.490000 25.139999 2.391500e+06
736083 24.440001 24.870001 23.850000 24.190001 4.919000e+06
736084 23.770000 24.010000 23.549999 23.910000 4.112500e+06
736085 24.040001 24.370001 24.010000 24.240000 1.796100e+06
736088 24.530001 25.150000 24.500000 24.920000 2.838600e+06
736089 24.809999 25.059999 24.480000 24.520000 2.633400e+06
736090 24.600000 24.700001 23.870001 24.129999 2.996300e+06
736091 24.020000 24.090000 23.760000 23.969999 1.984000e+06
736092 24.330000 24.410000 24.070000 24.309999 1.498000e+06
736095 24.270000 24.450001 24.090000 24.160000 1.766000e+06
736096 24.020000 24.100000 23.750000 23.790001 1.447400e+06
736097 25.950001 26.400000 25.780001 25.980000 7.858300e+06
736098 26.160000 26.370001 25.549999 25.840000 2.355900e+06
736099 25.790001 25.980000 25.580000 25.639999 1.765600e+06
736102 25.750000 25.900000 25.650000 25.840000 1.621500e+06
736103 25.809999 25.889999 25.430000 25.520000 2.054400e+06
736104 25.559999 25.650000 24.830000 25.040001 2.194500e+06
736105 25.020000 25.090000 24.840000 24.990000 2.101100e+06
736106 25.020000 25.070000 24.750000 24.770000 1.270500e+06
736110 24.629999 24.629999 23.990000 24.020000 3.646800e+06
736111 24.020000 24.219999 23.930000 24.139999 2.134200e+06
736112 24.110001 24.160000 23.850000 24.000000 2.285000e+06
736113 23.910000 24.059999 23.730000 23.900000 9.575800e+06
736116 24.010000 24.400000 23.850000 24.360001 2.488500e+06
736117 24.320000 24.650000 24.290001 24.450001 1.658500e+06
736118 24.480000 24.690001 24.320000 24.400000 1.044100e+06
736119 24.290001 24.350000 24.150000 24.250000 1.219300e+06
736120 24.000000 24.430000 23.930000 24.320000 1.177200e+06
736123 24.330000 24.379999 24.170000 24.230000 1.371800e+06
736124 24.309999 24.420000 24.120001 24.340000 1.212200e+06
736125 24.420000 24.650000 24.260000 24.540001 1.441700e+06
736126 24.639999 24.760000 24.510000 24.660000 7.953000e+05
736127 24.610001 24.610001 24.260000 24.309999 1.324300e+06
736130 24.250000 24.260000 23.830000 23.900000 2.190700e+06
736131 23.850000 23.889999 23.740000 23.809999 1.695700e+06
736132 23.900000 23.990000 23.700001 23.940001 1.397900e+06
736133 24.049999 24.260000 23.930000 24.090000 1.122600e+06
736134 23.950001 24.180000 23.910000 24.120001 2.853400e+06
736137 24.270000 24.320000 24.059999 24.139999 1.376100e+06
736138 24.120001 24.309999 24.059999 24.230000 7.833000e+05
736139 24.160000 24.250000 23.840000 23.900000 1.132700e+06
736140 23.879999 23.950001 23.700001 23.719999 1.341600e+06
736141 23.700001 23.730000 23.480000 23.670000 3.357500e+06
736144 23.500000 23.500000 23.010000 23.059999 1.873100e+06
736145 23.230000 23.309999 22.870001 22.940001 2.550300e+06
736146 23.110001 23.180000 22.730000 22.930000 1.743100e+06
736147 22.959999 23.110001 22.709999 22.910000 1.272900e+06
736151 22.690001 22.799999 22.350000 22.530001 1.498100e+06
736152 22.459999 22.629999 21.990000 22.629999 1.273100e+06
736153 22.260000 22.650000 21.750000 21.750000 2.079700e+06
736154 22.080000 22.139999 21.889999 22.049999 1.947700e+06
736155 22.250000 22.340000 22.059999 22.100000 9.547000e+05
736158 22.200001 22.280001 22.020000 22.219999 1.253600e+06
736159 22.090000 22.270000 21.969999 22.190001 7.187000e+05
736160 22.150000 22.209999 21.900000 22.049999 1.315300e+06
736161 22.139999 22.340000 22.139999 22.270000 9.971000e+05
736162 22.230000 22.230000 21.879999 21.980000 1.098600e+06
736165 21.930000 21.959999 21.690001 21.719999 1.064100e+06
736166 21.680000 21.790001 21.549999 21.620001 1.947300e+06
736167 21.530001 21.610001 21.410000 21.490000 1.782600e+06
736168 21.610001 21.610001 21.190001 21.500000 3.122200e+06
736169 21.430000 21.559999 20.809999 20.840000 3.481600e+06
736172 20.700001 20.780001 20.340000 20.590000 2.925200e+06
736173 20.780001 21.020000 20.520000 20.959999 1.708800e+06
736174 20.990000 21.459999 20.969999 21.410000 2.523200e+06
736175 21.450001 21.570000 20.850000 21.490000 2.992900e+06
736176 21.559999 21.660000 21.110001 21.350000 2.116200e+06
736179 21.270000 21.379999 20.750000 20.820000 1.559200e+06
736180 20.799999 21.040001 20.770000 20.860001 1.215400e+06
736181 21.030001 21.420000 20.860001 21.129999 2.031100e+06
736182 21.120001 21.280001 20.940001 21.160000 1.263400e+06
736183 21.100000 21.219999 20.780001 20.900000 1.291800e+06
736186 21.040001 21.940001 21.030001 21.820000 1.850600e+06
736187 21.559999 21.770000 21.389999 21.639999 1.290100e+06
736188 21.480000 21.920000 21.309999 21.860001 1.562600e+06
736189 21.770000 21.870001 21.450001 21.500000 9.832000e+05
736190 21.480000 22.120001 21.360001 22.100000 1.416700e+06
736193 22.110001 22.290001 21.590000 22.219999 1.763700e+06
736194 22.200001 22.240000 21.969999 22.080000 9.406000e+05
736195 21.930000 21.959999 21.450001 21.719999 9.851000e+05
736196 21.580000 21.670000 21.059999 21.090000 1.109200e+06
736197 20.940001 20.940001 20.320000 20.320000 1.891100e+06
736200 19.500000 20.940001 19.500000 19.740000 3.825400e+06
736201 20.379999 20.510000 19.410000 19.420000 2.943500e+06
736202 19.910000 20.010000 19.430000 19.820000 2.146100e+06
736203 20.190001 21.020000 20.100000 20.770000 2.277800e+06
736204 20.629999 20.990000 20.459999 20.820000 1.867400e+06
736207 20.610001 21.190001 20.299999 20.850000 1.936700e+06
736208 20.350000 20.540001 19.780001 19.990000 1.851600e+06
736209 20.320000 20.469999 19.820000 20.209999 1.726800e+06
736210 20.260000 20.690001 20.030001 20.490000 1.562200e+06
736211 20.120001 20.250000 19.799999 19.860001 1.408100e+06
736215 20.330000 20.959999 20.280001 20.930000 1.215800e+06
736216 21.200001 21.400000 20.629999 20.660000 1.588600e+06
736217 20.730000 20.830000 20.440001 20.510000 1.104800e+06
736218 20.330000 20.400000 19.860001 20.030001 1.327300e+06
736221 19.950001 20.100000 19.570000 20.080000 1.974100e+06
736222 20.790001 21.570000 20.540001 21.420000 6.425800e+06
736223 21.459999 21.780001 21.299999 21.670000 4.021300e+06
736224 21.629999 21.840000 21.379999 21.430000 2.233800e+06
736225 21.219999 21.570000 20.940001 21.430000 2.924600e+06
736228 21.590000 22.240000 21.389999 22.150000 3.419100e+06
736229 21.760000 21.900000 21.480000 21.600000 2.147000e+06
736230 21.570000 21.650000 21.040001 21.100000 1.260500e+06
736231 20.820000 20.920000 20.510000 20.840000 1.803000e+06
736232 21.040001 21.260000 20.780001 21.120001 1.923500e+06
736235 20.990000 20.990000 20.570000 20.639999 1.810100e+06
736236 20.580000 20.850000 20.360001 20.469999 1.474700e+06
736237 20.690001 20.830000 20.330000 20.719999 1.407900e+06
736238 20.799999 21.129999 20.500000 20.889999 1.475900e+06
736239 20.700001 21.410000 20.490000 21.400000 2.063000e+06
736242 21.620001 22.030001 21.500000 21.850000 2.185200e+06
736243 21.850000 22.040001 21.520000 21.900000 1.895300e+06
736244 22.000000 22.480000 21.889999 22.370001 1.813100e+06
736245 22.290001 23.480000 22.270000 23.400000 2.120500e+06
736246 23.370001 23.549999 23.209999 23.459999 1.610500e+06
736249 23.510000 23.510000 23.190001 23.379999 8.237000e+05
736250 23.240000 23.540001 23.120001 23.209999 1.234800e+06
736251 23.209999 23.799999 23.020000 23.549999 1.627700e+06
736252 23.650000 23.840000 23.250000 23.790001 1.003700e+06
736253 23.780001 23.799999 23.350000 23.450001 1.378100e+06
736256 23.450001 23.620001 23.209999 23.389999 6.227000e+05
736257 23.340000 23.690001 23.299999 23.570000 6.059000e+05
736258 23.540001 23.670000 23.090000 23.129999 9.869000e+05
736259 23.309999 23.870001 23.290001 23.830000 1.095400e+06
736260 23.950001 24.049999 23.590000 23.600000 1.324900e+06
736263 23.530001 23.660000 23.379999 23.400000 9.937000e+05
736264 23.219999 23.219999 22.400000 22.660000 1.789900e+06
736265 22.530001 22.650000 21.299999 21.750000 2.618100e+06
736266 21.530001 21.790001 21.410000 21.440001 1.370700e+06
736267 21.430000 21.760000 21.270000 21.549999 1.467700e+06
736270 21.420000 21.940001 21.420000 21.790001 1.234100e+06
736271 21.740000 22.400000 21.730000 22.170000 1.901400e+06
736272 22.250000 22.309999 21.889999 21.920000 1.179500e+06
736273 21.969999 22.330000 21.500000 21.510000 1.522700e+06
736274 21.360001 21.500000 21.030001 21.260000 1.493800e+06
736277 21.200001 21.250000 20.520000 20.660000 1.062700e+06
736278 20.559999 20.559999 19.940001 20.110001 1.833200e+06
736279 20.139999 20.250000 19.910000 19.959999 1.203800e+06
736280 19.820000 19.820000 18.760000 18.799999 2.410800e+06
736281 18.840000 19.030001 18.670000 18.750000 1.716300e+06
736284 18.740000 19.070000 18.620001 19.020000 1.879800e+06
736285 19.030001 19.209999 18.480000 18.790001 2.449600e+06
736286 18.830000 18.969999 18.620001 18.830000 1.557500e+06
736287 18.860001 18.980000 18.629999 18.920000 9.918000e+05
736288 19.010000 19.219999 18.750000 18.760000 1.016900e+06
736291 18.809999 19.360001 18.799999 19.190001 1.363600e+06
736292 19.100000 19.719999 18.830000 19.590000 1.835700e+06
736293 19.520000 19.590000 19.209999 19.309999 9.425000e+05
736295 19.299999 19.389999 19.010000 19.240000 3.951000e+05
736298 19.240000 19.430000 19.100000 19.290001 1.625800e+06
736299 19.410000 19.570000 19.280001 19.350000 1.051400e+06
736300 19.309999 19.549999 18.900000 18.910000 1.319800e+06
736301 19.030001 19.160000 18.820000 18.900000 1.227600e+06
736302 18.920000 19.340000 18.860001 19.299999 1.454000e+06
736305 19.080000 19.190001 18.750000 18.820000 1.334200e+06
736306 18.590000 18.660000 18.000000 18.030001 1.974500e+06
736307 18.040001 18.219999 17.709999 18.000000 2.955700e+06
736308 18.020000 18.360001 17.770000 18.160000 2.399100e+06
736309 17.469999 17.889999 17.469999 17.510000 1.827800e+06
736312 17.459999 17.620001 17.049999 17.209999 2.272100e+06
736313 17.270000 17.450001 17.190001 17.290001 1.720000e+06
736314 17.340000 17.500000 17.150000 17.360001 2.708300e+06
736315 17.360001 17.430000 16.750000 16.940001 4.396500e+06
736316 16.820000 17.200001 16.750000 17.059999 3.526600e+06
736319 17.200001 17.290001 16.870001 16.959999 1.685600e+06
736320 16.959999 17.110001 16.850000 17.010000 1.777600e+06
736321 17.270000 17.610001 17.070000 17.570000 2.270900e+06
736322 17.600000 17.760000 17.400000 17.660000 6.184000e+05
736326 17.549999 17.570000 17.250000 17.469999 1.109500e+06
736327 17.580000 17.730000 17.389999 17.690001 1.102000e+06
736328 17.629999 17.799999 17.469999 17.520000 9.998000e+05
736329 17.459999 17.639999 17.370001 17.420000 1.123900e+06
736333 17.129999 17.129999 16.629999 17.059999 1.509600e+06
736334 17.020000 17.020000 16.209999 16.280001 2.044700e+06
736335 16.090000 16.139999 15.760000 15.850000 1.477800e+06
736336 15.470000 15.710000 15.290000 15.350000 2.174800e+06
736337 15.350000 15.500000 14.980000 15.020000 2.155800e+06
736340 15.000000 15.090000 14.370000 14.620000 2.034000e+06
736341 14.770000 14.890000 13.860000 14.110000 3.425300e+06
736342 14.240000 14.460000 13.610000 13.660000 3.064300e+06
736343 13.730000 13.930000 13.400000 13.800000 2.751700e+06
736344 13.400000 13.400000 12.890000 13.090000 2.529100e+06
736348 13.340000 13.340000 12.330000 12.590000 3.457900e+06
736349 12.340000 12.540000 11.920000 12.420000 2.914300e+06
736350 12.470000 12.890000 12.390000 12.680000 2.322900e+06
736351 12.940000 13.200000 12.620000 12.870000 1.941500e+06
736354 12.720000 12.860000 12.430000 12.450000 2.081200e+06
736355 12.650000 13.000000 12.600000 12.990000 3.264600e+06
736356 12.880000 13.460000 12.780000 13.210000 3.445100e+06
736357 13.370000 13.510000 12.520000 12.590000 2.378500e+06
736358 12.600000 12.950000 12.350000 12.940000 2.620800e+06
736361 12.730000 12.770000 12.360000 12.660000 2.319000e+06
736362 12.350000 12.430000 11.990000 12.060000 2.112600e+06
736363 12.060000 12.340000 11.580000 12.330000 2.578800e+06
736364 12.450000 13.340000 12.430000 12.940000 2.779100e+06
736365 12.890000 13.340000 12.810000 12.900000 1.849300e+06
736368 12.700000 12.720000 12.090000 12.310000 2.459500e+06
736369 12.110000 13.770000 12.000000 13.540000 5.672500e+06
736370 13.380000 13.860000 12.940000 13.410000 3.693600e+06
736371 13.170000 13.420000 12.380000 12.580000 3.457200e+06
736372 12.680000 13.310000 12.360000 13.040000 2.963600e+06
736376 13.280000 13.720000 12.650000 13.620000 2.613000e+06
736377 13.760000 14.510000 13.510000 14.200000 3.902400e+06
736378 14.240000 14.980000 14.090000 14.860000 4.183400e+06
736379 14.700000 14.750000 13.890000 14.060000 2.260700e+06
736382 14.440000 15.000000 14.340000 14.940000 2.666600e+06
736383 15.020000 15.190000 14.690000 14.730000 2.400500e+06
736384 14.410000 15.370000 14.140000 15.340000 2.804900e+06
736385 15.240000 15.490000 14.620000 15.080000 2.563900e+06
736386 15.270000 15.450000 15.000000 15.180000 1.447000e+06
736389 15.170000 15.270000 14.870000 14.960000 2.827000e+06
736390 15.260000 15.390000 14.020000 14.540000 4.429100e+06
736391 14.580000 14.690000 13.740000 14.680000 5.477700e+06
736392 14.700000 15.240000 14.490000 15.220000 3.056800e+06
736393 15.300000 15.690000 14.910000 15.130000 2.476600e+06
736396 15.070000 15.440000 14.750000 15.050000 2.018800e+06
736397 14.580000 14.780000 13.860000 14.010000 2.784900e+06
736398 14.080000 14.340000 13.760000 14.110000 1.999600e+06
736399 14.110000 14.240000 13.790000 14.160000 2.385500e+06
736400 14.370000 14.810000 14.230000 14.750000 2.919400e+06
736403 14.690000 15.250000 14.620000 15.110000 3.202200e+06
736404 14.900000 14.970000 14.180000 14.370000 2.697700e+06
736405 14.350000 15.090000 14.220000 14.980000 2.803500e+06
736406 15.070000 16.440001 15.070000 16.240000 3.926800e+06
736407 16.540001 16.639999 15.870000 16.150000 4.666100e+06
736410 16.070000 16.350000 15.930000 16.190001 1.710500e+06
736411 15.940000 16.440001 15.830000 16.290001 1.659500e+06
736412 16.090000 16.170000 15.790000 15.800000 1.328800e+06
736413 15.560000 15.800000 15.070000 15.750000 1.377100e+06
736417 15.780000 15.900000 15.500000 15.850000 1.048000e+06
736418 15.280000 15.910000 15.220000 15.870000 1.984900e+06
736419 15.980000 16.040001 15.420000 15.740000 1.700300e+06
736420 15.770000 16.030001 15.590000 15.960000 2.138200e+06
736421 15.750000 16.120001 15.560000 16.090000 1.788400e+06
736424 16.100000 16.190001 15.650000 15.670000 1.365800e+06
736425 15.490000 15.680000 15.270000 15.460000 1.383100e+06
736426 16.030001 16.420000 16.020000 16.330000 2.776900e+06
736427 16.559999 16.600000 16.049999 16.160000 1.786200e+06
736428 16.430000 16.719999 16.240000 16.340000 1.395900e+06
736431 16.480000 16.990000 16.480000 16.830000 2.335800e+06
736432 16.889999 17.110001 16.760000 17.030001 1.978400e+06
736433 17.260000 17.580000 17.110001 17.469999 1.870800e+06
736434 17.530001 17.680000 17.270000 17.590000 1.838600e+06
736435 17.540001 17.730000 17.510000 17.700001 1.526300e+06
736438 17.530001 17.910000 17.440001 17.889999 2.098000e+06
736439 17.940001 18.170000 17.840000 18.040001 1.711300e+06
736440 18.100000 18.209999 18.010000 18.110001 1.839600e+06
736441 18.180000 18.430000 17.950001 18.020000 1.894100e+06
736442 18.100000 18.500000 17.980000 18.330000 1.815800e+06
736445 18.230000 18.330000 17.629999 17.809999 1.834800e+06
736446 17.940001 18.340000 17.809999 18.299999 1.625100e+06
736447 18.309999 18.510000 18.299999 18.459999 2.237900e+06
736448 18.280001 18.610001 18.170000 18.379999 2.307000e+06
736449 18.420000 18.559999 18.270000 18.459999 2.195200e+06
736452 18.459999 18.709999 18.320000 18.610001 2.408900e+06
736453 19.059999 19.639999 18.620001 19.200001 4.780600e+06
736454 19.080000 19.370001 18.690001 19.160000 3.795100e+06
736455 19.320000 19.400000 18.799999 18.809999 3.825500e+06
736456 18.809999 18.940001 18.420000 18.770000 2.788700e+06
736459 18.480000 18.629999 18.230000 18.540001 1.474900e+06
736460 18.639999 19.360001 18.559999 19.309999 2.421100e+06
736461 19.299999 19.660000 19.030001 19.420000 1.887400e+06
736462 19.350000 19.719999 18.760000 18.969999 2.259000e+06
736463 18.950001 19.100000 18.350000 18.430000 2.292400e+06
736466 18.570000 18.980000 18.570000 18.770000 1.007900e+06
736467 18.740000 19.160000 18.590000 18.780001 1.756300e+06
736468 18.570000 18.910000 18.240000 18.340000 2.053100e+06
736469 18.100000 18.209999 17.700001 18.049999 1.363000e+06
736470 18.139999 18.500000 18.139999 18.410000 1.693500e+06
736473 18.309999 18.790001 18.299999 18.420000 1.662800e+06
736474 18.520000 18.730000 18.370001 18.620001 1.019700e+06
736475 18.700001 18.980000 18.639999 18.879999 1.021600e+06
736476 18.959999 19.040001 18.480000 18.480000 9.841000e+05
736477 18.570000 18.980000 18.549999 18.910000 9.815000e+05
736481 18.940001 19.090000 18.820000 18.900000 8.770000e+05
736482 18.700001 18.900000 18.340000 18.879999 1.092300e+06
736483 18.799999 19.219999 18.540001 19.219999 1.102000e+06
736484 19.260000 19.389999 18.840000 19.379999 1.358000e+06
736487 19.520000 20.080000 19.480000 20.049999 1.816200e+06
736488 20.150000 20.330000 19.879999 20.180000 2.166300e+06
736489 20.270000 20.280001 19.940001 20.150000 1.304400e+06
736490 19.900000 19.930000 19.650000 19.920000 1.123800e+06
736491 19.480000 19.730000 19.309999 19.430000 1.535400e+06
736494 19.320000 19.459999 19.160000 19.180000 1.593200e+06
736495 19.080000 19.180000 18.459999 18.670000 1.781900e+06
736496 18.700001 18.969999 18.469999 18.639999 1.549500e+06
736497 18.500000 18.530001 18.059999 18.490000 1.181400e+06
736498 18.540001 19.129999 18.410000 18.889999 2.744600e+06
736501 19.160000 19.590000 19.150000 19.250000 1.442900e+06
736502 19.260000 19.450001 19.080000 19.320000 1.139000e+06
736503 19.410000 19.680000 19.340000 19.389999 1.292900e+06
736504 19.730000 19.980000 19.650000 19.799999 1.187500e+06
736505 18.629999 19.170000 17.820000 17.959999 4.925500e+06
736508 17.610001 17.750000 16.180000 16.330000 2.604800e+06
736509 16.660000 17.180000 16.629999 17.180000 3.695200e+06
736510 17.440001 17.580000 17.200001 17.330000 1.803100e+06
736511 17.379999 18.030001 17.090000 18.010000 2.789600e+06
736512 17.940001 18.230000 17.639999 17.860001 1.623600e+06
736516 17.670000 17.790001 16.719999 16.830000 1.983200e+06
736517 16.709999 16.830000 16.330000 16.809999 2.881200e+06
736518 16.910000 17.430000 16.790001 16.940001 1.664900e+06
736519 17.180000 17.549999 17.120001 17.440001 2.113300e+06
736522 17.600000 17.750000 17.469999 17.570000 1.254300e+06
736523 17.840000 18.030001 17.799999 17.879999 1.345900e+06
736524 17.959999 18.059999 17.740000 17.940001 1.137900e+06
736525 18.230000 18.230000 17.889999 18.090000 9.915000e+05
736526 18.200001 18.389999 17.969999 18.070000 1.393600e+06
736529 18.000000 18.160000 17.660000 18.129999 8.960000e+05
736530 17.639999 17.910000 17.580000 17.719999 8.933000e+05
736531 17.719999 18.270000 17.650000 18.209999 8.756000e+05
736532 18.209999 18.549999 18.129999 18.320000 1.276700e+06
736533 18.230000 18.340000 17.959999 18.200001 1.852100e+06
736536 18.170000 18.520000 18.080000 18.510000 2.185000e+06
736537 18.520000 19.200001 18.520000 19.010000 3.565800e+06
736538 19.020000 19.200001 18.610001 19.100000 2.342500e+06
736539 19.209999 19.730000 18.620001 18.730000 3.007800e+06
736540 18.629999 18.809999 18.150000 18.790001 2.082300e+06
736543 18.840000 18.959999 18.510000 18.809999 1.212700e+06
736544 18.820000 18.820000 18.100000 18.230000 1.815000e+06
736545 18.240000 18.690001 18.110001 18.600000 9.325000e+05
736546 18.549999 19.160000 18.520000 18.799999 1.826700e+06
736547 18.990000 19.320000 18.860001 19.120001 1.328000e+06
736550 19.120001 19.299999 18.950001 19.100000 1.374000e+06
736551 19.160000 19.160000 18.670000 18.690001 1.175600e+06
736552 18.770000 18.860001 18.570000 18.760000 9.631000e+05
736553 18.889999 19.040001 18.760000 18.879999 7.937000e+05
736554 18.820000 18.879999 18.379999 18.520000 1.154800e+06
736557 18.620001 19.040001 18.620001 18.870001 8.389000e+05
736558 18.850000 18.950001 18.620001 18.709999 1.060300e+06
736559 18.660000 18.850000 18.540001 18.760000 9.816000e+05
736560 18.750000 18.809999 18.540001 18.590000 1.347400e+06
736561 18.420000 18.430000 18.139999 18.400000 1.484900e+06
736564 18.219999 18.299999 17.940001 18.180000 1.225600e+06
736565 18.320000 18.540001 18.270000 18.330000 1.461000e+06
736566 18.270000 18.290001 17.799999 17.900000 1.511900e+06
736567 17.860001 18.150000 17.780001 18.059999 9.381000e+05
736568 18.150000 18.450001 17.830000 17.950001 1.216000e+06
736571 18.000000 18.240000 17.980000 18.110001 7.801000e+05
736572 18.049999 18.299999 17.969999 18.219999 8.686000e+05
736573 18.160000 18.160000 17.760000 17.930000 1.066400e+06
736574 17.950001 18.000000 17.559999 17.780001 1.110300e+06
736575 17.950001 18.090000 17.870001 18.059999 7.328000e+05
736579 18.090000 18.290001 17.930000 18.290001 8.633000e+05
736580 18.219999 18.500000 18.180000 18.469999 9.865000e+05
736581 18.410000 18.620001 18.299999 18.330000 1.472700e+06
736582 18.150000 18.180000 17.389999 17.400000 1.814300e+06
736585 17.139999 17.790001 17.059999 17.730000 1.347200e+06
736586 17.420000 17.570000 17.040001 17.200001 1.214300e+06
736587 17.219999 17.309999 16.959999 17.139999 1.219100e+06
736588 17.150000 18.020000 17.080000 17.980000 2.636100e+06
736589 17.400000 17.820000 17.070000 17.320000 2.649400e+06
736592 17.520000 17.670000 17.030001 17.200001 1.763000e+06
736593 17.320000 17.379999 17.180000 17.299999 9.452000e+05
736594 17.430000 17.719999 17.299999 17.719999 1.059400e+06
736595 17.940001 18.170000 17.879999 18.139999 1.378100e+06
736596 18.100000 18.260000 18.020000 18.110001 1.314100e+06
736599 18.040001 18.180000 17.670000 17.700001 1.525100e+06
736600 17.639999 18.059999 17.540001 17.910000 1.590000e+06
736601 18.010000 18.620001 17.940001 18.570000 2.185500e+06
736602 18.469999 18.940001 18.250000 18.260000 2.502000e+06
736603 18.370001 18.650000 18.160000 18.389999 1.804000e+06
736606 18.350000 18.469999 18.040001 18.110001 9.347000e+05
736607 18.139999 18.340000 17.840000 17.980000 1.429100e+06
736608 18.209999 18.520000 18.090000 18.320000 1.346300e+06
736609 18.260000 18.570000 18.219999 18.260000 1.404800e+06
736610 18.260000 18.299999 17.700001 17.700001 1.382300e+06
736613 17.879999 18.059999 17.639999 17.680000 1.405000e+06
736614 17.559999 17.629999 17.350000 17.500000 1.435300e+06
736615 17.500000 17.680000 17.209999 17.299999 2.138800e+06
736616 17.010000 17.170000 16.799999 17.030001 1.541700e+06
736617 17.190001 17.350000 16.990000 17.010000 1.426400e+06
736620 17.000000 17.219999 16.990000 17.020000 1.612200e+06
736621 17.370001 17.510000 17.250000 17.370001 9.908000e+05
736622 17.389999 17.590000 17.100000 17.590000 9.174000e+05
736623 17.510000 17.510000 17.240000 17.240000 1.196900e+06
736624 17.030001 17.270000 16.889999 17.240000 1.312800e+06
736627 17.389999 17.410000 17.020000 17.170000 1.068200e+06
736628 17.209999 17.260000 16.910000 17.000000 2.638700e+06
736629 17.940001 19.450001 17.570000 18.830000 8.631600e+06
736630 19.180000 19.570000 18.740000 19.459999 5.067000e+06
736631 19.469999 19.940001 19.190001 19.309999 3.050900e+06
736634 19.350000 19.600000 19.250000 19.299999 2.493300e+06
736635 19.440001 19.440001 18.580000 18.680000 3.434200e+06
736636 18.610001 18.980000 18.500000 18.600000 1.543100e+06
736637 18.610001 18.790001 18.430000 18.480000 1.144500e+06
736638 18.580000 18.870001 18.350000 18.410000 1.696100e+06
736641 18.940001 19.080000 18.799999 18.959999 2.063700e+06
736642 18.820000 19.240000 18.680000 19.070000 1.446000e+06
736643 17.889999 18.940001 17.750000 18.690001 3.331400e+06
736644 18.879999 19.410000 18.770000 18.930000 2.816800e+06
736645 18.840000 18.940001 18.340000 18.730000 2.078700e+06
736648 18.889999 19.219999 18.740000 18.760000 1.938000e+06
736649 18.719999 19.070000 18.559999 19.049999 1.667600e+06
736650 18.930000 19.059999 18.520000 18.719999 1.795800e+06
736651 19.030001 19.030001 18.580000 18.809999 2.037000e+06
736652 18.770000 18.830000 18.280001 18.370001 1.979000e+06
736655 18.370001 18.860001 18.350000 18.730000 1.656700e+06
736656 18.500000 18.570000 18.040001 18.559999 2.294900e+06
736657 18.480000 18.680000 18.410000 18.520000 1.192200e+06
736659 18.549999 18.700001 18.270000 18.350000 5.218000e+05
736662 18.290001 18.450001 17.910000 18.110001 2.065700e+06
736663 18.020000 18.290001 17.900000 18.100000 2.220600e+06
736664 18.320000 18.660000 18.020000 18.370001 4.935800e+06
736665 18.520000 19.110001 18.270000 18.370001 4.100450e+07
736666 18.330000 18.610001 18.049999 18.129999 2.645900e+06
736669 18.240000 18.270000 17.610001 17.900000 3.065100e+06
736670 17.840000 18.510000 17.809999 18.400000 4.486600e+06
736671 18.360001 18.719999 18.139999 18.600000 2.612400e+06
736672 19.040001 19.040001 18.459999 18.540001 1.833100e+06
736673 18.530001 18.650000 18.290001 18.520000 1.928700e+06
736676 18.629999 18.809999 18.020000 18.100000 2.029200e+06
736677 18.180000 18.290001 17.700001 18.200001 1.594400e+06
736678 18.000000 18.389999 17.840000 17.860001 1.994700e+06
736679 17.879999 18.070000 17.500000 17.570000 2.514800e+06
736680 17.600000 17.930000 17.600000 17.670000 2.919500e+06
736683 17.700001 18.100000 17.650000 17.850000 2.104000e+06
736684 17.959999 18.030001 17.740000 17.770000 1.426400e+06
736685 18.040001 18.730000 18.020000 18.520000 3.864600e+06
736686 18.360001 18.510000 17.840000 17.950001 1.688800e+06
736687 17.950001 18.100000 17.840000 18.070000 8.614000e+05
736691 18.120001 18.320000 17.930000 18.129999 1.129200e+06
736692 18.260000 18.379999 17.700001 17.790001 1.522600e+06
736693 17.799999 17.990000 17.559999 17.740000 1.157000e+06
736694 17.799999 17.850000 17.309999 17.410000 1.786000e+06
736698 17.700001 18.040001 17.600000 17.950001 1.811100e+06
736699 18.070000 18.650000 18.070000 18.590000 1.774600e+06
736700 18.590000 18.600000 18.030001 18.219999 1.603700e+06
736701 18.209999 18.530001 18.129999 18.469999 1.085300e+06
736704 18.350000 18.430000 18.120001 18.240000 1.169800e+06
736705 18.360001 18.799999 18.350000 18.719999 1.289200e+06
736706 18.750000 18.940001 18.629999 18.900000 1.260800e+06
736707 18.930000 19.080000 18.530001 19.040001 1.143800e+06
736708 19.110001 19.340000 19.030001 19.250000 1.155800e+06
736712 19.260000 19.410000 19.000000 19.299999 1.291100e+06
736713 19.309999 19.580000 19.219999 19.520000 1.117300e+06
736714 19.570000 19.629999 19.090000 19.180000 7.297000e+05
736715 19.219999 19.350000 19.100000 19.280001 9.065000e+05
736718 19.270000 19.370001 18.750000 19.180000 1.579000e+06
736719 19.299999 19.850000 19.299999 19.670000 9.982000e+05
736720 19.780001 19.850000 19.379999 19.610001 1.303300e+06
736721 19.530001 19.700001 19.139999 19.290001 9.747000e+05
736722 19.309999 19.340000 18.980000 19.070000 1.325600e+06
736725 18.940001 19.080000 18.570000 19.020000 1.508400e+06
736726 18.990000 18.990000 18.389999 18.900000 2.156800e+06
736727 19.139999 19.870001 18.860001 19.830000 3.595100e+06
736728 19.379999 19.660000 18.780001 19.340000 3.169100e+06
736729 19.410000 19.650000 19.180000 19.240000 1.401000e+06
736732 19.170000 19.570000 19.150000 19.530001 1.567500e+06
736733 19.690001 19.840000 19.500000 19.580000 1.640900e+06
736734 19.620001 19.790001 19.459999 19.690001 1.250600e+06
736735 19.690001 19.930000 19.530001 19.900000 1.298900e+06
736736 20.150000 20.299999 19.850000 19.879999 1.360900e+06
736739 20.070000 20.209999 19.870001 20.000000 1.012600e+06
736740 19.950001 20.070000 19.760000 19.920000 1.348800e+06
736741 19.830000 19.959999 19.660000 19.760000 9.190000e+05
736742 19.760000 19.959999 19.549999 19.650000 9.636000e+05
736743 19.570000 19.629999 19.280001 19.480000 9.594000e+05
736747 19.520000 19.840000 19.520000 19.750000 9.669000e+05
736748 19.580000 19.660000 19.450001 19.540001 1.038600e+06
736749 19.680000 20.150000 19.629999 19.990000 2.253900e+06
736750 19.760000 20.129999 19.719999 19.980000 1.433400e+06
736753 19.969999 20.280001 19.930000 20.070000 1.107300e+06
736754 19.969999 20.010000 19.730000 19.799999 1.832000e+06
736755 20.030001 20.740000 20.030001 20.459999 1.999800e+06
736756 20.389999 20.440001 20.150000 20.280001 1.482800e+06
736757 20.250000 20.459999 19.969999 20.160000 1.202700e+06
736760 20.049999 20.150000 19.790001 19.969999 1.817800e+06
736761 19.910000 19.950001 19.389999 19.459999 1.495500e+06
736762 19.500000 19.709999 19.400000 19.430000 1.305800e+06
736763 19.170000 19.469999 19.120001 19.360001 1.527000e+06
736764 19.629999 19.930000 19.350000 19.370001 1.582000e+06
