736369 23.580000 23.660000 23.559999 23.559999 4.000000e+02
736370 23.350000 23.830000 23.340000 23.430000 2.200000e+03
736371 23.100000 23.650000 22.870001 23.650000 1.330000e+04
736372 24.010000 24.860001 24.010000 24.670000 9.700000e+03
736376 26.959999 26.959999 24.059999 24.059999 1.350000e+04
736377 24.709999 25.760000 24.709999 25.570000 2.300000e+04
736378 26.240000 26.240000 25.209999 25.209999 2.840000e+04
736379 24.719999 24.750000 24.600000 24.740000 1.000000e+04
736383 25.160000 25.160000 25.160000 25.160000 2.500000e+03
736384 24.000000 25.230000 24.000000 25.230000 4.470000e+04
736385 24.940001 25.900000 24.520000 25.683001 2.040000e+04
736386 26.440001 26.440001 25.500000 25.670000 3.260000e+04
736389 25.850000 26.340000 25.770000 26.340000 7.970000e+04
736390 27.650000 27.650000 26.090000 26.690001 2.108000e+05
736391 26.450001 27.100000 26.209999 26.770000 1.698000e+05
736392 26.510000 27.270000 26.510000 26.969999 7.380000e+04
736393 27.059999 28.059999 26.820000 28.049999 1.479000e+05
736396 28.900000 29.500000 28.290001 29.260000 2.062000e+05
736397 29.700001 29.700001 28.291000 28.291000 1.157000e+05
736398 28.870001 29.719999 28.790001 29.503000 1.503000e+05
736399 29.040001 29.299999 29.040001 29.150000 2.630000e+04
736400 30.139999 30.139999 29.350000 29.350000 6.500000e+03
736403 28.920000 28.920000 28.790001 28.790001 6.000000e+02
736404 28.290001 28.340000 28.059999 28.150000 1.950000e+04
736405 29.000000 29.360001 28.910000 29.290001 5.170000e+04
736406 30.160000 30.820000 30.115999 30.690001 2.530000e+04
736407 31.580000 31.580000 30.629999 30.629999 6.900000e+03
736410 30.580000 30.780001 30.340000 30.340000 2.160000e+04
736411 30.680000 30.950001 30.670000 30.670000 1.270000e+04
736412 30.040001 30.129999 29.530001 29.530001 6.770000e+04
736413 28.559999 29.309999 28.559999 29.309999 3.920000e+04
736417 28.860001 28.910000 28.860001 28.910000 7.000000e+02
736418 28.080000 28.420000 28.080000 28.240000 2.200000e+03
736419 29.209999 29.250000 28.280001 28.290001 3.090000e+04
736420 28.240000 28.780001 28.240000 28.379999 2.980000e+04
736421 27.200001 27.370001 26.969999 27.170000 4.800000e+03
736424 27.290001 27.410000 26.379999 26.379999 2.210000e+04
736425 26.170000 26.440001 26.160000 26.277000 6.300000e+03
736426 27.190001 27.920000 27.120001 27.920000 3.650000e+04
736427 27.500000 27.500000 27.379999 27.379999 5.000000e+02
736428 29.030001 29.129999 28.940001 29.120001 1.000000e+03
736431 29.760000 30.010000 29.660000 29.879999 2.300000e+04
736432 30.280001 31.090000 30.250000 30.980000 2.900000e+04
736433 30.770000 30.969999 30.540001 30.660000 3.860000e+04
736434 30.840000 30.840000 30.840000 30.840000 1.000000e+02
736435 29.719999 29.959999 29.719999 29.770000 3.400000e+03
736438 29.080000 29.680000 28.750000 29.540001 2.010000e+04
736439 30.240000 30.490000 30.180000 30.400000 1.470000e+04
736440 30.040001 31.483000 29.809999 31.299999 1.860000e+04
736441 30.840000 31.240000 30.840000 31.059999 8.900000e+03
736442 31.250000 31.690001 31.230000 31.250000 3.710000e+04
736445 31.299999 31.299999 30.660000 30.660000 3.900000e+03
736446 31.150000 31.559999 31.150000 31.559999 9.700000e+03
736447 32.029999 32.529999 31.389999 32.430000 3.980000e+04
736448 32.490002 32.709999 32.490002 32.560001 7.000000e+02
736449 33.400002 33.400002 32.619999 32.619999 3.400000e+03
736452 32.259998 32.290001 31.920000 31.969999 9.900000e+03
736453 31.270000 31.270000 31.090000 31.120001 5.000000e+02
736454 31.889999 31.889999 31.120001 31.240000 1.560000e+04
736455 32.150002 32.470001 31.450001 31.540001 1.100000e+04
736456 31.469999 31.889999 31.469999 31.750000 1.260000e+04
736459 31.230000 31.340000 30.830000 30.840000 8.500000e+03
736460 31.240000 31.850000 31.153000 31.850000 2.080000e+04
736461 31.600000 31.990000 31.520000 31.990000 1.840000e+04
736462 32.970001 32.970001 32.900002 32.900002 3.000000e+02
736463 32.770000 32.980000 32.770000 32.960999 5.000000e+02
736466 33.889999 34.000000 33.880001 34.000000 6.500000e+03
736467 34.150002 34.529999 33.970001 34.529999 9.200000e+03
736468 34.456001 35.049999 33.930000 33.930000 5.700000e+03
736469 33.360001 34.160000 33.249001 34.160000 3.770000e+04
736470 34.279999 34.299999 33.779999 33.990002 2.540000e+04
736473 33.759998 33.759998 33.759998 33.759998 1.000000e+02
736474 33.830002 34.250000 33.830002 34.250000 6.700000e+03
736475 34.650002 34.700001 34.513000 34.700001 7.000000e+02
736476 34.549999 34.599998 34.549999 34.599998 2.000000e+02
736477 34.459999 34.630001 34.459999 34.630001 3.000000e+02
736481 34.959999 34.959999 34.959999 34.959999 2.000000e+02
736482 33.849998 34.209999 33.849998 34.209999 1.100000e+03
736483 33.869999 34.570000 33.869999 34.490002 4.400000e+03
736484 34.310001 34.320000 34.310001 34.320000 6.500000e+03
736487 34.810001 34.810001 34.810001 34.810001 1.000000e+02
736488 34.810001 34.810001 34.810001 34.810001 0.000000e+00
736489 35.880001 36.020000 35.770000 36.020000 3.400000e+03
736490 35.430000 35.540001 35.410000 35.459999 2.070000e+04
736491 34.959999 34.970001 34.410000 34.459999 2.140000e+04
736494 34.060001 34.450001 34.060001 34.450001 1.110000e+04
736495 34.070000 34.070000 33.919998 33.919998 3.100000e+03
736496 33.400002 34.020000 33.189999 33.189999 2.970000e+04
736497 32.419998 32.419998 32.320000 32.320000 1.400000e+03
736498 33.250000 33.759998 33.250000 33.750000 3.600000e+03
736501 34.220001 34.520000 34.220001 34.509998 8.000000e+03
736502 34.060001 34.520000 34.060001 34.520000 7.400000e+03
736503 34.759998 34.759998 34.009998 34.130001 2.140000e+04
736504 34.410000 34.410000 34.340000 34.340000 4.900000e+03
736505 33.419998 33.419998 33.257999 33.348000 1.600000e+03
736508 32.369999 32.529999 32.169998 32.529999 3.000000e+02
736509 33.590000 33.590000 33.020000 33.090000 6.000000e+02
736510 33.630001 34.560001 33.500000 34.560001 6.100000e+03
736511 34.380001 34.380001 33.650002 33.650002 5.000000e+02
736512 33.560001 33.610001 33.560001 33.599998 6.000000e+02
736516 32.740002 32.740002 32.509998 32.509998 3.000000e+02
736517 32.660000 32.660000 32.299999 32.299999 1.300000e+03
736518 33.020000 33.029999 31.270000 31.520000 1.500000e+03
736519 31.440001 31.440001 31.440001 31.440001 1.000000e+02
736522 31.510000 31.510000 31.180000 31.420000 5.300000e+03
736523 31.959999 32.560001 31.850000 32.560001 4.000000e+03
736524 32.060001 32.209999 31.120001 31.360001 4.900000e+03
736525 31.690001 31.709999 31.389999 31.680000 7.400000e+03
736526 32.130001 32.130001 32.000000 32.000000 2.000000e+02
736529 31.280001 31.280001 31.280001 31.280001 2.000000e+02
736530 31.320000 31.320000 31.320000 31.320000 1.000000e+02
736531 30.770000 31.600000 30.690001 31.600000 1.030000e+04
736532 31.139999 31.139999 30.570000 30.570000 9.000000e+02
736533 30.190001 30.299999 30.070000 30.299999 5.500000e+03
736536 29.740000 29.740000 29.459999 29.459999 3.000000e+03
736537 29.320000 29.459999 29.290001 29.370001 1.200000e+03
736538 29.520000 29.559999 28.590000 28.770000 1.490000e+04
736539 28.670000 28.750000 28.160000 28.170000 2.820000e+04
736540 28.000000 28.459999 27.969999 28.459999 4.600000e+03
736543 27.959999 27.980000 27.333000 27.410000 1.610000e+04
736544 28.000000 28.010000 27.100000 27.209999 4.400000e+03
736545 27.490000 28.197001 27.090000 28.197001 2.920000e+04
736546 27.820000 28.629999 27.820000 28.629999 4.000000e+02
736547 28.340000 28.709999 28.340000 28.709999 4.000000e+02
736550 29.469999 29.469999 29.469999 29.469999 1.000000e+02
736551 29.799999 29.799999 29.280001 29.309999 3.200000e+03
736552 29.520000 29.520000 28.490000 28.490000 4.700000e+03
736553 29.080000 29.830000 29.080000 29.709999 3.200000e+03
736554 29.969999 30.480000 29.889999 30.480000 1.310000e+04
736557 31.110001 31.299999 31.059999 31.299999 4.500000e+03
736558 31.299000 31.638000 31.299000 31.638000 7.000000e+02
736559 31.450001 32.049999 31.440001 31.980000 1.530000e+04
736560 32.619999 32.648998 32.590000 32.590000 5.000000e+02
736561 32.720001 32.720001 32.720001 32.720001 1.000000e+02
736564 31.900000 31.900000 31.900000 31.900000 1.200000e+03
736565 31.389999 32.259998 31.389999 31.990000 4.800000e+03
736566 31.910000 31.930000 31.370001 31.420000 1.100000e+04
736567 31.670000 31.809999 31.670000 31.750000 6.200000e+03
736568 31.820000 32.470001 31.570000 32.009998 9.800000e+03
736571 31.299999 31.454000 31.290001 31.454000 2.100000e+03
736572 31.260000 31.260000 31.129999 31.230000 5.200000e+03
736573 30.820000 30.820000 30.590000 30.590000 3.800000e+03
736574 29.700001 29.750000 28.969999 29.010000 4.300000e+03
736575 29.799999 29.799999 29.770000 29.770000 2.100000e+03
736579 29.510000 30.120001 29.510000 30.080000 6.900000e+03
736580 30.040001 30.059999 30.000000 30.000000 3.000000e+02
736581 31.219999 31.780001 30.910000 31.780001 2.240000e+04
736582 30.910000 30.910000 30.760000 30.760000 2.000000e+02
736585 30.410000 31.080000 30.410000 30.850000 4.800000e+03
736586 30.160000 30.160000 30.120001 30.120001 1.200000e+03
736587 30.170000 30.180000 29.405001 29.405001 2.450000e+04
736588 29.840000 29.840000 29.080000 29.525000 7.900000e+03
736589 29.030001 29.120001 28.933001 28.933001 5.000000e+02
736592 29.500000 29.500000 29.459999 29.459999 2.000000e+02
736593 29.020000 29.290001 28.980000 29.190001 3.400000e+03
736594 29.700001 30.059999 29.650000 29.950001 2.730000e+04
736595 30.799999 30.799999 30.573999 30.573999 3.700000e+03
736596 30.629999 30.629999 29.340000 29.600000 1.040000e+04
736599 30.000000 30.540001 30.000000 30.240000 4.200000e+03
736600 29.299999 29.670000 29.299999 29.360001 7.300000e+03
736601 30.040001 31.180000 29.459999 30.900000 3.550000e+04
736602 31.180000 31.680000 31.180000 31.540001 2.400000e+03
736603 31.870001 31.870001 31.700001 31.740000 1.300000e+03
736606 31.860001 32.400002 31.813000 32.360001 5.700000e+03
736607 32.230000 32.230000 32.169998 32.169998 2.000000e+02
736608 32.810001 33.027000 32.619999 32.980000 1.070000e+04
736609 33.155998 33.369999 33.090000 33.369999 1.000000e+03
736610 33.320000 33.320000 32.939999 32.973999 5.000000e+02
736613 33.980000 34.110001 33.840000 33.840000 2.600000e+03
736614 33.880001 33.880001 33.520000 33.520000 7.000000e+02
736615 33.189999 33.207001 33.189999 33.200001 3.000000e+02
736616 33.060001 33.430000 33.060001 33.330002 7.400000e+03
736617 33.259998 33.259998 33.070999 33.099998 4.000000e+02
736620 33.020000 33.020000 32.790001 32.990002 8.000000e+02
736621 32.900002 32.900002 32.900002 32.900002 1.000000e+02
736622 33.959999 33.959999 33.759998 33.779999 3.200000e+03
736623 33.118000 33.291000 33.118000 33.291000 2.000000e+02
736624 33.259998 33.341000 33.259998 33.341000 5.000000e+02
736627 33.400002 33.400002 33.020000 33.299999 2.200000e+03
736628 33.090000 33.090000 33.090000 33.090000 1.000000e+02
736629 32.180000 32.759998 32.169998 32.362999 1.400000e+03
736630 32.500000 32.500000 32.500000 32.500000 1.000000e+02
736631 32.011002 32.011002 32.011002 32.011002 2.000000e+02
736634 31.433001 31.433001 31.433001 31.433001 1.000000e+02
736635 30.719999 30.743000 30.530001 30.549999 4.100000e+03
736636 29.980000 29.980000 29.660000 29.732000 1.300000e+03
736637 29.370001 29.370001 29.259001 29.259001 4.000000e+02
736638 28.750999 29.250000 28.750999 29.010000 1.440000e+04
736641 29.280001 29.280001 29.270000 29.270000 5.000000e+02
736642 29.270000 29.270000 29.270000 29.270000 0.000000e+00
736643 29.596001 29.596001 29.510000 29.510000 4.000000e+02
736644 29.400999 29.400999 29.400999 29.400999 1.000000e+02
736645 28.459999 28.575001 28.450001 28.575001 2.600000e+03
736648 28.250000 28.594000 27.879999 28.594000 3.300000e+03
736649 29.420000 30.170000 29.420000 30.150000 2.100000e+03
736650 29.780001 29.780001 29.690001 29.690001 4.000000e+02
736651 30.370001 30.370001 30.370001 30.370001 1.700000e+03
736652 29.726000 29.768999 29.726000 29.768999 4.000000e+02
736655 29.768999 29.768999 29.768999 29.768999 0.000000e+00
736656 31.212999 31.212999 31.070999 31.070999 4.000000e+02
736657 31.200001 31.290001 31.080000 31.120001 4.400000e+03
736659 31.040001 31.040001 29.990000 30.090000 7.000000e+02
736662 30.600000 30.600000 30.430000 30.430000 3.400000e+03
736663 29.350000 29.350000 29.350000 29.350000 1.000000e+02
736664 31.490000 32.217999 31.440001 31.961000 2.900000e+03
736665 33.000000 33.464001 32.840000 32.959999 2.800000e+03
736666 33.094002 33.223000 33.094002 33.223000 2.000000e+02
736669 33.223000 33.223000 33.223000 33.223000 0.000000e+00
736670 33.223000 33.223000 33.223000 33.223000 0.000000e+00
736671 32.570000 32.669998 32.470001 32.594002 8.000000e+02
736672 32.529999 32.672001 32.500000 32.653000 8.500000e+03
736673 32.653000 32.653000 32.653000 32.653000 0.000000e+00
736676 34.779999 34.779999 34.286999 34.396999 5.900000e+03
736677 34.396999 34.396999 34.396999 34.396999 0.000000e+00
736678 33.889999 33.980000 33.352001 33.352001 1.100000e+03
736679 33.352001 33.352001 33.352001 33.352001 0.000000e+00
736680 33.389999 33.659000 33.389999 33.659000 1.320000e+04
736683 33.660000 33.669998 33.549999 33.669998 5.300000e+03
736684 33.669998 33.669998 33.669998 33.669998 0.000000e+00
736685 33.905998 33.905998 33.439999 33.439999 6.000000e+02
736686 33.380001 33.700001 33.380001 33.574001 1.700000e+03
736687 33.574001 33.574001 33.574001 33.574001 0.000000e+00
736691 34.139999 34.189999 34.139999 34.189999 5.000000e+02
736692 34.419998 34.419998 34.419998 34.419998 1.000000e+02
736693 34.189999 34.189999 34.189999 34.189999 3.000000e+02
736694 34.189999 34.189999 34.189999 34.189999 0.000000e+00
736698 34.189999 34.189999 34.189999 34.189999 0.000000e+00
736699 34.189999 34.189999 34.189999 34.189999 1.000000e+02
736700 34.080002 34.080002 34.009998 34.009998 3.500000e+03
736701 34.009998 34.009998 34.009998 34.009998 0.000000e+00
736704 34.009998 34.009998 34.009998 34.009998 0.000000e+00
736705 34.009998 34.009998 34.009998 34.009998 0.000000e+00
736706 32.645000 33.389999 32.645000 33.389999 4.000000e+02
736707 33.509998 33.509998 33.509998 33.509998 1.000000e+02
736708 33.779999 33.779999 33.779999 33.779999 2.000000e+02
736712 33.779999 33.779999 33.779999 33.779999 0.000000e+00
736713 33.779999 33.779999 33.779999 33.779999 0.000000e+00
736714 32.740002 32.799999 32.619999 32.619999 2.000000e+03
736715 33.369999 33.369999 33.369999 33.369999 1.000000e+02
736718 33.049999 33.049999 33.049999 33.049999 1.000000e+02
736719 33.020000 33.290001 33.020000 33.130001 2.300000e+03
736720 32.910000 32.910000 32.910000 32.910000 1.000000e+02
736721 33.599998 33.599998 33.599998 33.599998 1.000000e+03
736722 33.208000 33.255001 33.070000 33.070000 5.000000e+02
736725 33.070000 33.070000 33.070000 33.070000 0.000000e+00
736726 33.070000 33.070000 33.070000 33.070000 0.000000e+00
736727 33.400002 33.400002 33.400002 33.400002 4.000000e+02
736728 33.400002 33.400002 33.400002 33.400002 0.000000e+00
736729 33.400002 33.400002 33.400002 33.400002 0.000000e+00
736732 33.400002 33.400002 33.400002 33.400002 0.000000e+00
736733 33.400002 33.400002 33.400002 33.400002 0.000000e+00
736734 32.259998 32.708000 32.259998 32.708000 3.000000e+02
736735 32.708000 32.708000 32.708000 32.708000 0.000000e+00
736736 33.500000 33.500000 33.500000 33.500000 9.000000e+02
736739 33.189999 33.189999 33.189999 33.189999 1.000000e+02
736740 33.189999 33.189999 33.189999 33.189999 0.000000e+00
736741 33.049999 33.049999 33.049999 33.049999 3.000000e+02
736742 32.936001 32.936001 32.936001 32.936001 2.000000e+02
736743 32.936001 32.936001 32.936001 32.936001 0.000000e+00
736747 33.735001 33.810001 33.480000 33.480000 2.400000e+03
736748 33.119999 33.119999 32.930000 32.930000 2.800000e+03
736749 32.930000 32.930000 32.930000 32.930000 0.000000e+00
736750 32.930000 32.930000 32.930000 32.930000 0.000000e+00
736753 33.439999 33.490002 33.389999 33.389999 8.000000e+02
736754 33.050999 33.389999 33.050999 33.389999 1.000000e+03
736755 33.292999 33.330002 33.292999 33.330002 1.200000e+03
736756 33.330002 33.330002 33.330002 33.330002 0.000000e+00
736757 32.669998 32.669998 32.669998 32.669998 3.000000e+02
736760 32.896000 32.930000 32.896000 32.930000 4.000000e+02
736761 32.959999 32.959999 32.849998 32.849998 4.000000e+02
736762 32.250000 32.250000 31.150000 31.150000 7.000000e+02
736763 30.549999 30.549999 30.361000 30.361000 8.000000e+02
736764 30.289000 30.289000 30.010000 30.052000 8.000000e+02
