736301 59.096847 59.313536 59.096847 59.096847 5.630649e+06
736302 58.850610 59.333236 58.850610 59.333236 1.083442e+03
736305 59.333236 59.333236 59.333236 59.333236 0.000000e+00
736306 58.644756 58.644756 58.644756 58.644756 9.849474e+01
736307 58.574825 58.574825 58.299038 58.299038 5.909685e+02
736308 58.377835 58.377835 58.299038 58.299038 5.909685e+02
736309 58.299038 58.299038 58.299038 58.299038 0.000000e+00
736312 58.299038 58.299038 58.299038 58.299038 9.849474e+03
736313 58.299038 58.299038 58.299038 58.299038 1.477421e+04
736314 58.210392 58.535427 58.210392 58.535427 1.969895e+02
736315 58.535427 58.535427 58.535427 58.535427 0.000000e+00
736316 57.475623 57.560328 57.213628 57.213628 6.303664e+03
736319 57.077705 57.235297 57.077705 57.121041 2.560863e+03
736320 57.121041 57.121041 57.121041 57.121041 0.000000e+00
736321 58.269491 58.535427 58.269491 58.470418 1.477421e+03
736322 58.633920 58.732417 58.604373 58.604373 8.864527e+02
736326 58.308890 58.535427 58.308890 58.535427 3.939790e+02
736327 58.535427 58.535427 58.535427 58.535427 0.000000e+00
736328 58.811211 58.811211 58.811211 58.811211 3.939790e+02
736329 58.545275 58.545275 58.545275 58.545275 2.954842e+02
736333 58.545275 58.545275 58.545275 58.545275 0.000000e+00
736334 58.545275 58.545275 58.545275 58.545275 0.000000e+00
736335 58.545275 58.545275 58.545275 58.545275 0.000000e+00
736336 55.856369 55.856369 55.856369 55.856369 3.939790e+02
736337 55.649530 55.649530 55.304800 55.304800 8.864527e+02
736340 55.265403 55.265403 54.920668 54.920668 1.575916e+03
736341 55.029013 55.029013 55.029013 55.029013 3.939790e+02
736342 55.029013 55.029013 55.029013 55.029013 0.000000e+00
736343 55.186604 55.186604 55.186604 55.186604 9.849474e+01
736344 54.250907 54.250907 54.250907 54.250907 3.939790e+02
736348 53.856926 53.856926 53.856926 53.856926 3.939790e+02
736349 52.803034 52.803034 52.783334 52.783334 3.939790e+02
736350 54.310001 54.310001 54.310001 54.310001 9.849474e+01
736351 54.526692 54.841874 54.526692 54.841874 1.969895e+02
736354 54.172109 54.172109 54.172109 54.172109 9.849474e+01
736355 54.635036 54.635036 54.635036 54.635036 9.849474e+01
736356 54.920668 54.920668 54.920668 54.920668 1.969895e+02
736357 54.526691 54.526691 54.526691 54.526691 9.849474e+01
736358 55.491939 56.102605 55.491939 56.102605 1.083442e+03
736361 56.142004 56.575380 56.142004 56.506434 1.378926e+03
736362 55.797275 55.797275 55.600284 55.659378 6.894632e+02
736363 55.659378 55.659378 55.659378 55.659378 0.000000e+00
736364 55.994259 56.132156 55.994259 56.132156 1.969895e+02
736365 55.905615 55.905615 55.501787 55.501787 9.849475e+02
736368 54.526691 54.526691 54.378947 54.378947 2.954842e+02
736369 54.615337 54.871421 54.585786 54.782776 5.909685e+02
736370 55.206303 55.245702 54.900972 54.900972 4.924737e+02
736371 53.984970 54.181957 53.945572 54.181957 4.924737e+02
736372 54.615336 55.097958 54.615336 55.068411 1.280432e+03
736376 55.698776 56.004112 55.698776 56.004112 7.879579e+02
736377 56.644326 56.732971 56.506434 56.732971 5.909685e+02
736378 56.506434 56.811769 56.506434 56.752671 4.924737e+02
736379 56.535986 56.683725 56.535986 56.683725 4.924737e+02
736382 57.245144 57.274695 57.156498 57.274695 5.909685e+02
736383 57.353489 57.363341 57.028458 57.038306 7.682590e+03
736384 57.038306 57.038306 57.038306 57.038306 0.000000e+00
736385 57.038306 57.038306 57.038306 57.038306 0.000000e+00
736386 57.038306 57.038306 57.038306 57.038306 0.000000e+00
736389 57.038306 57.038306 57.038306 57.038306 0.000000e+00
736390 57.038306 57.038306 57.038306 57.038306 0.000000e+00
736391 58.436934 58.436934 58.436934 58.436934 1.969895e+02
736392 58.436934 58.436934 58.436934 58.436934 0.000000e+00
736393 58.436934 58.436934 58.436934 58.436934 0.000000e+00
736396 58.436934 58.436934 58.436934 58.436934 0.000000e+00
736397 59.128366 59.128366 59.128366 59.128366 2.954842e+02
736398 59.128366 59.128366 59.128366 59.128366 0.000000e+00
736399 59.128366 59.128366 59.128366 59.128366 0.000000e+00
736400 59.128366 59.128366 59.128366 59.128366 0.000000e+00
736403 59.128366 59.128366 59.128366 59.128366 0.000000e+00
736404 59.128366 59.128366 59.128366 59.128366 0.000000e+00
736405 59.746912 59.776459 59.746912 59.776459 3.939790e+02
736406 59.776459 59.776459 59.776459 59.776459 0.000000e+00
736407 60.087342 60.087342 60.087342 60.087342 0.000000e+00
736410 60.087342 60.087342 60.087342 60.087342 0.000000e+00
736411 60.087342 60.087342 60.087342 60.087342 0.000000e+00
736412 60.635842 60.635842 60.635842 60.635842 2.970210e+02
736413 60.635842 60.635842 60.635842 60.635842 0.000000e+00
736417 60.635842 60.635842 60.635842 60.635842 0.000000e+00
736418 60.635842 60.635842 60.635842 60.635842 0.000000e+00
736419 61.602152 61.602152 61.602152 61.602152 9.900699e+01
736420 61.602152 61.602152 61.602152 61.602152 0.000000e+00
736421 61.374436 61.780365 61.374436 61.780365 3.960280e+02
736424 61.780365 61.780365 61.780365 61.780365 0.000000e+00
736425 61.780365 61.780365 61.780365 61.780365 0.000000e+00
736426 60.739799 60.739799 60.739799 60.739799 9.900699e+01
736427 60.739799 60.739799 60.739799 60.739799 0.000000e+00
736428 61.071471 61.071471 61.071471 61.071471 9.900699e+01
736431 61.071471 61.071471 61.071471 61.071471 0.000000e+00
736432 61.071471 61.071471 61.071471 61.071471 0.000000e+00
736433 61.405127 61.405127 61.358593 61.358593 7.920559e+02
736434 61.473442 61.473442 61.473442 61.473442 1.980140e+02
736435 61.473442 61.473442 61.473442 61.473442 0.000000e+00
736438 61.879370 61.909071 61.592249 61.909071 4.219678e+05
736439 61.909071 61.909071 61.909071 61.909071 0.000000e+00
736440 61.909071 61.909071 61.909071 61.909071 0.000000e+00
736441 61.364534 61.364534 61.364534 61.364534 9.900699e+01
736442 61.364534 61.364534 61.364534 61.364534 0.000000e+00
736445 61.364534 61.364534 61.364534 61.364534 0.000000e+00
736446 61.760563 61.760563 61.760563 61.760563 2.772196e+03
736447 61.760563 61.760563 61.760563 61.760563 0.000000e+00
736448 61.760563 61.760563 61.760563 61.760563 0.000000e+00
736449 61.760563 61.760563 61.760563 61.760563 0.000000e+00
736452 61.760563 61.760563 61.760563 61.760563 0.000000e+00
736453 61.324930 61.324930 61.324930 61.324930 1.089077e+03
736454 61.324930 61.324930 61.324930 61.324930 0.000000e+00
736455 61.107117 61.107117 61.062562 61.062562 1.980140e+02
736456 61.394234 61.394234 61.394234 61.394234 1.980140e+02
736459 61.394234 61.394234 61.394234 61.394234 0.000000e+00
736460 61.394234 61.394234 61.394234 61.394234 0.000000e+00
736461 61.394234 61.394234 61.394234 61.394234 0.000000e+00
736462 61.394234 61.394234 61.394234 61.394234 0.000000e+00
736463 61.394234 61.394234 61.394234 61.394234 0.000000e+00
736466 61.394234 61.394234 61.394234 61.394234 0.000000e+00
736467 61.394234 61.394234 61.394234 61.394234 0.000000e+00
736468 61.394234 61.394234 61.394234 61.394234 9.900699e+01
736469 61.394234 61.394234 61.394234 61.394234 0.000000e+00
736470 61.394234 61.394234 61.394234 61.394234 0.000000e+00
736473 61.394234 61.394234 61.394234 61.394234 0.000000e+00
736474 61.394234 61.394234 61.394234 61.394234 0.000000e+00
736475 61.859569 61.859569 61.859569 61.859569 1.980140e+02
736476 61.988280 61.988280 61.978376 61.978376 1.316793e+04
736477 62.284309 62.307080 62.283320 62.307080 2.178154e+03
736481 60.443768 62.404106 60.443768 62.404106 2.970210e+02
736482 62.404106 62.404106 62.404106 62.404106 0.000000e+00
736483 62.404106 62.404106 62.404106 62.404106 0.000000e+00
736484 62.711029 62.711029 62.710040 62.710040 2.970210e+02
736487 63.017952 63.017952 63.012011 63.017952 1.584112e+03
736488 63.097157 63.245668 63.097157 63.126857 8.910629e+02
736489 63.126857 63.126857 63.126857 63.126857 0.000000e+00
736490 63.126857 63.126857 63.126857 63.126857 0.000000e+00
736491 63.126857 63.126857 63.126857 63.126857 0.000000e+00
736494 63.126857 63.126857 63.126857 63.126857 0.000000e+00
736495 62.126888 62.146689 61.859569 62.087284 4.455315e+03
736496 62.414009 62.414009 62.166492 62.166492 5.940420e+02
736497 61.671457 61.671457 61.661554 61.661554 1.584112e+03
736498 62.203817 62.203817 62.203817 62.203817 3.979898e+02
736501 62.203817 62.203817 62.203817 62.203817 0.000000e+00
736502 62.203817 62.203817 62.203817 62.203817 0.000000e+00
736503 62.203817 62.203817 62.203817 62.203817 0.000000e+00
736504 62.203817 62.203817 62.203817 62.203817 0.000000e+00
736505 61.937162 61.957062 61.489423 61.718267 1.492462e+03
736508 60.325305 60.325305 60.325305 60.325305 9.949745e+01
736509 60.325305 60.325305 60.325305 60.325305 0.000000e+00
736510 62.225706 62.225706 62.175958 62.175958 6.467334e+03
736511 62.175958 62.175958 62.175958 62.175958 0.000000e+00
736512 62.175958 62.175958 62.175958 62.175958 0.000000e+00
736516 63.071433 63.071433 63.071433 63.071433 9.949745e+01
736517 63.071433 63.071433 63.071433 63.071433 0.000000e+00
736518 63.071433 63.071433 63.071433 63.071433 0.000000e+00
736519 64.235551 64.394750 64.235551 64.394750 4.974872e+02
736522 64.394750 64.394750 64.394750 64.394750 9.949745e+01
736523 64.394750 64.394750 64.394750 64.394750 0.000000e+00
736524 64.941982 64.951934 64.941982 64.951934 1.472562e+04
736525 64.951934 64.951934 64.951934 64.951934 0.000000e+00
736526 64.951934 64.951934 64.951934 64.951934 0.000000e+00
736529 64.951934 64.951934 64.951934 64.951934 0.000000e+00
736530 64.742990 64.790745 64.742990 64.790745 3.979898e+02
736531 64.790745 64.790745 64.790745 64.790745 0.000000e+00
736532 64.790745 64.790745 64.790745 64.790745 0.000000e+00
736533 64.790745 64.790745 64.790745 64.790745 0.000000e+00
736536 64.790745 64.790745 64.790745 64.790745 0.000000e+00
736537 64.790745 64.790745 64.790745 64.790745 0.000000e+00
736538 65.538973 65.538973 65.379773 65.379773 2.984923e+02
736539 65.300173 65.300173 65.235505 65.300173 9.949745e+02
736540 65.678269 65.678269 65.643441 65.643441 1.193969e+03
736543 65.568821 65.568821 65.568821 65.568821 9.949745e+01
736544 65.280277 65.280277 65.280277 65.280277 9.949745e+01
736545 64.961886 64.961886 64.932038 64.932038 3.979898e+02
736546 64.932038 64.932038 64.932038 64.932038 0.000000e+00
736547 64.932038 64.932038 64.932038 64.932038 0.000000e+00
736550 65.442460 65.442460 65.440471 65.440471 2.984923e+02
736551 65.240477 65.240477 65.240477 65.240477 1.989949e+02
736552 65.240477 65.240477 65.240477 65.240477 0.000000e+00
736553 65.240477 65.240477 65.240477 65.240477 0.000000e+00
736554 65.568821 65.568821 65.538973 65.538973 2.387939e+03
736557 65.877261 65.877261 65.873283 65.873283 2.984924e+02
736558 65.688213 65.688213 65.439469 65.439469 2.984923e+02
736559 65.230526 65.290229 65.230526 65.290229 2.984923e+02
736560 65.728013 65.728013 65.459373 65.459373 1.989949e+02
736561 65.837460 65.877260 65.837460 65.877260 1.076562e+05
736564 65.711100 65.831494 65.711100 65.831494 3.084421e+03
736565 66.096156 66.533948 66.096156 66.255348 4.497285e+04
736566 65.807612 65.807612 65.807612 65.807612 3.979898e+02
736567 65.807612 65.807612 65.807612 65.807612 0.000000e+00
736568 65.827517 66.112075 65.548917 65.548917 5.969847e+03
736571 65.548917 65.548917 65.548917 65.548917 0.000000e+00
736572 65.489222 65.807613 65.489222 65.797661 3.989848e+04
736573 65.409622 65.608621 65.409622 65.608621 8.954771e+02
736574 65.608621 65.608621 65.608621 65.608621 0.000000e+00
736575 65.986708 65.986708 65.751894 65.946908 6.298189e+04
736579 65.936957 65.936957 65.678269 65.857364 3.830652e+04
736580 65.877260 65.877260 65.877260 65.877260 1.989949e+02
736581 65.877260 65.877260 65.877260 65.877260 0.000000e+00
736582 64.862389 64.862389 64.136055 64.136055 3.581908e+03
736585 64.822590 64.822590 64.822590 64.822590 2.984923e+02
736586 64.822590 64.822590 64.822590 64.822590 0.000000e+00
736587 64.006712 64.006712 63.949004 63.949004 3.979898e+02
736588 63.949004 63.949004 63.949004 63.949004 0.000000e+00
736589 64.272003 64.272003 64.272003 64.272003 0.000000e+00
736592 64.220001 64.309998 64.220001 64.300003 5.000000e+02
736593 64.610001 64.610001 64.190002 64.199997 9.000000e+02
736594 64.514000 64.514000 64.514000 64.514000 4.000000e+02
736595 65.330002 65.459999 65.269997 65.449997 4.040000e+04
736596 65.449997 65.449997 65.449997 65.449997 0.000000e+00
736599 64.830002 64.839996 64.690002 64.690002 2.000000e+03
736600 64.900002 64.930000 64.709999 64.930000 1.000000e+03
736601 64.992996 64.992996 64.838997 64.838997 1.000000e+03
736602 65.110001 65.120003 64.671997 64.671997 3.400000e+03
736603 65.049004 65.049004 65.049004 65.049004 2.000000e+02
736606 64.688004 64.820000 64.559998 64.570000 4.200000e+03
736607 65.419998 65.419998 64.320000 64.320000 2.300000e+03
736608 64.320000 64.320000 64.320000 64.320000 0.000000e+00
736609 64.540001 64.540001 64.540001 64.540001 2.000000e+02
736610 64.179001 64.363998 64.179001 64.363998 1.000000e+03
736613 64.363998 64.363998 64.363998 64.363998 0.000000e+00
736614 64.150002 64.150002 63.619999 63.619999 1.200000e+03
736615 63.619999 63.619999 63.619999 63.619999 0.000000e+00
736616 63.619999 63.619999 63.619999 63.619999 0.000000e+00
736617 63.619999 63.619999 63.619999 63.619999 0.000000e+00
736620 63.930000 64.001999 63.734001 63.734001 2.800000e+03
736621 63.734001 63.734001 63.734001 63.734001 0.000000e+00
736622 63.860001 63.860001 63.759998 63.790001 7.000000e+02
736623 63.714001 63.779999 63.714001 63.779999 2.430000e+04
736624 63.639999 63.849998 63.580002 63.849998 1.100000e+03
736627 64.010002 64.010002 63.939999 63.939999 5.000000e+02
736628 63.630001 63.655998 63.630001 63.655998 3.000000e+02
736629 63.470001 63.529999 63.470001 63.529999 7.000000e+02
736630 63.049999 63.049999 62.924999 62.924999 6.000000e+02
736631 63.373001 63.373001 63.320000 63.341999 6.000000e+02
736634 63.386002 63.386002 63.386002 63.386002 3.000000e+02
736635 62.779999 62.779999 62.616001 62.671001 8.000000e+02
736636 62.730000 62.758999 62.599998 62.692001 2.000000e+03
736637 62.453999 62.453999 62.419998 62.419998 4.000000e+02
736638 62.660999 62.660999 62.259998 62.259998 3.000000e+02
736641 62.259998 62.259998 62.259998 62.259998 0.000000e+00
736642 63.900002 63.900002 63.750000 63.750000 1.200000e+03
736643 63.403999 64.102997 63.403999 64.102997 1.300000e+03
736644 64.102997 64.102997 64.102997 64.102997 0.000000e+00
736645 64.930000 65.040001 64.918999 65.040001 5.000000e+02
736648 65.551003 65.551003 65.449997 65.449997 2.200000e+03
736649 65.639999 65.970001 65.599998 65.970001 2.200000e+03
736650 66.021004 66.021004 65.796997 65.796997 7.000000e+02
736651 66.139999 66.150002 66.089996 66.089996 2.750000e+04
736652 66.099998 66.129997 65.870003 65.980003 7.220000e+04
736655 66.199997 66.459999 65.820000 66.419998 7.490000e+04
736656 66.589996 66.848000 66.589996 66.848000 6.800000e+03
736657 66.820000 66.830002 66.800003 66.800003 5.000000e+02
736659 67.360001 67.419998 67.360001 67.410004 4.000000e+02
736662 67.410004 67.410004 67.410004 67.410004 0.000000e+00
736663 67.410004 67.410004 67.410004 67.410004 0.000000e+00
736664 67.083000 67.084000 66.620003 66.620003 1.100000e+03
736665 66.760002 66.760002 66.410004 66.580002 8.000000e+02
736666 66.470001 66.589996 66.389999 66.589996 5.300000e+03
736669 66.910004 67.059998 66.862999 67.050003 6.600000e+03
736670 66.940002 66.940002 66.940002 66.940002 3.000000e+02
736671 67.300003 68.440002 67.300003 68.199997 1.900000e+03
736672 68.720001 68.720001 68.660004 68.660004 6.000000e+02
736673 68.660004 68.660004 68.660004 68.660004 0.000000e+00
736676 69.230003 69.230003 69.230003 69.230003 4.000000e+02
736677 69.040001 69.040001 68.489998 68.489998 3.500000e+03
736678 68.889999 68.889999 68.499001 68.499001 1.100000e+03
736679 68.224998 68.239998 67.910004 68.169998 8.800000e+03
736680 66.410004 66.529999 66.300003 66.300003 3.900000e+03
736683 66.300003 66.300003 66.300003 66.300003 0.000000e+00
736684 67.010002 67.120003 66.699997 66.933998 3.400000e+03
736685 66.940002 67.004997 66.940002 67.004997 4.000000e+02
736686 66.290001 66.290001 66.169998 66.169998 2.260000e+04
736687 66.461998 66.461998 66.349998 66.449997 1.800000e+03
736691 65.959999 65.959999 65.959999 65.959999 3.000000e+02
736692 66.647003 66.647003 65.959999 65.959999 5.100000e+03
736693 66.150002 66.209999 65.959999 66.209999 4.100000e+03
736694 65.800003 65.800003 65.800003 65.800003 2.000000e+02
736698 66.389999 66.400002 66.059998 66.302002 1.200000e+03
736699 66.790001 67.139999 66.750000 67.139999 3.900000e+03
736700 66.614998 66.638000 66.612000 66.638000 9.000000e+02
736701 66.750000 66.805000 66.750000 66.805000 1.200000e+03
736704 66.555000 66.555000 66.309998 66.320000 1.000000e+03
736705 66.320000 66.320000 66.320000 66.320000 0.000000e+00
736706 66.651001 66.651001 66.430000 66.430000 9.000000e+02
736707 66.300003 66.500000 66.300003 66.500000 4.000000e+02
736708 66.949997 67.089996 66.800003 66.930000 3.400000e+03
736712 66.930000 66.930000 66.930000 66.930000 0.000000e+00
736713 67.069000 67.069000 66.760002 66.760002 7.000000e+02
736714 66.400002 66.559998 66.400002 66.559998 1.410000e+04
736715 66.269997 66.779999 66.269997 66.779999 2.300000e+03
736718 66.500999 67.070000 66.333000 66.470001 1.900000e+03
736719 67.099998 67.180000 67.089996 67.099998 6.700000e+03
736720 67.324997 67.324997 67.324997 67.324997 8.000000e+02
736721 67.410004 67.500000 67.410004 67.459999 3.600000e+03
736722 67.459999 67.459999 67.459999 67.459999 0.000000e+00
736725 66.809998 66.809998 66.380997 66.698997 6.400000e+03
736726 66.820000 67.209999 66.820000 67.209999 6.000000e+02
736727 67.059998 67.097000 66.767998 66.900002 1.300000e+03
736728 67.199997 67.199997 66.900002 66.900002 2.500000e+03
736729 66.900002 66.900002 66.900002 66.900002 0.000000e+00
736732 66.900002 66.900002 66.900002 66.900002 0.000000e+00
736733 67.447998 67.500000 67.447998 67.489998 2.300000e+03
736734 67.500000 67.500000 67.500000 67.500000 7.000000e+02
736735 67.877998 68.019997 67.877998 68.019997 1.000000e+03
736736 68.220001 68.440002 68.199997 68.440002 7.300000e+03
736739 68.440002 68.440002 68.440002 68.440002 0.000000e+00
736740 68.440002 68.440002 68.440002 68.440002 0.000000e+00
736741 68.737000 69.000000 68.737000 68.949997 2.800000e+03
736742 69.072998 69.147003 69.072998 69.147003 7.000000e+02
736743 69.139999 69.139999 69.089996 69.095001 4.000000e+02
736747 69.452003 69.763000 69.452003 69.610001 1.700000e+03
736748 69.470001 69.589996 69.449997 69.589996 2.800000e+03
736749 69.445999 69.445999 69.400002 69.400002 7.000000e+02
736750 69.480003 69.787003 69.470001 69.787003 3.800000e+03
736753 69.919998 69.985001 69.760002 69.906998 9.000000e+02
736754 69.906998 69.906998 69.906998 69.906998 0.000000e+00
736755 69.906998 69.906998 69.906998 69.906998 0.000000e+00
736756 69.910004 69.959999 69.769997 69.769997 9.000000e+02
736757 69.453003 69.870003 69.453003 69.750000 1.200000e+03
736760 69.750000 69.750000 69.750000 69.750000 0.000000e+00
736761 69.750000 69.750000 69.750000 69.750000 0.000000e+00
736762 69.160004 69.160004 69.160004 69.160004 2.000000e+02
736763 68.989998 68.989998 68.820000 68.820000 1.900000e+03
736764 69.449997 69.449997 69.449997 69.449997 6.000000e+02
