736034 4.550000 4.760000 4.550000 4.680000 1.620000e+04
736035 4.700000 4.800000 4.700000 4.760000 1.780000e+04
736036 4.750000 4.800000 4.650000 4.650000 2.650000e+04
736039 4.650000 4.750000 4.610000 4.650000 1.480000e+04
736040 4.660000 4.760000 4.660000 4.680000 3.800000e+03
736041 4.660000 4.790000 4.650000 4.720000 3.670000e+04
736042 4.740000 4.750000 4.720000 4.720000 1.100000e+03
736043 4.760000 4.770000 4.550000 4.550000 3.800000e+03
736046 4.660000 4.750000 4.540000 4.640000 6.280000e+04
736047 4.700000 4.720000 4.600000 4.670000 2.600000e+04
736048 4.620000 4.710000 4.580000 4.600000 3.070000e+04
736049 4.650000 4.690000 4.550000 4.550000 1.300000e+03
736050 4.630000 4.690000 4.550000 4.580000 2.100000e+03
736053 4.650000 4.740000 4.600000 4.600000 1.050000e+04
736054 4.550000 5.000000 4.510000 4.510000 2.600000e+04
736055 4.550000 4.650000 4.500000 4.630000 2.370000e+04
736056 4.650000 4.700000 4.570000 4.570000 5.970000e+04
736060 4.700000 4.720000 4.500000 4.690000 8.800000e+03
736061 4.670000 4.680000 4.640000 4.660000 9.000000e+02
736062 4.660000 4.660000 4.660000 4.660000 0.000000e+00
736063 4.500000 4.660000 4.500000 4.640000 6.300000e+03
736064 4.670000 4.670000 4.650000 4.650000 5.500000e+03
736067 4.520000 4.690000 4.520000 4.690000 3.200000e+03
736068 4.660000 4.680000 4.660000 4.680000 5.000000e+02
736069 4.650000 4.690000 4.650000 4.690000 2.800000e+03
736070 4.610000 4.660000 4.500000 4.500000 3.700000e+03
736071 4.650000 4.650000 4.510000 4.540000 8.800000e+03
736074 4.610000 4.670000 4.540000 4.540000 2.200000e+03
736075 4.520000 4.520000 4.500000 4.520000 2.700000e+03
736076 4.540000 4.600000 4.510000 4.510000 4.900000e+03
736077 4.550000 4.630000 4.550000 4.590000 9.000000e+02
736078 4.590000 4.590000 4.590000 4.590000 0.000000e+00
736081 4.590000 4.590000 4.590000 4.590000 0.000000e+00
736082 4.550000 4.590000 4.500000 4.510000 5.700000e+03
736083 4.510000 4.520000 4.510000 4.510000 2.600000e+03
736084 4.500000 4.510000 4.500000 4.510000 4.000000e+02
736085 4.520000 4.680000 4.500000 4.500000 2.900000e+03
736088 4.510000 4.510000 4.510000 4.510000 3.000000e+02
736089 4.560000 4.580000 4.510000 4.510000 1.800000e+03
736090 4.500000 4.630000 4.500000 4.510000 7.000000e+02
736091 4.550000 4.560000 4.550000 4.560000 9.000000e+02
736092 4.670000 4.680000 4.550000 4.550000 3.200000e+03
736095 4.530000 4.550000 4.530000 4.550000 5.000000e+02
736096 4.550000 4.550000 4.550000 4.550000 0.000000e+00
736097 4.550000 4.650000 4.550000 4.650000 4.000000e+02
736098 4.650000 4.650000 4.650000 4.650000 0.000000e+00
736099 4.650000 4.650000 4.650000 4.650000 0.000000e+00
736102 4.640000 4.640000 4.600000 4.600000 1.600000e+03
736103 4.600000 4.600000 4.580000 4.580000 1.900000e+03
736104 4.600000 4.600000 4.600000 4.600000 6.000000e+02
736105 4.600000 4.640000 4.600000 4.600000 1.000000e+03
736106 4.610000 4.610000 4.450000 4.550000 7.800000e+03
736110 4.430000 4.480000 4.430000 4.480000 1.400000e+03
736111 4.260000 4.530000 4.260000 4.410000 1.200000e+03
736112 4.530000 4.530000 4.460000 4.460000 1.200000e+03
736113 4.520000 4.520000 4.460000 4.490000 5.000000e+02
736116 4.420000 4.490000 4.420000 4.490000 4.000000e+02
736117 4.490000 4.490000 4.490000 4.490000 0.000000e+00
736118 4.490000 4.490000 4.490000 4.490000 0.000000e+00
736119 4.490000 4.490000 4.490000 4.490000 0.000000e+00
736120 4.520000 4.530000 4.520000 4.530000 5.000000e+02
736123 4.580000 4.580000 4.460000 4.490000 8.000000e+02
736124 4.440000 4.510000 4.440000 4.460000 1.700000e+03
736125 4.470000 4.500000 4.470000 4.500000 7.000000e+02
736126 4.490000 4.490000 4.460000 4.460000 6.000000e+02
736127 4.400000 4.490000 4.400000 4.490000 4.000000e+02
736130 4.450000 4.450000 4.410000 4.410000 4.000000e+02
736131 4.450000 4.450000 4.430000 4.430000 1.400000e+03
736132 4.400000 4.400000 4.330000 4.390000 5.200000e+03
736133 4.430000 4.430000 4.340000 4.390000 2.400000e+03
736134 4.300000 4.300000 4.160000 4.160000 8.300000e+03
736137 4.300000 4.320000 4.290000 4.290000 7.000000e+02
736138 4.290000 4.290000 4.290000 4.290000 0.000000e+00
736139 4.290000 4.290000 4.290000 4.290000 0.000000e+00
736140 4.200000 4.330000 4.200000 4.330000 9.000000e+02
736141 4.110000 4.320000 4.110000 4.130000 1.800000e+03
736144 4.240000 4.240000 4.230000 4.230000 5.000000e+02
736145 4.260000 4.280000 4.260000 4.280000 1.300000e+03
736146 4.280000 4.280000 4.280000 4.280000 0.000000e+00
736147 4.280000 4.280000 4.280000 4.280000 0.000000e+00
736151 4.280000 4.280000 4.280000 4.280000 0.000000e+00
736152 4.270000 4.270000 4.260000 4.260000 2.000000e+02
736153 4.260000 4.260000 4.260000 4.260000 0.000000e+00
736154 4.230000 4.260000 4.230000 4.260000 4.000000e+02
736155 4.030000 4.270000 4.030000 4.240000 1.200000e+03
736158 4.200000 4.200000 4.200000 4.200000 2.000000e+02
736159 4.200000 4.200000 4.200000 4.200000 0.000000e+00
736160 4.200000 4.200000 4.200000 4.200000 0.000000e+00
736161 4.030000 4.230000 4.030000 4.230000 7.000000e+02
736162 4.010000 4.230000 4.010000 4.220000 1.200000e+03
736165 4.060000 4.180000 4.030000 4.180000 1.200000e+03
736166 4.180000 4.180000 4.180000 4.180000 0.000000e+00
736167 4.180000 4.180000 4.180000 4.180000 0.000000e+00
736168 4.180000 4.180000 4.180000 4.180000 0.000000e+00
736169 4.120000 4.180000 4.110000 4.180000 6.000000e+02
736172 3.870000 4.170000 3.860000 4.170000 6.000000e+02
736173 4.180000 4.180000 4.180000 4.180000 2.000000e+02
736174 4.180000 4.180000 3.850000 4.060000 4.000000e+02
736175 4.190000 4.190000 4.190000 4.190000 2.000000e+02
736176 4.170000 4.220000 4.170000 4.220000 3.000000e+02
736179 3.960000 4.200000 3.960000 4.200000 4.000000e+02
736180 4.200000 4.200000 4.200000 4.200000 0.000000e+00
736181 4.200000 4.200000 4.200000 4.200000 0.000000e+00
736182 4.000000 4.000000 3.880000 4.000000 4.000000e+03
736183 4.150000 4.190000 3.760000 4.190000 5.500000e+03
736186 4.190000 4.190000 4.190000 4.190000 0.000000e+00
736187 3.790000 4.130000 3.760000 3.850000 1.090000e+04
736188 3.870000 3.960000 3.870000 3.900000 9.000000e+02
736189 4.000000 4.010000 4.000000 4.010000 1.000000e+03
736190 4.080000 4.180000 4.040000 4.180000 2.800000e+03
736193 4.170000 4.200000 4.120000 4.130000 6.100000e+03
736194 4.160000 4.190000 4.160000 4.180000 5.100000e+03
736195 4.180000 4.180000 4.180000 4.180000 0.000000e+00
736196 4.180000 4.180000 4.180000 4.180000 0.000000e+00
736197 4.180000 4.180000 4.180000 4.180000 0.000000e+00
736200 4.160000 4.190000 3.800000 3.930000 1.280000e+04
736201 4.010000 4.010000 4.010000 4.010000 1.000000e+02
736202 3.910000 4.010000 3.910000 4.010000 3.000000e+02
736203 3.920000 4.000000 3.920000 3.980000 5.000000e+02
736204 3.920000 4.140000 3.920000 4.120000 4.000000e+02
736207 3.910000 4.110000 3.900000 4.110000 7.300000e+03
736208 4.100000 4.150000 4.100000 4.100000 1.400000e+04
736209 4.030000 4.130000 3.930000 4.030000 9.000000e+02
736210 4.030000 4.120000 4.030000 4.120000 4.300000e+03
736211 4.090000 4.090000 4.090000 4.090000 3.000000e+02
736215 4.100000 4.100000 4.000000 4.040000 3.100000e+03
736216 3.920000 4.000000 3.920000 4.000000 4.000000e+02
736217 4.000000 4.000000 4.000000 4.000000 0.000000e+00
736218 3.930000 4.100000 3.900000 4.000000 4.480000e+04
736221 4.000000 4.000000 4.000000 4.000000 0.000000e+00
736222 3.970000 4.120000 3.970000 4.120000 5.400000e+03
736223 4.040000 4.040000 4.040000 4.040000 3.000000e+02
736224 4.090000 4.090000 4.090000 4.090000 2.000000e+02
736225 4.010000 4.100000 4.010000 4.090000 5.000000e+03
736228 4.100000 4.100000 4.100000 4.100000 2.000000e+02
736229 4.010000 4.130000 3.930000 3.930000 9.300000e+03
736230 4.130000 4.140000 3.990000 4.090000 1.200000e+03
736231 4.090000 4.090000 4.090000 4.090000 0.000000e+00
736232 4.050000 4.050000 4.050000 4.050000 3.000000e+02
736235 4.070000 4.130000 4.000000 4.000000 9.100000e+03
736236 4.000000 4.000000 4.000000 4.000000 0.000000e+00
736237 4.020000 4.020000 4.020000 4.020000 1.000000e+02
736238 4.000000 4.000000 4.000000 4.000000 1.000000e+02
736239 4.120000 4.120000 3.960000 3.960000 6.000000e+02
736242 4.050000 4.050000 4.050000 4.050000 1.000000e+02
736243 4.050000 4.050000 4.050000 4.050000 0.000000e+00
736244 4.120000 4.120000 4.010000 4.020000 6.000000e+02
736245 4.060000 4.060000 4.060000 4.060000 2.000000e+02
736246 4.070000 4.100000 4.050000 4.090000 2.100000e+03
736249 4.090000 4.090000 4.090000 4.090000 0.000000e+00
736250 4.090000 4.090000 4.090000 4.090000 0.000000e+00
736251 4.090000 4.090000 4.090000 4.090000 0.000000e+00
736252 3.980000 4.090000 3.980000 4.090000 1.900000e+03
736253 4.010000 4.010000 4.010000 4.010000 1.000000e+02
736256 3.990000 3.990000 3.990000 3.990000 1.000000e+02
736257 4.070000 4.070000 3.990000 4.070000 1.000000e+03
736258 4.070000 4.070000 4.070000 4.070000 0.000000e+00
736259 4.090000 4.090000 4.090000 4.090000 4.000000e+02
736260 4.070000 4.070000 4.070000 4.070000 4.000000e+02
736263 4.060000 4.060000 4.060000 4.060000 2.000000e+02
736264 4.060000 4.060000 4.060000 4.060000 0.000000e+00
736265 4.060000 4.060000 4.050000 4.060000 1.500000e+03
736266 3.980000 4.100000 3.980000 4.000000 9.900000e+03
736267 3.980000 4.000000 3.950000 3.950000 6.600000e+03
736270 3.940000 3.950000 3.940000 3.950000 1.000000e+03
736271 3.910000 4.000000 3.900000 4.000000 1.020000e+04
736272 3.910000 3.910000 3.910000 3.910000 1.000000e+02
736273 3.900000 3.900000 3.900000 3.900000 2.700000e+03
736274 3.870000 3.980000 3.870000 3.980000 3.000000e+02
736277 3.920000 3.920000 3.920000 3.920000 1.000000e+02
736278 3.920000 3.920000 3.900000 3.920000 3.400000e+03
736279 3.950000 3.950000 3.900000 3.950000 1.000000e+03
736280 3.900000 3.900000 3.900000 3.900000 2.000000e+02
736281 3.900000 3.950000 3.750000 3.810000 5.700000e+03
736284 3.800000 3.930000 3.750000 3.900000 9.550000e+04
736285 3.900000 3.930000 3.870000 3.870000 1.200000e+03
736286 3.850000 3.950000 3.800000 3.800000 8.000000e+02
736287 3.950000 3.950000 3.820000 3.820000 3.000000e+02
736288 3.930000 3.950000 3.930000 3.940000 7.000000e+02
736291 3.950000 3.950000 3.870000 3.870000 5.300000e+03
736292 3.950000 3.950000 3.900000 3.900000 9.000000e+02
736293 3.890000 3.900000 3.820000 3.820000 3.200000e+03
736295 3.820000 3.820000 3.720000 3.800000 2.200000e+03
736298 3.740000 3.950000 3.740000 3.800000 5.500000e+03
736299 3.770000 3.770000 3.750000 3.750000 9.000000e+03
736300 3.620000 3.620000 3.500000 3.620000 1.203000e+05
736301 3.570000 3.600000 3.570000 3.600000 4.500000e+03
736302 3.590000 3.590000 3.590000 3.590000 4.000000e+02
736305 3.560000 3.600000 3.560000 3.600000 7.300000e+03
736306 3.560000 3.580000 3.300000 3.440000 3.640000e+04
736307 3.350000 3.440000 3.310000 3.310000 5.640000e+04
736308 3.300000 3.350000 3.210000 3.250000 3.880000e+04
736309 3.250000 3.390000 3.000000 3.250000 3.790000e+04
736312 3.200000 3.400000 3.190000 3.250000 1.460000e+04
736313 3.290000 3.310000 3.180000 3.200000 1.650000e+04
736314 3.220000 3.240000 3.180000 3.240000 1.950000e+04
736315 3.250000 3.250000 3.240000 3.250000 7.600000e+03
736316 3.200000 3.280000 3.180000 3.180000 3.780000e+04
736319 3.090000 3.200000 3.060000 3.090000 9.700000e+03
736320 3.240000 3.240000 3.110000 3.130000 7.550000e+04
736321 3.210000 3.730000 3.170000 3.640000 1.140000e+04
736322 3.450000 3.760000 3.410000 3.490000 1.700000e+03
736326 3.430000 3.770000 3.430000 3.720000 6.300000e+03
736327 3.570000 3.770000 3.570000 3.730000 2.440000e+04
736328 3.550000 3.780000 3.510000 3.780000 2.790000e+04
736329 3.730000 3.780000 3.570000 3.720000 2.350000e+04
736333 3.690000 3.760000 3.590000 3.700000 1.750000e+04
736334 3.650000 3.750000 3.610000 3.750000 3.200000e+04
736335 3.640000 3.740000 3.580000 3.730000 2.040000e+04
736336 3.630000 3.730000 3.570000 3.730000 1.490000e+04
736337 3.700000 3.720000 3.560000 3.560000 2.750000e+04
736340 3.730000 3.750000 3.550000 3.550000 3.400000e+03
736341 3.690000 3.690000 3.630000 3.650000 1.800000e+03
736342 3.650000 3.700000 3.650000 3.700000 2.600000e+03
736343 3.570000 3.680000 3.560000 3.600000 8.000000e+02
736344 3.640000 3.690000 3.600000 3.650000 2.200000e+03
736348 3.670000 3.680000 3.370000 3.640000 7.500000e+03
736349 3.260000 3.630000 3.260000 3.630000 6.000000e+02
736350 3.600000 3.640000 3.340000 3.640000 1.220000e+04
736351 3.640000 3.690000 3.640000 3.650000 6.000000e+02
736354 3.680000 3.680000 3.400000 3.590000 4.200000e+03
736355 3.520000 3.660000 3.460000 3.590000 1.000000e+03
736356 3.590000 3.590000 3.590000 3.590000 0.000000e+00
736357 3.590000 3.590000 3.590000 3.590000 0.000000e+00
736358 3.630000 3.700000 3.480000 3.480000 4.800000e+03
736361 3.610000 3.690000 3.470000 3.660000 4.900000e+03
736362 3.650000 3.650000 3.650000 3.650000 1.000000e+02
736363 3.670000 3.670000 3.670000 3.670000 1.000000e+02
736364 3.670000 3.670000 3.670000 3.670000 0.000000e+00
736365 3.670000 3.670000 3.670000 3.670000 0.000000e+00
736368 3.650000 3.660000 3.580000 3.660000 1.400000e+03
736369 3.700000 3.700000 3.700000 3.700000 1.000000e+02
736370 3.700000 3.700000 3.700000 3.700000 0.000000e+00
736371 3.600000 3.690000 3.600000 3.680000 1.000000e+03
736372 3.650000 3.650000 3.640000 3.640000 7.000000e+02
736376 3.640000 3.640000 3.640000 3.640000 0.000000e+00
736377 3.650000 3.650000 3.280000 3.500000 3.300000e+03
736378 3.500000 3.500000 3.500000 3.500000 0.000000e+00
736379 3.630000 3.630000 3.630000 3.630000 3.000000e+02
736382 3.630000 3.630000 3.630000 3.630000 0.000000e+00
736383 3.630000 3.630000 3.630000 3.630000 0.000000e+00
736384 3.360000 3.660000 3.350000 3.660000 4.700000e+03
736385 3.660000 3.660000 3.660000 3.660000 0.000000e+00
736386 3.660000 3.690000 3.660000 3.690000 5.000000e+02
736389 3.690000 3.690000 3.690000 3.690000 0.000000e+00
736390 3.690000 3.690000 3.690000 3.690000 0.000000e+00
736391 3.690000 3.690000 3.690000 3.690000 0.000000e+00
736392 3.670000 3.670000 3.480000 3.620000 2.100000e+03
736393 3.650000 3.650000 3.590000 3.590000 3.000000e+02
736396 3.650000 3.700000 3.530000 3.530000 9.000000e+02
736397 3.310000 3.700000 3.310000 3.700000 3.800000e+03
736398 3.680000 3.690000 3.680000 3.690000 4.000000e+02
736399 3.620000 3.670000 3.620000 3.660000 7.000000e+02
736400 3.700000 3.700000 3.470000 3.470000 3.000000e+02
736403 3.540000 3.700000 3.540000 3.700000 3.000000e+02
736404 3.660000 3.700000 3.660000 3.700000 2.000000e+02
736405 3.650000 3.700000 3.530000 3.630000 3.100000e+03
736406 3.590000 3.700000 3.510000 3.620000 1.000000e+03
736407 3.360000 3.360000 3.360000 3.360000 1.500000e+03
736410 3.390000 3.500000 3.320000 3.500000 2.700000e+03
736411 3.520000 3.550000 3.520000 3.550000 5.000000e+02
736412 3.510000 3.510000 3.510000 3.510000 2.000000e+02
736413 3.510000 3.510000 3.510000 3.510000 0.000000e+00
736417 3.430000 3.430000 3.430000 3.430000 1.000000e+02
736418 3.640000 3.640000 3.620000 3.620000 5.000000e+02
736419 3.620000 3.620000 3.620000 3.620000 0.000000e+00
736420 3.510000 3.510000 3.500000 3.500000 7.000000e+02
736421 3.510000 3.510000 3.510000 3.510000 2.000000e+02
736424 3.510000 3.510000 3.510000 3.510000 2.000000e+02
736425 3.510000 3.510000 3.510000 3.510000 0.000000e+00
736426 3.590000 3.610000 3.590000 3.610000 1.000000e+03
736427 3.610000 3.610000 3.610000 3.610000 0.000000e+00
736428 3.350000 3.350000 3.350000 3.350000 2.000000e+02
736431 3.370000 3.460000 3.370000 3.460000 3.000000e+02
736432 3.450000 3.460000 3.450000 3.460000 3.000000e+02
736433 3.450000 3.460000 3.440000 3.460000 1.000000e+03
736434 3.400000 3.460000 3.400000 3.460000 3.400000e+03
736435 3.560000 3.570000 3.450000 3.450000 5.000000e+02
736438 3.390000 3.500000 3.390000 3.420000 1.700000e+03
736439 3.440000 3.470000 3.430000 3.470000 7.000000e+02
736440 3.470000 3.470000 3.410000 3.460000 1.050000e+04
736441 3.460000 3.460000 3.460000 3.460000 0.000000e+00
736442 3.350000 3.350000 3.350000 3.350000 2.000000e+02
736445 3.450000 3.450000 3.450000 3.450000 2.000000e+02
736446 3.470000 3.470000 3.470000 3.470000 2.000000e+02
736447 3.470000 3.470000 3.470000 3.470000 0.000000e+00
736448 3.600000 3.600000 3.600000 3.600000 2.000000e+02
736449 3.600000 3.600000 3.600000 3.600000 0.000000e+00
736452 3.590000 3.590000 3.590000 3.590000 1.000000e+02
736453 3.590000 3.590000 3.590000 3.590000 0.000000e+00
736454 3.440000 3.470000 3.420000 3.470000 5.000000e+02
736455 3.470000 3.470000 3.470000 3.470000 0.000000e+00
736456 3.470000 3.470000 3.470000 3.470000 0.000000e+00
736459 3.510000 3.510000 3.510000 3.510000 2.000000e+02
736460 3.510000 3.510000 3.510000 3.510000 0.000000e+00
736461 3.490000 3.590000 3.490000 3.580000 4.000000e+03
736462 3.590000 3.610000 3.590000 3.610000 1.000000e+03
736463 3.610000 3.610000 3.610000 3.610000 0.000000e+00
736466 3.610000 3.610000 3.610000 3.610000 0.000000e+00
736467 3.580000 3.580000 3.580000 3.580000 2.000000e+02
736468 3.580000 3.580000 3.580000 3.580000 0.000000e+00
736469 3.580000 3.700000 3.530000 3.600000 1.820000e+04
736470 3.600000 3.600000 3.600000 3.600000 0.000000e+00
736473 3.600000 3.620000 3.580000 3.610000 1.400000e+04
736474 3.740000 3.740000 3.650000 3.650000 5.000000e+02
736475 3.800000 3.900000 3.770000 3.900000 1.200000e+03
736476 3.900000 3.900000 3.900000 3.900000 0.000000e+00
736477 3.560000 3.780000 3.560000 3.780000 1.900000e+03
736481 3.860000 3.890000 3.800000 3.800000 7.000000e+02
736482 3.800000 3.800000 3.800000 3.800000 0.000000e+00
736483 3.850000 4.080000 3.850000 4.050000 5.300000e+03
736484 4.050000 4.050000 4.050000 4.050000 0.000000e+00
736487 3.950000 4.250000 3.850000 3.850000 2.000000e+03
736488 3.950000 3.950000 3.950000 3.950000 3.000000e+02
736489 3.950000 3.950000 3.950000 3.950000 0.000000e+00
736490 3.960000 4.490000 3.960000 4.100000 5.800000e+03
736491 4.390000 4.390000 3.810000 3.810000 3.000000e+02
736494 3.810000 4.220000 3.670000 3.710000 1.600000e+03
736495 3.780000 4.340000 3.750000 3.750000 1.000000e+03
736496 3.440000 4.070000 3.440000 3.760000 1.900000e+03
736497 3.850000 4.000000 3.850000 3.850000 1.900000e+03
736498 3.710000 3.880000 3.710000 3.880000 6.000000e+03
736501 3.710000 3.710000 3.710000 3.710000 1.000000e+02
736502 3.690000 3.820000 3.690000 3.700000 2.300000e+03
736503 3.700000 3.700000 3.700000 3.700000 0.000000e+00
736504 3.850000 4.030000 3.850000 3.850000 1.100000e+03
736505 3.980000 3.980000 3.980000 3.980000 2.500000e+03
736508 3.540000 3.700000 3.540000 3.650000 1.000000e+03
736509 3.700000 3.730000 3.700000 3.730000 2.000000e+02
736510 3.630000 3.800000 3.410000 3.800000 1.100000e+03
736511 3.930000 3.930000 3.520000 3.870000 1.200000e+03
736512 3.720000 3.810000 3.700000 3.720000 3.700000e+03
736516 3.700000 3.800000 3.700000 3.800000 8.000000e+02
736517 3.800000 3.810000 3.760000 3.810000 1.800000e+03
736518 3.800000 3.800000 3.700000 3.700000 5.700000e+03
736519 3.700000 3.700000 3.700000 3.700000 0.000000e+00
736522 3.780000 3.780000 3.780000 3.780000 4.000000e+02
736523 3.780000 3.780000 3.780000 3.780000 0.000000e+00
736524 3.780000 3.780000 3.780000 3.780000 0.000000e+00
736525 3.810000 3.810000 3.700000 3.700000 8.000000e+02
736526 3.700000 3.700000 3.700000 3.700000 0.000000e+00
736529 3.690000 3.690000 3.690000 3.690000 2.000000e+02
736530 4.010000 4.030000 4.010000 4.030000 3.000000e+02
736531 4.030000 4.140000 3.730000 4.130000 4.700000e+03
736532 4.010000 4.040000 3.730000 3.990000 2.400000e+03
736533 3.990000 3.990000 3.990000 3.990000 0.000000e+00
736536 3.990000 3.990000 3.990000 3.990000 0.000000e+00
736537 4.000000 4.000000 3.880000 3.890000 4.000000e+02
736538 4.040000 4.040000 3.880000 3.880000 9.000000e+02
736539 3.870000 4.040000 3.870000 4.040000 1.600000e+03
736540 4.040000 4.040000 4.030000 4.030000 4.000000e+02
736543 4.030000 4.030000 4.030000 4.030000 0.000000e+00
736544 3.680000 4.030000 3.680000 3.900000 1.300000e+03
736545 4.050000 4.050000 3.930000 3.970000 2.700000e+03
736546 4.040000 4.090000 4.040000 4.040000 5.000000e+02
736547 3.980000 3.990000 3.980000 3.990000 1.100000e+03
736550 4.100000 4.130000 4.040000 4.130000 1.900000e+03
736551 4.150000 4.150000 4.060000 4.100000 2.900000e+03
736552 4.100000 4.100000 4.060000 4.060000 3.400000e+03
736553 4.060000 4.060000 4.060000 4.060000 2.000000e+02
736554 4.060000 4.060000 3.980000 3.980000 1.400000e+03
736557 4.060000 4.060000 4.060000 4.060000 2.000000e+02
736558 4.120000 4.120000 4.060000 4.060000 6.000000e+02
736559 4.100000 4.150000 4.100000 4.150000 9.000000e+02
736560 4.150000 4.150000 4.150000 4.150000 0.000000e+00
736561 4.150000 4.150000 4.140000 4.140000 4.300000e+03
736564 4.140000 4.140000 4.140000 4.140000 0.000000e+00
736565 4.140000 4.140000 4.140000 4.140000 0.000000e+00
736566 4.150000 4.150000 4.140000 4.140000 1.700000e+03
736567 4.160000 4.160000 4.150000 4.150000 1.200000e+03
736568 4.060000 4.150000 4.060000 4.150000 1.800000e+03
736571 4.540000 4.540000 4.540000 4.540000 1.000000e+02
736572 4.490000 4.490000 4.490000 4.490000 1.000000e+02
736573 4.100000 4.480000 4.070000 4.250000 4.000000e+03
736574 4.130000 4.510000 4.130000 4.510000 4.000000e+02
736575 4.510000 4.510000 4.510000 4.510000 0.000000e+00
736579 4.490000 4.490000 4.490000 4.490000 3.000000e+02
736580 4.390000 4.460000 4.390000 4.460000 5.000000e+02
736581 4.060000 4.410000 4.060000 4.380000 3.000000e+02
736582 4.110000 4.380000 4.110000 4.250000 5.000000e+02
736585 4.250000 4.250000 4.250000 4.250000 0.000000e+00
736586 4.080000 4.400000 4.080000 4.400000 6.000000e+02
736587 4.400000 4.400000 4.400000 4.400000 0.000000e+00
736588 4.400000 4.400000 4.400000 4.400000 0.000000e+00
736589 4.350000 4.580000 4.350000 4.580000 2.340000e+04
736592 4.610000 4.830000 4.210000 4.540000 6.240000e+04
736593 4.580000 4.700000 4.580000 4.670000 1.200000e+03
736594 4.700000 4.860000 4.700000 4.860000 2.790000e+04
736595 5.170000 5.170000 4.810000 5.170000 1.500000e+03
736596 5.170000 5.220000 4.790000 4.790000 1.160000e+04
736599 4.790000 4.790000 4.790000 4.790000 0.000000e+00
736600 4.790000 4.790000 4.790000 4.790000 0.000000e+00
736601 4.800000 4.800000 4.800000 4.800000 2.000000e+02
736602 4.900000 5.070000 4.900000 4.910000 1.450000e+04
736603 4.910000 4.910000 4.910000 4.910000 0.000000e+00
736606 5.250000 5.250000 5.240000 5.240000 8.000000e+02
736607 5.240000 5.240000 5.240000 5.240000 0.000000e+00
736608 5.240000 5.240000 5.240000 5.240000 0.000000e+00
736609 5.240000 5.240000 5.240000 5.240000 0.000000e+00
736610 5.210000 5.210000 5.210000 5.210000 2.000000e+02
736613 5.110000 5.110000 5.110000 5.110000 5.000000e+02
736614 5.110000 5.110000 5.110000 5.110000 0.000000e+00
736615 5.190000 5.190000 4.850000 4.850000 6.170000e+04
736616 5.000000 5.000000 4.870000 4.870000 8.000000e+02
736617 4.870000 4.870000 4.870000 4.870000 0.000000e+00
736620 4.850000 4.900000 4.750000 4.750000 5.000000e+03
736621 4.750000 4.750000 4.750000 4.750000 0.000000e+00
736622 4.800000 4.800000 4.800000 4.800000 3.000000e+02
736623 4.730000 4.730000 4.730000 4.730000 2.100000e+03
736624 4.750000 4.750000 4.750000 4.750000 1.000000e+02
736627 4.750000 4.750000 4.750000 4.750000 0.000000e+00
736628 4.800000 4.800000 4.800000 4.800000 2.000000e+02
736629 4.800000 4.800000 4.800000 4.800000 0.000000e+00
736630 4.800000 4.800000 4.800000 4.800000 0.000000e+00
736631 5.250000 5.250000 4.700000 4.750000 1.700000e+03
736634 4.750000 4.750000 4.750000 4.750000 0.000000e+00
736635 4.750000 4.750000 4.750000 4.750000 0.000000e+00
736636 4.750000 4.750000 4.750000 4.750000 0.000000e+00
736637 4.750000 4.750000 4.750000 4.750000 0.000000e+00
736638 4.940000 4.970000 4.750000 4.800000 2.300000e+03
736641 4.950000 4.950000 4.950000 4.950000 4.600000e+03
736642 4.950000 4.950000 4.950000 4.950000 0.000000e+00
736643 4.710000 5.000000 4.710000 5.000000 1.100000e+03
736644 5.050000 5.050000 4.810000 4.950000 7.100000e+03
736645 5.100000 5.150000 4.700000 4.720000 1.070000e+04
736648 4.800000 5.100000 4.800000 4.820000 8.000000e+02
736649 4.800000 4.900000 4.800000 4.900000 3.000000e+02
736650 4.850000 5.000000 4.800000 4.800000 1.202000e+05
736651 4.800000 4.800000 4.800000 4.800000 0.000000e+00
736652 4.800000 4.800000 4.800000 4.800000 5.000000e+02
736655 4.800000 4.800000 4.800000 4.800000 0.000000e+00
736656 4.800000 4.800000 4.800000 4.800000 1.000000e+03
736657 4.800000 4.800000 4.800000 4.800000 8.000000e+02
736659 4.800000 4.800000 4.800000 4.800000 0.000000e+00
736662 4.850000 5.000000 4.850000 5.000000 1.700000e+03
736663 4.950000 4.950000 4.850000 4.850000 3.000000e+02
736664 4.950000 4.950000 4.800000 4.800000 1.900000e+03
736665 4.800000 4.800000 4.700000 4.800000 2.300000e+03
736666 4.800000 5.000000 4.800000 5.000000 1.900000e+03
736669 4.700000 4.800000 4.280000 4.400000 1.490000e+04
736670 4.650000 4.800000 4.450000 4.450000 3.100000e+03
736671 4.800000 4.800000 4.200000 4.250000 1.210000e+04
736672 4.300000 4.560000 4.260000 4.400000 3.300000e+03
736673 4.450000 4.450000 4.450000 4.450000 2.000000e+02
736676 4.700000 4.850000 4.400000 4.450000 3.700000e+03
736677 4.700000 4.700000 4.400000 4.400000 3.900000e+03
736678 4.400000 4.410000 4.350000 4.350000 4.200000e+03
736679 4.400000 4.800000 4.400000 4.400000 1.350000e+04
736680 4.600000 4.600000 4.500000 4.500000 5.420000e+04
736683 4.400000 4.650000 4.400000 4.400000 4.400000e+03
736684 4.500000 4.500000 4.400000 4.400000 1.300000e+03
736685 4.450000 4.450000 4.400000 4.400000 7.000000e+02
736686 4.450000 4.450000 4.450000 4.450000 1.300000e+03
736687 4.450000 4.700000 4.400000 4.450000 2.700000e+03
736691 4.680000 4.900000 4.650000 4.750000 3.300000e+03
736692 4.600000 4.900000 4.450000 4.500000 2.500000e+03
736693 4.550000 4.550000 4.550000 4.550000 4.000000e+02
736694 4.850000 4.850000 4.450000 4.450000 1.500000e+03
736698 4.450000 4.450000 4.450000 4.450000 0.000000e+00
736699 4.550000 4.550000 4.500000 4.550000 2.600000e+03
736700 4.550000 4.550000 4.550000 4.550000 4.000000e+02
736701 4.550000 4.550000 4.550000 4.550000 1.000000e+02
736704 4.550000 4.550000 4.550000 4.550000 0.000000e+00
736705 4.550000 4.600000 4.550000 4.550000 6.000000e+02
736706 4.600000 4.600000 4.500000 4.500000 4.000000e+02
736707 4.600000 4.650000 4.500000 4.500000 2.000000e+03
736708 4.600000 4.700000 4.550000 4.550000 4.900000e+03
736712 4.500000 4.500000 4.500000 4.500000 5.000000e+02
736713 4.500000 4.850000 4.400000 4.450000 4.900000e+04
736714 4.450000 4.450000 4.450000 4.450000 0.000000e+00
736715 4.450000 4.450000 4.450000 4.450000 0.000000e+00
736718 4.500000 4.500000 4.500000 4.500000 2.000000e+02
736719 4.500000 4.500000 4.500000 4.500000 2.000000e+02
736720 4.500000 4.500000 4.500000 4.500000 0.000000e+00
736721 4.500000 4.500000 4.500000 4.500000 0.000000e+00
736722 4.850000 4.850000 4.450000 4.450000 2.100000e+03
736725 4.450000 4.750000 4.450000 4.650000 2.310000e+04
736726 4.450000 4.600000 4.450000 4.500000 1.090000e+04
736727 4.800000 4.800000 4.550000 4.550000 1.340000e+04
736728 4.550000 4.550000 4.550000 4.550000 0.000000e+00
736729 4.410000 4.410000 4.410000 4.410000 3.000000e+02
736732 4.410000 4.410000 4.410000 4.410000 0.000000e+00
736733 4.660000 4.660000 4.500000 4.500000 8.000000e+02
736734 4.500000 4.500000 4.500000 4.500000 0.000000e+00
736735 4.450000 4.450000 4.400000 4.400000 2.600000e+03
736736 4.400000 4.400000 4.400000 4.400000 0.000000e+00
736739 4.450000 4.450000 4.100000 4.100000 1.860000e+04
736740 4.300000 4.550000 4.100000 4.250000 4.130000e+04
736741 4.350000 4.350000 4.000000 4.000000 1.850000e+04
736742 4.000000 4.000000 3.950000 3.950000 1.830000e+04
736743 3.950000 3.950000 3.900000 3.950000 1.000000e+03
736747 4.100000 4.300000 4.000000 4.300000 1.990000e+04
736748 4.400000 4.410000 4.350000 4.400000 4.000000e+03
736749 4.450000 4.500000 4.250000 4.450000 1.700000e+04
736750 4.450000 4.450000 4.450000 4.450000 0.000000e+00
736753 4.580000 4.750000 4.350000 4.350000 1.200000e+03
736754 4.600000 4.600000 4.450000 4.450000 3.400000e+03
736755 4.640000 4.640000 4.640000 4.640000 1.000000e+03
736756 4.500000 4.500000 4.350000 4.350000 3.400000e+03
736757 4.400000 4.400000 4.400000 4.400000 1.000000e+02
736760 4.400000 4.400000 4.400000 4.400000 0.000000e+00
736761 4.650000 4.650000 4.350000 4.400000 1.300000e+03
736762 4.650000 4.650000 4.350000 4.650000 3.000000e+02
736763 4.400000 4.650000 4.400000 4.650000 3.000000e+02
736764 4.650000 4.650000 4.650000 4.650000 1.000000e+02
