736090 5.440000 5.440000 4.550000 4.650000 1.387000e+05
736091 4.700000 4.980000 4.560000 4.650000 2.100000e+04
736092 4.800000 4.800000 4.190000 4.400000 3.500000e+04
736095 4.290000 4.320000 4.050000 4.150000 3.450000e+04
736096 4.020000 4.030000 3.870000 3.950000 6.740000e+04
736097 3.950000 4.190000 3.850000 3.910000 6.510000e+04
736098 3.800000 4.000000 3.790000 3.900000 1.680000e+04
736099 3.820000 4.000000 3.820000 3.990000 3.470000e+04
736102 3.950000 4.000000 3.850000 3.960000 1.330000e+04
736103 3.850000 3.880000 3.410000 3.830000 2.770000e+04
736104 3.700000 3.900000 3.240000 3.450000 7.340000e+04
736105 3.570000 3.580000 3.120000 3.360000 1.049000e+05
736106 3.330000 3.560000 3.320000 3.400000 9.000000e+04
736110 3.560000 3.700000 3.270000 3.650000 3.600000e+04
736111 3.740000 3.740000 3.500000 3.530000 1.400000e+04
736112 3.470000 3.930000 3.340000 3.900000 2.350000e+04
736113 3.770000 4.150000 3.690000 3.990000 3.440000e+04
736116 4.240000 4.240000 3.954000 4.120000 2.820000e+04
736117 4.170000 4.400000 4.000000 4.400000 5.200000e+04
736118 4.300000 4.850000 4.300000 4.630000 4.370000e+04
736119 4.720000 4.850000 4.700000 4.750000 3.080000e+04
736120 4.750000 4.750000 4.300000 4.730000 1.300000e+04
736123 4.530000 4.700000 4.500000 4.510000 1.860000e+04
736124 4.280000 4.490000 4.150000 4.340000 1.860000e+04
736125 4.450000 4.500000 4.150000 4.210000 8.200000e+03
736126 4.170000 4.520000 4.170000 4.400000 5.400000e+03
736127 4.400000 4.700000 4.180000 4.270000 2.320000e+04
736130 4.160000 4.650000 4.160000 4.550000 1.590000e+04
736131 4.469000 4.600000 4.360000 4.560000 8.800000e+03
736132 4.600000 4.600000 4.302000 4.470000 8.000000e+03
736133 4.440000 4.450000 3.810000 4.120000 2.740000e+04
736134 4.130000 4.160000 3.870000 3.870000 3.640000e+04
736137 3.980000 3.990000 3.860000 3.880000 3.400000e+03
736138 4.082000 4.230000 3.890000 3.900000 8.500000e+03
736139 4.240000 4.240000 3.850000 4.025000 2.900000e+03
736140 3.940000 4.370000 3.750000 4.025000 5.870000e+04
736141 4.070000 4.100000 3.790000 3.870000 1.600000e+04
736144 3.770000 3.820000 3.660000 3.660000 5.800000e+03
736145 3.650000 3.891000 3.650000 3.720000 6.400000e+03
736146 3.640000 3.650000 3.620000 3.650000 4.000000e+03
736147 3.670000 3.880000 3.550000 3.720000 9.800000e+03
736151 3.510000 4.090000 3.510000 3.620000 2.700000e+04
736152 3.551000 3.600000 3.350000 3.350000 1.380000e+04
736153 3.340000 3.390000 3.250000 3.270000 1.560000e+04
736154 3.500000 3.510000 3.260000 3.350000 9.900000e+03
736155 3.270000 3.500000 3.240000 3.430000 1.092000e+05
736158 3.410000 4.280000 3.260000 3.790000 8.950000e+04
736159 4.000000 4.050000 3.750000 4.040000 1.170000e+05
736160 4.080000 4.290000 3.860000 4.100000 4.600000e+04
736161 4.132000 4.250000 3.960000 4.080000 3.820000e+04
736162 4.058000 4.190000 4.058000 4.148000 9.000000e+03
736165 4.160000 4.430000 4.150000 4.430000 3.470000e+04
736166 4.400000 4.400000 3.940000 3.960000 2.830000e+04
736167 3.960000 4.190000 3.860000 4.190000 1.000000e+04
736168 4.170000 4.170000 3.980000 3.980000 9.000000e+02
736169 3.920000 3.920000 3.630000 3.670000 2.160000e+04
736172 3.590000 3.750000 3.170000 3.600000 1.038000e+05
736173 3.730000 3.966000 3.460000 3.540000 5.390000e+04
736174 3.500000 3.662000 3.280000 3.490000 5.040000e+04
736175 3.340000 3.710000 3.340000 3.390000 1.130000e+04
736176 3.470000 3.820000 3.330000 3.330000 1.380000e+04
736179 3.300000 3.410000 3.071000 3.071000 1.250000e+04
736180 3.110000 3.250000 3.110000 3.150000 8.100000e+03
736181 3.330000 3.330000 3.150000 3.220000 2.600000e+03
736182 3.300000 3.300000 3.090000 3.090000 3.900000e+03
736183 3.190000 3.190000 3.080000 3.080000 4.200000e+03
736186 3.130000 3.194000 3.030000 3.030000 8.400000e+03
736187 3.200000 3.200000 2.650000 2.850000 2.280000e+04
736188 3.200000 3.200000 2.400000 2.550000 3.620000e+04
736189 2.570000 2.750000 2.500000 2.720000 1.350000e+04
736190 2.750000 2.750000 2.450000 2.490000 2.900000e+03
736193 2.470000 2.570000 2.360000 2.550000 5.700000e+03
736194 2.530000 2.700000 2.492000 2.670000 7.000000e+03
736195 2.650000 2.650000 2.620000 2.630000 1.900000e+03
736196 2.400000 2.580000 2.360000 2.580000 3.600000e+03
736197 2.590000 2.630000 2.340000 2.530000 6.300000e+03
736200 2.340000 2.370000 2.259000 2.370000 8.700000e+03
736201 2.640000 2.670000 2.490000 2.650000 4.600000e+03
736202 2.660000 2.660000 2.358000 2.490000 8.400000e+03
736203 2.350000 2.440000 2.350000 2.440000 8.000000e+02
736204 2.320000 2.770000 2.320000 2.587000 6.000000e+02
736207 2.280000 2.730000 2.240000 2.664000 9.800000e+03
736208 2.330000 2.800000 2.330000 2.360000 2.600000e+03
736209 2.295000 2.470000 2.295000 2.470000 1.200000e+03
736210 2.450000 2.540000 2.400000 2.490000 1.500000e+03
736211 2.290000 2.390000 2.220000 2.250000 1.760000e+04
736215 2.360000 2.450000 2.210000 2.300000 1.190000e+04
736216 2.380000 2.460000 2.250000 2.290000 1.030000e+04
736217 2.450000 2.470000 2.250000 2.460000 8.100000e+03
736218 2.470000 2.470000 2.250000 2.300000 6.700000e+03
736221 2.350000 2.430000 2.260000 2.300000 6.700000e+03
736222 2.400000 2.450000 2.250000 2.420000 1.120000e+04
736223 2.470000 2.490000 2.310000 2.310000 6.500000e+03
736224 2.460000 2.470000 2.320000 2.460000 7.300000e+03
736225 2.280000 3.680000 2.260000 3.680000 1.752000e+05
736228 2.910000 3.130000 2.670000 2.890000 2.540000e+04
736229 2.910000 3.090000 2.740000 3.090000 9.100000e+03
736230 2.840000 3.080000 2.840000 3.080000 7.600000e+03
736231 3.240000 3.240000 2.790000 3.110000 1.230000e+04
736232 3.150000 3.250000 3.040000 3.050000 5.000000e+03
736235 2.940000 3.220000 2.900000 2.900000 1.800000e+03
736236 2.910000 3.100000 2.690000 2.840000 6.700000e+03
736237 2.740000 3.100000 2.540000 2.580000 1.620000e+04
736238 2.540000 2.770000 2.290000 2.370000 8.100000e+03
736239 2.570000 2.680000 2.320000 2.320000 6.200000e+03
736242 2.300000 2.790000 2.300000 2.600000 5.100000e+03
736243 2.400000 2.460000 2.400000 2.400000 5.500000e+03
736244 2.620000 2.620000 2.330000 2.500000 1.080000e+04
736245 2.430000 2.600000 2.350000 2.540000 8.900000e+03
736246 2.550000 2.650000 2.300000 2.400000 8.200000e+03
736249 2.380000 2.582000 2.360000 2.440000 6.600000e+03
736250 2.410000 2.512000 2.380000 2.450000 7.800000e+03
736251 2.290000 2.490000 2.250000 2.280000 7.800000e+03
736252 2.370000 2.500000 2.300000 2.490000 8.200000e+03
736253 2.350000 2.760000 2.310000 2.760000 2.190000e+04
736256 2.450000 2.700000 2.450000 2.460000 3.900000e+03
736257 2.400000 2.560000 2.290000 2.410000 8.400000e+03
736258 2.450000 2.460000 2.290000 2.300000 4.900000e+03
736259 2.400000 2.460000 2.210000 2.287000 4.200000e+03
736260 2.350000 2.410000 2.150000 2.200000 1.250000e+04
736263 2.250000 2.560000 2.160000 2.180000 3.700000e+03
736264 2.190000 2.350000 2.060000 2.110000 1.340000e+04
736265 2.310000 2.330000 2.150000 2.190000 1.900000e+03
736266 2.140000 2.260000 2.100000 2.150000 3.100000e+03
736267 2.200000 2.200000 1.920000 2.120000 1.210000e+04
736270 2.050000 2.050000 1.940000 1.960000 2.510000e+04
736271 1.990000 2.070000 1.870000 1.900000 1.080000e+04
736272 1.980000 2.000000 1.870000 1.880000 1.700000e+04
736273 1.988000 1.988000 1.690000 1.750000 2.040000e+04
736274 1.750000 1.900000 1.730000 1.900000 3.510000e+04
736277 1.720000 1.890000 1.720000 1.830000 1.130000e+04
736278 1.815000 1.840000 1.700000 1.700000 2.120000e+04
736279 1.710000 1.710000 1.640000 1.675000 8.600000e+03
736280 1.640000 1.720000 1.640000 1.650000 2.200000e+03
736281 1.640000 1.650000 1.640000 1.640000 3.400000e+03
736284 1.635000 1.635000 1.580000 1.595000 3.200000e+03
736285 1.618000 1.760000 1.600000 1.665000 4.400000e+03
736286 1.670000 1.770000 1.580000 1.610000 6.800000e+03
736287 1.560000 1.560000 1.450000 1.510000 2.940000e+04
736288 1.705000 1.750000 1.530000 1.750000 1.880000e+04
736291 1.770000 1.770000 1.530000 1.530000 7.200000e+03
736292 1.510000 1.600000 1.510000 1.600000 2.900000e+03
736293 1.654000 1.740000 1.630000 1.710000 7.700000e+03
736295 1.900000 1.900000 1.771000 1.890000 6.100000e+03
736298 1.720000 1.866000 1.720000 1.790000 5.900000e+03
736299 1.790000 1.830000 1.730000 1.820000 5.900000e+03
736300 1.740000 1.890000 1.670000 1.870000 9.900000e+03
736301 1.764000 1.880000 1.760000 1.850000 6.100000e+03
736302 1.770000 1.880000 1.680000 1.770000 1.960000e+04
736305 1.750000 1.840000 1.710000 1.780000 5.400000e+03
736306 1.590000 1.825000 1.590000 1.810000 2.800000e+03
736307 1.740000 1.820000 1.590000 1.670000 4.500000e+03
736308 1.666000 1.830000 1.650000 1.780000 2.900000e+03
736309 1.560000 1.850000 1.560000 1.770000 1.010000e+04
736312 1.539000 1.790000 1.539000 1.690000 1.990000e+04
736313 1.720000 1.720000 1.550000 1.690000 1.720000e+04
736314 1.610000 1.630000 1.550000 1.580000 1.100000e+04
736315 1.600000 1.600000 1.550000 1.560000 7.100000e+03
736316 1.550000 1.580000 1.480000 1.530000 2.190000e+04
736319 1.590000 1.590000 1.530000 1.550000 3.400000e+03
736320 1.590000 1.870000 1.590000 1.790000 8.200000e+04
736321 1.800000 1.870000 1.700000 1.790000 1.110000e+04
736322 1.840000 1.850000 1.810000 1.850000 8.000000e+02
736326 1.760000 1.870000 1.590000 1.750000 6.180000e+04
736327 1.880000 1.890000 1.810000 1.850000 2.490000e+04
736328 1.870000 1.920000 1.814000 1.920000 2.000000e+04
736329 1.930000 1.950000 1.780000 1.900000 2.450000e+04
736333 1.710000 1.800000 1.710000 1.763000 3.000000e+03
736334 1.820000 1.890000 1.820000 1.875000 4.600000e+03
736335 1.900000 1.900000 1.880000 1.880000 7.000000e+02
736336 1.870000 1.950000 1.800000 1.950000 2.470000e+04
736337 1.880000 1.968000 1.830000 1.840000 1.900000e+04
736340 1.820000 1.900000 1.590000 1.860000 6.500000e+03
736341 1.750000 1.930000 1.730000 1.750000 4.100000e+03
736342 1.710000 1.710000 1.710000 1.710000 6.000000e+02
736343 1.764000 1.764000 1.670000 1.670000 1.040000e+04
736344 1.650000 1.890000 1.500000 1.580000 1.020000e+04
736348 1.580000 1.619000 1.580000 1.619000 1.100000e+03
736349 1.564000 1.590000 1.460000 1.470000 6.400000e+03
736350 1.470000 1.470000 1.470000 1.470000 0.000000e+00
736351 1.620000 1.620000 1.620000 1.620000 2.900000e+03
736354 1.620000 1.620000 1.420000 1.420000 5.280000e+04
736355 1.550000 1.600000 1.510000 1.580000 8.600000e+03
736356 1.400000 1.590000 1.400000 1.580000 4.500000e+03
736357 1.404000 1.530000 1.400000 1.400000 2.300000e+03
736358 1.520000 1.800000 1.510000 1.750000 2.100000e+03
736361 1.750000 1.750000 1.750000 1.750000 3.000000e+02
736362 1.510000 1.510000 1.510000 1.510000 3.000000e+02
736363 1.510000 1.510000 1.510000 1.510000 0.000000e+00
736364 1.530000 1.543000 1.520000 1.543000 4.700000e+03
736365 1.550000 1.550000 1.530000 1.530000 3.100000e+03
736368 1.550000 1.763000 1.510000 1.720000 2.800000e+03
736369 1.650000 1.705000 1.520000 1.520000 7.700000e+03
736370 1.550000 1.670000 1.550000 1.580000 1.900000e+03
736371 1.620000 1.710000 1.560000 1.670000 5.700000e+03
736372 1.670000 1.670000 1.670000 1.670000 0.000000e+00
736376 1.730000 1.750000 1.720000 1.720000 5.000000e+02
736377 1.720000 1.960000 1.520000 1.960000 1.240000e+04
736378 1.750000 1.800000 1.750000 1.800000 3.300000e+03
736379 1.648000 1.740000 1.648000 1.680000 2.900000e+03
736382 1.554000 1.685000 1.550000 1.640000 2.700000e+03
736383 1.540000 1.610000 1.520000 1.610000 1.100000e+03
736384 1.600000 1.600000 1.600000 1.600000 1.000000e+02
736385 1.672000 1.672000 1.672000 1.672000 3.000000e+02
736386 1.600000 1.680000 1.600000 1.600000 2.300000e+03
736389 1.510000 1.530000 1.510000 1.530000 7.000000e+02
736390 1.600000 1.600000 1.540000 1.600000 1.300000e+03
736391 1.590000 1.590000 1.580000 1.580000 4.000000e+02
736392 1.680000 1.680000 1.530000 1.530000 4.500000e+03
736393 1.550000 1.680000 1.550000 1.680000 1.400000e+03
736396 1.670000 1.690000 1.530000 1.680000 4.800000e+03
736397 1.550000 1.690000 1.520000 1.670000 1.060000e+04
736398 1.680000 1.690000 1.530000 1.670000 7.900000e+03
736399 1.680000 1.680000 1.530000 1.580000 5.600000e+03
736400 1.530000 1.700000 1.530000 1.650000 7.400000e+03
736403 1.545000 1.690000 1.520000 1.580000 7.300000e+03
736404 1.600000 1.600000 1.440000 1.590000 1.740000e+04
736405 1.520000 1.530000 1.450000 1.450000 2.000000e+03
736406 1.450000 1.610000 1.450000 1.450000 3.700000e+03
736407 1.450000 1.580000 1.360000 1.360000 2.880000e+04
736410 1.440000 1.560000 1.440000 1.560000 3.700000e+03
736411 1.580000 1.585000 1.399000 1.573000 1.130000e+04
736412 1.600000 1.623000 1.570000 1.570000 9.500000e+03
736413 1.570000 1.570000 1.530000 1.530000 1.090000e+04
736417 1.536000 1.560000 1.530000 1.540000 3.200000e+03
736418 1.590000 1.648000 1.520000 1.520000 1.210000e+04
736419 1.700000 1.700000 1.450000 1.490000 3.840000e+04
736420 1.450000 1.466000 1.399000 1.410000 1.080000e+04
736421 1.500000 1.500000 1.430000 1.430000 1.100000e+03
736424 1.450000 1.450000 1.400000 1.400000 1.200000e+03
736425 1.400000 1.450000 1.390000 1.450000 5.500000e+03
736426 1.400000 1.600000 1.400000 1.460000 4.880000e+04
736427 1.500000 1.500000 1.410000 1.420000 4.300000e+03
736428 1.450000 1.540000 1.410000 1.410000 1.120000e+04
736431 1.500000 1.540000 1.430000 1.540000 3.400000e+03
736432 1.527000 1.527000 1.527000 1.527000 5.000000e+02
736433 1.510000 1.550000 1.410000 1.499000 1.110000e+04
736434 1.434000 1.462000 1.420000 1.462000 1.900000e+03
736435 1.430000 1.430000 1.430000 1.430000 2.000000e+02
736438 1.400000 1.480000 1.400000 1.473000 1.700000e+03
736439 1.400000 1.400000 1.400000 1.400000 7.000000e+02
736440 1.412000 1.448000 1.400000 1.400000 4.400000e+03
736441 1.460000 1.460000 1.360000 1.360000 2.980000e+04
736442 1.380000 1.411000 1.330000 1.330000 1.190000e+04
736445 1.340000 1.340000 1.340000 1.340000 1.000000e+02
736446 1.340000 1.340000 1.340000 1.340000 0.000000e+00
736447 1.349000 1.349000 1.349000 1.349000 7.000000e+02
736448 1.351000 1.351000 1.351000 1.351000 2.000000e+02
736449 1.330000 1.335000 1.330000 1.334000 3.500000e+03
736452 1.343000 1.343000 1.330000 1.330000 3.000000e+02
736453 1.344000 1.345000 1.289000 1.289000 1.600000e+04
736454 1.350000 1.350000 1.225000 1.244000 1.180000e+04
736455 1.292000 1.292000 1.220000 1.232000 7.000000e+03
736456 1.224000 1.246000 1.140000 1.140000 2.200000e+04
736459 1.150000 1.209000 1.150000 1.150000 1.450000e+04
736460 1.140000 1.151000 1.060000 1.100000 1.200000e+04
736461 1.060000 1.100000 1.040000 1.040000 1.530000e+04
736462 1.090000 1.170000 1.020000 1.030000 3.310000e+04
736463 1.130000 1.150000 1.035000 1.140000 1.730000e+04
736466 1.059000 1.059000 1.050000 1.050000 2.800000e+03
736467 1.080000 1.160000 1.074000 1.100000 6.800000e+03
736468 1.150000 1.150000 1.100000 1.100000 6.700000e+03
736469 1.230000 1.350000 1.230000 1.254000 4.500000e+03
736470 1.320000 1.325000 1.175000 1.230000 1.280000e+04
736473 1.120000 1.290000 1.100000 1.290000 2.700000e+04
736474 1.290000 1.290000 1.215000 1.230000 1.900000e+03
736475 1.170000 1.350000 1.170000 1.306000 7.300000e+03
736476 1.250000 1.310000 1.160000 1.220000 1.000000e+03
736477 1.252000 1.350000 1.180000 1.180000 1.180000e+04
736481 1.280000 2.180000 1.280000 1.780000 8.652000e+05
736482 1.610000 1.800000 1.430000 1.670000 2.586000e+05
736483 1.680000 2.100000 1.450000 1.580000 7.015000e+05
736484 1.700000 1.700000 1.530000 1.540000 3.780000e+04
736487 1.550000 1.620000 1.530000 1.550000 5.390000e+04
736488 1.600000 1.650000 1.440000 1.460000 4.360000e+04
736489 1.460000 1.505000 1.400000 1.410000 4.410000e+04
736490 1.430000 1.620000 1.410000 1.440000 3.300000e+04
736491 1.440000 1.770000 1.410000 1.522000 2.925000e+05
736494 1.510000 1.610000 1.460000 1.550000 4.070000e+04
736495 1.550000 1.550000 1.450000 1.450000 3.470000e+04
736496 1.470000 1.550000 1.450000 1.500000 2.980000e+04
736497 1.540000 1.550000 1.430000 1.450000 1.320000e+04
736498 1.450000 1.520000 1.430000 1.520000 3.500000e+04
736501 1.510000 1.710000 1.430000 1.523000 1.799000e+05
736502 1.570000 1.570000 1.430000 1.490000 1.840000e+04
736503 1.460000 1.477000 1.330000 1.350000 5.470000e+04
736504 1.350000 1.450000 1.350000 1.380000 8.530000e+04
736505 1.301000 1.420000 1.240000 1.420000 9.850000e+04
736508 1.309000 1.400000 1.240000 1.400000 1.140000e+04
736509 1.410000 1.560000 1.310000 1.560000 5.190000e+04
736510 1.560000 1.670000 1.500000 1.580000 1.559000e+05
736511 1.650000 1.650000 1.500000 1.520000 2.510000e+04
736512 1.510000 1.629000 1.510000 1.580000 5.010000e+04
736516 1.600000 1.610000 1.550000 1.600000 3.400000e+04
736517 1.600000 1.600000 1.525000 1.560000 5.900000e+03
736518 1.565000 1.565000 1.400000 1.492000 1.890000e+04
736519 1.560000 1.560000 1.500000 1.560000 4.900000e+03
736522 1.500000 1.545000 1.440000 1.480000 1.250000e+04
736523 1.510000 1.580000 1.480000 1.480000 1.940000e+04
736524 1.430000 1.430000 1.360000 1.360000 5.000000e+03
736525 1.400000 1.472000 1.360000 1.380000 6.600000e+03
736526 1.373000 1.373000 1.373000 1.373000 1.000000e+03
736529 1.390000 1.432000 1.360000 1.399000 4.700000e+03
736530 1.410000 1.650000 1.409000 1.570000 2.830000e+04
736531 1.750000 4.650000 1.634000 3.700000 2.143020e+07
736532 3.420000 3.750000 2.780000 3.000000 5.009500e+06
736533 2.920000 3.710000 2.860000 2.920000 2.555400e+06
736536 2.900000 3.100000 2.730000 2.840000 6.741000e+05
736537 2.820000 2.852000 2.240000 2.400000 7.911000e+05
736538 2.370000 2.640000 2.250000 2.380000 9.352000e+05
736539 2.350000 2.580000 2.280000 2.330000 4.652000e+05
736540 2.330000 2.450000 2.240000 2.330000 2.728000e+05
736543 2.330000 2.330000 2.100000 2.249000 2.270000e+05
736544 2.050000 2.350000 2.050000 2.170000 3.275000e+05
736545 2.140000 2.390000 2.130000 2.260000 3.488000e+05
736546 2.440000 2.580000 2.240000 2.240000 5.249000e+05
736547 2.270000 2.290000 2.101000 2.210000 2.603000e+05
736550 2.230000 2.400000 2.150000 2.180000 4.041000e+05
736551 2.160000 2.241000 2.030000 2.080000 2.211000e+05
736552 2.400000 2.740000 2.100000 2.220000 6.317900e+06
736553 2.170000 2.184000 1.900000 1.930000 9.777000e+05
736554 1.910000 1.980000 1.780000 1.980000 6.805000e+05
736557 1.970000 2.100000 1.920000 1.970000 3.791000e+05
736558 1.950000 2.090000 1.870000 1.870000 2.752000e+05
736559 1.870000 1.940000 1.788000 1.840000 1.777000e+05
736560 1.850000 1.920000 1.810000 1.840000 1.136000e+05
736561 1.850000 1.873000 1.752000 1.800000 8.480000e+04
736564 1.850000 1.900000 1.710000 1.830000 1.540000e+05
736565 1.790000 1.889000 1.720000 1.730000 3.005000e+05
736566 1.720000 1.800000 1.621000 1.690000 2.955000e+05
736567 1.660000 1.750000 1.630000 1.700000 1.112000e+05
736568 1.672000 1.740000 1.650000 1.680000 1.060000e+05
736571 1.670000 1.700000 1.590000 1.660000 2.126000e+05
736572 1.650000 1.970000 1.620000 1.670000 7.724000e+05
736573 1.670000 1.700000 1.520000 1.600000 3.128000e+05
736574 1.590000 1.690000 1.570000 1.610000 1.577000e+05
736575 1.650000 1.730000 1.620000 1.670000 1.187000e+05
736579 1.700000 1.750000 1.620000 1.630000 1.510000e+05
736580 1.660000 1.813000 1.660000 1.690000 3.942000e+05
736581 1.700000 1.720000 1.650000 1.690000 1.820000e+05
736582 1.690000 1.730000 1.660000 1.660000 1.606000e+05
736585 1.670000 1.700000 1.620000 1.690000 8.900000e+04
736586 1.663000 1.690000 1.630000 1.670000 5.650000e+04
736587 1.641000 1.730000 1.641000 1.690000 1.195000e+05
736588 1.700000 1.790000 1.660000 1.670000 2.856000e+05
736589 1.700000 1.723000 1.640000 1.650000 1.177000e+05
736592 1.660000 1.750000 1.660000 1.690000 9.500000e+04
736593 1.727000 1.727000 1.660000 1.670000 6.720000e+04
736594 1.680000 1.700000 1.660000 1.670000 8.410000e+04
736595 1.660000 1.700000 1.600000 1.660000 1.837000e+05
736596 1.600000 1.690000 1.600000 1.670000 2.250000e+04
736599 1.680000 1.690000 1.621000 1.650000 4.520000e+04
736600 1.660000 1.660000 1.650000 1.660000 5.590000e+04
736601 1.660000 1.730000 1.660000 1.690000 1.449000e+05
736602 1.700000 1.700000 1.551000 1.600000 1.638000e+05
736603 1.700000 1.700000 1.600000 1.640000 6.590000e+04
736606 1.620000 1.669000 1.610000 1.610000 3.470000e+04
736607 1.650000 1.650000 1.600000 1.600000 6.400000e+04
736608 1.630000 1.690000 1.590000 1.669000 1.484000e+05
736609 1.620000 1.660000 1.620000 1.650000 7.500000e+03
736610 1.666000 1.670000 1.620000 1.660000 2.070000e+04
736613 1.650000 1.650000 1.570000 1.600000 8.660000e+04
736614 1.600000 1.650000 1.560000 1.610000 3.158000e+05
736615 1.590000 1.593000 1.560000 1.560000 3.480000e+04
736616 1.570000 1.570000 1.500000 1.520000 1.071000e+05
736617 1.510000 1.550000 1.420000 1.450000 8.420000e+04
736620 1.480000 1.480000 1.400000 1.410000 3.190000e+04
736621 1.422000 1.430000 1.360000 1.405000 1.139000e+05
736622 1.400000 1.420000 1.350000 1.380000 7.240000e+04
736623 1.360000 1.389000 1.335000 1.360000 7.960000e+04
736624 1.360000 1.900000 1.360000 1.701000 3.316800e+06
736627 1.890000 1.950000 1.720000 1.760000 2.539000e+06
736628 1.540000 1.540000 1.300000 1.370000 8.119000e+05
736629 1.410000 1.410000 1.030000 1.290000 1.400800e+06
736630 1.280000 1.280000 1.140000 1.150000 2.737000e+05
736631 1.170000 1.179000 1.130000 1.137000 1.286000e+05
736634 1.130000 1.144000 1.020000 1.050000 2.905000e+05
736635 1.070000 1.080000 1.000000 1.000000 1.978000e+05
736636 1.240000 1.240000 1.000000 1.030000 3.624000e+05
736637 1.010000 1.040000 0.910000 0.980000 1.955000e+05
736638 0.980000 1.000000 0.920000 0.980000 8.130000e+04
736641 0.980000 0.990000 0.910000 0.960000 2.517000e+05
736642 0.870000 0.940000 0.870000 0.890000 1.144000e+05
736643 0.890000 1.050000 0.890000 0.955000 1.165000e+05
736644 1.000000 1.110000 0.930000 1.100000 1.326000e+05
736645 1.113000 1.178000 1.020000 1.110000 1.295000e+05
736648 1.170000 1.170000 1.050000 1.160000 2.257000e+05
736649 1.160000 1.185000 1.030000 1.110000 1.619000e+05
736650 1.110000 1.230000 1.060000 1.110000 2.235000e+05
736651 1.160000 1.200000 1.100000 1.160000 2.853000e+05
736652 1.190000 1.390000 1.160000 1.340000 8.034000e+05
736655 1.300000 1.460000 1.260000 1.310000 3.039000e+05
736656 1.310000 1.345000 1.260000 1.300000 1.745000e+05
736657 1.290000 1.310000 1.260000 1.280000 6.280000e+04
736659 1.250000 1.350000 1.212000 1.270000 8.180000e+04
736662 1.260000 1.269000 1.180000 1.210000 6.460000e+04
736663 1.210000 1.210000 1.080000 1.140000 7.860000e+04
736664 1.150000 1.150000 1.090000 1.110000 6.970000e+04
736665 1.157000 1.190000 1.120000 1.120000 3.840000e+04
736666 1.110000 1.150000 1.030000 1.120000 5.200000e+04
736669 1.110000 1.210000 1.100000 1.170000 5.550000e+04
736670 1.140000 1.180000 1.070000 1.160000 5.570000e+04
736671 1.170000 1.170000 1.081000 1.090000 7.130000e+04
736672 1.100000 1.140000 1.100000 1.100000 5.840000e+04
736673 1.100000 1.188000 1.100000 1.130000 5.980000e+04
736676 1.120000 1.190000 1.040000 1.090000 6.596000e+05
736677 1.200000 3.100000 1.100000 1.190000 2.902690e+07
736678 1.200000 1.230000 1.010000 1.050000 3.086500e+06
736679 1.050000 1.050000 0.980000 1.000000 1.172400e+06
736680 1.000000 1.330000 0.990000 1.140000 8.704500e+06
736683 1.110000 1.200000 1.050000 1.060000 1.613000e+06
736684 1.040000 1.170000 1.040000 1.130000 1.176600e+06
736685 1.250000 1.440000 1.110000 1.110000 4.586600e+06
736686 1.110000 1.150000 1.070000 1.120000 8.250000e+05
736687 1.190000 1.210000 1.130000 1.190000 5.220000e+05
736691 1.180000 1.200000 1.150000 1.150000 4.243000e+05
736692 1.210000 1.210000 1.120000 1.140000 4.996000e+05
736693 1.200000 1.200000 1.130000 1.151000 5.192000e+05
736694 1.200000 1.200000 1.100000 1.150000 2.795000e+05
736698 1.160000 1.200000 1.100000 1.200000 4.427000e+05
736699 1.190000 1.250000 1.172000 1.200000 4.810000e+05
736700 1.240000 1.240000 1.170000 1.180000 2.014000e+05
736701 1.190000 1.220000 1.150000 1.170000 1.496000e+05
736704 1.170000 1.200000 1.150000 1.190000 1.793000e+05
736705 1.190000 1.290000 1.150000 1.270000 8.101000e+05
736706 1.300000 1.670000 1.270000 1.500000 8.138300e+06
736707 1.690000 1.850000 1.360000 1.410000 4.095300e+06
736708 1.360000 1.380000 1.232000 1.360000 9.517000e+05
736712 1.310000 1.380000 1.250000 1.290000 3.663000e+05
736713 1.270000 1.300000 1.220000 1.220000 3.402000e+05
736714 1.200000 1.220000 1.150000 1.165000 3.883000e+05
736715 1.170000 1.190000 1.150000 1.180000 2.374000e+05
736718 1.190000 1.190000 1.150000 1.180000 2.433000e+05
736719 1.160000 1.330000 1.160000 1.280000 5.375000e+05
736720 1.320000 1.320000 1.200000 1.280000 2.235000e+05
736721 1.270000 1.280000 1.210000 1.230000 1.759000e+05
736722 1.220000 1.290000 1.160000 1.190000 3.366000e+05
736725 1.160000 1.185000 1.150000 1.180000 2.004000e+05
736726 1.170000 1.180000 1.100000 1.140000 2.933000e+05
736727 1.130000 1.160000 1.090000 1.100000 2.271000e+05
736728 1.090000 1.150000 1.070000 1.100000 2.919000e+05
736729 1.090000 1.120000 1.090000 1.120000 2.016000e+05
736732 1.140000 1.140000 1.100000 1.120000 1.181000e+05
736733 1.110000 1.120000 1.090000 1.110000 2.478000e+05
736734 1.110000 1.190000 1.110000 1.130000 1.869000e+05
736735 1.150000 1.150000 1.100000 1.105000 1.574000e+05
736736 1.100000 1.118000 1.080000 1.090000 1.672000e+05
736739 1.090000 1.110000 1.070000 1.100000 1.571000e+05
736740 1.060000 1.300000 1.060000 1.130000 2.025300e+06
736741 1.140000 1.150000 1.060000 1.070000 8.896000e+05
736742 1.080000 1.080000 1.030000 1.040000 4.446000e+05
736743 1.040000 1.100000 1.040000 1.060000 2.516000e+05
736747 1.070000 1.070000 1.030000 1.050000 4.547000e+05
736748 1.100000 1.100000 1.030000 1.030000 3.860000e+05
736749 1.030000 1.040000 1.010000 1.030000 1.754000e+05
736750 1.030000 1.048000 0.980000 1.030000 3.726000e+05
736753 1.030000 1.050000 1.000000 1.020000 2.162000e+05
736754 1.020000 1.050000 1.020000 1.020000 1.653000e+05
736755 1.040000 1.080000 1.030000 1.040000 1.800000e+05
736756 1.030000 1.070000 1.030000 1.034000 1.397000e+05
736757 1.090000 1.090000 1.030000 1.030000 7.759000e+05
736760 1.040000 1.040000 0.991000 1.000000 1.853000e+05
736761 1.000000 1.080000 0.990000 1.030000 3.617000e+05
736762 1.050000 1.050000 1.030000 1.030000 9.660000e+04
736763 1.030000 1.080000 1.030000 1.030000 3.921000e+05
736764 1.050000 1.050000 1.010000 1.020000 1.150000e+05
