736034 8.156009 8.156009 8.156009 8.156009 0.000000e+00
736035 8.156009 8.156009 8.156009 8.156009 0.000000e+00
736036 8.365138 8.365138 8.365138 8.365138 8.365137e+01
736039 8.365138 8.365138 8.365138 8.365138 0.000000e+00
736040 8.365138 8.365138 8.365138 8.365138 0.000000e+00
736041 8.365138 8.365138 8.365138 8.365138 0.000000e+00
736042 8.783394 8.783394 8.783394 8.783394 8.365137e+01
736043 8.783394 8.783394 8.783394 8.783394 1.673027e+02
736046 8.783394 8.783394 8.783394 8.783394 0.000000e+00
736047 8.783394 8.783394 8.783394 8.783394 0.000000e+00
736048 9.695194 9.695194 9.695194 9.695194 1.673027e+02
736049 9.695194 9.695194 9.695194 9.695194 0.000000e+00
736050 9.695194 9.695194 9.695194 9.695194 0.000000e+00
736053 9.695194 9.695194 9.695194 9.695194 0.000000e+00
736054 9.695194 9.695194 9.695194 9.695194 0.000000e+00
736055 9.695194 9.695194 9.695194 9.695194 0.000000e+00
736056 9.695194 9.695194 9.695194 9.695194 0.000000e+00
736060 9.695194 9.695194 9.695194 9.695194 0.000000e+00
736061 9.695194 9.695194 9.695194 9.695194 0.000000e+00
736062 9.695194 9.695194 9.695194 9.695194 0.000000e+00
736063 9.695194 9.695194 9.695194 9.695194 0.000000e+00
736064 9.695194 9.695194 9.695194 9.695194 0.000000e+00
736067 8.365138 8.365138 8.365138 8.365138 1.505725e+03
736068 9.946149 9.946149 9.946149 9.946149 8.365137e+01
736069 9.946149 9.946149 9.946149 9.946149 0.000000e+00
736070 9.946149 9.946149 9.946149 9.946149 0.000000e+00
736071 9.946149 9.946149 9.946149 9.946149 0.000000e+00
736074 9.954513 9.954513 9.954513 9.954513 8.365137e+01
736075 9.954513 9.954513 9.954513 9.954513 0.000000e+00
736076 9.954513 9.954513 9.954513 9.954513 0.000000e+00
736077 9.954513 9.954513 9.954513 9.954513 0.000000e+00
736078 9.954513 9.954513 9.954513 9.954513 0.000000e+00
736081 9.954513 9.954513 9.954513 9.954513 0.000000e+00
736082 9.954513 9.954513 9.954513 9.954513 0.000000e+00
736083 10.038165 10.038165 10.038165 10.038165 1.673028e+02
736084 10.038165 10.038165 10.038165 10.038165 0.000000e+00
736085 10.038165 10.038165 10.038165 10.038165 0.000000e+00
736088 10.038165 10.038165 10.038165 10.038165 0.000000e+00
736089 9.912688 9.912688 9.912688 9.912688 8.365137e+01
736090 9.912688 9.912688 9.912688 9.912688 8.365137e+01
736091 9.912688 9.912688 9.912688 9.912688 0.000000e+00
736092 9.912688 9.912688 9.912688 9.912688 0.000000e+00
736095 9.912688 9.912688 9.912688 9.912688 0.000000e+00
736096 9.912688 9.912688 9.912688 9.912688 0.000000e+00
736097 9.912688 9.912688 9.912688 9.912688 0.000000e+00
736098 9.912688 9.912688 9.912688 9.912688 0.000000e+00
736099 9.912688 9.912688 9.912688 9.912688 0.000000e+00
736102 8.783394 8.783394 8.783394 8.783394 8.365137e+01
736103 8.783394 8.783394 8.783394 8.783394 0.000000e+00
736104 9.912688 9.912688 9.912688 9.912688 3.346055e+02
736105 9.912688 9.912688 9.912688 9.912688 0.000000e+00
736106 9.912688 9.912688 9.912688 9.912688 0.000000e+00
736110 9.912688 9.912688 9.912688 9.912688 0.000000e+00
736111 9.912688 9.912688 9.912688 9.912688 0.000000e+00
736112 9.912688 9.912688 9.912688 9.912688 0.000000e+00
736113 9.912688 9.912688 9.912688 9.912688 0.000000e+00
736116 9.912688 9.912688 9.912688 9.912688 0.000000e+00
736117 9.870862 9.912688 9.870862 9.912688 1.673027e+02
736118 9.912688 9.912688 9.912688 9.912688 0.000000e+00
736119 9.912688 9.912688 9.912688 9.912688 8.365137e+01
736120 9.912688 9.912688 9.912688 9.912688 0.000000e+00
736123 9.912688 9.912688 9.912688 9.912688 0.000000e+00
736124 9.619908 9.619908 9.619908 9.619908 1.673027e+02
736125 9.619908 9.619908 9.619908 9.619908 0.000000e+00
736126 9.619908 9.619908 9.619908 9.619908 0.000000e+00
736127 9.619908 9.619908 9.619908 9.619908 0.000000e+00
736130 9.619908 9.619908 9.619908 9.619908 0.000000e+00
736131 9.619908 9.619908 9.619908 9.619908 0.000000e+00
736132 9.619908 9.619908 9.619908 9.619908 0.000000e+00
736133 9.619908 9.619908 9.619908 9.619908 0.000000e+00
736134 9.619908 9.619908 9.619908 9.619908 0.000000e+00
736137 9.619908 9.619908 9.619908 9.619908 0.000000e+00
736138 9.619908 9.619908 9.619908 9.619908 0.000000e+00
736139 9.904323 9.904323 9.904323 9.904323 8.365137e+01
736140 9.904323 9.904323 9.904323 9.904323 0.000000e+00
736141 9.904323 9.904323 9.904323 9.904323 0.000000e+00
736144 9.904323 9.904323 9.904323 9.904323 8.365137e+01
736145 9.904323 9.904323 9.904323 9.904323 0.000000e+00
736146 9.904323 9.904323 9.904323 9.904323 0.000000e+00
736147 9.904323 9.904323 9.904323 9.904323 0.000000e+00
736151 9.904323 9.904323 9.904323 9.904323 0.000000e+00
736152 9.904323 9.904323 9.904323 9.904323 8.365137e+01
736153 9.904323 9.904323 9.904323 9.904323 0.000000e+00
736154 8.373502 8.373502 8.373502 8.373502 4.182568e+02
736155 8.373502 8.373502 8.373502 8.373502 0.000000e+00
736158 8.373502 8.373502 8.373502 8.373502 0.000000e+00
736159 8.373502 8.373502 8.373502 8.373502 0.000000e+00
736160 8.373502 8.373502 8.373502 8.373502 0.000000e+00
736161 8.373502 8.373502 8.373502 8.373502 0.000000e+00
736162 8.373502 8.373502 8.373502 8.373502 0.000000e+00
736165 9.904323 9.904323 9.904323 9.904323 8.365137e+01
736166 9.904323 9.904323 9.904323 9.904323 0.000000e+00
736167 9.904323 9.904323 9.904323 9.904323 0.000000e+00
736168 9.904323 9.904323 9.904323 9.904323 0.000000e+00
736169 9.904323 9.904323 9.904323 9.904323 0.000000e+00
736172 9.904323 9.904323 9.904323 9.904323 0.000000e+00
736173 9.904323 9.904323 9.904323 9.904323 0.000000e+00
736174 9.904323 9.904323 9.904323 9.904323 0.000000e+00
736175 9.904323 9.904323 9.904323 9.904323 0.000000e+00
736176 9.904323 9.904323 9.904323 9.904323 0.000000e+00
736179 9.904323 9.904323 9.904323 9.904323 0.000000e+00
736180 9.904323 9.904323 9.904323 9.904323 0.000000e+00
736181 9.904323 9.904323 9.904323 9.904323 0.000000e+00
736182 9.904323 9.904323 9.904323 9.904323 0.000000e+00
736183 9.904323 9.904323 9.904323 9.904323 0.000000e+00
736186 9.904323 9.904323 9.904323 9.904323 0.000000e+00
736187 9.904323 9.904323 9.904323 9.904323 0.000000e+00
736188 9.904323 9.904323 9.904323 9.904323 0.000000e+00
736189 8.783394 8.783394 8.783394 8.783394 8.365137e+01
736190 8.783394 8.783394 8.783394 8.783394 0.000000e+00
736193 8.783394 8.783394 8.783394 8.783394 0.000000e+00
736194 8.783394 8.783394 8.783394 8.783394 0.000000e+00
736195 8.783394 8.783394 8.783394 8.783394 0.000000e+00
736196 8.783394 8.783394 8.783394 8.783394 0.000000e+00
736197 8.783394 8.783394 8.783394 8.783394 0.000000e+00
736200 8.783394 8.783394 8.490614 8.490614 1.589376e+03
736201 8.490614 8.490614 8.490614 8.490614 0.000000e+00
736202 8.490614 8.490614 8.490614 8.490614 0.000000e+00
736203 8.490614 8.490614 8.490614 8.490614 0.000000e+00
736204 8.490614 8.490614 8.490614 8.490614 0.000000e+00
736207 8.490614 8.490614 8.490614 8.490614 0.000000e+00
736208 8.490614 8.490614 8.490614 8.490614 0.000000e+00
736209 8.490614 8.490614 8.490614 8.490614 0.000000e+00
736210 8.490614 8.490614 8.490614 8.490614 0.000000e+00
736211 8.490614 8.490614 8.490614 8.490614 0.000000e+00
736215 8.490614 8.490614 8.490614 8.490614 0.000000e+00
736216 8.356773 8.356773 8.356773 8.356773 8.365137e+01
736217 8.365138 8.365138 8.365138 8.365138 6.692110e+02
736218 8.365138 8.365138 8.365138 8.365138 0.000000e+00
736221 8.365138 8.365138 8.365138 8.365138 0.000000e+00
736222 8.365138 8.365138 8.365138 8.365138 4.266220e+03
736223 8.365138 8.365138 8.365138 8.365138 0.000000e+00
736224 8.365138 8.365138 8.365138 8.365138 0.000000e+00
736225 8.365138 8.365138 8.365138 8.365138 0.000000e+00
736228 8.365138 8.365138 8.365138 8.365138 0.000000e+00
736229 8.365138 8.365138 8.365138 8.365138 0.000000e+00
736230 8.365138 8.365138 8.365138 8.365138 0.000000e+00
736231 8.365138 8.365138 8.365138 8.365138 0.000000e+00
736232 8.365138 8.365138 8.365138 8.365138 0.000000e+00
736235 8.365138 8.365138 8.365138 8.365138 0.000000e+00
736236 8.365138 8.365138 8.365138 8.365138 0.000000e+00
736237 8.365138 8.365138 8.365138 8.365138 0.000000e+00
736238 8.365138 8.365138 8.365138 8.365138 0.000000e+00
736239 8.365138 8.365138 8.365138 8.365138 0.000000e+00
736242 8.365138 8.365138 8.365138 8.365138 0.000000e+00
736243 8.206200 8.281486 8.206200 8.281486 2.091284e+03
736244 8.281486 8.281486 8.281486 8.281486 0.000000e+00
736245 8.281486 8.281486 8.281486 8.281486 0.000000e+00
736246 8.281486 8.281486 8.281486 8.281486 0.000000e+00
736249 8.281486 8.281486 8.281486 8.281486 0.000000e+00
736250 8.281486 8.281486 8.281486 8.281486 0.000000e+00
736251 8.281486 8.281486 8.281486 8.281486 0.000000e+00
736252 8.281486 8.281486 8.281486 8.281486 0.000000e+00
736253 9.025983 9.193287 9.025983 9.193287 1.673028e+02
736256 9.193287 9.193287 9.193287 9.193287 0.000000e+00
736257 9.201651 9.201651 9.201651 9.201651 8.365137e+01
736258 9.201651 9.201651 9.201651 9.201651 1.673027e+02
736259 9.201651 9.201651 9.201651 9.201651 0.000000e+00
736260 9.201651 9.201651 9.201651 9.201651 0.000000e+00
736263 9.201651 9.201651 9.201651 9.201651 0.000000e+00
736264 9.201651 9.201651 9.201651 9.201651 0.000000e+00
736265 9.201651 9.201651 9.201651 9.201651 0.000000e+00
736266 9.201651 9.201651 9.201651 9.201651 0.000000e+00
736267 9.201651 9.201651 9.201651 9.201651 0.000000e+00
736270 9.201651 9.201651 9.201651 9.201651 0.000000e+00
736271 9.201651 9.201651 9.201651 9.201651 0.000000e+00
736272 9.201651 9.201651 9.201651 9.201651 0.000000e+00
736273 9.201651 9.201651 9.201651 9.201651 0.000000e+00
736274 9.201651 9.201651 9.201651 9.201651 0.000000e+00
736277 9.201651 9.201651 9.201651 9.201651 0.000000e+00
736278 9.201651 9.201651 9.201651 9.201651 0.000000e+00
736279 9.201651 9.201651 9.201651 9.201651 0.000000e+00
736280 9.201651 9.201651 9.201651 9.201651 0.000000e+00
736281 9.201651 9.201651 9.201651 9.201651 0.000000e+00
736284 9.201651 9.201651 9.201651 9.201651 0.000000e+00
736285 9.201651 9.201651 9.201651 9.201651 0.000000e+00
736286 9.201651 9.201651 9.201651 9.201651 0.000000e+00
736287 8.365138 8.365138 8.365138 8.365138 1.505725e+03
736288 8.365138 8.365138 8.365138 8.365138 0.000000e+00
736291 8.365138 8.365138 8.365138 8.365138 0.000000e+00
736292 8.365138 8.365138 8.365138 8.365138 0.000000e+00
736293 8.448789 8.448789 8.448789 8.448789 1.673028e+02
736295 8.448789 8.448789 8.448789 8.448789 0.000000e+00
736298 8.448789 8.448789 8.448789 8.448789 0.000000e+00
736299 8.448789 8.448789 8.448789 8.448789 0.000000e+00
736300 8.448789 8.448789 8.448789 8.448789 0.000000e+00
736301 8.448789 8.448789 8.448789 8.448789 4.182569e+02
736302 8.448789 8.448789 8.448789 8.448789 0.000000e+00
736305 8.448789 8.448789 8.448789 8.448789 0.000000e+00
736306 8.448789 8.448789 8.448789 8.448789 5.855596e+02
736307 8.448789 8.448789 8.448789 8.448789 0.000000e+00
736308 8.448789 8.448789 8.448789 8.448789 8.365138e+02
736309 8.448789 8.448789 8.448789 8.448789 1.254771e+03
736312 8.448789 8.448789 8.448789 8.448789 0.000000e+00
736313 8.448789 8.448789 8.448789 8.448789 0.000000e+00
736314 8.448789 8.448789 8.448789 8.448789 0.000000e+00
736315 8.448789 8.448789 8.448789 8.448789 0.000000e+00
736316 8.448789 8.448789 8.448789 8.448789 0.000000e+00
736319 8.448789 8.448789 8.448789 8.448789 0.000000e+00
736320 8.448789 8.448789 8.448789 8.448789 0.000000e+00
736321 8.448789 8.448789 8.448789 8.448789 0.000000e+00
736322 8.406963 8.406963 8.406963 8.406963 8.365137e+01
736326 8.406963 8.406963 8.406963 8.406963 0.000000e+00
736327 8.406963 8.406963 8.406963 8.406963 0.000000e+00
736328 8.406963 8.406963 8.406963 8.406963 3.346055e+02
736329 8.406963 8.406963 8.406963 8.406963 0.000000e+00
736333 8.406963 8.406963 8.406963 8.406963 0.000000e+00
736334 8.406963 8.406963 8.406963 8.406963 0.000000e+00
736335 8.406963 8.406963 8.406963 8.406963 0.000000e+00
736336 8.406963 8.406963 8.406963 8.406963 0.000000e+00
736337 8.406963 8.406963 8.406963 8.406963 0.000000e+00
736340 8.406963 8.406963 8.406963 8.406963 0.000000e+00
736341 8.406963 8.406963 8.406963 8.406963 0.000000e+00
736342 8.406963 8.406963 8.406963 8.406963 0.000000e+00
736343 8.406963 8.406963 8.406963 8.406963 0.000000e+00
736344 8.406963 8.406963 8.406963 8.406963 0.000000e+00
736348 8.406963 8.406963 8.406963 8.406963 0.000000e+00
736349 8.406963 8.406963 8.406963 8.406963 0.000000e+00
736350 8.406963 8.406963 8.406963 8.406963 0.000000e+00
736351 8.406963 8.406963 8.406963 8.406963 0.000000e+00
736354 8.406963 8.406963 8.406963 8.406963 0.000000e+00
736355 8.406963 8.406963 8.406963 8.406963 0.000000e+00
736356 8.741569 8.741569 8.406963 8.406963 3.346055e+02
736357 8.406963 8.406963 8.406963 8.406963 0.000000e+00
736358 8.406963 8.406963 8.406963 8.406963 0.000000e+00
736361 8.741569 8.741569 8.741569 8.741569 8.365137e+01
736362 8.741569 8.741569 8.741569 8.741569 0.000000e+00
736363 8.741569 8.741569 8.741569 8.741569 0.000000e+00
736364 8.741569 8.741569 8.741569 8.741569 0.000000e+00
736365 8.741569 8.741569 8.741569 8.741569 0.000000e+00
736368 8.950697 8.950697 8.950697 8.950697 8.365137e+01
736369 8.406963 8.406963 8.365138 8.365138 1.003816e+03
736370 8.365138 8.365138 8.365138 8.365138 0.000000e+00
736371 8.365138 8.365138 8.365138 8.365138 0.000000e+00
736372 8.365138 8.365138 8.365138 8.365138 0.000000e+00
736376 8.365138 8.365138 8.365138 8.365138 0.000000e+00
736377 8.365138 8.365138 8.365138 8.365138 0.000000e+00
736378 8.365138 8.365138 8.365138 8.365138 0.000000e+00
736379 8.365138 8.365138 8.365138 8.365138 0.000000e+00
736382 8.365138 8.365138 8.365138 8.365138 0.000000e+00
736383 8.365138 8.365138 8.365138 8.365138 0.000000e+00
736384 8.365138 8.365138 8.365138 8.365138 0.000000e+00
736385 8.365138 8.365138 8.365138 8.365138 0.000000e+00
736386 8.365138 8.365138 8.365138 8.365138 0.000000e+00
736389 8.365138 8.365138 8.365138 8.365138 0.000000e+00
736390 8.365138 8.365138 8.365138 8.365138 4.182569e+02
736391 8.365138 8.365138 8.365138 8.365138 0.000000e+00
736392 8.365138 8.365138 8.365138 8.365138 0.000000e+00
736393 8.365138 8.365138 8.365138 8.365138 0.000000e+00
736396 8.365138 8.365138 8.365138 8.365138 0.000000e+00
736397 8.365138 8.365138 8.365138 8.365138 0.000000e+00
736398 8.942332 9.201651 8.942332 9.201651 3.011449e+03
736399 9.368954 9.368954 9.368954 9.368954 6.692110e+02
736400 9.327128 9.327128 9.201651 9.201651 1.171119e+03
736403 9.184921 9.184921 9.184921 9.184921 1.673028e+02
736404 9.118000 9.118000 9.118000 9.118000 1.673027e+02
736405 8.967428 8.967428 8.967428 8.967428 8.365137e+02
736406 8.967428 8.967428 8.967428 8.967428 0.000000e+00
736407 8.959062 9.118000 8.791759 9.118000 1.505725e+03
736410 9.118000 9.118000 9.118000 9.118000 0.000000e+00
736411 9.118000 9.118000 9.118000 9.118000 0.000000e+00
736412 8.867046 8.867046 8.699744 8.800125 3.764312e+03
736413 8.800125 8.800125 8.800125 8.800125 0.000000e+00
736417 8.800125 8.800125 8.800125 8.800125 0.000000e+00
736418 8.800125 8.800125 8.800125 8.800125 0.000000e+00
736419 8.950696 9.118000 8.950696 9.118000 1.087468e+03
736420 9.118000 9.118000 9.118000 9.118000 0.000000e+00
736421 9.118000 9.118000 9.118000 9.118000 0.000000e+00
736424 9.118000 9.118000 9.118000 9.118000 0.000000e+00
736425 9.118000 9.118000 9.118000 9.118000 0.000000e+00
736426 9.118000 9.118000 9.118000 9.118000 0.000000e+00
736427 9.118000 9.118000 9.118000 9.118000 0.000000e+00
736428 9.118000 9.118000 9.118000 9.118000 0.000000e+00
736431 9.118000 9.118000 9.118000 9.118000 0.000000e+00
736432 9.118000 9.118000 9.118000 9.118000 0.000000e+00
736433 9.118000 9.118000 9.118000 9.118000 0.000000e+00
736434 9.118000 9.118000 9.118000 9.118000 0.000000e+00
736435 9.201651 9.201651 9.201651 9.201651 2.007633e+03
736438 9.201651 9.201651 9.201651 9.201651 0.000000e+00
736439 9.243477 9.745385 9.243477 9.745385 3.346055e+02
736440 9.745385 9.745385 9.745385 9.745385 0.000000e+00
736441 9.745385 9.745385 9.745385 9.745385 0.000000e+00
736442 9.745385 9.745385 9.745385 9.745385 0.000000e+00
736445 9.745385 9.745385 9.745385 9.745385 0.000000e+00
736446 9.745385 9.745385 9.745385 9.745385 0.000000e+00
736447 9.745385 9.745385 9.745385 9.745385 0.000000e+00
736448 9.745385 9.745385 9.745385 9.745385 0.000000e+00
736449 9.745385 9.745385 9.745385 9.745385 0.000000e+00
736452 9.745385 9.745385 9.745385 9.745385 0.000000e+00
736453 9.745385 9.745385 9.745385 9.745385 0.000000e+00
736454 9.745385 9.745385 9.745385 9.745385 0.000000e+00
736455 9.745385 9.745385 9.745385 9.745385 0.000000e+00
736456 9.745385 9.745385 9.745385 9.745385 0.000000e+00
736459 9.745385 9.745385 9.745385 9.745385 0.000000e+00
736460 9.745385 9.745385 9.745385 9.745385 0.000000e+00
736461 9.745385 9.745385 9.745385 9.745385 0.000000e+00
736462 9.745385 9.745385 9.745385 9.745385 0.000000e+00
736463 9.745385 9.745385 9.745385 9.745385 0.000000e+00
736466 9.745385 9.745385 9.745385 9.745385 0.000000e+00
736467 9.745385 9.745385 9.745385 9.745385 0.000000e+00
736468 9.870863 10.038165 9.870863 10.038165 6.692110e+02
736469 10.038165 10.038165 10.038165 10.038165 0.000000e+00
736470 9.619908 9.619908 9.619908 9.619908 8.365137e+01
736473 9.619908 9.619908 9.619908 9.619908 0.000000e+00
736474 9.034349 9.201651 9.034349 9.201651 4.851780e+03
736475 9.201651 9.201651 9.201651 9.201651 0.000000e+00
736476 9.201651 9.201651 9.201651 9.201651 0.000000e+00
736477 9.201651 9.201651 9.201651 9.201651 1.003816e+03
736481 9.201651 9.201651 9.201651 9.201651 0.000000e+00
736482 9.201651 9.201651 9.201651 9.201651 0.000000e+00
736483 9.201651 9.201651 9.201651 9.201651 0.000000e+00
736484 10.038165 10.456422 10.038165 10.456422 6.022899e+03
736487 10.707377 10.874679 10.707377 10.874679 5.855596e+03
736488 11.292935 11.292935 10.623725 10.665551 1.070738e+04
736489 10.749202 10.874679 10.749202 10.874679 1.673028e+02
736490 10.958329 11.284570 10.749201 10.749201 1.756679e+03
736491 10.556803 10.556803 10.556803 10.556803 5.019082e+02
736494 10.590265 10.590265 10.364406 10.364406 1.756679e+03
736495 10.372770 10.372770 10.205468 10.205468 8.365137e+02
736496 10.289119 10.456421 10.163642 10.372770 2.509541e+03
736497 10.255658 10.255658 10.255658 10.255658 5.019082e+02
736498 10.255658 10.255658 10.213833 10.213833 5.019082e+02
736501 10.222198 10.222198 10.138547 10.138547 1.756679e+03
736502 10.146912 10.498248 10.146912 10.498248 3.597009e+03
736503 10.172008 10.172008 10.121816 10.121816 1.003816e+03
736504 10.289120 10.372771 10.079991 10.079991 1.505725e+03
736505 10.079991 10.079991 9.971244 9.971244 5.019083e+02
736508 9.979610 9.979610 9.895958 9.895958 2.007633e+03
736509 9.895958 10.038165 9.895958 10.038165 1.087468e+03
736510 9.887592 9.887592 9.887592 9.887592 6.692110e+02
736511 10.038165 10.038165 9.987975 9.987975 2.258587e+03
736512 9.987975 9.987975 9.987975 9.987975 6.692110e+02
736516 9.895957 9.895957 9.887592 9.887592 1.003816e+03
736517 9.887593 10.038165 9.879227 10.038165 1.673027e+03
736518 10.038165 10.314215 10.038165 10.314215 1.422073e+03
736519 10.247294 10.247294 9.837402 9.837402 5.019082e+02
736522 9.837402 9.837402 9.837402 9.837402 1.673027e+02
736523 9.837402 9.837402 9.837402 9.837402 0.000000e+00
736524 9.837402 9.837402 9.837402 9.837402 0.000000e+00
736525 9.837402 9.837402 9.837402 9.837402 0.000000e+00
736526 10.038165 10.038165 9.829037 9.829037 6.692110e+02
736529 9.837402 9.837402 9.829037 9.829037 1.254771e+03
736530 9.803941 9.996339 9.720290 9.996339 1.673027e+03
736531 9.996339 9.996339 9.996339 9.996339 4.182569e+02
736532 9.996339 9.996339 9.996339 9.996339 5.855596e+02
736533 9.996339 9.996339 9.996339 9.996339 0.000000e+00
736536 9.996339 9.996339 9.996339 9.996339 5.019082e+02
736537 9.996339 9.996339 9.996339 9.996339 9.201651e+02
736538 9.996339 9.996339 9.996339 9.996339 0.000000e+00
736539 10.038165 10.038165 10.038165 10.038165 5.855596e+02
736540 10.046530 10.046530 10.046530 10.046530 5.019082e+02
736543 10.205468 10.205468 10.205468 10.205468 1.422073e+03
736544 10.205468 10.205468 9.619908 9.745385 1.422073e+04
736545 9.912688 9.954513 9.912688 9.954513 6.692110e+02
736546 9.954513 9.954513 9.954513 9.954513 4.182568e+02
736547 9.954513 9.954513 9.954513 9.954513 9.201651e+02
736550 9.870863 9.870863 9.645004 9.787211 2.007633e+03
736551 10.038165 10.247294 10.038165 10.247294 5.019082e+03
736552 10.247294 10.305849 10.247294 10.247294 9.201651e+02
736553 10.305850 10.305850 10.079991 10.079991 1.673028e+03
736554 10.305849 10.305849 10.305849 10.305849 3.346055e+02
736557 10.305848 10.657185 10.305848 10.657185 2.425890e+03
736558 10.657185 10.657185 10.657185 10.657185 0.000000e+00
736559 10.657185 10.657185 10.657185 10.657185 0.000000e+00
736560 10.657185 10.657185 10.657185 10.657185 1.673027e+02
736561 10.657185 10.657185 10.657185 10.657185 5.019082e+02
736564 10.623725 10.665551 10.623725 10.665551 5.186385e+03
736565 10.665551 10.874679 10.665551 10.874679 1.087468e+03
736566 11.025251 11.108903 10.707377 10.874679 2.425890e+03
736567 10.874679 10.874679 10.707377 10.707377 1.673028e+02
736568 10.874678 11.041982 10.874678 11.041982 2.007633e+03
736571 11.075442 11.075442 11.075442 11.075442 2.174936e+03
736572 11.075442 11.075442 11.075442 11.075442 0.000000e+00
736573 11.075442 11.075442 11.075442 11.075442 0.000000e+00
736574 11.075442 11.075442 11.075442 11.075442 0.000000e+00
736575 11.058712 11.083808 10.916504 11.083808 2.509541e+03
736579 10.908139 10.908139 10.908139 10.908139 2.007633e+03
736580 10.883045 11.033617 10.883045 11.033617 3.513358e+03
736581 11.075442 11.075442 11.075442 11.075442 2.174936e+03
736582 11.075442 11.075442 11.075442 11.075442 0.000000e+00
736585 11.000156 11.000156 11.000156 11.000156 8.365137e+01
736586 11.000156 11.000156 11.000156 11.000156 0.000000e+00
736587 11.117268 11.150729 11.117268 11.150729 1.003816e+03
736588 11.150729 11.150729 11.150729 11.150729 8.365137e+01
736589 11.200919 11.292936 11.200919 11.292936 3.011450e+03
736592 10.916505 10.916505 10.916505 10.916505 5.855597e+02
736593 10.916505 10.916505 10.916505 10.916505 0.000000e+00
736594 10.924871 10.924871 10.916505 10.916505 1.087468e+03
736595 11.142363 11.694462 11.125633 11.460239 8.365137e+03
736596 11.460239 11.627541 11.418414 11.543890 6.692110e+03
736599 11.518794 11.518794 11.384953 11.384953 8.365138e+02
736600 11.502064 11.627541 11.502064 11.502064 1.756679e+03
736601 11.502064 11.502064 11.502064 11.502064 0.000000e+00
736602 11.418413 11.418413 11.376587 11.376587 4.098917e+03
736603 11.376587 11.376587 11.376587 11.376587 0.000000e+00
736606 11.376588 11.376588 11.292936 11.292936 1.505725e+03
736607 11.083808 11.292936 11.083808 11.292936 5.270037e+03
736608 11.209284 11.209284 11.209284 11.209284 5.019082e+02
736609 11.209284 11.209284 11.209284 11.209284 0.000000e+00
736610 11.209284 11.209284 11.209284 11.209284 0.000000e+00
736613 11.209284 11.209284 11.209284 11.209284 0.000000e+00
736614 11.292936 11.292936 11.292936 11.292936 1.673028e+03
736615 11.297419 11.297419 11.297419 11.297419 0.000000e+00
736616 11.466930 11.496844 11.377189 11.466930 1.869608e+05
736617 11.466930 11.516786 11.407103 11.466930 4.437203e+04
736620 11.466931 11.516787 11.466931 11.516787 1.266348e+04
736621 11.516787 11.516787 11.466931 11.516787 1.128745e+05
736622 11.466930 11.716211 11.466930 11.706240 3.749188e+04
736623 11.666355 11.716211 11.616499 11.626470 1.206520e+04
736624 11.526758 11.566643 11.496844 11.566643 1.605370e+04
736627 11.566643 11.566643 11.566643 11.566643 0.000000e+00
736628 11.516787 11.566643 11.496844 11.526758 3.669418e+04
736629 11.516787 11.516787 11.466931 11.486873 3.031258e+04
736630 11.476902 11.526758 11.466931 11.476902 6.122344e+04
736631 11.486873 11.506816 11.476902 11.476902 6.979871e+02
736634 11.476902 11.516787 11.476902 11.486873 1.465773e+04
736635 11.476902 11.496844 11.476902 11.496844 2.393098e+03
736636 11.466931 11.496844 11.466931 11.486873 3.689360e+03
736637 11.486873 11.496844 11.466930 11.496844 5.982746e+03
736638 11.466930 11.516786 11.466930 11.496844 4.696456e+04
736641 11.566643 11.566643 11.466930 11.536729 1.824738e+04
736642 11.526758 11.566643 11.526758 11.566643 3.071143e+04
736643 11.566643 11.716211 11.546700 11.666355 4.726369e+04
736644 11.516787 11.656384 11.516787 11.656384 4.187922e+03
736645 11.566643 11.656384 11.566643 11.646413 1.326175e+04
736648 11.646413 11.716211 11.636441 11.706240 1.525600e+04
736649 11.506815 11.716211 11.506815 11.716211 2.343242e+04
736650 11.686298 11.686298 11.616499 11.656384 3.489935e+03
736651 11.576614 11.616499 11.576614 11.616499 2.193674e+03
736652 11.616498 11.706239 11.616498 11.696268 1.964335e+04
736655 11.686298 11.686298 11.596557 11.656384 7.378720e+03
736656 11.656384 11.686298 11.646413 11.686298 1.525600e+04
736657 11.686298 11.706240 11.666355 11.706240 3.888785e+03
736659 11.716210 11.716210 11.676326 11.696268 1.994249e+03
736662 11.676326 11.716211 11.636441 11.706240 1.645255e+04
736663 11.686297 11.716210 11.616498 11.696268 3.479964e+04
736664 11.696269 11.716211 11.666355 11.716211 8.674982e+03
736665 11.716211 11.716211 11.696269 11.716211 1.046981e+04
736666 11.706240 11.756096 11.686297 11.756096 3.509878e+04
736669 11.756096 12.184859 11.736154 12.125032 8.974119e+03
736670 12.065205 12.214774 12.065205 12.214774 5.484184e+03
736671 12.214774 12.842962 12.214774 12.842962 7.079583e+03
736672 12.842963 12.842963 12.434142 12.813049 7.478433e+03
736673 12.813048 12.832990 12.783134 12.783134 2.891661e+03
736676 12.813049 12.832991 12.813049 12.832991 8.674982e+03
736677 12.832991 12.832991 12.683422 12.832991 4.287635e+03
736678 12.832991 12.832991 12.643537 12.832991 5.284759e+03
736679 12.583709 12.832990 12.583709 12.703364 3.489935e+03
736680 12.583709 12.902789 12.075176 12.075176 2.712178e+04
736683 12.324457 12.374313 12.314486 12.354371 9.971244e+02
736684 12.493968 12.653508 12.493968 12.653508 1.695111e+03
736685 12.643537 12.942674 12.643537 12.942674 2.393098e+03
736686 12.693393 12.783134 12.693393 12.693393 4.985622e+02
736687 12.922732 12.942674 12.713335 12.942674 3.390223e+03
736691 12.823020 12.862905 12.713336 12.713336 4.686485e+03
736692 12.723307 12.723307 12.723307 12.723307 2.991373e+02
736693 12.723307 12.753221 12.464055 12.713336 2.193674e+03
736694 12.583709 12.693393 12.464054 12.693393 4.487060e+03
736698 12.603652 12.603652 12.254658 12.364342 6.381596e+03
736699 12.334429 12.434141 12.204803 12.214774 8.974120e+02
736700 12.364342 12.364342 12.214774 12.354371 1.495687e+03
736701 12.234716 12.464055 12.234716 12.464055 2.393099e+03
736704 12.414199 12.414199 12.314486 12.344400 5.484184e+03
736705 12.314486 12.354371 12.314486 12.344400 3.888785e+03
736706 12.334429 12.354371 12.334429 12.354371 4.985622e+02
736707 12.294543 12.334428 12.294543 12.334428 2.093961e+03
736708 12.354371 12.613623 12.354371 12.603652 1.196549e+03
736712 12.553796 12.603652 12.553796 12.603652 1.595399e+03
736713 12.533853 12.613623 12.513911 12.573738 1.086866e+04
736714 12.444112 12.573738 12.384284 12.573738 3.489935e+03
736715 12.763192 12.763192 12.613624 12.753221 1.196549e+04
736718 12.643537 12.643537 12.384284 12.613623 2.891661e+03
736719 12.483997 12.603652 12.474026 12.603652 3.190798e+03
736720 12.483997 12.513911 12.374314 12.513911 1.994249e+03
736721 12.424169 12.663479 12.374313 12.663479 1.625313e+04
736722 12.723307 12.723307 12.593681 12.593681 3.988498e+02
736725 12.553796 12.723307 12.553796 12.553796 9.971244e+02
736726 12.553796 12.703364 12.553796 12.683422 4.487060e+03
736727 12.683422 12.683422 12.683422 12.683422 0.000000e+00
736728 12.384285 12.643537 12.384285 12.643537 1.395974e+03
736729 12.673451 12.673451 12.673451 12.673451 1.994249e+03
736732 12.513910 12.643536 12.513910 12.623594 4.586772e+03
736733 12.623594 12.743249 12.613623 12.703364 1.126750e+04
736734 12.673450 12.763191 12.663479 12.663479 1.196549e+04
736735 12.713335 12.763192 12.663479 12.693393 1.116779e+04
736736 12.763193 12.912761 12.753222 12.852934 1.276319e+04
736739 12.882846 12.882846 12.663479 12.663479 3.988497e+02
736740 12.862904 12.902789 12.862904 12.862904 1.695111e+03
736741 12.842962 12.902789 12.823019 12.902789 7.279008e+03
736742 12.902790 13.162042 12.862905 13.162042 3.300482e+04
736743 13.122157 13.122157 13.122157 13.122157 1.296262e+03
736747 13.162041 13.899913 13.162041 13.800201 3.420137e+04
736748 13.501064 13.680546 13.491093 13.660604 9.871531e+03
736749 13.261754 13.870000 13.162042 13.870000 1.495687e+03
736750 13.830000 13.850000 13.830000 13.840000 2.900000e+03
736753 13.480000 13.530000 13.480000 13.530000 8.300000e+03
736754 13.530000 13.690000 13.500000 13.690000 1.200000e+03
736755 13.690000 13.690000 13.650000 13.680000 3.000000e+03
736756 13.530000 13.690000 13.530000 13.690000 3.400000e+03
736757 13.690000 13.690000 13.690000 13.690000 0.000000e+00
736760 13.550000 13.550000 12.960000 13.390000 8.100000e+03
736761 13.390000 13.390000 13.390000 13.390000 0.000000e+00
736762 13.300000 13.890000 13.300000 13.890000 6.600000e+03
736763 13.690000 13.990000 13.690000 13.900000 1.400000e+03
736764 13.900000 13.900000 13.900000 13.900000 0.000000e+00
