736034 12.404109 12.413563 12.243385 12.271748 3.923556e+04
736035 12.394655 12.564833 12.290657 12.337929 6.835496e+04
736036 12.366292 12.366292 12.205568 12.290657 6.306052e+04
736039 12.290657 12.337929 12.243385 12.290657 2.514858e+05
736040 12.205569 12.649923 12.205569 12.536471 9.397626e+04
736041 12.517562 12.593196 12.347383 12.423018 3.365749e+04
736042 12.328475 12.517562 12.290658 12.328475 3.205025e+04
736043 12.432472 12.744466 12.423018 12.527016 1.112777e+05
736046 12.498652 12.621559 12.337928 12.470289 3.167208e+04
736047 12.479744 12.668831 12.441927 12.583742 2.325770e+04
736048 12.612104 12.687739 12.460835 12.470289 6.996220e+04
736049 12.460836 12.583742 12.300112 12.527016 4.594815e+04
736050 12.517562 12.593197 12.309566 12.328475 7.327123e+04
736053 12.347383 12.640468 12.347383 12.508107 5.587522e+04
736054 12.498653 12.631014 12.460836 12.498653 1.351972e+05
736055 12.527016 12.649923 12.489199 12.649923 5.748246e+04
736056 12.716103 12.801192 12.621560 12.763375 5.842789e+04
736060 12.593197 12.687740 12.479745 12.545925 4.226095e+04
736061 12.555379 12.621560 12.489199 12.527016 1.578877e+04
736062 12.489198 12.583741 12.432472 12.517561 2.959212e+04
736063 12.451382 12.489199 12.243386 12.300112 5.521342e+04
736064 12.309566 12.375746 12.243385 12.262294 2.306862e+04
736067 12.290657 12.337929 12.252840 12.252840 3.242843e+04
736068 12.281203 12.309566 12.158296 12.281203 1.316991e+05
736069 12.300111 12.460835 12.300111 12.432472 1.385062e+05
736070 12.366292 12.441927 12.300112 12.366292 6.324961e+04
736071 12.281203 12.366292 12.196114 12.262294 4.178823e+04
736074 12.319021 12.385201 12.262295 12.347384 3.753378e+04
736075 12.337929 12.337929 12.215023 12.224477 1.569422e+04
736076 12.186659 12.309566 12.092116 12.281203 1.408698e+04
736077 12.215023 12.290657 12.205568 12.224477 1.673420e+04
736078 12.196113 12.290657 12.196113 12.271748 1.881416e+04
736081 12.281203 12.290657 12.196114 12.252840 3.583199e+04
736082 12.281203 12.375747 12.271749 12.281203 7.090764e+04
736083 12.271748 12.347383 12.196113 12.215022 7.525664e+04
736084 12.177204 12.375746 12.120478 12.196113 4.935171e+04
736085 12.443847 12.501016 12.272339 12.329508 5.497779e+04
736088 12.339036 12.415262 12.272339 12.329508 2.305828e+04
736089 12.300924 12.396206 12.148473 12.205642 7.374838e+04
736090 12.243755 12.348565 12.167529 12.281868 3.963737e+04
736091 12.272339 12.424790 12.215169 12.377149 7.451063e+04
736092 12.386678 12.462903 12.262811 12.310452 5.678815e+04
736095 12.291396 12.386678 12.291396 12.348565 4.602127e+04
736096 12.291396 12.348565 12.110360 12.281868 2.572618e+04
736097 12.310452 12.396206 12.234226 12.262811 9.080388e+04
736098 12.339037 12.434319 12.329509 12.386678 4.106660e+04
736099 12.415262 12.462903 12.300924 12.310452 5.135707e+04
736102 12.291396 12.424790 12.291396 12.358093 4.907030e+04
736103 12.386678 12.396206 12.300924 12.358093 6.383903e+04
736104 12.424790 12.424790 12.310452 12.367621 4.678353e+04
736105 12.339036 12.396205 12.291395 12.291395 1.867530e+04
736106 12.262812 12.339037 12.119888 12.148473 3.906568e+04
736110 12.205642 12.205642 12.005550 12.205642 5.726457e+04
736111 12.234227 12.434319 12.148473 12.386678 5.040425e+04
736112 12.310452 12.501017 12.224699 12.243755 9.061332e+04
736113 12.196114 12.348565 12.053190 12.262811 3.925624e+04
736116 12.339036 12.339036 12.062718 12.138944 3.534967e+04
736117 12.100832 12.272339 12.100832 12.253283 2.496392e+04
736118 12.243755 12.472432 12.243755 12.472432 5.431082e+04
736119 12.377150 12.424791 12.158001 12.300924 2.877521e+04
736120 12.367621 12.481960 12.281868 12.481960 2.515448e+04
736123 12.501017 12.510546 12.386679 12.443848 2.658372e+04
736124 12.424791 12.596299 12.367622 12.510545 4.392507e+04
736125 12.596299 12.701109 12.548658 12.653468 4.706938e+04
736126 12.605827 12.691581 12.605827 12.682053 1.381591e+04
736127 12.653467 12.691580 12.567713 12.691580 2.019981e+04
736130 12.586770 12.701109 12.396206 12.577242 6.326734e+04
736131 12.501016 12.710637 12.443847 12.710637 4.764107e+04
736132 12.720165 12.805919 12.558186 12.662996 5.440610e+04
736133 12.748750 12.901201 12.748750 12.891673 4.487789e+04
736134 12.863089 13.015540 12.863089 12.882145 9.394819e+04
736137 12.986955 13.072709 12.948842 12.977427 3.887511e+04
736138 13.006011 13.072709 12.920257 13.044124 3.172895e+04
736139 13.063182 13.101294 12.996484 13.034597 3.811286e+04
736140 13.101294 13.196576 13.053653 13.139407 4.716466e+04
736141 13.225161 13.310914 12.986955 13.291858 1.517844e+05
736144 13.187047 13.244217 12.710637 12.815447 1.024283e+05
736145 12.958370 12.958370 12.758278 12.891673 3.134782e+04
736146 12.882145 13.015540 12.767807 12.863089 4.440148e+04
736147 12.891674 12.891674 12.615356 12.720166 9.909343e+03
736151 12.634412 12.844032 12.605827 12.786863 2.534505e+04
736152 12.720165 12.720165 12.405734 12.615355 4.392507e+04
736153 12.481961 12.672525 12.405735 12.634412 3.744588e+04
736154 12.758279 12.863089 12.558186 12.758279 3.392044e+04
736155 12.863088 12.863088 12.739222 12.805919 3.020444e+04
736158 12.815447 12.863088 12.634411 12.853560 1.124329e+04
736159 12.815447 12.863088 12.748750 12.815447 1.086216e+04
736160 12.805919 12.863088 12.720165 12.777334 1.324422e+04
736161 12.844033 12.920258 12.815448 12.910730 2.458279e+04
736162 12.910730 12.958371 12.577242 12.929786 3.925624e+04
736165 12.863089 12.958371 12.758278 12.920258 1.877058e+04
736166 12.882145 12.958371 12.729694 12.748750 1.553099e+04
736167 12.767806 12.958371 12.767806 12.844032 1.696022e+04
736168 13.272801 13.272801 12.939314 12.986955 2.629787e+04
736169 12.967899 12.986955 12.739222 12.748750 2.210546e+04
736172 12.720165 12.872617 12.615355 12.834504 3.163367e+04
736173 12.834504 13.006012 12.624883 12.701109 2.391582e+04
736174 12.662997 12.796392 12.662997 12.758279 1.858002e+04
736175 12.662996 12.777334 12.662996 12.729693 1.696022e+04
736176 12.720165 12.844032 12.643940 12.653468 4.001850e+04
736179 12.720722 12.941702 12.682291 12.922486 1.854305e+04
736180 12.960917 12.970525 12.739937 12.759153 3.103318e+04
736181 12.787977 13.028172 12.749546 12.932094 1.566071e+04
736182 12.903269 12.980132 12.759152 12.874446 2.843907e+04
736183 12.797584 12.845622 12.586212 12.634251 2.142538e+04
736186 12.720722 12.884055 12.711114 12.826408 3.881550e+04
736187 12.787976 12.903269 12.730329 12.874446 1.297052e+04
736188 12.787977 12.845623 12.663075 12.720722 1.191367e+04
736189 12.711115 12.903271 12.682291 12.701507 1.902344e+04
736190 12.730329 12.903270 12.711114 12.797584 1.642933e+04
736193 12.778369 12.999348 12.778369 12.922486 2.075284e+04
736194 12.893662 13.181896 12.797584 12.797584 1.892736e+04
736195 12.768761 13.008956 12.730329 12.845623 3.141749e+04
736196 12.787977 12.874447 12.547782 12.547782 1.873520e+04
736197 12.365233 12.807192 12.365233 12.797584 5.812716e+04
736200 12.365233 12.739937 12.336409 12.355625 4.179391e+04
736201 12.730330 12.730330 12.115431 12.134647 3.958412e+04
736202 12.346018 12.346018 12.153862 12.297979 4.775075e+04
736203 12.346017 12.490134 12.192293 12.365233 2.949593e+04
736204 12.288370 12.470919 12.288370 12.355625 3.814295e+04
736207 12.307587 12.470920 12.288372 12.413273 3.036064e+04
736208 12.230724 12.432488 12.115431 12.201901 5.534091e+04
736209 12.336410 12.432488 12.230724 12.374841 2.238616e+04
736210 12.442096 12.470919 12.346018 12.394057 1.642933e+04
736211 12.288371 12.480527 12.288371 12.432488 2.152146e+04
736215 12.576605 12.691898 12.547781 12.615036 2.056068e+04
736216 12.615036 12.634252 12.413273 12.442096 1.959990e+04
736217 12.413272 12.634251 12.346018 12.605428 2.517242e+04
736218 12.547782 12.711115 12.490135 12.701507 7.686237e+03
736221 12.701506 12.912878 12.701506 12.855231 6.148989e+03
736222 12.836016 12.912878 12.749545 12.864839 1.229798e+04
736223 12.874446 12.999348 12.826407 12.884054 1.172151e+04
736224 12.864839 13.095426 12.691899 12.816800 5.197818e+04
736225 12.586213 12.768762 12.403665 12.509351 3.497238e+04
736228 12.615037 12.711115 12.566998 12.663076 9.223485e+03
736229 12.595820 12.691898 12.432487 12.634251 1.498816e+04
736230 12.624644 12.922486 12.586213 12.826408 1.796658e+04
736231 12.739937 12.874446 12.634251 12.836015 1.854305e+04
736232 12.970524 12.970524 12.518958 12.595820 3.968020e+04
736235 12.595820 12.701506 12.326802 12.595820 1.546855e+04
736236 12.643860 12.797585 12.595821 12.739938 1.460385e+04
736237 12.797585 12.864839 12.759154 12.787977 2.008029e+04
736238 12.836016 12.845624 12.566997 12.682291 3.737433e+04
736239 12.576605 12.624644 12.297979 12.586213 3.016848e+04
736242 12.663075 12.903270 12.663075 12.864839 1.421954e+04
736243 12.893663 12.893663 12.701507 12.778369 2.488419e+04
736244 12.826407 12.960916 12.759152 12.874446 1.402738e+04
736245 13.018564 13.095427 12.893663 13.028172 3.305082e+04
736246 13.085818 13.124249 12.778368 12.874446 2.075284e+04
736249 12.874447 12.989741 12.874447 12.980133 1.537247e+04
736250 12.970525 13.105034 12.970525 13.008956 1.268229e+04
736251 12.960916 13.056994 12.855230 12.874446 2.334694e+04
736252 13.037779 13.345229 12.768761 13.326013 3.554885e+04
736253 13.326013 13.633463 13.326013 13.566208 4.140960e+04
736256 13.546992 13.816011 13.374052 13.700717 2.277048e+04
736257 13.671894 13.825619 13.604640 13.777580 1.719796e+04
736258 13.748756 13.835226 13.537385 13.566208 9.992108e+03
736259 13.604639 13.979343 13.604639 13.844834 1.623718e+04
736260 13.854442 14.133068 13.383660 14.123460 4.602134e+04
736263 14.152501 14.355786 13.745932 13.842734 3.513925e+04
736264 13.804014 13.891136 13.290961 13.445845 1.965087e+04
736265 13.445844 14.210582 13.416803 14.191222 3.117035e+04
736266 14.162182 14.268664 13.804013 14.016978 3.659128e+04
736267 14.016978 14.249304 13.813693 13.881455 2.216773e+04
736270 14.007298 14.423548 13.997617 14.394507 3.407442e+04
736271 14.288025 14.452589 14.220264 14.239624 2.439419e+04
736272 14.317066 14.375147 14.171862 14.365467 3.891454e+04
736273 14.433228 14.588112 14.317065 14.462269 1.500436e+04
736274 14.510670 15.004362 14.510670 14.994682 1.669840e+05
736277 15.004362 15.033403 14.762356 14.791397 4.026977e+04
736278 14.762356 15.004362 14.646193 14.917240 6.621280e+04
736279 14.810758 15.139886 14.810758 15.101165 4.423867e+04
736280 15.139885 15.430292 15.062443 15.294769 1.305864e+05
736281 15.149565 15.517415 15.052763 15.314129 1.523669e+05
736284 15.246369 15.391572 15.139886 15.343171 5.217646e+04
736285 15.401251 15.614215 15.343170 15.478693 8.315320e+04
736286 15.546454 15.672299 15.430292 15.585176 1.184861e+05
736287 15.585176 15.681979 15.420612 15.469013 9.254303e+04
736288 15.439973 15.575496 15.197967 15.488374 6.040466e+04
736291 15.488373 15.517415 15.391571 15.478693 5.304768e+04
736292 15.352850 15.507734 15.314129 15.478693 2.729826e+04
736293 15.439973 15.536774 15.352851 15.527096 2.410378e+04
736295 15.439972 15.623896 15.410932 15.594857 2.681425e+04
736298 15.536774 15.633578 15.391572 15.401252 4.811076e+04
736299 15.507734 15.536774 15.323809 15.469013 5.508053e+04
736300 15.488374 15.536774 15.362531 15.488374 5.585495e+04
736301 15.546455 15.546455 15.052764 15.062444 3.717210e+04
736302 15.033402 15.275408 14.936600 15.236687 3.988256e+04
736305 15.275409 15.275409 14.994682 15.101165 5.972704e+04
736306 14.994682 14.994682 14.801077 14.849478 2.555582e+04
736307 14.617153 14.907560 14.249304 14.772037 7.492501e+04
736308 14.713955 14.810757 14.520350 14.549391 4.414186e+04
736309 14.336426 14.549391 14.026659 14.288025 6.582559e+04
736312 14.365467 14.520351 14.200903 14.491310 2.855669e+04
736313 14.607472 15.159245 14.539710 14.868838 3.300959e+04
736314 15.023722 15.188286 14.781716 15.149565 3.213837e+04
736315 14.868839 15.333490 14.868839 15.052763 4.462588e+04
736316 14.917240 14.917240 14.423549 14.442909 1.103547e+05
736319 14.510670 14.520350 14.317065 14.481629 3.504244e+04
736320 14.510670 14.665554 14.375147 14.655874 5.033722e+04
736321 14.607473 14.839798 14.539711 14.781717 3.029913e+04
736322 14.762357 14.936601 14.733316 14.772037 1.210029e+04
736326 14.713954 14.791396 14.491309 14.704274 2.052209e+04
736327 14.791397 14.946280 14.694594 14.926920 2.023169e+04
736328 14.888200 14.897880 14.510671 14.694595 1.684361e+04
736329 14.704275 14.704275 14.375147 14.404188 3.175117e+04
736333 14.210583 14.210583 13.591048 14.075060 6.776164e+04
736334 14.065380 14.288025 13.920176 14.278345 1.611759e+05
736335 14.104101 14.530031 14.065380 14.442909 3.697849e+04
736336 14.239624 14.336426 14.007298 14.239624 3.688169e+04
736337 14.258985 14.258985 14.094421 14.094421 3.881774e+04
736340 14.123461 14.210583 14.065380 14.123461 3.494564e+04
736341 14.394507 14.452589 14.036339 14.133141 5.672617e+04
736342 14.055700 14.171863 13.552328 13.649130 3.262239e+04
736343 13.687851 13.929857 13.600729 13.649130 2.255495e+04
736344 13.281281 13.562007 13.213519 13.339362 3.765611e+04
736348 13.387763 13.600728 13.300641 13.474885 3.949535e+04
736349 13.300641 14.026658 13.165117 13.736251 3.649448e+04
736350 13.910496 14.607473 13.784653 14.404188 5.169245e+04
736351 14.839798 15.188287 14.742996 15.033403 6.611600e+04
736354 15.062444 15.130205 14.636513 14.830118 4.762675e+04
736355 14.859158 15.168925 14.781716 14.946280 4.104419e+04
736356 14.878519 14.897880 14.530031 14.568752 3.271919e+04
736357 14.239624 15.014042 14.239624 14.713955 5.827501e+04
736358 14.840716 15.747540 14.782211 15.737788 1.170096e+05
736361 15.581776 15.698786 15.328256 15.455016 4.602377e+04
736362 15.269750 15.425763 15.025980 15.084485 2.193930e+04
736363 15.220997 15.220997 14.762710 14.889470 2.925240e+04
736364 14.869967 15.113737 14.733456 14.811462 2.466952e+04
736365 14.830965 15.064984 14.197163 14.236166 6.893815e+04
736368 14.158160 15.103987 13.729125 14.918722 4.963157e+04
736369 14.801713 15.025981 14.801713 14.928473 2.281687e+04
736370 15.133239 15.328255 14.743207 14.762709 3.315272e+04
736371 14.518939 14.733457 14.353175 14.518939 2.145176e+04
736372 14.626197 14.899220 14.479935 14.791961 1.755144e+04
736376 15.025981 15.162492 14.723706 15.006479 2.671719e+04
736377 15.074735 15.552524 14.801712 14.908971 3.744307e+04
736378 14.918722 15.025981 14.782211 14.918722 3.539540e+04
736379 14.899220 15.260000 14.899220 15.152741 4.387859e+04
736382 15.347756 15.396510 15.133239 15.259999 4.465866e+04
736383 15.260000 15.260000 15.055233 15.152741 3.744307e+04
736384 14.801712 15.220996 14.801712 15.191744 2.047668e+04
736385 15.357507 15.357507 15.201494 15.338005 7.995654e+03
736386 15.347757 15.542773 15.103987 15.240498 2.505955e+04
736389 15.172242 15.230746 15.006478 15.055232 4.777891e+04
736390 15.113737 15.474517 15.084485 15.123488 2.856984e+04
736391 15.113738 15.308754 14.821214 15.162492 3.500537e+04
736392 15.064983 15.377009 15.064983 15.230747 2.905738e+04
736393 15.357508 15.416013 15.074735 15.416013 1.833150e+04
736396 15.435513 15.552523 15.299002 15.503769 2.320690e+04
736397 15.464766 15.591527 15.406262 15.435514 3.871067e+04
736398 15.542773 15.542773 15.123488 15.279501 1.160345e+04
736399 15.523272 15.523272 15.084486 15.211246 2.106173e+04
736400 15.318504 15.533022 15.318504 15.484268 2.096422e+04
736403 15.357507 15.377009 15.113737 15.279501 1.345610e+04
736404 15.269751 15.269751 14.879719 14.908971 1.511374e+04
736405 14.801712 15.064983 14.801712 14.840715 4.231846e+04
736406 14.869967 15.386760 14.801712 15.328255 1.911156e+04
736407 15.445265 16.049814 15.123489 15.981558 1.951135e+05
736410 15.893800 15.893800 14.811462 15.581775 3.490786e+04
736411 15.425763 15.708537 15.367258 15.601277 2.886236e+04
736412 15.601277 15.845047 15.269750 15.601277 4.251348e+04
736413 15.552523 15.620779 14.801712 15.474517 2.642466e+04
736417 15.533022 15.552524 15.347757 15.494019 4.553623e+04
736418 15.435514 15.854798 15.396510 15.854798 7.137584e+04
736419 15.942556 15.942556 15.620780 15.659782 4.397610e+04
736420 15.650031 15.815794 15.650031 15.728037 4.378109e+04
736421 15.650031 15.981558 15.562275 15.737788 8.522198e+04
736424 15.786544 15.845048 15.542773 15.689035 6.162505e+04
736425 15.630531 15.718288 15.377009 15.425763 5.304434e+04
736426 15.416011 15.503769 15.211245 15.338005 2.028166e+04
736427 15.289252 15.289252 14.879718 14.947974 2.369444e+04
736428 14.626198 15.162492 14.626198 15.006479 1.950160e+04
736431 15.152741 15.367259 15.006479 15.172243 1.813649e+04
736432 15.142990 15.591527 15.006479 15.474517 1.686888e+04
736433 15.533022 15.981558 15.338006 15.971807 5.002160e+04
736434 15.854799 16.293584 15.854799 15.942556 3.773559e+04
736435 15.942556 16.088818 15.757291 15.981558 1.930658e+04
736438 15.991309 16.283834 15.971807 16.254581 2.047668e+04
736439 16.283834 16.322836 16.147321 16.235079 3.578543e+04
736440 16.225327 16.303333 16.098568 16.127821 3.559041e+04
736441 16.079066 16.176574 15.708537 15.806043 4.534121e+04
736442 15.854799 15.952308 15.806044 15.903552 4.582875e+04
736445 15.874301 15.991309 15.708537 15.913303 2.915489e+04
736446 15.991309 16.322836 15.903551 16.322836 3.149508e+04
736447 16.371591 16.527604 16.361840 16.478849 4.075834e+04
736448 16.342337 16.693367 16.342337 16.556855 3.227514e+04
736449 16.332587 16.673865 16.235079 16.244830 4.085584e+04
736452 16.352089 16.654364 16.293583 16.547104 3.120256e+04
736453 16.332587 16.527604 16.137570 16.235079 2.340192e+04
736454 16.244830 16.430095 16.157073 16.342338 2.515706e+04
736455 16.440490 16.479752 16.136219 16.293262 4.289250e+04
736456 16.440490 16.479752 16.116588 16.224556 2.326207e+04
736459 16.165662 16.322706 16.096957 16.106772 2.983826e+04
736460 16.195109 16.352152 16.116587 16.195109 1.295609e+04
736461 16.195109 16.273631 15.959544 15.998804 2.149533e+04
736462 16.195109 16.273631 15.684718 15.861392 4.789826e+04
736463 16.263816 16.695686 16.047881 16.116588 5.859685e+04
736466 16.126402 16.607348 15.988990 16.469936 3.602185e+04
736467 16.440490 16.538642 15.753424 15.841761 5.457261e+04
736468 15.822132 16.352153 15.822132 16.254000 3.818120e+04
736469 16.185295 16.185295 15.723980 16.008620 3.032902e+04
736470 16.126403 16.312893 16.057698 16.204925 2.512696e+04
736473 16.234372 16.440490 16.116588 16.155848 2.944565e+04
736474 16.283446 16.774207 16.283446 16.685870 5.869500e+04
736475 16.784023 16.784023 16.538642 16.705501 2.983826e+04
736476 16.695685 16.695685 16.509196 16.509196 2.129902e+04
736477 16.509197 16.558274 16.303078 16.460121 3.513848e+04
736481 16.440490 16.440490 16.224557 16.283447 8.136816e+04
736482 16.195109 16.469936 16.175478 16.342337 4.357957e+04
736483 16.312894 16.371784 16.155848 16.332522 3.553109e+04
736484 16.303078 16.303078 15.979176 16.077326 4.220544e+04
736487 16.047881 16.528826 16.047881 16.430674 4.328511e+04
736488 16.401229 16.519012 16.283447 16.283447 1.835446e+04
736489 16.293262 16.528827 16.293262 16.440490 2.306576e+04
736490 16.204925 16.204925 16.047881 16.126403 4.063500e+04
736491 15.959544 16.116588 15.851577 15.998804 3.562924e+04
736494 16.057698 16.155848 15.939914 16.008620 3.513848e+04
736495 16.038066 16.165663 15.890839 16.116588 1.815815e+04
736496 16.195110 16.332522 16.038066 16.165663 2.453804e+04
736497 15.979176 16.244184 15.831945 16.136219 3.121239e+04
736498 16.136220 16.146035 15.831946 15.920283 1.079674e+05
736501 15.988991 16.293262 15.831946 15.881023 4.446294e+04
736502 15.792686 16.047881 15.596381 15.802501 5.898946e+04
736503 15.851576 16.273631 15.851576 15.979175 3.013272e+04
736504 16.195109 16.450305 16.185294 16.273631 3.307728e+04
736505 15.576750 15.910467 15.360816 15.606196 1.428114e+05
736508 15.370631 15.380446 14.663935 14.752272 6.311185e+04
736509 14.840609 14.968207 14.487261 14.791533 6.213033e+04
736510 14.919131 15.301925 14.801349 15.301925 7.842359e+04
736511 15.243033 15.537490 15.135066 15.419707 3.484402e+04
736512 15.380447 15.380447 14.742457 14.811164 4.662229e+04
736516 14.722827 15.144881 14.713012 15.095805 3.366620e+04
736517 15.095805 15.400077 14.899501 15.272479 3.199761e+04
736518 15.272479 15.292110 15.115436 15.262664 2.286946e+04
736519 15.429523 15.812318 14.899501 15.557121 4.024240e+04
736522 15.576751 15.910467 15.566935 15.822132 2.090641e+04
736523 15.881023 16.185294 15.861392 16.077326 2.355652e+04
736524 16.165662 16.391414 15.596381 16.195109 2.551957e+04
736525 16.440489 16.440489 16.077325 16.106772 1.796185e+04
736526 16.283446 16.303078 15.321555 16.126403 3.504033e+04
736529 16.038066 16.195110 15.871207 15.900654 3.239022e+04
736530 15.881022 16.224555 15.881022 16.067512 1.540989e+04
736531 16.214740 16.283446 16.047881 16.136219 2.816968e+04
736532 15.792685 15.851577 14.595229 14.644305 4.446294e+04
736533 14.722827 14.919131 14.722827 14.899501 1.567490e+05
736536 14.752272 14.889685 14.742457 14.801348 3.749413e+04
736537 14.791533 14.889685 14.585413 14.801348 4.053685e+04
736538 14.762088 14.801349 14.683566 14.722827 3.474587e+04
736539 14.575599 14.634490 14.477447 14.487262 3.965348e+04
736540 14.655373 14.685040 14.190594 14.319150 5.804794e+04
736543 14.269706 14.487263 14.269706 14.437818 3.985233e+04
736544 14.487262 14.526818 14.348817 14.487262 4.677457e+04
736545 14.427929 14.546596 14.388373 14.437818 3.520454e+04
736546 14.507040 14.526818 14.358707 14.437818 2.590896e+04
736547 14.507040 15.060819 14.507040 15.050930 7.406798e+04
736550 15.021264 15.169597 14.991597 15.090486 2.917230e+04
736551 15.120152 15.258597 15.050930 15.228930 3.599565e+04
736552 15.238820 15.238820 15.110264 15.209153 3.985233e+04
736553 15.278376 15.397043 15.228931 15.258598 2.887564e+04
736554 15.139930 15.159708 15.031152 15.070708 4.281901e+04
736557 15.080598 15.288265 15.080598 15.258598 2.066784e+04
736558 15.258598 15.317931 15.199264 15.219042 2.373340e+04
736559 15.288264 15.357486 15.139930 15.268486 2.511785e+04
736560 15.228931 15.406932 15.228931 15.387154 5.518015e+04
736561 15.238819 15.624487 15.238819 15.604709 8.375912e+04
736564 15.535486 15.733265 15.495931 15.683820 5.567459e+04
736565 15.772821 16.020045 15.743155 15.921155 1.157992e+05
736566 15.980489 16.168378 15.931045 15.960710 1.127336e+05
736567 16.109045 16.316711 15.990377 16.316711 5.923461e+04
736568 16.267268 16.415601 16.267268 16.366155 3.540232e+04
736571 16.366155 16.445266 16.287044 16.356268 4.341234e+04
736572 16.257379 16.415601 16.237600 16.385934 5.626793e+04
736573 16.366155 16.445266 16.178267 16.316711 5.854238e+04
736574 16.356268 16.356268 16.128821 16.306822 6.902463e+04
736575 16.326600 16.544156 16.277155 16.474934 3.431454e+04
736579 16.435379 16.603491 16.415600 16.563934 4.430234e+04
736580 16.573824 16.662824 16.544157 16.643046 5.646571e+04
736581 16.603491 16.712269 16.603491 16.662824 4.410457e+04
736582 16.662823 16.702378 16.385933 16.425490 7.110130e+04
736585 16.316711 16.316711 16.020045 16.099156 1.711771e+05
736586 16.069489 16.079378 15.822266 15.960710 6.536574e+04
736587 15.990378 16.257380 15.921155 16.207933 6.922241e+04
736588 16.277155 16.524378 16.247489 16.484823 3.115009e+04
736589 16.524377 16.633156 16.445266 16.563934 4.964236e+05
736592 16.563935 16.643046 16.217822 16.277155 5.152125e+04
736593 16.267268 16.395823 16.188157 16.287044 2.887564e+04
736594 16.257379 16.405712 16.109045 16.395823 4.291790e+04
736595 16.415601 16.494712 16.316712 16.395823 4.103900e+04
736596 16.306822 16.465044 16.138710 16.257378 9.582359e+04
736599 16.118932 16.435379 16.099156 16.316711 5.152125e+04
736600 16.316711 16.524378 16.316711 16.465045 5.666349e+04
736601 16.425490 16.534266 16.346379 16.435379 5.775127e+04
736602 16.366154 16.563934 16.168377 16.296933 6.526684e+04
736603 16.376043 16.791379 16.376043 16.633156 1.995583e+05
736606 16.712268 16.712268 16.316711 16.484823 5.913572e+04
736607 16.514491 16.791380 16.435380 16.623267 3.876455e+04
736608 16.623267 17.038602 16.623267 16.969380 6.279462e+04
736609 17.038602 17.038602 16.830935 16.919936 4.262123e+04
736610 16.860601 17.048491 16.860601 16.959491 8.207800e+04
736613 16.959491 17.256159 16.959491 17.256159 4.588457e+04
736614 17.256159 17.305603 16.910046 16.959491 5.112570e+04
736615 16.860601 17.305603 16.860601 17.058380 3.579788e+04
736616 16.959491 17.058380 16.811157 16.860601 3.965455e+04
736617 17.157269 17.157269 16.890268 17.008936 3.401787e+04
736620 16.910046 17.058380 16.860601 16.959491 2.630452e+04
736621 17.058380 17.058380 16.860601 16.959491 8.514357e+04
736622 16.959492 17.058381 16.761714 16.910047 7.812244e+04
736623 16.959491 16.989158 16.821046 16.959491 6.150906e+04
736624 16.959491 17.058380 16.860601 16.959491 4.707124e+04
736627 16.959491 17.107824 16.910046 16.959491 7.406798e+04
736628 17.008936 17.058380 16.860600 17.008936 1.100636e+05
736629 16.959491 17.008937 16.465045 16.613378 1.945150e+05
736630 16.811157 16.910047 16.366155 16.514491 7.040908e+04
736631 17.058381 17.058381 16.366156 16.910047 5.122459e+04
736634 16.860601 17.058380 16.811157 16.959491 7.535354e+04
736635 16.959491 17.008936 16.514491 16.712268 7.871577e+04
736636 16.662823 16.662823 16.168378 16.366155 6.269573e+04
736637 16.514491 16.514491 16.316711 16.366155 1.878894e+04
736638 16.465045 16.514490 16.267267 16.316711 2.600785e+04
736641 16.923984 16.973760 16.475995 16.675102 4.838268e+04
736642 16.675102 16.724878 16.525773 16.525773 4.121488e+04
736643 16.675102 17.023537 15.928456 17.023537 1.613752e+05
736644 17.073313 17.222641 16.177337 17.073313 2.036851e+05
736645 17.123091 18.267948 17.023537 18.267948 2.080655e+05
736648 18.267947 18.765711 18.218169 18.317723 8.491857e+04
736649 18.267947 18.367500 17.770182 18.317723 9.138951e+04
736650 18.218169 18.317723 18.019064 18.317723 8.004049e+04
736651 18.317724 18.397366 18.218170 18.367501 6.042858e+04
736652 18.417276 19.014593 18.218170 18.964816 1.471391e+05
736655 18.915041 19.014594 18.865266 19.014594 6.560533e+04
736656 19.064370 19.313252 18.865266 19.263476 1.331022e+05
736657 19.263475 19.363029 18.964816 19.363029 6.232008e+04
736659 19.293341 19.412805 19.263476 19.412805 1.433561e+04
736662 19.363030 19.512358 19.313252 19.412805 5.664557e+04
736663 19.512358 19.811016 19.512358 19.661687 8.203154e+04
736664 19.761240 19.860794 19.711463 19.761240 1.161782e+05
736665 19.860794 19.960345 19.661687 19.761240 1.574926e+05
736666 19.860794 19.860794 19.462581 19.512358 7.187716e+04
736669 19.611912 19.811016 19.611912 19.761240 9.596894e+04
736670 19.711463 19.860794 19.462580 19.761240 1.001502e+05
736671 19.711463 20.288870 19.711463 20.259005 1.496279e+05
736672 20.259004 20.657216 20.209227 20.458109 3.606800e+05
736673 20.458109 20.458109 20.308780 20.438200 7.566016e+04
736676 20.458110 20.557663 20.308781 20.507887 8.103602e+04
736677 20.657215 20.657215 20.358557 20.557662 5.465451e+04
736678 20.557663 20.756769 20.507887 20.657216 9.716358e+04
736679 20.706991 21.105204 20.706991 21.055427 8.989622e+04
736680 21.055427 21.702519 20.806545 20.856322 1.881549e+05
736683 20.906098 21.105205 20.806545 21.005651 5.843752e+04
736684 21.055427 21.602969 21.055427 21.503415 4.350459e+04
736685 21.503415 21.602968 21.403862 21.553191 3.783008e+04
736686 21.602969 21.652744 21.254533 21.254533 4.927866e+04
736687 21.204756 21.702520 21.204756 21.702520 3.892516e+04
736691 21.851850 21.851850 21.503414 21.802073 2.727748e+04
736692 21.802073 21.951401 21.702519 21.802073 3.912427e+04
736693 21.901627 21.951402 21.602969 21.951402 7.894541e+04
736694 21.851851 21.851851 21.702520 21.752297 6.759638e+04
736698 21.901626 22.050956 21.304309 21.503415 8.681008e+04
736699 21.553191 21.652744 21.354087 21.403862 7.008520e+04
736700 21.304309 21.304309 20.756768 21.055427 8.481903e+04
736701 21.055427 21.204755 20.507886 20.856322 6.301695e+04
736704 20.706991 20.856322 20.507886 20.706991 3.713321e+04
736705 25.883740 26.232175 25.236646 26.033069 3.727259e+06
736706 25.883740 26.729939 25.634858 26.481057 7.464472e+05
736707 26.232175 26.481057 25.535305 25.784187 7.483387e+05
736708 25.684633 26.132621 25.684633 26.082846 1.272982e+06
736712 25.933515 26.082846 25.385976 25.435751 3.486341e+05
736713 25.585083 25.983293 25.286423 25.734411 1.720273e+05
736714 25.734411 25.734411 25.286423 25.634858 1.749144e+05
736715 25.734411 25.983293 25.385976 25.933516 2.313608e+05
736718 25.833964 25.933515 25.336200 25.784187 1.869602e+05
736719 25.734411 26.331729 25.535305 26.232175 1.633662e+05
736720 26.232175 26.560699 26.082847 26.132622 1.737197e+05
736721 26.082847 26.580611 25.634858 25.983293 1.118974e+05
736722 25.983293 25.983293 25.585082 25.684633 1.022408e+05
736725 25.634858 25.634858 25.037541 25.236647 2.450991e+05
736726 25.137094 25.286423 24.440223 24.689105 3.211575e+05
736727 24.888212 25.137094 24.470090 24.589554 1.927343e+05
736728 24.490000 24.519865 24.071878 24.141565 9.885598e+04
736729 24.390448 24.838437 24.390448 24.738883 2.051784e+05
736732 24.589554 24.788659 24.340672 24.490000 2.370353e+05
736733 24.650000 24.850000 24.450001 24.650000 1.612000e+05
736734 24.650000 24.650000 23.950001 24.150000 2.372000e+05
736735 24.150000 24.799999 24.100000 24.549999 1.076000e+05
736736 24.500000 24.799999 24.379999 24.549999 1.727000e+05
736739 24.650000 25.230000 24.650000 24.950001 1.517000e+05
736740 24.900000 25.450001 24.750000 25.299999 1.619000e+05
736741 25.250000 25.650000 25.200001 25.549999 1.649000e+05
736742 25.450001 25.700001 25.400000 25.650000 2.460000e+05
736743 25.650000 25.850000 25.350000 25.750000 1.262000e+05
736747 25.900000 26.000000 25.600000 25.900000 2.488000e+05
736748 25.799999 25.850000 25.650000 25.799999 1.093000e+05
736749 25.850000 26.080000 25.330000 25.900000 2.030000e+05
736750 25.750000 25.910000 25.600000 25.600000 1.006000e+05
736753 25.650000 25.900000 25.500000 25.700001 2.829000e+05
736754 25.700001 25.700001 25.000000 25.150000 3.950000e+05
736755 25.450001 25.950001 25.450001 25.750000 3.056000e+05
736756 25.600000 25.600000 24.900000 24.950001 1.559000e+05
736757 25.100000 25.250000 24.900000 25.200001 6.860000e+04
736760 25.049999 25.049999 24.549999 24.799999 2.413000e+05
736761 24.799999 24.950001 24.549999 24.549999 2.112000e+05
736762 24.700001 24.850000 24.350000 24.400000 2.033000e+05
736763 24.549999 24.700001 24.330000 24.400000 7.550000e+04
736764 24.500000 24.500000 24.080000 24.450001 2.133000e+05
