736034 13.911547 13.911547 13.858110 13.875922 1.344842e+04
736035 13.929359 13.929359 13.760140 13.760140 2.636247e+04
736036 13.858110 13.938266 13.769047 13.911547 3.090465e+04
736039 13.991702 13.991702 13.884828 13.902640 1.905935e+04
736040 13.947171 13.964984 13.697797 13.706703 1.932654e+04
736041 13.653266 13.893734 13.617641 13.849203 2.146404e+04
736042 13.893734 13.893734 13.706703 13.786859 1.576404e+04
736043 13.804672 13.875922 13.760141 13.840297 1.451717e+04
736046 13.920453 14.027328 13.804672 13.956078 3.811871e+04
736047 13.893734 13.938265 13.875921 13.902640 1.344842e+04
736048 13.964984 13.964984 13.795766 13.840297 2.814372e+04
736049 13.858110 13.920453 13.831391 13.875922 7.481242e+03
736050 13.804672 13.902641 13.804672 13.840297 2.155310e+04
736053 13.840296 13.840296 13.715609 13.760140 2.146404e+04
736054 13.724515 13.795765 13.715609 13.795765 2.208747e+04
736055 13.813577 13.884827 13.769046 13.795765 2.511560e+04
736056 13.813578 13.849203 13.697797 13.706703 2.449216e+04
736060 13.804672 13.831391 13.706703 13.733422 4.132495e+04
736061 13.697797 13.786859 13.697797 13.733422 3.010309e+04
736062 13.724515 13.769046 13.724515 13.724515 1.460623e+04
736063 13.739732 13.954555 13.739732 13.954555 3.472975e+04
736064 13.972457 13.972457 13.891898 13.900849 1.825997e+04
736067 13.981408 13.981408 13.739732 13.811340 2.345153e+04
736068 13.820291 13.945605 13.820291 13.927703 1.378449e+04
736069 13.847143 13.882947 13.829241 13.856094 2.309349e+04
736070 13.829241 13.936653 13.829241 13.936653 1.172576e+04
736071 13.936653 13.954555 13.882947 13.954555 1.852850e+04
736074 13.945604 13.990359 13.909800 13.963506 1.494811e+04
736075 13.936653 13.981408 13.936653 13.954555 6.534205e+03
736076 13.981408 13.999310 13.954555 13.999310 9.935572e+03
736077 14.035113 14.249937 14.026162 14.124623 1.199429e+04
736078 14.178329 14.178329 14.061966 14.124623 1.360547e+04
736081 14.169379 14.169379 14.133575 14.142526 9.935572e+03
736082 14.133574 14.205182 14.115672 14.133574 3.016475e+04
736083 14.133575 14.151477 14.061967 14.106722 1.038312e+04
736084 14.070918 14.079869 13.963506 14.053016 2.237741e+04
736085 14.088820 14.115673 13.954555 13.999310 1.485860e+04
736088 13.954555 14.035114 13.918751 13.963506 2.461515e+04
736089 13.927702 13.999310 13.927702 13.963506 1.271037e+04
736090 13.909800 13.981408 13.873996 13.900849 2.649486e+04
736091 13.907146 13.907146 13.709244 13.727235 6.638728e+04
736092 13.736231 13.781209 13.718240 13.772213 2.914564e+04
736095 13.727235 13.790204 13.700248 13.781208 4.722672e+04
736096 13.754222 13.844178 13.709244 13.844178 3.085480e+04
736097 13.844178 13.862169 13.700249 13.754222 4.911580e+04
736098 13.700249 13.781209 13.700249 13.718240 1.358331e+04
736099 13.709245 13.781209 13.691253 13.763218 1.673176e+04
736102 13.736230 13.736230 13.628283 13.700248 3.679187e+04
736103 13.646275 13.655270 13.583306 13.637279 3.940058e+04
736104 13.637280 13.637280 13.592302 13.628284 1.070472e+04
736105 13.619288 13.673262 13.619288 13.628284 1.745140e+04
736106 13.637280 13.655271 13.601297 13.628284 2.338847e+04
736110 13.664266 13.664266 13.574310 13.592301 1.655184e+04
736111 13.664266 13.664266 13.601297 13.646275 1.412304e+04
736112 13.691253 13.700249 13.592302 13.673262 4.551757e+04
736113 13.637279 13.655271 13.538328 13.583306 3.850103e+04
736116 13.619288 13.628284 13.583306 13.628284 3.418315e+04
736117 13.637279 13.763217 13.610293 13.727235 3.238404e+04
736118 13.700248 13.700248 13.637279 13.664266 1.358331e+04
736119 13.637280 13.691253 13.628284 13.628284 2.212909e+04
736120 13.592302 13.628284 13.556319 13.583306 4.236912e+04
736123 13.574311 13.583306 13.529333 13.529333 3.076484e+04
736124 13.553745 13.553745 12.929857 13.056443 1.259531e+05
736125 13.047402 13.119736 13.011234 13.083569 4.710808e+04
736126 13.065486 13.092611 12.911774 13.047402 6.211757e+04
736127 13.038360 13.128779 12.993151 13.047402 2.884353e+04
736130 13.092610 13.183029 13.074527 13.183029 2.341841e+04
736131 13.137821 13.164946 13.083569 13.110695 1.564242e+04
736132 13.137821 13.146863 13.092611 13.119737 1.166400e+04
736133 13.101653 13.137820 13.092611 13.137820 1.428614e+04
736134 13.137820 13.173988 13.119736 13.146862 4.068836e+03
736137 13.155904 13.155904 13.074527 13.083569 1.491907e+04
736138 13.083569 13.128778 13.074527 13.083569 1.944000e+04
736139 13.101653 13.101653 12.938900 12.938900 3.698120e+04
736140 12.975067 12.984109 12.857523 12.857523 4.792185e+04
736141 12.902733 12.902733 12.749021 12.749021 4.846436e+04
736144 12.812313 12.812313 12.730937 12.767104 5.533617e+04
736145 12.730936 12.911773 12.694768 12.911773 3.535366e+04
736146 12.929858 12.975067 12.812314 12.929858 3.770455e+04
736147 12.938899 12.984108 12.830397 12.884648 2.278548e+04
736151 12.902732 13.065485 12.902732 13.011234 3.264111e+04
736152 13.038359 13.101652 13.038359 13.092610 3.336446e+04
736153 13.074528 13.110695 13.029318 13.110695 1.898790e+04
736154 13.107967 13.107967 13.007976 13.007976 9.999143e+03
736155 13.044337 13.398852 13.007976 13.271590 5.554070e+04
736158 13.326130 13.335221 13.117057 13.153418 3.599691e+04
736159 13.117057 13.126147 13.035246 13.053426 1.690764e+04
736160 13.017067 13.053427 12.971616 12.971616 2.890661e+04
736161 13.007976 13.071607 12.962525 13.035246 2.981563e+04
736162 13.007975 13.007975 12.889804 12.917074 3.163365e+04
736165 12.917075 12.953435 12.817083 12.853444 2.572507e+04
736166 12.844353 12.889804 12.817083 12.889804 3.199726e+04
736167 12.835263 12.880713 12.826172 12.862533 1.790755e+04
736168 12.880714 12.907984 12.835263 12.889804 2.072550e+04
736169 12.935255 12.971616 12.880715 12.971616 3.336078e+04
736172 12.953435 13.053427 12.953435 13.017066 3.363348e+04
736173 13.062517 13.062517 12.971615 13.026156 2.681588e+04
736174 13.071607 13.071607 12.971616 12.998886 1.736215e+04
736175 13.044336 13.044336 12.962525 13.017066 2.872481e+04
736176 13.071606 13.117057 13.007975 13.117057 1.990738e+04
736179 13.135237 13.207958 13.080697 13.180688 2.472515e+04
736180 13.244319 13.244319 13.171598 13.171598 1.363519e+04
736181 13.198869 13.226139 13.071607 13.198869 4.872310e+04
736182 13.180688 13.198868 13.098877 13.180688 2.681588e+04
736183 13.153417 13.198868 13.135237 13.189778 6.726696e+03
736186 13.198868 13.271589 13.171598 13.253409 2.654318e+04
736187 13.278084 13.387744 13.259807 13.378606 1.526111e+04
736188 13.323775 13.342052 13.287222 13.296360 2.220629e+04
736189 13.314636 13.396882 13.259806 13.351190 4.925593e+04
736190 13.387744 13.433436 13.278083 13.351190 2.851178e+04
736193 13.387744 13.460851 13.378606 13.451713 3.198437e+04
736194 13.442574 13.524820 13.442574 13.524820 2.768933e+04
736195 13.515682 13.552235 13.479128 13.479128 2.714102e+04
736196 13.479128 13.506543 13.396882 13.415159 1.864232e+04
736197 13.415158 13.424297 13.351189 13.387743 1.306790e+04
736200 13.332914 13.342052 13.250668 13.296360 4.605749e+04
736201 13.332913 13.351190 13.241529 13.323775 3.664495e+04
736202 13.351191 13.351191 13.214115 13.332914 5.345959e+04
736203 13.351190 13.369467 13.223252 13.259806 5.565280e+04
736204 13.159284 13.250668 13.095315 13.214114 3.591388e+04
736207 13.287221 13.406020 13.287221 13.396882 2.467366e+04
736208 13.396882 13.570512 13.396882 13.533958 4.825071e+04
736209 13.579650 13.643619 13.533958 13.579650 3.664495e+04
736210 13.661895 13.680172 13.616203 13.652757 3.819848e+04
736211 13.689311 13.707587 13.625342 13.698449 2.074415e+04
736215 13.707587 13.744141 13.652757 13.698449 4.121415e+04
736216 13.723250 13.723250 13.668136 13.695693 1.304352e+04
736217 13.649766 13.686508 13.631395 13.686508 1.690146e+04
736218 13.668137 13.686508 13.631395 13.686508 1.230867e+04
736221 13.686509 13.686509 13.649766 13.677323 2.057569e+04
736222 13.640580 13.649765 13.567095 13.613023 2.195353e+04
736223 13.548725 13.677323 13.548725 13.677323 2.893457e+04
736224 13.603838 13.750807 13.603838 13.750807 4.262107e+04
736225 13.741622 13.833478 13.732437 13.833478 4.849984e+04
736228 13.842663 13.851848 13.796735 13.796735 1.552362e+04
736229 13.723251 13.824292 13.723251 13.824292 2.379064e+04
736230 13.824291 13.870219 13.787549 13.851848 3.453776e+04
736231 13.833477 13.870219 13.833477 13.851848 2.470920e+04
736232 13.833477 13.851848 13.833477 13.851848 2.406621e+04
736235 13.879405 13.943704 13.851848 13.925333 1.837115e+04
736236 13.943703 13.962075 13.916147 13.952889 2.819972e+04
736237 13.989633 14.017189 13.962076 13.980447 2.608704e+04
736238 14.035560 14.053931 13.952889 13.962075 3.049611e+04
736239 14.026374 14.063116 13.989631 13.998817 2.131054e+04
736242 13.998818 14.063117 13.998818 14.053931 1.552362e+04
736243 14.063117 14.136602 14.044746 14.127416 3.297622e+04
736244 14.170806 14.170806 14.124647 14.170806 2.714148e+04
736245 14.180038 14.180038 14.133879 14.133879 2.391035e+04
736246 14.180037 14.253891 14.161573 14.253891 2.547975e+04
736249 14.281588 14.373906 14.216965 14.364674 4.883620e+04
736250 14.420064 14.420064 14.272355 14.309282 2.123313e+04
736251 14.355441 14.392368 14.290819 14.318514 3.665023e+04
736252 14.373906 14.383137 14.327747 14.355442 2.252558e+04
736253 14.420065 14.429297 14.336979 14.364674 2.178704e+04
736256 14.327747 14.392369 14.327747 14.364674 2.824929e+04
736257 14.420063 14.577004 14.420063 14.577004 3.683486e+04
736258 14.687786 14.770872 14.327746 14.420064 4.698984e+04
736259 14.484687 14.724714 14.484687 14.669323 2.363340e+04
736260 14.678554 14.678554 14.456991 14.650859 2.991102e+04
736263 14.678554 14.715481 14.641627 14.715481 4.034294e+04
736264 14.706249 14.844726 14.632395 14.715481 5.723713e+04
736265 14.789336 14.789336 14.456991 14.503150 3.424996e+04
736266 14.438527 14.641627 14.438527 14.577004 1.929445e+04
736267 14.632395 14.872422 14.567772 14.715481 2.898784e+04
736270 14.761640 14.798568 14.650858 14.798568 1.984836e+04
736271 14.789335 14.807800 14.752408 14.798568 5.252891e+04
736272 14.798569 14.798569 14.743177 14.780104 3.831195e+04
736273 14.761640 14.780104 14.743176 14.761640 2.003299e+04
736274 14.697018 14.697018 14.364673 14.549309 9.047159e+04
736277 14.472308 14.490862 14.314597 14.323874 2.727473e+04
736278 14.351707 14.490863 14.323875 14.388815 4.146873e+04
736279 14.398092 14.639297 14.388814 14.583634 2.078075e+04
736280 14.583634 14.648574 14.555803 14.648574 8.720494e+03
736281 14.648574 14.648574 14.370260 14.453754 3.172775e+04
736284 14.490863 14.518694 14.444477 14.500140 2.087352e+04
736285 14.416645 14.463031 14.370260 14.407368 2.476991e+04
736286 14.425923 14.453754 14.342429 14.379537 2.291449e+04
736287 14.360983 14.425923 14.351706 14.416646 2.189401e+04
736288 14.370260 14.425923 14.249658 14.333152 6.308442e+04
736291 14.342429 14.388815 14.333152 14.342429 2.950124e+04
736292 14.323874 14.379537 14.296043 14.296043 3.469643e+04
736293 14.342428 14.388814 14.296043 14.323874 2.003858e+04
736295 14.351705 14.351705 14.268211 14.323874 9.369892e+03
736298 14.268212 14.342429 14.249657 14.296043 4.239644e+04
736299 14.416646 14.509417 14.342429 14.500140 5.863140e+04
736300 14.444476 14.490862 14.360982 14.407368 4.638560e+04
736301 14.407368 14.416646 14.212549 14.221826 4.109764e+04
736302 14.212549 14.268212 14.203272 14.268212 4.991091e+04
736305 14.212549 14.286766 14.193995 14.268212 3.794342e+04
736306 14.221827 14.388815 14.221827 14.388815 3.358318e+04
736307 14.320754 14.358048 14.264814 14.339401 2.507997e+04
736308 14.302107 14.423311 14.283460 14.358047 4.018388e+04
736309 14.367370 14.777600 14.358047 14.451281 8.791973e+04
736312 14.497899 14.497899 14.218197 14.227520 3.281839e+04
736313 14.180903 14.283460 14.180903 14.255490 2.284235e+04
736314 14.255489 14.358047 14.255489 14.320753 3.990418e+04
736315 14.302108 14.432635 14.302108 14.423312 2.964844e+04
736316 14.404665 14.432635 14.320754 14.413988 2.964844e+04
736319 14.451282 14.507223 14.386018 14.469929 2.470703e+04
736320 14.441959 14.488576 14.441959 14.469929 1.501069e+04
736321 14.516545 14.525869 14.460605 14.507222 2.694465e+04
736322 14.479252 14.507222 14.451281 14.488575 8.577535e+03
736326 14.516545 14.581809 14.460605 14.563162 2.265588e+04
736327 14.516545 14.572485 14.488575 14.516545 3.225899e+04
736328 14.497899 14.619103 14.497899 14.600456 1.538362e+04
736329 14.516545 14.665719 14.516545 14.637749 2.405439e+04
736333 14.637749 14.712336 14.553838 14.637749 3.841244e+04
736334 14.628426 14.758954 14.628426 14.758954 2.899580e+04
736335 14.758954 14.824218 14.703014 14.758954 6.302623e+04
736336 14.768277 14.833541 14.768277 14.805571 2.591907e+04
736337 14.842864 14.842864 14.768277 14.796247 3.468307e+04
736340 14.842865 14.852188 14.768278 14.777601 2.974167e+04
736341 14.859111 14.868480 14.812266 14.840373 3.831889e+04
736342 14.868479 14.868479 14.765421 14.765421 2.501502e+04
736343 14.831004 14.859111 14.774790 14.831004 4.853102e+04
736344 14.849741 15.009013 14.821634 14.971537 6.829944e+04
736348 14.990276 15.055858 14.821635 14.849742 8.403923e+04
736349 14.821634 14.868479 14.756052 14.868479 4.337811e+04
736350 14.924693 14.971537 14.840372 14.868479 4.506451e+04
736351 14.943430 14.943430 14.859110 14.859110 3.588297e+04
736354 14.915324 14.915324 14.831004 14.849742 5.640091e+04
736355 14.887218 14.887218 14.765422 14.840373 3.063638e+04
736356 14.784159 14.877848 14.774790 14.793528 6.127275e+04
736357 14.802898 14.887218 14.765422 14.887218 5.508926e+04
736358 14.905954 14.934061 14.840372 14.934061 7.082905e+04
736361 14.924692 14.934061 14.877847 14.934061 5.405868e+04
736362 14.934062 14.934062 14.877848 14.896586 5.630722e+04
736363 14.896586 14.905955 14.859110 14.868479 4.703199e+04
736364 14.896587 14.934062 14.849742 14.849742 5.003005e+04
736365 14.905955 14.934062 14.868479 14.905955 7.467031e+04
736368 14.934063 14.934063 14.868480 14.887218 5.939897e+04
736369 14.865563 15.016196 14.865563 14.987952 1.025244e+05
736370 15.044439 15.053854 14.959708 15.044439 4.613126e+04
736371 15.044439 15.063268 14.987952 15.006781 4.566053e+04
736372 15.110340 15.110340 14.856148 14.856148 6.580765e+04
736376 14.940880 14.940880 14.799662 14.846735 7.654024e+04
736377 14.893807 14.893807 14.809076 14.809076 9.828783e+04
736378 14.827906 14.893808 14.809077 14.884393 4.377763e+04
736379 14.912636 14.950294 14.874977 14.903221 2.400708e+04
736382 14.969124 14.969124 14.884393 14.922051 4.726101e+04
736383 14.959709 15.063269 14.940880 15.063269 3.332748e+04
736384 15.006781 15.110340 14.978538 15.053854 1.206944e+05
736385 15.072683 15.148000 15.016196 15.082098 7.625780e+04
736386 15.091513 15.100927 14.922050 15.006781 6.571351e+04
736389 15.016196 15.119755 15.006781 15.119755 5.639311e+04
736390 15.213901 15.232730 15.110340 15.213901 6.646667e+04
736391 15.298633 15.298633 15.176245 15.195072 6.505449e+04
736392 15.242146 15.326877 15.204487 15.308047 5.422777e+04
736393 15.326877 15.326877 15.119755 15.138585 9.593419e+04
736396 15.213901 15.213901 15.100928 15.157414 1.112799e+05
736397 15.119754 15.204486 15.110340 15.204486 8.981473e+04
736398 15.230028 15.230028 15.135431 15.163811 6.479856e+04
736399 15.154351 15.182729 15.116512 15.182729 2.109501e+04
736400 15.239487 15.258405 15.040834 15.040834 4.852797e+04
736403 15.097593 15.116512 15.012456 15.059754 6.347421e+04
736404 15.088134 15.088134 15.021916 15.021916 4.956854e+04
736405 15.040834 15.078673 15.012455 15.078673 4.956854e+04
736406 15.097592 15.097592 14.965157 15.078673 3.679802e+04
736407 15.097593 15.097593 15.002997 15.021916 4.181163e+04
736410 15.002996 15.078673 14.984077 14.984077 5.429836e+04
736411 14.965158 15.031376 14.965158 15.031376 4.304139e+04
736412 14.993536 15.125971 14.993536 15.125971 1.135157e+04
736413 15.135431 15.230028 15.135431 15.163811 2.705458e+04
736417 15.154350 15.343542 15.154350 15.324625 6.177148e+04
736418 15.334083 15.419220 15.324625 15.419220 2.667620e+04
736419 15.438140 15.542197 15.371923 15.504357 4.777121e+04
736420 15.504356 15.589494 15.504356 15.589494 1.844631e+04
736421 15.589495 15.636794 15.532737 15.608414 5.032531e+04
736424 15.655711 15.684091 15.598954 15.655711 4.152784e+04
736425 15.684090 15.788147 15.646252 15.712470 9.308290e+04
736426 15.759768 15.807065 15.721930 15.721930 4.900096e+04
736427 15.700071 15.795108 15.700071 15.747589 3.212242e+04
736428 15.833123 15.833123 15.690568 15.728582 4.580772e+04
736431 15.757094 15.909153 15.728582 15.814115 2.138327e+04
736432 15.861634 15.947167 15.747589 15.785605 2.794080e+04
736433 15.833122 15.956671 15.833122 15.956671 2.841599e+04
736434 15.880640 15.966173 15.833123 15.966173 3.373805e+04
736435 15.966173 15.966173 15.899648 15.966173 4.875385e+04
736438 16.004189 16.042203 15.966173 16.032701 4.276654e+04
736439 15.956671 15.956671 15.709576 15.823619 4.913400e+04
736440 15.814114 15.899648 15.814114 15.880640 1.482573e+04
736441 15.880639 15.899648 15.795108 15.861634 4.770845e+04
736442 15.871138 15.880640 15.833122 15.871138 1.140441e+04
736445 15.871138 15.956671 15.795109 15.899648 4.210128e+04
736446 15.918655 15.966173 15.899648 15.956671 1.302003e+04
736447 15.985181 16.099226 15.985181 16.099226 3.259760e+04
736448 16.108730 16.156247 16.042202 16.108730 5.407591e+04
736449 16.137240 16.156248 16.051706 16.089722 2.499467e+04
736452 16.127736 16.137241 15.909153 16.013693 4.162610e+04
736453 16.051707 16.127736 16.004190 16.051707 1.805698e+04
736454 16.051706 16.118232 16.004189 16.108730 5.540642e+04
736455 16.108731 16.165752 16.099227 16.156248 1.701158e+04
736456 16.165751 16.336818 16.165751 16.336818 8.277701e+04
736459 16.346322 16.545899 16.308307 16.479373 3.117206e+04
736460 16.466962 16.486055 16.342864 16.419233 6.729976e+04
736461 16.371502 16.505148 16.361955 16.390594 3.971163e+04
736462 16.381048 16.447871 16.352409 16.352409 3.589321e+04
736463 16.371503 16.371503 16.247404 16.247404 2.100134e+04
736466 16.276041 16.285587 16.190126 16.190126 3.121563e+04
736467 16.190125 16.199671 16.018298 16.018298 6.663153e+04
736468 16.027844 16.123303 15.798737 15.827376 4.219361e+04
736469 15.751007 15.856015 15.464626 15.579178 1.664834e+05
736470 15.531448 15.741462 15.493264 15.655547 3.407945e+04
736473 15.751007 15.922837 15.751007 15.856015 1.338358e+05
736474 15.922836 15.922836 15.722368 15.865561 4.954408e+04
736475 15.846468 15.884651 15.779647 15.827376 1.097797e+04
736476 15.836922 15.922837 15.836922 15.922837 6.949536e+04
736477 15.941930 15.941930 15.808283 15.903745 3.999801e+04
736481 15.760554 15.770100 15.674639 15.770100 7.760951e+04
736482 15.789193 15.913291 15.760554 15.884652 5.422165e+04
736483 15.836922 15.999205 15.836922 15.894198 3.942525e+04
736484 15.989659 16.008751 15.894198 15.970567 3.264754e+04
736487 15.941930 15.989659 15.894198 15.970567 5.002138e+04
736488 15.951474 16.046935 15.941930 15.970567 3.808880e+04
736489 15.970568 16.046935 15.932384 16.027845 3.302939e+04
736490 16.063327 16.120866 16.015378 16.101688 3.203075e+04
736491 16.130457 16.149637 15.957835 15.967426 5.648537e+04
736494 15.967427 16.015378 15.852347 15.861937 4.363471e+04
736495 15.890706 15.948245 15.861937 15.929067 3.375696e+04
736496 15.957835 15.957835 15.871525 15.890706 4.507322e+04
736497 15.890706 15.986606 15.890706 15.919476 2.023500e+04
736498 15.929067 16.005787 15.909886 15.919476 2.550952e+04
736501 15.919476 15.967426 15.909886 15.929067 4.210030e+04
736502 15.909886 15.957835 15.909886 15.948245 1.515227e+04
736503 15.957835 16.063326 15.948245 15.986606 2.685213e+04
736504 15.977016 16.082506 15.929067 15.986606 5.216985e+04
736505 15.929067 16.197586 15.929067 15.938657 4.449781e+04
736508 16.005788 16.140047 16.005788 16.082507 2.733163e+04
736509 16.053737 16.235948 16.053737 16.197587 3.040045e+04
736510 16.130456 16.255128 16.072916 16.245538 6.473281e+04
736511 16.226358 16.303078 16.207178 16.235948 4.257980e+04
736512 16.303078 16.379798 16.245538 16.379798 3.692168e+04
736516 16.398978 16.542829 16.398978 16.542829 2.829064e+04
736517 16.562009 16.763400 16.504468 16.744219 6.425331e+04
736518 16.779860 16.779860 16.616107 16.645006 1.724222e+04
736519 16.635373 16.770228 16.510149 16.529415 3.486974e+04
736522 16.596842 16.596842 16.423456 16.461987 3.014981e+04
736523 16.461987 16.461987 16.182642 16.211541 6.097389e+04
736524 16.192275 16.201909 16.009259 16.009259 7.079907e+04
736525 16.086319 16.182643 16.028522 16.095950 1.017195e+05
736526 16.124849 16.356029 16.124849 16.278969 5.731353e+04
736529 16.278969 16.481253 16.278969 16.413825 2.687475e+04
736530 16.452355 16.452355 16.365662 16.442722 2.167318e+04
736531 16.413826 16.481253 16.413826 16.471620 2.225114e+04
736532 16.471619 16.558313 16.471619 16.539047 2.013198e+04
736533 16.558314 16.577577 16.529415 16.529415 1.281126e+04
736536 16.587209 16.587209 16.433088 16.461987 2.263644e+04
736537 16.539047 16.625740 16.452355 16.606475 2.995716e+04
736538 16.606475 16.645006 16.596842 16.645006 7.417045e+03
736539 16.616107 16.664269 16.606475 16.664269 5.394215e+03
736540 16.645006 16.712433 16.635373 16.673902 2.109523e+04
736543 16.712433 16.731699 16.673902 16.673902 4.305739e+04
736544 16.673902 16.741330 16.577577 16.712433 3.775950e+04
736545 16.731699 16.799126 16.693167 16.702800 6.241877e+04
736546 16.683535 16.779860 16.625740 16.683535 5.085974e+04
736547 16.645005 16.683535 16.616107 16.654638 4.816263e+04
736550 16.683535 16.722066 16.654638 16.683535 1.329289e+04
736551 16.661280 16.738685 16.651605 16.729011 1.557762e+04
736552 16.748361 16.767713 16.690309 16.748361 6.772879e+03
736553 16.767712 16.777388 16.738684 16.767712 9.288519e+03
736554 16.796741 16.796741 16.709660 16.787064 1.693220e+04
736557 16.806415 16.806415 16.661280 16.690308 4.112105e+04
736558 16.719336 16.729011 16.641931 16.651605 2.070566e+04
736559 16.651606 16.680633 16.603229 16.622580 4.112105e+04
736560 16.699984 16.699984 16.564527 16.574201 2.331805e+04
736561 16.564528 16.564528 16.525824 16.535500 1.644842e+04
736564 16.583876 16.622580 16.535500 16.612904 2.922013e+04
736565 16.612904 16.738685 16.583877 16.699984 2.834934e+04
736566 16.651605 16.719336 16.593553 16.670957 2.970391e+04
736567 16.641931 16.661280 16.545174 16.593552 2.399534e+04
736568 16.545175 16.593552 16.409716 16.516148 5.186090e+04
736571 16.419392 16.496796 16.419392 16.458095 3.821839e+04
736572 16.487123 16.516149 16.438744 16.467771 3.260657e+04
736573 16.419393 16.467771 16.380691 16.409717 4.276589e+04
736574 16.409717 16.477448 16.371016 16.467771 5.099010e+04
736575 16.438743 16.680632 16.409716 16.680632 3.347737e+04
736579 16.612904 16.912846 16.612904 16.893494 5.079659e+04
736580 16.883820 16.922522 16.825765 16.893494 5.137712e+04
736581 16.861423 17.036355 16.841986 16.929452 4.528774e+04
736582 16.890578 16.890578 16.579589 16.676774 4.684269e+04
736585 16.628183 16.657336 16.482405 16.579589 2.730870e+04
736586 16.482405 16.511561 16.404658 16.433814 6.657104e+04
736587 16.472688 16.705929 16.365784 16.385222 3.440313e+04
736588 16.385223 16.414377 16.268602 16.375504 1.163292e+05
736589 16.453251 16.462970 16.404658 16.433814 9.718400e+03
736592 16.511561 16.511561 16.365785 16.404658 3.663837e+04
736593 16.404658 16.433814 16.375504 16.433814 1.865933e+04
736594 16.385224 16.511562 16.375504 16.492124 4.208067e+04
736595 16.521279 16.608745 16.511561 16.608745 2.361571e+04
736596 16.589309 16.599027 16.521280 16.599027 2.099174e+04
736599 16.521279 16.599026 16.443532 16.472688 3.022422e+04
736600 16.453251 16.501843 16.404658 16.492124 4.091446e+04
736601 16.472689 16.560154 16.365785 16.453251 3.012704e+04
736602 16.482405 16.482405 16.375504 16.375504 4.256659e+04
736603 16.375503 16.394941 16.307476 16.317194 4.295533e+04
736606 16.346349 16.394942 16.268602 16.326911 6.880627e+04
736607 16.278320 16.326911 16.181136 16.190854 3.829050e+04
736608 16.239445 16.239445 16.113106 16.200572 3.906797e+04
736609 16.113106 16.132543 16.035359 16.064515 4.460745e+04
736610 16.113107 16.113107 15.986769 16.006204 4.208067e+04
736613 15.986768 15.986768 15.763243 15.879865 9.319945e+04
736614 15.935523 15.935523 15.837878 15.886701 4.638096e+04
736615 15.828113 15.906230 15.593768 15.623061 9.149255e+04
736616 15.593768 15.593768 15.378951 15.378951 1.235198e+05
736617 15.281307 15.339894 15.222721 15.232485 7.772473e+04
736620 15.193427 15.291071 15.046961 15.076254 1.020381e+05
736621 15.066489 15.252013 15.037196 15.252013 8.621977e+04
736622 15.261778 15.613297 15.261778 15.496124 9.696062e+04
736623 15.574239 15.789056 15.457066 15.535181 5.819590e+04
736624 15.574239 15.652355 15.574239 15.642590 2.421574e+04
736627 15.584004 15.740236 15.584004 15.671883 4.120583e+04
736628 15.701177 15.798821 15.652356 15.749998 2.773093e+04
736629 15.691413 15.828114 15.652356 15.671883 4.599039e+04
736630 15.623062 15.642590 15.496124 15.515653 8.309516e+04
736631 15.505888 15.564475 15.388715 15.476595 4.921264e+04
736634 15.535182 15.584004 15.427773 15.515653 3.564011e+04
736635 15.437537 15.525417 15.427773 15.476595 5.204432e+04
736636 15.515653 15.574239 15.486359 15.574239 2.773093e+04
736637 15.574240 15.603533 15.544946 15.584004 2.118878e+04
736638 15.603533 15.681647 15.603533 15.681647 2.851209e+04
736641 15.671882 15.828113 15.662120 15.828113 2.333695e+04
736642 15.828114 15.974582 15.798821 15.886701 1.010617e+05
736643 15.687540 15.913189 15.687540 15.716973 8.515813e+04
736644 15.677729 15.697351 15.373593 15.373593 1.449062e+05
736645 15.108700 15.569809 15.059646 15.285295 1.114512e+05
736648 15.236241 15.236241 14.470995 14.735888 1.607997e+05
736649 14.755509 15.373592 14.755509 15.108699 8.427515e+04
736650 15.030213 15.246052 14.922294 14.922294 4.905422e+04
736651 14.961536 14.961536 14.824185 14.863428 4.493366e+04
736652 14.902672 14.932105 14.863429 14.912483 4.179420e+04
736655 14.912483 15.069457 14.892862 15.059646 4.660151e+04
736656 15.059645 15.108699 15.010591 15.108699 2.413468e+04
736657 14.951727 14.971349 14.853619 14.892862 6.102345e+04
736659 14.755510 14.804565 14.726078 14.775132 5.896318e+04
736662 14.863429 15.040024 14.794753 14.902672 5.611803e+04
736663 14.971348 15.275484 14.971348 15.079267 9.143706e+04
736664 15.049835 15.049835 14.883050 14.912483 5.955182e+04
736665 14.883050 14.912483 14.824185 14.824185 8.859192e+04
736666 14.794753 14.883050 14.686833 14.706455 1.732595e+05
736669 14.784942 14.873240 14.716266 14.843807 5.631424e+04
736670 14.883050 15.098889 14.883050 15.069456 1.164547e+05
736671 15.000781 15.383404 14.971349 15.265674 7.662270e+04
736672 15.242997 15.242997 15.055664 15.085243 4.229784e+04
736673 14.986646 15.154260 14.947207 15.065523 7.384867e+04
736676 14.957067 15.055663 14.878190 14.897909 7.838410e+04
736677 14.907770 14.976787 14.838752 14.957068 7.167955e+04
736678 14.966928 15.065524 14.927489 14.957068 4.791783e+04
736679 14.828892 15.006366 14.710577 14.868331 9.386373e+04
736680 14.779594 14.868331 14.720436 14.809173 8.982128e+04
736683 14.848612 15.026085 14.838752 15.026085 8.932830e+04
736684 14.937349 15.272576 14.937349 15.173980 7.029921e+04
736685 15.164120 15.242997 15.085243 15.104962 7.966586e+04
736686 15.035945 15.193699 15.035945 15.134541 7.808832e+04
736687 15.272576 15.361312 15.213418 15.262716 7.069359e+04
736691 14.809173 15.292295 14.809173 15.262716 2.090243e+04
736692 15.183840 15.381033 15.006366 15.341594 7.365148e+04
736693 15.233137 15.381032 15.233137 15.292295 4.781923e+04
736694 15.213418 15.528926 15.193699 15.459909 6.073536e+04
736698 15.381032 15.568365 15.312014 15.450049 5.107291e+04
736699 15.440189 15.716259 15.430330 15.716259 2.001506e+04
736700 15.834574 16.021908 15.834574 16.021908 5.511536e+04
736701 15.943031 16.081065 15.864154 15.864154 6.241149e+04
736704 16.002188 16.140224 15.903591 16.012048 4.308661e+04
736705 15.952890 16.248679 15.893733 16.169802 8.824374e+04
736706 16.077675 16.127207 15.651711 15.780491 1.094629e+05
736707 15.859740 15.889459 15.780491 15.800303 2.545880e+04
736708 15.839928 15.839928 15.750772 15.800303 7.330548e+03
736712 15.859740 15.929083 15.750773 15.780491 5.131384e+04
736713 15.711148 15.790397 15.661617 15.730960 2.189258e+04
736714 15.681429 15.730960 15.592274 15.681429 4.190300e+04
736715 15.621992 15.711147 15.562555 15.691335 3.219497e+04
736718 15.800303 15.968709 15.701242 15.929083 4.031801e+04
736719 15.810209 15.919177 15.810209 15.869646 1.248174e+04
736720 15.879553 15.879553 15.810209 15.839927 3.853491e+04
736721 15.800303 15.948895 15.790397 15.929083 4.021895e+04
736722 16.008331 16.047957 15.919176 15.998425 3.259122e+04
736725 16.008332 16.087581 15.938989 16.087581 2.278414e+04
736726 16.057862 16.147017 16.057862 16.147017 1.753388e+04
736727 16.137113 16.166830 16.087581 16.087581 1.822731e+04
736728 16.018238 16.156923 15.909269 16.038051 5.517723e+04
736729 16.097487 16.107393 15.938989 16.008332 2.852970e+04
736732 16.028144 16.176736 16.028144 16.127206 2.942125e+04
736733 16.097487 16.563075 16.097487 16.384766 4.923354e+04
736734 16.364953 16.414483 16.246079 16.255985 4.031801e+04
736735 16.272906 16.481914 16.253000 16.382386 9.743838e+04
736736 16.402292 16.402292 16.243047 16.362482 2.717127e+04
736739 16.362482 16.402293 16.322670 16.382386 1.881088e+04
736740 16.402292 16.402292 16.193282 16.203236 3.722365e+04
736741 16.123614 16.183331 15.994226 16.024085 4.538499e+04
736742 15.994225 16.024084 15.874791 15.884744 6.409634e+04
736743 15.914603 15.994226 15.884745 15.944462 1.572550e+04
736747 16.043991 16.103707 15.944461 15.964368 3.364062e+04
736748 15.954416 16.083802 15.954416 16.063895 3.304345e+04
736749 16.043991 16.083801 15.974319 16.034038 4.508640e+04
736750 16.073848 16.203236 16.073848 16.203236 2.328966e+04
736753 16.183329 16.193282 16.043990 16.073848 2.806703e+04
736754 16.024084 16.113661 15.924556 16.043991 1.048035e+05
736755 15.815074 15.994226 15.805122 15.904650 4.558404e+04
736756 15.974319 16.083801 15.934508 16.083801 5.046094e+04
736757 16.183330 16.183330 16.093754 16.103707 4.309583e+04
736760 16.053942 16.223140 16.014131 16.223140 6.101095e+04
736761 16.243047 16.243047 16.093754 16.223140 1.761654e+04
736762 16.123614 16.272906 16.024085 16.253000 9.236242e+04
736763 16.110001 16.139999 15.870000 15.870000 7.290000e+04
736764 15.840000 15.980000 15.840000 15.900000 1.710000e+04
