736034 17.016601 17.053999 16.913753 17.025949 1.859671e+05
736035 17.184895 17.521488 17.119446 17.512138 1.465111e+05
736036 17.521487 17.521487 17.194244 17.456039 1.663326e+05
736039 17.512138 17.512138 17.334493 17.409291 9.555475e+04
736040 17.231645 17.474741 17.053999 17.418640 2.617004e+05
736041 17.399942 17.474740 17.240995 17.343841 1.539909e+05
736042 17.269043 17.297093 17.119446 17.259693 1.252871e+05
736043 17.399942 17.577586 17.278394 17.568238 2.597369e+05
736046 17.568238 17.811330 17.493437 17.680434 1.479135e+05
736047 17.680434 17.708485 17.558888 17.614986 1.697920e+05
736048 17.661734 17.671085 17.166197 17.231645 2.781560e+05
736049 17.156847 17.278394 17.072699 17.231645 1.580113e+05
736050 17.259693 17.334493 17.072698 17.212945 1.433321e+05
736053 17.334492 17.521487 17.269042 17.474739 1.252870e+05
736054 17.418639 17.484089 17.306442 17.437339 1.116364e+05
736055 17.409292 17.549538 17.269043 17.530838 1.092054e+05
736056 17.568238 17.764582 17.558888 17.680434 1.193032e+05
736060 17.512139 17.558889 17.343842 17.502788 1.914835e+05
736061 17.512138 17.596287 17.446690 17.493438 1.052785e+05
736062 17.465389 17.568238 17.399942 17.512138 1.110754e+05
736063 17.512137 17.549537 17.222294 17.362541 8.526999e+04
736064 17.456039 17.456039 17.306442 17.362541 5.301325e+04
736067 17.381242 17.530838 17.381242 17.530838 6.451348e+04
736068 17.446689 17.680434 17.240995 17.362541 2.243947e+05
736069 17.371891 17.633686 17.287743 17.465389 1.419297e+05
736070 17.409291 17.577585 17.287743 17.456039 8.508300e+04
736071 17.362542 17.456040 17.053999 17.100749 1.302424e+05
736074 17.203595 17.474740 17.184895 17.343841 8.620497e+04
736075 17.371891 17.521488 17.306443 17.381241 8.573748e+04
736076 17.409291 17.540187 17.269042 17.437339 9.854668e+04
736077 17.381241 17.484089 17.297093 17.465389 1.003231e+05
736078 16.904402 17.240996 16.567809 16.885702 2.035447e+05
736081 16.932453 17.016601 16.595860 16.885702 2.437488e+05
736082 16.885701 17.343841 16.885701 17.325143 1.844712e+05
736083 17.240996 17.418640 17.166197 17.231645 1.516534e+05
736084 17.091399 17.231645 16.792204 16.829604 2.249557e+05
736085 16.941802 17.016601 16.633260 16.698708 1.262220e+05
736088 16.698708 16.913752 16.698708 16.792204 1.192097e+05
736089 16.792205 16.885702 16.558460 16.689358 1.294010e+05
736090 16.764156 16.876352 16.558460 16.801554 1.264090e+05
736091 16.782856 16.941803 16.642608 16.801554 1.279050e+05
736092 16.904402 17.082048 16.717406 16.867004 1.094859e+05
736095 16.895052 17.110096 16.895052 16.969850 9.583524e+04
736096 16.969851 17.278394 16.848304 17.100749 1.385637e+05
736097 17.176205 17.345986 16.864939 17.204503 2.299593e+05
736098 17.345986 17.374284 17.147908 17.166774 1.288451e+05
736099 17.147909 17.213935 16.968696 17.015858 1.071509e+05
736102 17.072451 17.364852 17.053586 17.308258 1.166775e+05
736103 17.345987 17.468608 17.279962 17.345987 1.274303e+05
736104 17.402581 17.402581 17.232799 17.289393 1.202617e+05
736105 17.242233 17.355420 17.185637 17.242233 7.734480e+04
736106 17.261096 17.336554 17.091316 17.176205 1.060190e+05
736110 17.166775 17.166775 16.864940 17.072451 1.508224e+05
736111 17.147909 17.298826 17.025289 17.261096 7.743913e+04
736112 17.195070 17.364851 17.147908 17.327123 1.591228e+05
736113 17.345986 17.345986 17.034721 17.147909 1.305429e+05
736116 17.213935 17.261096 16.968696 17.110179 1.101692e+05
736117 17.119612 17.327123 17.053586 17.213935 1.489359e+05
736118 17.261095 17.440310 17.242233 17.440310 1.262984e+05
736119 17.336554 17.468607 17.110179 17.213935 1.256381e+05
736120 17.487472 17.487472 17.279961 17.440310 1.195072e+05
736123 17.383716 17.487472 17.364851 17.412012 1.775158e+05
736124 17.459175 17.610092 17.317692 17.506336 8.064611e+04
736125 17.638389 17.921357 17.572361 17.732710 1.833638e+05
736126 17.704414 17.723280 17.581794 17.694982 9.649236e+04
736127 17.619524 17.723280 17.553499 17.685550 8.357012e+04
736130 17.525201 17.789306 17.440310 17.685550 1.586512e+05
736131 17.619524 17.987383 17.591227 17.940222 1.832695e+05
736132 17.968518 17.968518 17.581794 17.657252 1.101692e+05
736133 17.742143 17.911925 17.562931 17.789306 1.697813e+05
736134 17.779873 17.968518 17.761008 17.911925 2.392030e+05
736137 18.043975 18.157164 18.006247 18.062841 1.379001e+05
736138 18.062841 18.336378 18.062841 18.298648 1.636503e+05
736139 18.242055 18.458998 18.176029 18.232623 1.960974e+05
736140 18.260921 18.421270 18.213758 18.411837 1.184696e+05
736141 18.458998 18.553321 18.279784 18.326946 3.562577e+05
736144 18.157165 18.317514 17.836467 17.911925 1.346931e+05
736145 18.119435 18.128867 17.883627 17.911925 1.753463e+05
736146 18.157165 18.336380 18.062842 18.251488 2.234510e+05
736147 18.279783 18.279783 17.893059 17.949655 7.885397e+04
736151 17.770440 18.006247 17.770440 17.996815 1.279962e+05
736152 17.940222 17.968518 17.610091 17.855331 1.715734e+05
736153 17.694981 17.845898 17.638388 17.751575 1.561044e+05
736154 17.996816 18.043976 17.845899 17.911925 1.644049e+05
736155 18.166596 18.204324 18.025113 18.100571 1.274303e+05
736158 18.260920 18.260920 18.053408 18.100571 1.186582e+05
736159 18.025114 18.223191 17.987384 18.213758 7.451512e+04
736160 18.213757 18.279783 18.147732 18.204325 5.706537e+04
736161 18.298649 18.477862 18.223190 18.279783 1.516713e+05
736162 18.242055 18.251487 18.034546 18.176029 8.583387e+04
736165 18.176029 18.270353 18.119434 18.204325 2.107174e+05
736166 18.204324 18.421269 18.015679 18.100571 8.772032e+04
736167 18.100571 18.317513 18.100571 18.279783 6.489418e+04
736168 18.242055 18.317513 17.883626 17.902492 8.036314e+04
736169 17.827034 17.893059 17.553498 17.713847 1.275246e+05
736172 17.534633 17.704415 17.496903 17.647820 1.643106e+05
736173 17.789306 17.798738 17.393150 17.657252 1.641219e+05
736174 17.628957 17.694982 17.487473 17.619524 1.013972e+05
736175 17.496903 17.911925 17.496903 17.845899 1.633673e+05
736176 18.081706 18.581618 17.902492 18.506160 3.048517e+05
736179 18.496728 18.562753 18.185462 18.506160 2.143960e+05
736180 18.553320 18.855154 18.525022 18.543888 1.996816e+05
736181 18.638211 18.864587 18.506160 18.657077 1.555385e+05
736182 18.609914 18.741968 18.468430 18.562753 1.057360e+05
736183 18.411836 18.638211 18.223190 18.421269 1.096976e+05
736186 18.543889 18.751398 18.440133 18.515591 1.397866e+05
736187 18.336379 18.543888 18.260920 18.534456 1.524259e+05
736188 18.515436 18.582006 18.087500 18.353771 1.083158e+05
736189 18.344263 18.610535 18.258676 18.363281 7.217882e+04
736190 18.334753 18.601024 18.334753 18.582006 7.284450e+04
736193 18.477398 18.686612 18.401321 18.629554 1.394126e+05
736194 18.620044 18.772200 18.439358 18.658084 1.466400e+05
736195 18.658084 18.971905 18.582006 18.800729 2.881447e+05
736196 18.610534 18.715141 18.486908 18.524946 1.659447e+05
736197 18.163576 18.658083 17.973382 18.410830 2.825340e+05
736200 17.612014 17.944855 17.507407 17.564464 2.119718e+05
736201 17.963872 17.963872 17.450348 17.478876 2.311814e+05
736202 17.840247 18.097010 17.602503 18.068480 2.370775e+05
736203 18.192105 18.296713 17.783189 17.887794 2.250952e+05
736204 17.954362 18.077989 17.754659 17.916324 1.890534e+05
736207 17.840246 18.039949 17.802206 18.011422 2.015111e+05
736208 17.745149 17.802207 17.393290 17.402798 2.502009e+05
736209 17.602503 17.697602 17.459859 17.688091 2.630390e+05
736210 17.716619 17.897305 17.650051 17.783189 1.790681e+05
736211 17.554953 17.802206 17.554953 17.735639 1.086962e+05
736215 17.954362 18.182597 17.906814 18.144557 2.618028e+05
736216 18.287203 18.287203 17.982892 18.020932 1.587173e+05
736217 18.011422 18.306222 17.792696 18.211125 1.532017e+05
736218 18.135048 18.287203 18.039950 18.268183 9.167376e+04
736221 18.277693 18.486909 18.192105 18.372791 1.096471e+05
736222 18.429848 18.591514 18.391810 18.572496 1.753593e+05
736223 18.582005 18.591513 18.382300 18.486908 1.338018e+05
736224 18.486908 18.648573 18.163577 18.249165 1.962807e+05
736225 18.020932 18.154067 17.897305 18.030440 6.184175e+05
736228 18.125537 18.410831 18.125537 18.258675 1.498733e+05
736229 18.087499 18.268182 17.992401 18.144557 1.067942e+05
736230 18.211125 18.420340 18.058970 18.287203 1.176353e+05
736231 18.135047 18.448868 18.097009 18.410830 1.347528e+05
736232 18.629554 18.819749 18.524947 18.620044 2.269021e+05
736235 18.524946 18.686611 18.429848 18.524946 1.912406e+05
736236 18.562985 18.724651 18.439357 18.486908 1.359891e+05
736237 18.582006 18.705631 18.382301 18.543966 3.221895e+05
736238 18.562986 18.667592 18.353771 18.515436 1.627114e+05
736239 18.258676 18.353771 17.811718 18.353771 1.960906e+05
736242 18.601023 18.819749 18.458378 18.810239 1.528213e+05
736243 18.819749 18.914844 18.639063 18.743669 1.706045e+05
736244 18.829257 19.105040 18.810239 19.095530 2.372677e+05
736245 19.124060 19.314253 18.971904 19.304743 2.051248e+05
736246 19.342783 19.342783 19.028962 19.086020 1.210588e+05
736249 19.067000 19.494938 19.067000 19.475919 2.195796e+05
736250 19.475919 19.571016 19.257195 19.266705 9.842566e+04
736251 19.247685 19.371313 18.648574 18.705631 1.730770e+05
736252 18.848277 19.409351 18.810239 19.409351 2.876692e+05
736253 19.466408 19.494938 19.190627 19.371313 1.027050e+05
736256 19.342783 19.532979 19.323764 19.418861 9.890115e+04
736257 19.418861 19.647094 19.371313 19.628074 8.026209e+04
736258 19.628074 19.818269 19.333273 19.342783 2.692203e+05
736259 19.513958 19.770721 19.513958 19.675624 2.211011e+05
736260 19.780229 19.827779 19.580526 19.685134 2.150149e+05
736263 19.656604 19.742191 19.571016 19.723172 1.255284e+05
736264 19.628074 19.818269 19.399841 19.475919 1.962807e+05
736265 19.494939 20.141600 19.494939 20.141600 3.719254e+05
736266 20.065522 20.122581 19.751701 20.008465 2.465872e+05
736267 19.618564 19.884837 18.943374 19.323763 6.737641e+05
736270 19.361803 19.456899 18.810239 19.304743 3.572804e+05
736271 19.209648 19.523469 19.152588 19.418861 3.227601e+05
736272 19.437881 19.504448 19.314252 19.361803 2.933750e+05
736273 19.418860 19.742191 19.304743 19.675624 2.945162e+05
736274 19.837290 20.094051 19.713662 20.075033 8.546391e+05
736277 20.151110 20.160620 19.742191 19.856307 1.880073e+05
736278 19.530325 19.923424 19.424858 19.875484 3.666370e+05
736279 19.808371 20.000127 19.654966 19.750844 4.298206e+05
736280 19.645377 19.846722 19.568675 19.568675 3.338468e+05
736281 19.472797 19.741256 19.328981 19.376919 2.166840e+05
736284 19.300216 19.520738 19.156401 19.501561 2.043158e+05
736285 19.501561 19.626201 19.328980 19.482385 2.119860e+05
736286 19.472796 19.722079 19.328980 19.683729 1.871536e+05
736287 19.731668 19.750843 19.539911 19.664553 1.283805e+05
736288 19.750844 19.875485 19.597440 19.741256 1.788123e+05
736291 19.693318 19.942598 19.693318 19.817958 9.549437e+04
736292 19.722080 19.913835 19.597439 19.885072 1.249289e+05
736293 19.952186 19.990538 19.741255 19.942598 9.856246e+04
736295 19.980950 20.115179 19.856308 20.086417 8.120857e+04
736298 20.105591 20.172708 19.923425 20.019301 1.857155e+05
736299 20.105591 20.163120 19.933013 20.105591 1.150535e+05
736300 20.143943 20.172707 19.837135 19.865896 1.029728e+05
736301 19.980950 20.028888 19.654965 19.654965 1.757442e+05
736302 19.693318 20.038477 19.683730 19.952186 1.318321e+05
736305 19.933013 20.000127 19.587852 19.750844 1.488984e+05
736306 19.559088 19.808370 19.472797 19.511149 1.522541e+05
736307 19.472796 19.635790 19.252278 19.300216 1.175463e+05
736308 19.300216 19.386506 19.118050 19.175576 1.330785e+05
736309 18.878355 19.146811 18.811241 18.887943 1.914681e+05
736312 18.897529 19.146811 18.763301 18.974233 2.317368e+05
736313 19.156400 19.578263 19.108461 19.482385 9.674078e+04
736314 19.607027 19.808369 19.309803 19.645377 1.577191e+05
736315 19.664553 19.741255 19.300216 19.338568 1.613625e+05
736316 19.213928 19.242690 18.840003 18.945469 5.458328e+05
736319 19.041348 19.223514 18.820827 19.041348 1.392147e+05
736320 19.089286 19.194751 18.820827 19.165988 9.252215e+04
736321 19.281042 19.348156 19.137224 19.300216 6.558047e+04
736322 19.271454 19.520738 19.271454 19.376919 8.274261e+04
736326 19.328981 19.463209 19.127639 19.434447 1.283805e+05
736327 19.520738 19.712492 19.415271 19.702904 1.319280e+05
736328 19.635789 19.722079 19.482385 19.645377 1.137112e+05
736329 19.539910 19.674140 19.300215 19.319392 2.313533e+05
736333 18.935881 19.127637 18.533194 18.609896 3.366272e+05
736334 18.686600 18.792065 18.514018 18.667423 1.490901e+05
736335 18.389377 18.677010 18.389377 18.561958 1.665399e+05
736336 18.255149 18.552369 18.197621 18.197621 1.792916e+05
736337 18.427727 18.427727 17.900400 17.900400 1.297228e+05
736340 18.053805 18.245562 17.746996 18.140095 1.312568e+05
736341 18.226385 18.264735 17.986690 18.216797 2.528300e+05
736342 18.216797 18.466080 17.555239 17.679882 2.196562e+05
736343 17.823698 17.852463 17.603180 17.651118 3.455439e+05
736344 17.171728 17.373072 17.047088 17.210080 4.480373e+05
736348 17.382659 17.593591 17.248431 17.507301 3.419964e+05
736349 17.229254 17.708643 17.123790 17.593591 2.279976e+05
736350 17.603180 17.727820 17.421011 17.459361 4.183152e+05
736351 17.641530 17.775760 17.363485 17.440187 2.342297e+05
736354 17.344309 17.478538 17.171728 17.190904 2.043158e+05
736355 17.305956 17.660705 17.305956 17.584003 1.685533e+05
736356 17.507301 17.814110 17.430598 17.584003 2.237790e+05
736357 17.794933 17.938750 17.737408 17.862048 1.642388e+05
736358 18.341438 18.926294 18.025041 18.830415 4.401754e+05
736361 18.916705 19.079698 18.542782 18.619484 2.636642e+05
736362 18.351026 18.370202 17.986691 18.149683 2.655817e+05
736363 18.351025 18.351025 17.804523 18.053805 2.933863e+05
736364 17.967514 18.351025 17.900400 17.977102 1.181215e+05
736365 17.957927 18.283911 17.641530 17.804522 3.451604e+05
736368 17.593592 17.746996 17.478538 17.670294 3.233002e+05
736369 17.421011 17.756583 17.258018 17.641530 2.730602e+05
736370 17.825397 17.980232 17.573790 17.583467 1.828990e+05
736371 17.138314 17.583466 17.138314 17.418954 4.181517e+05
736372 17.651207 17.912492 17.554434 17.835074 1.748669e+05
736376 18.047972 18.115711 17.902814 18.009264 3.424760e+05
736377 18.106034 18.183453 17.873781 17.912491 1.730283e+05
736378 17.960876 18.096359 17.767334 17.941524 1.975116e+05
736379 17.922168 18.222161 17.893136 18.067326 3.177024e+05
736382 18.222161 18.357641 18.086682 18.154421 1.771895e+05
736383 18.077003 18.222161 17.893137 18.009264 1.489321e+05
736384 17.796364 18.231839 17.728625 18.096359 1.533836e+05
736385 18.115711 18.299579 18.115711 18.193129 2.134790e+05
736386 18.386674 18.444737 18.164099 18.270547 3.733463e+05
736389 18.289902 18.376997 17.980232 17.989909 2.249948e+05
736390 18.144743 18.347963 18.047971 18.328611 3.994747e+05
736391 18.347964 18.493124 18.135067 18.493124 1.618995e+05
736392 18.502801 18.754406 18.415706 18.744731 2.062211e+05
736393 18.764083 18.793116 18.647958 18.754406 2.003180e+05
736396 18.657636 18.899566 18.609249 18.899566 1.700283e+05
736397 18.773761 18.841501 18.618926 18.667313 1.914149e+05
736398 18.744730 18.822148 18.493123 18.531831 9.986867e+04
736399 18.570541 18.735054 18.464091 18.696344 1.719638e+05
736400 18.812471 18.909243 18.676989 18.889888 1.340292e+05
736403 18.851179 18.938274 18.618926 18.744731 1.221262e+05
736404 18.696344 18.831824 18.647958 18.706021 1.271584e+05
736405 18.647958 18.860856 18.609249 18.851179 3.212829e+05
736406 18.783439 19.180204 18.628604 19.112464 2.294463e+05
736407 19.247943 19.499551 19.151173 19.480196 5.085367e+05
736410 19.383426 19.451165 19.276976 19.344716 1.708993e+05
736411 19.218914 19.480196 19.189881 19.373748 1.506740e+05
736412 19.228591 19.373748 19.151174 19.170526 2.182208e+05
736413 19.044722 19.257621 18.889887 19.218913 2.007051e+05
736417 19.296331 19.364071 19.131818 19.228591 9.222369e+04
736418 19.131818 19.538261 19.054401 19.528583 2.359301e+05
736419 19.576969 19.731803 19.499551 19.576969 1.805765e+05
736420 19.547938 19.741481 19.509228 19.538261 1.710928e+05
736421 19.383426 19.635034 19.247944 19.606001 1.352872e+05
736424 19.576970 19.664065 19.431812 19.489874 2.062211e+05
736425 19.315683 19.528582 19.209235 19.218913 2.678648e+05
736426 19.238266 19.518906 19.112464 19.276976 1.356743e+05
736427 19.170526 19.170526 18.773762 18.870534 1.720606e+05
736428 18.967306 19.209236 18.851180 19.006014 1.095459e+05
736431 19.044724 19.354394 19.044724 19.160849 1.046105e+05
736432 19.141496 19.393103 19.141496 19.306008 1.552222e+05
736433 19.402779 19.770513 19.373748 19.770513 4.762149e+05
736434 19.673742 20.031799 19.606001 19.731804 1.407064e+05
736435 19.741481 19.847930 19.306008 19.664063 1.266745e+05
736438 19.576969 19.857607 19.576969 19.838253 8.951407e+04
736439 19.857608 19.944704 19.673742 19.935026 1.206746e+05
736440 19.867285 20.012442 19.818898 19.944703 8.719154e+04
736441 19.925347 20.051150 19.847930 19.905993 1.180618e+05
736442 19.867285 20.070505 19.809220 19.905993 2.441557e+05
736445 19.857608 19.886639 19.673742 19.886639 1.687703e+05
736446 19.993089 20.099538 19.857608 20.012443 1.648027e+05
736447 20.002765 20.138245 19.809220 19.993088 1.684800e+05
736448 19.876963 19.993088 19.712451 19.722126 1.282229e+05
736449 19.431811 19.780191 19.073754 19.335039 3.094768e+05
736452 19.373748 19.557614 19.064078 19.431811 2.847031e+05
736453 19.209235 19.209235 18.996336 19.102786 1.979954e+05
736454 18.928596 19.228591 18.880211 19.093109 1.758347e+05
736455 19.170525 19.170525 18.976983 18.976983 1.718670e+05
736456 18.918918 19.093109 18.851179 19.054401 1.865763e+05
736459 19.025368 19.238266 18.860856 19.015691 1.038363e+05
736460 19.122141 19.276976 18.967306 19.112464 9.715906e+04
736461 19.014799 19.161294 18.985503 18.995269 1.194407e+05
736462 18.995269 19.190592 18.897606 19.034333 1.309648e+05
736463 18.956204 19.190593 18.770645 18.868308 1.543060e+05
736466 18.868308 19.180826 18.868308 19.053866 1.183664e+05
736467 18.975736 19.151529 18.741348 18.819477 3.006038e+05
736468 18.751115 19.385917 18.741349 19.376151 1.946405e+05
736469 19.268723 19.415215 18.897608 19.063633 1.203197e+05
736470 19.180826 19.376151 19.122229 19.249189 1.655372e+05
736473 19.239425 19.298021 19.122230 19.141762 1.220776e+05
736474 19.298021 19.669135 19.210125 19.649605 1.903433e+05
736475 19.669136 19.903525 19.669136 19.815631 1.488370e+05
736476 19.786331 19.805864 19.532410 19.639839 1.636816e+05
736477 19.688670 19.854695 19.659370 19.854695 1.158272e+05
736481 19.981655 19.991421 19.688670 19.942591 1.981563e+05
736482 19.874227 20.050020 19.747265 19.971890 1.493253e+05
736483 19.864461 19.864461 19.717969 19.864461 1.863392e+05
736484 19.610539 19.610539 19.258955 19.542176 1.774519e+05
736487 19.561710 19.923058 19.561710 19.766799 1.142646e+05
736488 19.717969 19.815631 19.542176 19.669136 8.154781e+04
736489 19.620306 19.874228 19.551943 19.835162 2.099734e+05
736490 19.776565 19.776565 19.395684 19.678903 1.269607e+05
736491 19.444514 19.649606 19.434748 19.571476 2.074342e+05
736494 19.503110 19.659370 19.180826 19.249189 1.411217e+05
736495 19.229659 19.346851 18.995270 19.092930 1.325274e+05
736496 19.180826 19.376152 19.063633 19.063633 1.673928e+05
736497 18.936671 19.024567 18.780412 18.956204 1.661231e+05
736498 19.005034 19.131996 18.839011 19.044100 4.684849e+05
736501 19.288255 19.454281 19.171060 19.171060 1.329181e+05
736502 19.180826 19.249189 18.946438 19.151529 1.617284e+05
736503 19.151529 19.366385 19.102696 19.131996 2.047973e+05
736504 19.385916 19.649605 19.366384 19.649605 1.516692e+05
736505 18.731581 19.053866 18.526490 18.731581 5.240546e+05
736508 18.428829 18.760878 18.174908 18.223738 2.948417e+05
736509 18.467893 18.467893 18.155374 18.292101 2.403463e+05
736510 18.497193 18.751114 18.399530 18.731581 1.908316e+05
736511 18.868308 19.180826 18.731582 19.180826 1.954218e+05
736512 19.141762 19.180826 18.848775 18.975737 1.358479e+05
736516 18.917140 18.917140 18.721815 18.770645 1.843860e+05
736517 18.653451 18.868308 18.575322 18.829244 1.597751e+05
736518 18.878074 19.024567 18.751114 18.839010 1.279373e+05
736519 19.044099 19.219891 18.995269 19.083165 1.730571e+05
736522 19.210125 19.346851 19.131995 19.317554 1.167061e+05
736523 19.483579 19.835161 19.424980 19.698435 2.068482e+05
736524 19.708202 19.815631 19.600773 19.727735 1.733501e+05
736525 20.010954 20.010954 19.727735 19.737499 1.419030e+05
736526 19.893760 19.913291 19.678903 19.874227 2.736491e+05
736529 19.913291 19.942590 19.688669 19.698435 1.250074e+05
736530 19.610539 19.854695 19.610539 19.639839 1.161202e+05
736531 19.727735 19.727735 19.532410 19.571476 1.032288e+05
736532 19.532410 19.571476 19.395684 19.424981 7.715302e+04
736533 19.415214 19.708201 19.415214 19.639839 6.152709e+04
736536 19.630072 19.688669 19.571476 19.630072 7.783665e+04
736537 19.630072 19.698435 19.551942 19.630072 8.809117e+04
736538 19.591007 19.708202 19.532410 19.659370 1.042054e+05
736539 19.600773 19.757032 19.532409 19.717968 9.844334e+04
736540 19.766799 19.835161 19.522644 19.678903 1.905387e+05
736543 19.698435 19.854695 19.639839 19.678903 1.280349e+05
736544 19.678903 19.698436 19.542176 19.620306 1.934685e+05
736545 19.630072 19.796097 19.630072 19.776565 1.233472e+05
736546 19.737499 19.923058 19.678903 19.776565 8.848182e+04
736547 19.952356 20.245343 19.815631 20.167213 1.986446e+05
736550 20.206279 20.274642 20.059786 20.098850 7.871561e+04
736551 20.137915 20.284407 20.118382 20.167213 6.875408e+04
736552 20.108617 20.167214 20.040253 20.118383 1.308672e+05
736553 20.108530 20.236611 20.069122 20.098678 1.105427e+05
736554 19.950893 20.147940 19.901633 20.147940 1.089664e+05
736557 20.147940 20.315429 20.069122 20.315429 8.266074e+04
736558 20.236611 20.315430 20.059270 20.295724 1.424642e+05
736559 20.276019 20.384395 20.236611 20.315429 1.038432e+05
736560 20.256314 20.492769 20.256314 20.473066 1.491637e+05
736561 20.394248 20.532179 20.295724 20.532179 1.575382e+05
736564 20.512475 20.640556 20.423804 20.620850 8.660166e+04
736565 20.640556 20.788339 20.610998 20.689816 1.097545e+05
736566 20.610997 20.758781 20.473065 20.758781 1.052225e+05
736567 20.778486 20.916418 20.610997 20.906565 1.273901e+05
736568 20.906565 21.005089 20.808044 20.936123 1.003949e+05
736571 20.995236 21.083908 20.906565 20.995236 1.195083e+05
736572 21.083907 21.271101 21.054351 21.251396 1.610850e+05
736573 21.271101 21.340067 20.975533 21.251396 2.582286e+05
736574 21.340068 21.369625 20.975534 21.152873 2.133022e+05
736575 21.261249 21.340067 21.074054 21.340067 1.905433e+05
736579 21.320361 21.399179 21.054351 21.093759 1.336956e+05
736580 21.005089 21.300659 20.965681 21.231691 2.346816e+05
736581 21.241543 21.300659 21.143020 21.202135 1.351735e+05
736582 21.083908 21.271101 20.985384 20.995236 1.688683e+05
736585 20.877011 21.152873 20.739077 21.152873 1.469962e+05
736586 20.610997 20.729226 20.384395 20.670111 2.340905e+05
736587 20.620849 20.660257 20.374542 20.384395 1.021683e+05
736588 20.335132 20.502621 20.315429 20.443508 1.000993e+05
736589 20.463213 20.463213 20.226759 20.433656 3.130074e+05
736592 20.492769 20.660258 20.394248 20.492769 1.130058e+05
736593 20.670111 20.689815 20.335132 20.482918 1.814792e+05
736594 20.610997 20.679963 20.453360 20.591292 1.329074e+05
736595 20.699668 20.975533 20.640555 20.975533 1.907404e+05
736596 20.886862 21.024793 20.788338 20.916418 1.233507e+05
736599 20.808044 20.808044 20.522327 20.522327 1.253212e+05
736600 20.423804 20.748929 20.423804 20.660258 1.085723e+05
736601 20.650405 20.817894 20.581439 20.808044 1.048284e+05
736602 20.758782 20.857305 20.512475 20.522327 9.881850e+04
736603 20.699668 20.975533 20.601145 20.916418 1.492622e+05
736606 20.778487 21.024794 20.581440 20.620850 1.614791e+05
736607 20.699668 20.798192 20.482919 20.650406 1.108383e+05
736608 20.788338 20.965680 20.670111 20.886862 1.784250e+05
736609 20.896713 20.896713 20.689816 20.857305 8.305483e+04
736610 20.886862 20.945975 20.630703 20.778486 9.517315e+04
736613 20.837600 21.034646 20.837600 20.936123 6.788230e+04
736614 20.965681 21.034646 20.758782 20.827747 1.021683e+05
736615 20.798192 21.064202 20.798192 20.936123 8.916325e+04
736616 20.709520 21.477998 20.482918 20.551884 1.723166e+05
736617 20.847453 20.955828 20.729226 20.817895 1.256167e+05
736620 20.758782 20.916418 20.758782 20.808044 9.339974e+04
736621 21.034645 21.034645 20.768633 20.926270 8.827654e+04
736622 20.916418 21.231690 20.906565 21.123317 1.103457e+05
736623 21.133170 21.202135 20.975533 21.064202 6.709412e+04
736624 20.808044 21.074054 20.620850 21.074054 6.807935e+04
736627 21.182430 21.448442 21.083907 21.379477 1.330060e+05
736628 21.409032 21.438589 21.251396 21.369624 6.650298e+04
736629 21.241544 21.438591 21.202136 21.280954 7.330106e+04
736630 21.409034 21.448443 21.251397 21.320362 1.070944e+05
736631 21.517409 21.763716 21.290807 21.724306 1.800999e+05
736634 21.881942 22.394262 21.753863 22.354854 2.681794e+05
736635 22.394262 22.443525 21.842534 21.881942 1.789176e+05
736636 21.812976 21.941057 21.537114 21.675045 1.236463e+05
736637 21.734158 21.921352 21.734158 21.812976 1.349764e+05
736638 21.852387 21.941057 21.665193 21.694750 9.862146e+04
736641 22.128249 22.374556 21.744010 22.276035 1.643362e+05
736642 22.207070 22.404114 22.138101 22.256330 8.709427e+04
736643 22.256330 23.615946 22.256330 23.458309 2.411841e+05
736644 23.716421 24.460972 23.676713 24.381553 2.754838e+05
736645 24.361699 25.880582 24.252498 25.711817 3.998734e+05
736648 26.168476 26.744262 25.880582 26.188329 2.858082e+05
736649 25.950073 26.118837 25.612543 26.019564 1.956679e+05
736650 26.009639 26.138694 25.791237 26.118838 1.656874e+05
736651 26.118837 26.515931 26.039419 26.267747 1.614186e+05
736652 26.357094 26.724406 26.019564 26.714479 2.256485e+05
736655 26.694624 26.704552 26.228040 26.615205 1.816704e+05
736656 26.684696 26.922954 26.357093 26.922954 2.110553e+05
736657 27.012297 27.061935 26.754189 26.913026 1.538738e+05
736659 26.893170 27.022225 26.654914 27.002372 8.904826e+04
736662 26.704551 26.952735 26.635060 26.843535 2.771714e+05
736663 26.873317 27.250557 26.873317 27.141355 1.748205e+05
736664 27.548375 27.598010 26.674770 26.744261 2.289245e+05
736665 26.893170 27.141354 26.793897 26.913026 2.175081e+05
736666 26.922955 26.922955 26.635061 26.734334 1.661837e+05
736669 26.952735 27.310120 26.873317 27.260482 1.579440e+05
736670 27.300193 27.905761 27.121500 27.806487 1.951716e+05
736671 27.816414 28.223435 27.806486 28.173797 2.195928e+05
736672 28.302854 28.342562 27.786632 27.935541 4.756190e+05
736673 27.915688 28.223435 27.786632 28.173797 2.823336e+05
736676 28.144016 28.233363 27.776705 27.875978 2.027163e+05
736677 28.044742 28.144016 27.707213 28.005032 1.708496e+05
736678 27.866051 28.084453 27.528521 27.727068 2.393482e+05
736679 27.875978 28.382272 27.786632 28.372345 5.104640e+05
736680 27.627794 28.481547 27.627794 27.647649 1.143034e+06
736683 27.806486 28.084453 27.349827 27.945469 2.820358e+05
736684 28.034815 28.392200 27.568230 28.253216 1.552636e+05
736685 28.153944 28.243290 28.014959 28.124161 1.908035e+05
736686 28.124162 28.392200 28.014960 28.094379 1.506971e+05
736687 28.114234 28.441836 27.915688 28.173797 1.207165e+05
736691 28.173797 28.521255 28.173797 28.491474 9.967052e+04
736692 28.431908 28.511327 28.034815 28.203580 1.421595e+05
736693 28.183724 28.342562 28.034815 28.203580 1.103920e+05
736694 28.213508 28.322710 27.965325 28.094379 1.326293e+05
736698 28.511327 28.709875 28.024889 28.352490 2.928566e+05
736699 28.392200 28.570893 28.124161 28.431908 3.204546e+05
736700 28.312782 28.481547 27.766777 28.064598 1.496051e+05
736701 28.223435 28.223435 27.736996 27.995107 1.569513e+05
736704 27.766777 27.766777 27.379611 27.399466 3.968952e+05
736705 27.468957 27.955396 27.349828 27.796559 4.826674e+05
736706 27.796560 27.796560 27.518593 27.687358 2.327962e+05
736707 27.528522 27.578159 26.942807 27.190991 2.489778e+05
736708 27.389538 27.856122 27.389538 27.498740 2.577138e+05
736712 27.220774 27.220774 26.595352 26.595352 2.537429e+05
736713 26.774042 26.903098 26.446439 26.555641 3.034789e+05
736714 26.644988 26.684696 26.069202 26.327313 2.978203e+05
736715 26.317385 26.714479 26.317385 26.515931 1.734307e+05
736718 26.466295 26.545713 26.158547 26.247894 2.338882e+05
736719 26.386877 26.595352 26.198256 26.426587 2.897791e+05
736720 26.754190 26.764115 26.436513 26.565569 1.980505e+05
736721 26.605277 26.744262 26.525859 26.595352 1.123775e+05
736722 26.386876 26.585424 25.830945 26.535786 1.852442e+05
736725 26.317385 26.396804 26.039420 26.188329 2.271376e+05
736726 26.158548 26.406731 25.910364 26.277675 2.560262e+05
736727 26.466295 26.843535 26.029491 26.138693 2.170117e+05
736728 26.069202 26.079129 25.622470 25.870654 1.572491e+05
736729 26.287604 26.367021 25.801164 26.357094 1.755154e+05
736732 26.158547 26.386876 25.960000 25.979855 1.047335e+05
736733 25.979856 26.079129 25.741599 25.930220 1.744234e+05
736734 25.721745 25.761455 25.394142 25.503344 2.682368e+05
736735 25.622470 25.791236 25.384215 25.711817 1.798834e+05
736736 25.830945 25.960000 25.662180 25.960000 1.204187e+05
736739 26.070000 26.400000 26.040001 26.219999 1.075000e+05
736740 26.100000 26.469999 25.770000 26.430000 1.394000e+05
736741 26.400000 26.549999 26.270000 26.459999 8.790000e+04
736742 26.450001 26.549999 26.250000 26.540001 1.514000e+05
736743 26.540001 26.540001 26.309999 26.530001 1.589000e+05
736747 26.680000 26.879999 26.530001 26.820000 1.466000e+05
736748 26.670000 26.959999 26.580000 26.860001 1.248000e+05
736749 26.830000 26.990000 26.570000 26.879999 1.043000e+05
736750 26.520000 26.950001 26.450001 26.780001 1.499000e+05
736753 26.670000 26.889999 26.650000 26.809999 3.110000e+05
736754 26.889999 27.010000 26.459999 26.549999 2.108000e+05
736755 27.020000 27.260000 26.549999 27.120001 2.973000e+05
736756 27.150000 27.180000 26.590000 26.610001 1.538000e+05
736757 26.639999 26.780001 26.490000 26.650000 1.073000e+05
736760 26.389999 26.559999 26.170000 26.430000 8.350000e+04
736761 26.350000 26.440001 26.139999 26.309999 1.491000e+05
736762 26.490000 26.650000 26.010000 26.010000 1.573000e+05
736763 26.100000 26.309999 26.020000 26.090000 1.239000e+05
736764 26.250000 26.250000 25.889999 25.980000 2.264000e+05
