736034 26.373012 26.392306 26.266903 26.295842 4.900326e+04
736035 26.295841 26.344072 26.266902 26.266902 1.627332e+05
736036 26.286196 26.295842 26.266903 26.295842 5.623799e+04
736039 26.286195 26.305487 26.266902 26.266902 1.205789e+05
736040 26.276549 26.276549 26.122208 26.160794 7.832804e+04
736041 26.112561 26.401952 26.093268 26.353719 6.848880e+04
736042 26.334426 26.334426 26.247610 26.257256 3.327977e+04
736043 26.254356 26.428418 26.254356 26.418748 1.250346e+05
736046 26.302708 26.438089 26.302708 26.360728 6.836770e+04
736047 26.128645 26.312376 26.128645 26.157654 3.287838e+04
736048 26.118974 26.157654 25.925571 25.935242 1.846024e+05
736049 25.925571 25.983594 25.848212 25.886892 1.548185e+05
736050 25.983594 25.983594 25.848211 25.915901 9.544401e+04
736053 26.012603 26.118974 26.012603 26.080293 3.626292e+04
736054 25.906233 26.157654 25.906233 26.022273 1.242609e+05
736055 25.935242 25.935242 25.828870 25.828870 1.505637e+05
736056 25.925571 25.964252 25.867551 25.935242 6.343594e+04
736060 25.828869 26.060954 25.828869 26.051284 6.101841e+05
736061 25.944913 26.128645 25.886892 25.964253 1.823783e+05
736062 26.012604 26.012604 25.886893 25.925572 5.192851e+04
736063 25.770851 25.993262 25.770851 25.964253 6.097973e+05
736064 25.877222 25.993262 25.877222 25.964253 2.942615e+05
736067 25.964253 25.983594 25.906233 25.906233 3.113776e+04
736068 25.838540 25.964252 25.838540 25.935242 5.018788e+04
736069 25.993262 26.080293 25.973924 26.012603 1.356717e+05
736070 25.944912 25.983593 25.886891 25.944912 4.651324e+04
736071 25.896562 25.954582 25.732171 25.770850 1.330607e+05
736074 25.819202 26.022274 25.732171 25.964253 1.025999e+05
736075 25.848211 26.099634 25.848211 25.915901 1.382826e+05
736076 25.983594 26.070623 25.896563 26.041614 3.142787e+04
736077 26.012603 26.176995 26.012603 26.109304 1.002791e+05
736078 26.186666 26.186666 26.031944 26.167325 9.621763e+04
736081 26.244685 26.244685 26.041614 26.060955 1.112063e+05
736082 25.896563 26.138316 25.896563 26.128645 7.668400e+04
736083 26.022273 26.118974 25.964252 26.051284 1.924352e+05
736084 26.099634 26.099634 25.732171 25.819202 2.500691e+05
736085 25.906233 26.080293 25.896563 26.080293 7.726420e+04
736088 25.973924 26.206006 25.973924 26.157654 2.850749e+05
736089 26.235016 26.235016 25.838541 25.838541 3.094436e+04
736090 25.780521 25.954583 25.635469 25.703160 1.476626e+05
736091 25.703160 25.906233 25.703160 25.877222 1.061778e+05
736092 26.080293 26.176995 26.080293 26.176995 2.817871e+05
736095 26.080294 26.157655 26.031944 26.031944 5.984833e+05
736096 25.848212 26.012604 25.848212 25.964253 7.745760e+04
736097 26.022273 26.109304 25.906233 25.935242 3.646599e+05
736098 26.012603 26.109304 26.012603 26.089964 7.823121e+04
736099 26.157654 26.157654 26.080294 26.118975 8.886834e+04
736102 26.089965 26.138316 25.964253 26.118975 1.814113e+05
736103 26.196336 26.196336 26.031944 26.041614 1.881804e+05
736104 25.944913 26.109304 25.944913 26.070623 9.689453e+04
736105 26.051284 26.099634 26.031943 26.051284 8.693431e+04
736106 26.118975 26.118975 25.954583 25.954583 6.856110e+04
736110 25.935242 25.935242 25.674148 25.732171 3.948307e+05
736111 25.732171 25.964253 25.732171 25.954583 7.774771e+04
736112 25.993263 25.993263 25.867552 25.925572 2.461044e+05
736113 25.983593 25.983593 25.770850 25.770850 9.534731e+04
736116 25.819202 25.906233 25.751510 25.877222 1.565591e+05
736117 25.857882 25.896563 25.712830 25.799861 2.891364e+05
736118 25.799861 25.896563 25.780521 25.790191 1.073383e+05
736119 25.770851 25.799861 25.674149 25.674149 4.457922e+04
736120 25.674149 25.809532 25.606459 25.625799 2.116788e+05
736123 25.548438 25.606459 25.490419 25.519427 3.355529e+04
736124 25.509756 25.548438 25.432395 25.480747 2.822706e+05
736125 25.645140 25.799861 25.587118 25.761180 2.755982e+04
736126 25.828870 25.867551 25.645138 25.780520 8.530973e+05
736127 25.674148 25.703160 25.606458 25.654810 1.396364e+05
736130 25.500088 25.558108 25.413057 25.548438 4.380561e+04
736131 25.645138 25.712829 25.432395 25.606458 3.162127e+04
736132 25.703160 25.703160 25.471077 25.635469 1.343179e+05
736133 25.683819 25.838541 25.683819 25.790191 3.036415e+04
736134 25.972522 25.972522 25.710662 25.710662 2.023102e+05
736137 25.623376 25.943426 25.623376 25.720361 9.892447e+04
736138 25.797948 25.797948 25.652472 25.681566 5.043208e+04
736139 25.642774 25.681567 25.477899 25.477899 1.406279e+05
736140 25.516691 25.584581 25.419707 25.448803 8.583152e+04
736141 25.565186 25.565186 25.351818 25.419707 4.286727e+04
736144 25.138452 25.303326 25.022070 25.031768 7.060491e+04
736145 25.216040 25.216040 25.002674 25.080262 5.596021e+04
736146 25.264532 25.264532 25.051166 25.109356 9.145664e+04
736147 25.080262 25.206342 25.060865 25.070563 6.430090e+04
736151 24.983276 25.119054 24.983276 25.051165 6.488281e+04
736152 25.051166 25.099657 24.934783 25.060864 3.510849e+04
736153 25.060865 25.060865 24.934784 24.944482 5.227479e+04
736154 25.041467 25.128754 25.022070 25.031768 8.252434e+05
736155 25.109356 25.177245 25.109356 25.109356 1.778701e+05
736158 25.051166 25.128754 25.012373 25.012373 1.881214e+06
736159 24.973577 25.216039 24.973577 25.167548 7.866434e+05
736160 25.186943 25.186943 25.128754 25.138452 5.178987e+04
736161 25.138451 25.138451 25.041467 25.051165 6.827728e+04
736162 25.313024 25.313024 25.022069 25.041467 9.556879e+05
736165 25.041467 25.080262 25.022069 25.060864 5.091700e+04
736166 25.031767 25.051165 24.954180 24.954180 3.326577e+04
736167 24.925086 24.963879 24.876593 24.886291 2.599192e+04
736168 24.895990 24.895990 24.799005 24.818402 2.878508e+05
736169 24.818402 24.818402 24.643829 24.643829 1.506173e+05
736172 24.537146 24.692321 24.508051 24.663227 6.080945e+04
736173 24.702020 24.740814 24.634131 24.731116 1.355847e+05
736174 24.721417 24.886291 24.721417 24.876593 1.968791e+05
736175 24.789306 24.876593 24.769911 24.837800 4.655269e+04
736176 24.876593 24.876593 24.760212 24.779607 1.478048e+05
736179 24.818401 24.818401 24.585638 24.711718 2.542941e+05
736180 24.682624 24.740814 24.614733 24.682624 3.520547e+04
736181 24.711718 24.847498 24.692320 24.711718 5.877277e+04
736182 24.672926 24.672926 24.498352 24.575940 1.566304e+05
736183 24.488655 24.537146 24.401368 24.498353 3.454598e+05
736186 24.643829 24.789305 24.643829 24.760212 4.393410e+04
736187 24.721417 24.721417 24.488654 24.595338 5.518433e+04
736188 24.527449 24.605037 24.420765 24.566242 2.287871e+05
736189 24.634132 24.634132 24.537146 24.537146 1.029978e+05
736190 24.469257 24.634131 24.469257 24.614733 8.340690e+04
736193 24.537146 24.740815 24.537146 24.740815 1.023189e+05
736194 24.828101 24.828101 24.653528 24.692321 4.878334e+04
736195 24.682624 24.682624 24.420764 24.517750 8.059434e+04
736196 24.323780 24.333478 24.042525 24.042525 7.729686e+04
736197 23.867953 24.013429 23.693379 23.732172 8.483258e+05
736200 23.227852 24.411065 23.033882 23.547902 1.148300e+05
736201 23.722474 23.858254 23.576997 23.780666 2.078384e+05
736202 23.829158 23.906745 23.693379 23.693379 4.461299e+04
736203 23.673982 23.867953 23.673982 23.848555 1.628374e+05
736204 23.858253 23.945541 23.712777 23.848555 5.014113e+04
736207 23.761268 24.120113 23.761268 24.081318 7.122561e+05
736208 23.916444 24.624431 23.916444 24.333478 1.101747e+05
736209 24.411066 24.411066 24.042525 24.061920 4.325521e+04
736210 23.906745 24.139508 23.877651 24.081318 2.153062e+04
736211 23.945540 24.284986 23.945540 24.236493 5.605719e+04
736215 24.236494 24.236494 24.042525 24.139508 6.352502e+04
736216 24.110414 24.110414 23.926142 24.032826 4.597078e+04
736217 23.994031 24.197700 23.974633 24.129809 4.166466e+05
736218 24.488654 24.488654 23.887348 23.935841 1.508113e+05
736221 23.800063 23.926142 23.509108 23.761268 3.442959e+04
736222 23.712776 23.809759 23.499409 23.499409 4.655269e+04
736223 23.499409 23.518806 23.353932 23.383028 6.808331e+04
736224 23.353933 23.392728 23.334535 23.334535 1.726329e+04
736225 23.335507 23.393869 23.335507 23.335507 5.836309e+04
736228 23.384145 23.384145 23.335508 23.354962 8.929552e+04
736229 23.335508 23.374418 23.335508 23.345235 4.279960e+04
736230 23.335508 23.354962 23.189600 23.189600 2.305342e+04
736231 23.218783 23.267418 23.189600 23.228508 1.138761e+06
736232 23.316053 23.345236 23.277145 23.316053 4.493958e+04
736235 23.218783 23.335508 23.014511 23.014511 8.345922e+04
736236 23.111782 23.228508 23.024238 23.092328 4.589284e+05
736237 23.296599 23.403596 23.209055 23.384144 2.809210e+05
736238 23.296600 23.452235 23.277145 23.277145 4.756592e+04
736239 23.228508 23.481415 23.228508 23.481415 8.491829e+04
736242 23.637050 23.705142 23.578688 23.646777 3.073789e+04
736243 23.500870 23.646776 23.500870 23.568960 7.538565e+04
736244 23.666233 23.734323 23.588415 23.685687 3.171061e+04
736245 23.646776 23.802411 23.617596 23.773231 2.752792e+04
736246 23.763503 23.841321 23.763503 23.792684 9.921725e+03
736249 23.851048 23.851048 23.646776 23.656504 1.108899e+04
736250 23.617597 23.695415 23.617597 23.666232 1.507713e+04
736251 23.666231 23.705141 23.588414 23.588414 2.801428e+04
736252 23.675959 23.753776 23.617597 23.744049 7.488957e+05
736253 23.744049 23.831594 23.724594 23.831594 6.419940e+04
736256 23.763504 23.782959 23.627324 23.666232 4.795500e+04
736257 23.627325 23.714867 23.598142 23.646777 1.721711e+04
736258 23.539780 23.705142 23.539780 23.549505 4.406413e+04
736259 23.666232 23.909412 23.666232 23.880229 2.227525e+04
736260 23.919138 24.191501 23.919138 24.162318 7.519111e+04
736263 24.074773 24.123408 24.074773 24.113683 1.663348e+04
736264 23.977501 24.074773 23.812139 24.026138 8.365376e+04
736265 23.967773 24.279043 23.967773 24.279043 3.083516e+04
736266 24.210952 24.317952 24.210952 24.298498 3.647693e+04
736267 24.337407 24.347135 24.220681 24.220681 2.898700e+04
736270 24.162317 24.473587 24.162317 24.463860 3.764419e+04
736271 24.405497 24.580586 24.386043 24.512497 1.551485e+05
736272 24.531949 24.541677 24.405497 24.463860 5.709855e+04
736273 24.493042 24.502770 24.347136 24.424953 1.581640e+05
736274 24.386044 24.434681 24.279044 24.405498 9.435366e+03
736277 24.298499 24.347135 24.113683 24.210953 3.114643e+05
736278 24.152591 24.249863 24.152591 24.240136 6.137851e+04
736279 24.172045 24.288771 24.172045 24.201226 2.344251e+04
736280 24.201226 24.201226 24.074773 24.113683 1.402660e+05
736281 24.055319 24.074773 23.996956 23.996956 1.235352e+04
736284 23.967774 24.094228 23.967774 24.094228 5.223496e+04
736285 24.113684 24.249863 24.094228 24.240136 9.639637e+04
736286 24.240136 24.405498 24.230409 24.405498 1.799529e+04
736287 24.288771 24.502771 24.288771 24.454133 5.758491e+04
736288 24.483316 24.531951 24.424954 24.444406 2.665248e+04
736291 24.463861 24.512498 24.356863 24.356863 5.641765e+04
736292 24.317953 24.444406 24.298499 24.415225 3.997872e+04
736293 24.405498 24.405498 24.337408 24.337408 1.031081e+04
736295 24.220681 24.415225 24.220681 24.366588 4.027053e+04
736298 24.415225 24.415225 24.288771 24.308226 8.970407e+05
736299 24.356863 24.483315 24.327680 24.483315 1.086526e+05
736300 24.405497 24.424953 24.220681 24.220681 4.902499e+04
736301 24.240136 24.240136 24.103956 24.133136 3.355878e+04
736302 24.123408 24.366588 24.094228 24.327680 3.890872e+04
736305 24.444405 24.823766 24.230408 24.279043 2.772247e+04
736306 24.181773 24.259591 24.152591 24.210953 2.888973e+04
736307 24.133136 24.317953 24.074774 24.133136 4.202142e+04
736308 24.142863 24.288770 24.113683 24.181773 2.509613e+04
736309 24.065046 24.210953 24.035864 24.152591 7.956834e+04
736312 24.162318 24.240135 24.016411 24.074773 1.290797e+05
736313 24.201226 24.366588 24.152591 24.249863 1.100144e+05
736314 24.298499 24.424953 24.240136 24.424953 2.261570e+05
736315 24.415225 24.434680 24.152591 24.162318 8.452920e+04
736316 24.139813 24.139813 23.944110 23.944110 3.757474e+04
736319 23.973466 24.061532 23.953896 24.051747 1.943319e+05
736320 24.051747 24.120242 23.983251 24.090888 1.369912e+05
736321 24.169170 24.433365 24.169170 24.433365 1.548980e+05
736322 24.319657 24.398076 24.192227 24.300054 3.293593e+04
736326 24.309854 24.349065 24.231435 24.251041 6.783234e+05
736327 24.143214 24.486297 24.143214 24.368670 8.831927e+04
736328 24.251041 24.456892 24.251041 24.349065 1.537010e+05
736329 24.153018 24.339263 24.113809 24.192228 2.812297e+05
736333 24.054996 24.113809 23.907958 24.113809 4.724738e+04
736334 24.035390 24.094204 23.986377 24.015785 6.567582e+04
736335 23.878553 23.947169 23.780529 23.819737 5.528532e+04
736336 23.604086 23.770726 23.555075 23.604086 1.036110e+05
736337 23.613888 23.613888 23.574678 23.584480 5.989243e+04
736340 23.604086 23.623690 23.584480 23.584480 2.970115e+04
736341 23.594283 23.613888 23.574677 23.594283 2.362369e+04
736342 23.613888 23.653097 23.251200 23.251200 1.693848e+05
736343 23.329619 23.613888 23.261003 23.604086 1.340963e+05
736344 23.270806 23.800134 23.270806 23.604086 2.294733e+05
736348 23.643296 23.682505 23.535469 23.584480 1.153738e+05
736349 23.349224 23.525666 23.231597 23.515864 6.900862e+04
736350 23.486456 23.623690 23.486456 23.515864 1.254702e+04
736351 23.535469 23.555075 23.349224 23.349224 1.438987e+05
736354 23.349224 23.417839 23.329618 23.359026 2.470195e+04
736355 23.398237 23.417840 23.319818 23.319818 6.322523e+04
736356 23.349224 23.398236 23.310015 23.388434 1.754623e+04
736357 23.368829 23.398237 23.261003 23.329619 4.793355e+04
736358 23.300213 23.476656 23.300213 23.476656 3.689609e+05
736361 23.319818 23.496259 23.319818 23.368829 2.892677e+05
736362 23.310015 23.349224 23.241397 23.270805 3.019127e+04
736363 23.231597 23.388435 23.182584 23.368829 1.215493e+04
736364 23.329619 23.447248 23.329619 23.398237 2.019286e+04
736365 23.339421 23.339421 23.153178 23.172781 3.342605e+04
736368 23.133572 23.133572 22.917919 23.064956 7.841889e+04
736369 23.133572 23.162979 23.064957 23.094362 4.224818e+04
736370 23.153177 23.280607 23.113967 23.113967 3.414162e+05
736371 23.035549 23.133572 23.015944 23.094362 5.381496e+04
736372 23.270805 23.339421 23.182584 23.339421 1.244900e+04
736376 23.241397 23.506062 23.241397 23.506062 3.822921e+04
736377 23.486456 23.731515 23.486456 23.672702 2.587823e+04
736378 23.682505 23.682505 23.564878 23.574678 3.479838e+04
736379 23.574678 23.721715 23.486456 23.506062 3.999363e+04
736382 23.584480 23.653096 23.545271 23.564877 1.988899e+05
736383 23.653097 23.653097 23.476656 23.496259 1.284109e+04
736384 23.486456 23.584480 23.398237 23.564877 1.394876e+05
736385 23.447247 23.682504 23.447247 23.682504 1.388995e+05
736386 23.751122 23.751122 23.702110 23.702110 2.001642e+05
736389 23.731516 23.731516 23.574678 23.574678 4.734541e+04
736390 23.692307 23.858947 23.025746 23.025746 6.695013e+04
736391 23.819736 23.917761 23.809936 23.917761 1.163540e+05
736392 23.898155 23.898155 23.770725 23.878552 1.235097e+04
736393 23.878553 23.996181 23.809937 23.947169 2.597626e+04
736396 23.888354 24.025587 23.849144 23.956971 3.499443e+04
736397 23.829539 23.907957 23.741317 23.760923 1.422323e+05
736398 23.858946 23.898155 23.790330 23.878552 6.067661e+04
736399 23.917761 24.015784 23.662899 23.839342 9.194615e+04
736400 23.996180 24.211833 23.996180 24.211833 1.543872e+05
736403 24.133414 24.241239 24.133414 24.221633 1.186086e+04
736404 24.084401 24.153017 24.035390 24.153017 2.489800e+04
736405 24.074598 24.309855 24.074598 24.260844 1.519366e+04
736406 24.241239 24.447089 24.221633 24.417681 3.136755e+04
736407 24.427484 24.456892 24.388274 24.427484 7.939913e+03
736410 24.251041 24.486298 24.054995 24.486298 6.155883e+04
736411 24.368671 24.496101 24.339263 24.427484 9.253429e+04
736412 24.378473 24.427484 24.290252 24.309855 1.088062e+04
736413 24.202031 24.280449 24.172623 24.280449 2.479997e+04
736417 24.339262 24.368670 24.270646 24.329460 4.979599e+04
736418 24.251042 24.476495 24.211833 24.476495 3.342605e+04
736419 24.554913 24.643135 24.554913 24.574519 2.107508e+04
736420 24.554913 24.603926 24.496100 24.515705 7.871296e+04
736421 24.388273 24.682345 24.358867 24.652938 5.999045e+04
736424 24.505903 24.633333 24.496101 24.603927 2.921104e+04
736425 24.437287 24.466693 24.358868 24.388274 4.264027e+04
736426 24.398076 24.603927 24.388274 24.603927 4.824722e+05
736427 24.496100 24.515705 24.309855 24.349065 9.116196e+03
736428 24.525508 24.545113 24.398076 24.398076 6.028452e+04
736431 24.505903 24.564717 24.388274 24.388274 1.264505e+04
736432 24.388273 24.496100 24.388273 24.466692 4.597307e+04
736433 24.515705 24.564716 24.505903 24.564716 9.655326e+04
736434 24.554914 24.613730 24.525508 24.554914 4.714936e+04
736435 24.525508 24.535311 24.476495 24.505903 1.083161e+05
736438 24.456892 24.643135 24.456892 24.643135 1.686006e+04
736439 24.682345 24.741159 24.643134 24.692148 2.636835e+04
736440 24.711752 24.819579 24.701951 24.721554 1.257643e+05
736441 24.770566 24.770566 24.594123 24.613729 6.469558e+04
736442 24.515705 24.633332 24.515705 24.594124 7.155724e+03
736445 24.535311 24.564716 24.486298 24.554914 1.872251e+04
736446 24.603927 24.662741 24.554914 24.603927 5.018809e+04
736447 24.574519 24.643135 24.525508 24.643135 1.156679e+04
736448 24.535310 24.662740 24.398075 24.417681 7.439992e+04
736449 24.564716 24.564716 24.221634 24.339263 1.745801e+05
736452 24.270646 24.496101 24.270646 24.476495 2.166322e+04
736453 24.319657 24.319657 24.231436 24.290252 1.303714e+04
736454 24.231435 24.280448 24.221633 24.221633 5.881417e+03
736455 24.221634 24.241240 24.162821 24.192228 6.832246e+04
736456 24.202031 24.202031 24.104007 24.192228 1.016505e+05
736459 24.172622 24.251041 24.143214 24.162820 2.538812e+04
736460 24.270646 24.456891 24.270646 24.447089 4.828643e+05
736461 24.378473 24.437286 24.251041 24.251041 7.939912e+03
736462 24.319657 24.339262 24.143214 24.221633 2.949040e+06
736463 24.270646 24.270646 24.025587 24.074598 7.557620e+04
736466 24.084401 24.192227 24.084401 24.172622 5.689290e+05
736467 24.172623 24.182425 24.045193 24.064796 2.968155e+05
736468 24.035390 24.143215 23.956972 24.064796 6.626396e+04
736469 24.005982 24.045193 23.956972 23.996180 7.781114e+05
736470 24.074598 24.172623 24.045193 24.104006 7.939913e+04
736473 24.143214 24.153016 24.094203 24.123611 2.548614e+03
736474 24.143214 24.251041 24.143214 24.221633 1.925184e+05
736475 24.329461 24.437287 24.309855 24.388274 2.680946e+05
736476 24.349066 24.407880 24.349066 24.388274 1.058655e+04
736477 24.368671 24.456892 24.358868 24.398076 2.754463e+05
736481 24.427484 24.427484 24.368671 24.378473 2.646637e+04
736482 24.349065 24.427484 24.329460 24.427484 7.949715e+04
736483 24.368671 24.398076 24.358867 24.378473 2.352567e+04
736484 24.368670 24.368670 24.329460 24.329460 1.235097e+04
736487 24.358868 24.437287 24.358868 24.437287 9.312243e+03
736488 24.427483 24.476494 24.427483 24.447089 1.059635e+05
736489 24.486298 24.554914 24.486298 24.535311 2.058496e+04
736490 24.515705 24.535310 24.447089 24.496100 5.018809e+04
736491 24.388273 24.398076 24.260844 24.349065 5.303077e+04
736494 24.280448 24.378473 24.241239 24.251041 2.029089e+04
736495 24.192228 24.241240 24.094204 24.192228 2.019286e+04
736496 24.221633 24.260843 24.123611 24.123611 4.342446e+04
736497 24.074598 24.182425 23.966774 24.182425 7.449794e+03
736498 24.169622 24.169622 24.031734 24.100677 8.184578e+04
736501 24.307509 24.376452 24.218867 24.218867 9.721034e+04
736502 24.248416 24.327208 24.248416 24.268112 6.007934e+03
736503 24.307508 24.376452 24.248415 24.258262 5.909443e+03
736504 24.425696 24.543886 24.406000 24.543886 1.044002e+04
736505 23.854451 24.061282 23.815056 23.854451 1.062715e+05
736508 23.588528 23.588528 23.352148 23.352148 6.431444e+04
736509 23.332451 23.332451 23.253659 23.283204 5.515480e+03
736510 23.233960 23.263508 23.224111 23.233960 1.428115e+04
736511 23.214262 23.253659 23.204412 23.224111 2.755770e+05
736512 23.214262 23.243809 23.194563 23.233960 3.687492e+05
736516 23.224111 23.253659 23.214262 23.224111 3.742647e+03
736517 23.214262 23.263508 23.214262 23.243809 8.667183e+03
736518 23.243808 23.302903 23.194562 23.214261 1.039077e+05
736519 23.243809 23.381696 23.243809 23.381696 1.437964e+04
736522 23.381696 23.480186 23.381696 23.440789 4.461629e+04
736523 23.480187 23.588527 23.480187 23.529431 6.500387e+03
736524 23.539280 23.558978 23.499885 23.499885 2.659249e+03
736525 23.608224 23.637772 23.568829 23.608224 4.441931e+04
736526 23.627923 23.627923 23.549130 23.549130 2.363777e+03
736529 23.578678 23.588527 23.558979 23.568828 1.231134e+04
736530 23.578678 23.578678 23.490036 23.519582 2.038758e+04
736531 23.578678 23.647620 23.578678 23.618073 2.859185e+05
736532 23.598375 23.618074 23.519582 23.529431 1.319776e+04
736533 23.549129 23.637771 23.549129 23.627922 7.189822e+03
736536 23.677169 23.677169 23.529431 23.558979 8.765674e+03
736537 23.608223 23.608223 23.509735 23.568828 9.553599e+03
736538 23.647621 23.647621 23.470337 23.549130 2.225890e+04
736539 23.480186 23.558979 23.480186 23.549130 4.629064e+03
736540 23.578678 23.588527 23.529431 23.558979 1.625097e+04
736543 23.568828 23.618074 23.509735 23.529431 7.780767e+03
736544 23.509735 23.509735 23.361997 23.421093 6.106424e+03
736545 23.401394 23.470337 23.401394 23.460488 3.939629e+03
736546 23.490035 23.519581 23.470337 23.499885 7.780766e+03
736547 23.558979 23.706716 23.558979 23.637772 9.849072e+02
736550 23.588527 23.667319 23.588527 23.618073 1.004605e+04
736551 23.568828 23.677168 23.568828 23.618073 8.381560e+04
736552 23.627922 23.627922 23.549130 23.568828 1.044002e+04
736553 23.608223 23.726413 23.568828 23.687016 1.679267e+05
736554 23.618074 23.696866 23.618074 23.696866 2.235739e+04
736557 23.687016 23.785507 23.677169 23.746112 4.136610e+03
736558 23.805206 23.805206 23.598375 23.637772 3.545666e+03
736559 23.598375 23.657470 23.529431 23.657470 8.174729e+03
736560 23.667320 23.696865 23.637772 23.677169 3.447175e+03
736561 23.578678 23.667320 23.578678 23.657470 4.629064e+03
736564 23.687016 23.687016 23.618074 23.657470 1.930418e+04
736565 23.726413 23.775657 23.716564 23.726413 2.127399e+04
736566 23.687016 23.706715 23.568828 23.598374 1.605399e+04
736567 23.558979 23.627922 23.558979 23.568828 5.318499e+03
736568 23.578678 23.667320 23.470337 23.539281 3.663855e+04
736571 23.637772 23.677169 23.637772 23.647621 2.856231e+03
736572 23.598374 23.608223 23.558979 23.588527 5.515480e+03
736573 23.578678 23.578678 23.490035 23.568828 9.947562e+03
736574 23.529431 23.549130 23.440789 23.539281 1.004605e+04
736575 23.637771 23.667319 23.578678 23.627922 3.939629e+04
736579 23.637772 23.677169 23.588527 23.657470 6.007934e+03
736580 23.647621 23.687016 23.627923 23.657470 3.841138e+03
736581 23.667319 23.667319 23.598374 23.627922 6.598878e+03
736582 23.539281 23.539281 23.480187 23.529431 3.594911e+04
736585 23.480186 23.815054 23.480186 23.785507 1.034152e+04
736586 23.637772 23.637772 23.499886 23.519582 1.477361e+04
736587 23.608224 23.716564 23.490036 23.519582 1.408417e+04
736588 23.450637 23.667319 23.450637 23.667319 3.053212e+03
736589 23.662375 23.662375 23.563494 23.583270 5.774687e+04
736592 23.514053 23.840362 23.494276 23.523941 1.977633e+03
736593 23.701927 23.701927 23.701927 23.701927 1.977633e+02
736594 23.514053 23.514053 23.514053 23.514053 1.977633e+02
736595 23.237184 23.593159 21.190334 23.583270 9.393755e+03
736596 23.504164 23.514053 23.484388 23.484388 6.921714e+02
736599 23.593159 23.711816 23.484388 23.484388 3.965154e+04
736600 23.543716 23.543716 23.454723 23.484388 1.690876e+04
736601 23.563494 23.583270 23.474500 23.583270 5.537372e+03
736602 23.504163 23.692037 23.494275 23.553604 9.789281e+03
736603 23.523942 23.612933 23.523942 23.612933 3.757502e+03
736606 23.523941 23.543715 23.474499 23.474499 1.087698e+03
736607 23.474500 23.474500 23.405283 23.434948 1.483224e+03
736608 23.514053 23.533828 23.444834 23.494276 5.557148e+04
736609 23.464611 23.553604 23.464611 23.474499 4.647437e+03
736610 23.434947 23.434947 23.405282 23.405282 4.944082e+02
736613 23.583269 23.583269 23.484388 23.504164 1.265685e+04
736614 23.415170 23.474499 23.227295 23.227295 3.124660e+04
736615 23.316289 23.316289 23.266849 23.266849 2.570922e+03
736616 23.138302 23.306400 23.138302 23.227295 1.087698e+03
736617 23.256960 23.306401 23.207519 23.237184 1.483225e+03
736620 23.167966 23.167966 23.138302 23.138302 1.087698e+03
736621 23.256960 23.326177 23.256960 23.266849 5.023187e+04
736622 23.286624 23.355843 23.286624 23.296512 3.658620e+03
736623 23.237184 23.286624 23.207518 23.247072 5.240727e+03
736624 23.197630 23.247072 23.197630 23.247072 5.932898e+02
736627 23.306400 23.385506 23.306400 23.355842 3.856384e+03
736628 23.256959 23.345954 23.227295 23.227295 4.449673e+03
736629 23.227295 23.227295 23.207518 23.207518 2.966449e+02
736630 23.247071 23.276737 23.187743 23.217407 2.551146e+04
736631 23.227296 23.227296 23.128413 23.128413 1.601882e+04
736634 23.177855 23.227295 23.158078 23.158078 1.483224e+03
736635 23.138302 23.138302 22.940540 22.999868 1.680988e+03
736636 22.980091 23.009755 22.841657 22.989979 2.453253e+05
736637 22.821881 22.871321 22.772441 22.802104 1.582106e+03
736638 22.960314 23.108638 22.831769 22.851546 9.789282e+03
736641 22.989979 23.247071 22.989979 23.158078 2.114089e+05
736642 23.118524 23.306400 23.118524 23.306400 3.559739e+03
736643 22.653782 23.484387 22.653782 23.405282 2.966449e+03
736644 23.306401 23.593159 23.306401 23.484388 9.097110e+03
736645 23.444834 23.514053 23.385506 23.395394 1.789758e+04
736648 23.593159 23.593159 23.336065 23.434948 7.712767e+03
736649 23.425060 23.603047 23.425060 23.563493 5.843904e+04
736650 23.484388 23.622821 23.484388 23.622821 1.878751e+03
736651 23.533828 23.652487 23.533828 23.583270 1.334902e+04
736652 23.514052 23.553604 23.514052 23.553604 2.472041e+03
736655 23.454722 23.612932 23.454722 23.593158 1.443672e+04
736656 23.622821 23.711816 23.553605 23.612933 6.427306e+03
736657 23.662374 23.682151 23.612932 23.652486 2.570922e+03
736659 23.721704 23.721704 23.662375 23.662375 2.274278e+03
736662 23.672264 23.711815 23.632710 23.632710 1.048145e+04
736663 23.721703 23.751368 23.652486 23.652486 1.552442e+04
736664 23.652486 23.761257 23.612933 23.622821 2.739021e+04
736665 23.573381 23.672264 23.504164 23.514053 1.957856e+04
736666 23.434949 23.593159 23.434949 23.583270 1.285461e+03
736669 23.652487 23.662375 23.652487 23.662375 2.966449e+02
736670 23.652486 23.771145 23.603046 23.721703 1.483224e+04
736671 23.830474 24.077678 23.810698 24.077678 9.097110e+03
736672 23.959019 24.127118 23.959019 24.087566 1.186580e+03
736673 24.008461 24.196334 24.008461 24.186446 1.829310e+04
736676 24.097454 24.265553 24.097454 24.127118 1.196468e+04
736677 24.285328 24.413876 24.285328 24.394099 2.768686e+03
736678 24.305104 24.394098 24.206223 24.216111 1.216244e+04
736679 24.354545 24.354545 24.206224 24.226000 2.570922e+03
736680 24.379999 24.379999 24.160000 24.190001 5.000000e+03
736683 24.070000 24.320000 23.770000 24.209999 1.900000e+03
736684 24.139999 24.360001 24.139999 24.260000 7.900000e+03
736685 24.170000 24.290001 24.170000 24.280001 2.500000e+03
736686 24.209999 24.330000 24.110001 24.170000 5.890000e+04
736687 24.110001 24.280001 24.110001 24.230000 2.760000e+04
736691 24.360001 24.410000 24.250000 24.290001 7.340000e+04
736692 24.450001 24.450001 24.080000 24.120001 3.374000e+05
736693 24.040001 24.190001 24.040001 24.100000 4.470000e+04
736694 24.129999 24.190001 23.990000 23.990000 7.900000e+03
736698 24.420000 24.420000 24.059999 24.100000 1.510000e+04
736699 24.280001 24.330000 24.280001 24.299999 3.900000e+03
736700 24.299999 24.299999 24.200001 24.240000 1.400000e+04
736701 24.270000 24.450001 24.270000 24.440001 3.500000e+03
736704 24.299999 24.309999 24.290001 24.299999 5.600000e+03
736705 24.240000 24.379999 24.240000 24.320000 2.300000e+03
736706 24.340000 24.340000 24.240000 24.330000 3.200000e+03
736707 24.250000 24.250000 24.150000 24.230000 1.400000e+03
736708 24.340000 24.360001 24.309999 24.360001 4.000000e+03
736712 24.320000 24.320000 24.250000 24.250000 3.500000e+03
736713 24.200001 24.250000 24.200001 24.240000 1.600000e+03
736714 24.340000 24.340000 24.209999 24.209999 1.000000e+03
736715 24.320000 24.340000 24.209999 24.219999 1.910000e+04
736718 24.299999 24.299999 24.139999 24.200001 2.700000e+03
736719 24.190001 24.250000 24.190001 24.209999 7.200000e+03
736720 24.430000 24.480000 24.430000 24.480000 2.400000e+03
736721 24.480000 24.480000 24.400000 24.400000 6.200000e+03
736722 24.420000 24.480000 24.280001 24.480000 2.900000e+03
736725 24.270000 24.360001 24.270000 24.299999 3.200000e+04
736726 24.209999 24.260000 24.170000 24.260000 2.200000e+03
736727 24.219999 24.420000 24.180000 24.230000 6.700000e+03
736728 24.280001 24.290001 24.270000 24.270000 3.100000e+03
736729 24.400000 24.469999 24.400000 24.440001 4.700000e+03
736732 24.459999 24.459999 24.450001 24.450001 2.400000e+03
736733 24.549999 24.549999 24.430000 24.480000 1.400000e+03
736734 24.440001 24.450001 24.370001 24.440001 2.400000e+03
736735 24.500000 24.580000 24.500000 24.580000 2.400000e+03
736736 24.650000 24.719999 24.650000 24.660000 6.300000e+03
736739 24.660000 24.790001 24.660000 24.790001 3.200000e+03
736740 24.670000 24.850000 24.650000 24.850000 3.200000e+03
736741 24.820000 25.030001 24.820000 25.030001 3.600000e+03
736742 25.139999 25.139999 24.950001 25.059999 1.960000e+04
736743 24.969999 25.040001 24.959999 25.020000 1.600000e+03
736747 25.230000 25.250000 25.070000 25.209999 4.700000e+03
736748 25.180000 25.180000 25.160000 25.160000 1.100000e+03
736749 25.200001 25.200001 25.150000 25.190001 2.000000e+03
736750 25.190001 25.190001 25.190001 25.190001 1.600000e+03
736753 25.270000 25.270000 25.200001 25.270000 2.600000e+03
736754 25.400000 25.400000 25.170000 25.209999 3.400000e+03
736755 25.350000 25.580000 25.209999 25.530001 3.220000e+04
736756 25.530001 25.530001 25.530001 25.530001 0.000000e+00
736757 25.209999 25.309999 25.209999 25.309999 1.100000e+03
736760 25.190001 25.270000 25.190001 25.270000 1.200000e+03
736761 25.240000 25.280001 25.190001 25.200001 8.800000e+03
736762 25.290001 25.290001 25.129999 25.230000 1.120000e+04
736763 25.080000 25.190001 25.080000 25.150000 4.400000e+03
736764 25.250000 25.350000 25.170000 25.280001 5.100000e+03
