736034 1.850000 1.880000 1.830000 1.850000 1.130000e+05
736035 1.860000 1.860000 1.770000 1.820000 8.770000e+04
736036 1.760000 1.820000 1.530000 1.750000 1.476000e+05
736039 1.750000 1.780000 1.750000 1.770000 4.350000e+04
736040 1.760000 1.780000 1.650000 1.720000 1.233000e+05
736041 1.750000 1.800000 1.720000 1.750000 7.190000e+04
736042 1.740000 1.820000 1.710000 1.790000 1.815000e+05
736043 1.790000 1.810000 1.760000 1.760000 5.430000e+04
736046 1.760000 1.810000 1.720000 1.720000 8.990000e+04
736047 1.730000 1.770000 1.730000 1.760000 8.590000e+04
736048 1.760000 1.780000 1.720000 1.730000 1.689000e+05
736049 1.710000 1.760000 1.700000 1.730000 8.710000e+04
736050 1.720000 1.790000 1.710000 1.770000 8.340000e+04
736053 1.740000 1.810000 1.710000 1.750000 8.080000e+04
736054 1.750000 1.850000 1.720000 1.780000 1.787000e+05
736055 1.730000 1.820000 1.720000 1.810000 1.654000e+05
736056 1.800000 1.830000 1.750000 1.800000 1.467000e+05
736060 1.800000 1.870000 1.790000 1.840000 1.350000e+05
736061 1.840000 1.900000 1.810000 1.840000 2.677000e+05
736062 1.830000 2.060000 1.830000 2.000000 3.096700e+06
736063 2.000000 2.180000 2.000000 2.080000 2.690000e+05
736064 2.100000 2.100000 1.980000 1.990000 2.613000e+05
736067 1.970000 2.010000 1.960000 1.970000 2.592000e+05
736068 1.950000 2.030000 1.940000 2.010000 1.909000e+05
736069 1.990000 2.090000 1.990000 2.050000 1.383000e+05
736070 2.040000 2.040000 1.990000 2.010000 1.390000e+05
736071 2.020000 2.050000 2.000000 2.000000 1.193000e+05
736074 1.990000 2.060000 1.990000 2.050000 1.313000e+05
736075 2.020000 2.110000 2.020000 2.060000 3.452000e+05
736076 2.070000 2.130000 2.050000 2.080000 1.424000e+05
736077 2.130000 2.290000 2.100000 2.220000 4.162000e+05
736078 2.210000 2.300000 2.200000 2.230000 2.074000e+05
736081 2.210000 2.230000 2.090000 2.120000 1.788000e+05
736082 2.100000 2.160000 2.030000 2.140000 2.050000e+05
736083 2.140000 2.240000 2.090000 2.200000 2.494000e+05
736084 2.200000 2.230000 2.140000 2.200000 1.919000e+05
736085 2.210000 2.210000 2.120000 2.180000 8.670000e+04
736088 2.160000 2.190000 2.140000 2.170000 7.900000e+04
736089 2.130000 2.150000 2.100000 2.110000 5.340000e+04
736090 2.100000 2.170000 2.100000 2.140000 7.640000e+04
736091 2.080000 2.130000 2.050000 2.110000 1.035000e+05
736092 2.120000 2.200000 2.080000 2.170000 2.721000e+05
736095 2.090000 2.140000 2.030000 2.110000 1.402000e+05
736096 2.070000 2.130000 2.050000 2.120000 1.231000e+05
736097 2.120000 2.130000 2.040000 2.120000 1.465000e+05
736098 2.110000 2.120000 2.040000 2.100000 1.707000e+05
736099 2.120000 2.160000 2.100000 2.130000 1.266000e+05
736102 2.130000 2.200000 2.130000 2.200000 9.510000e+04
736103 2.190000 2.300000 2.150000 2.240000 7.298000e+05
736104 2.250000 2.350000 2.230000 2.240000 1.710300e+06
736105 2.240000 2.310000 2.110000 2.220000 1.478000e+06
736106 2.250000 2.250000 2.140000 2.180000 5.604000e+05
736110 2.130000 2.160000 2.110000 2.160000 1.646000e+05
736111 2.140000 2.160000 1.980000 2.060000 3.009400e+06
736112 2.050000 2.140000 2.020000 2.040000 1.029200e+06
736113 2.030000 2.110000 1.860000 1.940000 1.920300e+06
736116 1.970000 2.060000 1.940000 2.020000 6.533000e+05
736117 1.980000 2.060000 1.940000 2.050000 4.515000e+05
736118 2.020000 2.180000 2.020000 2.130000 5.443000e+05
736119 2.100000 2.200000 2.100000 2.170000 2.902000e+05
736120 2.100000 2.200000 2.100000 2.160000 2.734000e+05
736123 2.160000 2.200000 2.130000 2.200000 2.182000e+05
736124 2.180000 2.180000 2.110000 2.120000 6.890000e+04
736125 2.130000 2.160000 2.080000 2.120000 4.950000e+04
736126 2.130000 2.150000 2.080000 2.100000 8.910000e+04
736127 2.100000 2.110000 2.020000 2.050000 5.220000e+04
736130 2.000000 2.020000 1.960000 1.980000 1.799000e+05
736131 1.990000 2.010000 1.960000 1.970000 1.128000e+05
736132 1.950000 2.010000 1.950000 1.990000 4.620000e+04
736133 1.950000 2.050000 1.950000 2.050000 8.500000e+04
736134 2.050000 2.160000 2.010000 2.140000 3.185000e+05
736137 2.110000 2.130000 2.020000 2.050000 1.213000e+05
736138 2.070000 2.100000 2.030000 2.060000 8.210000e+04
736139 2.040000 2.060000 1.980000 2.020000 6.810000e+04
736140 2.020000 2.040000 1.990000 2.030000 4.880000e+04
736141 2.000000 2.030000 1.980000 1.980000 4.710000e+04
736144 1.950000 1.970000 1.880000 1.920000 2.040000e+05
736145 1.940000 1.950000 1.890000 1.950000 4.580000e+04
736146 1.930000 1.950000 1.880000 1.910000 1.287000e+05
736147 1.900000 1.960000 1.880000 1.960000 6.530000e+04
736151 1.930000 1.930000 1.810000 1.890000 1.829000e+05
736152 1.900000 1.900000 1.840000 1.850000 1.520000e+05
736153 1.820000 1.860000 1.790000 1.790000 1.260000e+05
736154 1.800000 1.860000 1.780000 1.790000 1.104000e+05
736155 1.790000 1.860000 1.790000 1.820000 3.670000e+04
736158 1.840000 1.860000 1.820000 1.860000 8.540000e+04
736159 1.860000 1.870000 1.840000 1.860000 6.070000e+04
736160 1.850000 1.970000 1.830000 1.920000 4.663000e+05
736161 1.900000 1.970000 1.900000 1.910000 4.032000e+05
736162 1.940000 1.940000 1.870000 1.890000 3.590000e+04
736165 1.890000 1.900000 1.830000 1.870000 2.679000e+05
736166 1.830000 1.850000 1.740000 1.770000 4.403000e+05
736167 1.770000 1.810000 1.750000 1.750000 7.450000e+04
736168 1.760000 1.810000 1.710000 1.710000 1.021000e+05
736169 1.710000 1.770000 1.710000 1.710000 6.890000e+04
736172 1.720000 1.780000 1.670000 1.710000 1.152000e+05
736173 1.690000 1.740000 1.650000 1.670000 1.578000e+05
736174 1.700000 1.720000 1.630000 1.650000 1.347000e+05
736175 1.680000 1.680000 1.570000 1.590000 1.523000e+05
736176 1.620000 1.680000 1.620000 1.640000 4.910000e+04
736179 1.710000 1.750000 1.700000 1.720000 1.234000e+05
736180 1.720000 1.740000 1.670000 1.670000 7.310000e+04
736181 1.680000 1.700000 1.650000 1.690000 5.490000e+04
736182 1.670000 1.700000 1.650000 1.650000 7.200000e+04
736183 1.650000 1.650000 1.550000 1.570000 8.310000e+04
736186 1.580000 1.660000 1.580000 1.630000 4.280000e+04
736187 1.670000 1.670000 1.550000 1.630000 7.240000e+04
736188 1.630000 1.630000 1.570000 1.630000 2.920000e+04
736189 1.620000 1.670000 1.590000 1.620000 4.650000e+04
736190 1.600000 1.660000 1.570000 1.630000 4.220000e+04
736193 1.670000 1.680000 1.630000 1.660000 8.870000e+04
736194 1.650000 1.670000 1.600000 1.630000 2.430000e+04
736195 1.650000 1.650000 1.570000 1.590000 7.020000e+04
736196 1.570000 1.580000 1.530000 1.550000 1.398000e+05
736197 1.530000 1.710000 1.500000 1.520000 2.709000e+05
736200 1.420000 1.470000 1.330000 1.330000 2.156000e+05
736201 1.450000 1.450000 1.330000 1.340000 7.600000e+04
736202 1.340000 1.560000 1.340000 1.390000 3.456000e+05
736203 1.400000 1.450000 1.390000 1.400000 4.440000e+04
736204 1.440000 1.480000 1.400000 1.460000 2.470000e+04
736207 1.460000 1.490000 1.410000 1.470000 2.570000e+04
736208 1.420000 1.490000 1.400000 1.460000 2.640000e+04
736209 1.460000 1.460000 1.430000 1.450000 1.920000e+04
736210 1.390000 1.470000 1.350000 1.430000 5.049000e+05
736211 1.440000 1.470000 1.440000 1.460000 3.190000e+04
736215 1.450000 1.470000 1.440000 1.470000 2.280000e+04
736216 1.560000 1.560000 1.420000 1.490000 1.983000e+05
736217 1.450000 1.480000 1.440000 1.450000 2.940000e+04
736218 1.410000 1.420000 1.400000 1.400000 3.580000e+04
736221 1.400000 1.610000 1.360000 1.390000 8.340000e+04
736222 1.400000 1.400000 1.360000 1.400000 1.490000e+04
736223 1.380000 1.440000 1.380000 1.390000 2.176000e+05
736224 1.370000 1.420000 1.340000 1.410000 4.140000e+04
736225 1.410000 1.450000 1.380000 1.400000 3.940000e+04
736228 1.360000 1.440000 1.360000 1.380000 3.390000e+04
736229 1.450000 1.450000 1.370000 1.430000 1.748000e+05
736230 1.440000 1.440000 1.410000 1.410000 4.900000e+03
736231 1.380000 1.410000 1.350000 1.380000 2.280000e+04
736232 1.380000 1.430000 1.380000 1.410000 1.660000e+04
736235 1.400000 1.400000 1.300000 1.330000 8.010000e+04
736236 1.330000 1.330000 1.190000 1.300000 2.710000e+05
736237 1.310000 1.310000 1.130000 1.180000 3.572000e+05
736238 1.200000 1.200000 1.050000 1.120000 1.674000e+05
736239 1.100000 1.150000 1.010000 1.030000 4.612000e+05
736242 1.060000 1.120000 1.040000 1.070000 4.839000e+05
736243 1.100000 1.100000 1.040000 1.050000 8.080000e+04
736244 1.080000 1.160000 1.040000 1.130000 7.780000e+04
736245 1.080000 1.150000 1.080000 1.140000 5.260000e+04
736246 1.140000 1.150000 1.110000 1.130000 3.390000e+04
736249 1.090000 1.130000 1.080000 1.080000 6.960000e+04
736250 1.200000 1.200000 1.060000 1.100000 1.144900e+06
736251 1.070000 1.170000 1.060000 1.110000 1.849000e+05
736252 1.070000 1.110000 0.950000 1.000000 4.561900e+06
736253 1.030000 1.040000 1.000000 1.020000 2.501000e+05
736256 1.050000 1.070000 0.980000 0.980000 5.332800e+06
736257 1.060000 1.110000 1.030000 1.080000 6.233000e+05
736258 1.070000 1.100000 1.040000 1.100000 3.116000e+05
736259 1.080000 1.090000 1.030000 1.030000 2.327000e+05
736260 1.050000 1.250000 1.010000 1.120000 6.593000e+05
736263 1.120000 1.150000 1.060000 1.060000 2.657000e+05
736264 1.100000 1.100000 1.040000 1.070000 1.990000e+05
736265 1.050000 1.060000 1.010000 1.020000 2.121000e+05
736266 1.030000 1.050000 1.020000 1.050000 1.374000e+05
736267 1.030000 1.060000 1.030000 1.040000 9.550000e+04
736270 1.040000 1.040000 1.000000 1.020000 3.123000e+05
736271 1.050000 1.050000 1.010000 1.030000 3.372000e+05
736272 1.020000 1.050000 1.000000 1.050000 4.584000e+05
736273 1.040000 1.060000 1.010000 1.050000 2.934000e+05
736274 1.050000 1.060000 1.020000 1.050000 2.261000e+05
736277 1.030000 1.050000 1.020000 1.030000 1.994000e+05
736278 1.000000 1.060000 1.000000 1.010000 2.264000e+05
736279 1.000000 1.060000 0.980000 0.990000 2.483000e+05
736280 0.980000 1.040000 0.980000 0.990000 1.114000e+05
736281 0.960000 1.000000 0.950000 0.970000 9.560000e+04
736284 1.020000 1.040000 0.970000 1.010000 6.309000e+05
736285 1.000000 1.020000 0.990000 1.010000 1.920800e+06
736286 1.000000 1.070000 0.990000 1.050000 1.273200e+06
736287 1.080000 1.110000 1.020000 1.040000 4.796000e+05
736288 1.040000 1.040000 1.010000 1.020000 2.099000e+05
736291 1.000000 1.060000 1.000000 1.020000 3.527000e+05
736292 1.050000 1.100000 1.010000 1.070000 7.751000e+05
736293 1.070000 1.110000 1.060000 1.090000 1.084900e+06
736295 1.090000 1.090000 1.060000 1.070000 1.653000e+05
736298 1.040000 1.060000 1.030000 1.040000 3.489000e+05
736299 1.040000 1.080000 1.010000 1.060000 6.118000e+05
736300 1.040000 1.060000 1.020000 1.020000 2.225000e+05
736301 1.030000 1.040000 1.010000 1.020000 1.592000e+05
736302 1.020000 1.040000 1.000000 1.000000 1.380000e+05
736305 0.980000 1.010000 0.960000 0.980000 3.079000e+05
736306 0.960000 0.960000 0.920000 0.920000 3.313000e+05
736307 0.890000 0.900000 0.850000 0.880000 4.507000e+05
736308 0.850000 0.900000 0.830000 0.890000 2.418000e+05
736309 0.870000 0.870000 0.830000 0.830000 3.140000e+05
736312 0.770000 0.810000 0.750000 0.780000 6.763000e+05
736313 0.750000 0.820000 0.740000 0.790000 1.125700e+06
736314 0.790000 0.820000 0.780000 0.800000 6.389000e+05
736315 0.750000 0.890000 0.750000 0.870000 1.333300e+06
736316 0.900000 1.050000 0.880000 1.050000 2.446000e+06
736319 1.000000 1.030000 0.960000 1.010000 6.978000e+05
736320 0.990000 1.030000 0.970000 0.990000 3.795000e+05
736321 0.950000 1.010000 0.950000 0.980000 1.405800e+06
736322 0.980000 1.040000 0.980000 1.040000 3.319000e+05
736326 1.020000 1.020000 0.990000 1.010000 3.177000e+05
736327 0.990000 1.010000 0.980000 1.000000 3.224000e+05
736328 0.960000 1.010000 0.960000 1.000000 4.703000e+05
736329 1.030000 1.040000 0.980000 1.020000 4.603000e+05
736333 1.000000 1.020000 1.000000 1.010000 1.325000e+05
736334 1.010000 1.020000 1.000000 1.020000 1.138000e+05
736335 1.020000 1.020000 0.990000 1.010000 2.848000e+05
736336 0.990000 1.000000 0.970000 1.000000 3.706000e+05
736337 0.980000 1.010000 0.920000 0.960000 7.010000e+04
736340 0.940000 0.960000 0.860000 0.910000 1.266000e+05
736341 0.890000 0.900000 0.810000 0.880000 1.953000e+05
736342 0.880000 0.880000 0.820000 0.860000 1.442000e+05
736343 0.850000 0.880000 0.820000 0.850000 1.114000e+05
736344 0.870000 0.870000 0.820000 0.820000 8.360000e+04
736348 0.860000 0.860000 0.820000 0.840000 1.571000e+05
736349 0.820000 0.840000 0.780000 0.800000 1.259000e+05
736350 0.800000 0.880000 0.800000 0.850000 8.300000e+04
736351 0.830000 0.900000 0.830000 0.890000 2.410000e+04
736354 0.900000 0.950000 0.870000 0.890000 2.468000e+05
736355 0.860000 0.890000 0.860000 0.880000 2.660000e+04
736356 0.860000 0.870000 0.820000 0.830000 1.014000e+05
736357 0.830000 0.860000 0.820000 0.850000 4.490000e+04
736358 0.860000 0.870000 0.810000 0.850000 3.670000e+04
736361 0.850000 0.860000 0.820000 0.860000 3.100000e+04
736362 0.810000 0.830000 0.790000 0.820000 4.730000e+04
736363 0.790000 0.820000 0.780000 0.790000 4.610000e+04
736364 0.790000 0.810000 0.780000 0.800000 8.110000e+04
736365 0.840000 0.850000 0.830000 0.840000 7.570000e+04
736368 0.810000 0.820000 0.760000 0.790000 4.470000e+04
736369 0.770000 0.800000 0.760000 0.770000 2.950000e+04
736370 0.770000 0.780000 0.750000 0.770000 5.700000e+04
736371 0.760000 0.800000 0.750000 0.760000 2.010000e+04
736372 0.800000 0.820000 0.750000 0.790000 6.260000e+04
736376 0.770000 0.820000 0.770000 0.800000 3.420000e+04
736377 0.820000 0.830000 0.790000 0.810000 3.910000e+04
736378 0.820000 0.830000 0.780000 0.830000 4.750000e+04
736379 0.780000 0.810000 0.780000 0.800000 3.530000e+04
736382 0.810000 0.820000 0.780000 0.810000 9.430000e+04
736383 0.800000 0.810000 0.780000 0.780000 2.900000e+04
736384 0.780000 0.830000 0.780000 0.830000 1.385000e+05
736385 0.830000 0.850000 0.800000 0.810000 4.230000e+04
736386 0.810000 0.850000 0.790000 0.840000 5.220000e+04
736389 0.840000 0.840000 0.810000 0.830000 3.280000e+04
736390 0.830000 0.880000 0.820000 0.830000 3.070000e+04
736391 0.830000 0.860000 0.830000 0.840000 1.640000e+04
736392 0.890000 0.910000 0.880000 0.890000 8.200000e+04
736393 0.910000 0.920000 0.860000 0.880000 3.250000e+04
736396 0.850000 0.880000 0.840000 0.850000 4.290000e+04
736397 0.870000 0.900000 0.820000 0.850000 1.044000e+05
736398 0.880000 0.900000 0.850000 0.890000 2.250000e+04
736399 0.860000 0.900000 0.860000 0.890000 2.020000e+04
736400 0.920000 0.930000 0.900000 0.910000 6.350000e+04
736403 0.950000 0.960000 0.890000 0.930000 2.215000e+05
736404 0.890000 0.900000 0.850000 0.860000 3.640000e+04
736405 0.860000 0.910000 0.860000 0.900000 3.650000e+04
736406 0.920000 0.920000 0.860000 0.890000 1.067000e+05
736407 0.890000 0.890000 0.860000 0.870000 1.420000e+04
736410 0.870000 0.900000 0.860000 0.900000 4.130000e+04
736411 0.900000 0.900000 0.850000 0.860000 1.295000e+05
736412 0.850000 0.860000 0.830000 0.840000 6.640000e+04
736413 0.860000 0.860000 0.830000 0.850000 1.230000e+04
736417 0.850000 0.880000 0.850000 0.880000 7.560000e+04
736418 0.840000 0.870000 0.820000 0.870000 1.238000e+05
736419 0.840000 0.870000 0.830000 0.870000 1.870000e+04
736420 0.830000 0.860000 0.830000 0.840000 2.990000e+04
736421 0.830000 0.880000 0.830000 0.840000 2.290000e+04
736424 0.890000 0.900000 0.860000 0.860000 1.265000e+05
736425 0.860000 0.890000 0.830000 0.840000 4.610000e+04
736426 0.840000 0.890000 0.840000 0.890000 4.710000e+04
736427 0.860000 0.890000 0.860000 0.890000 7.700000e+03
736428 0.870000 0.930000 0.850000 0.900000 7.350000e+04
736431 0.870000 0.930000 0.840000 0.850000 7.010000e+04
736432 0.850000 0.890000 0.840000 0.840000 1.467000e+05
736433 0.860000 0.890000 0.840000 0.880000 8.750000e+04
736434 0.870000 0.870000 0.840000 0.850000 1.728000e+05
736435 0.840000 0.880000 0.830000 0.830000 9.050000e+04
736438 0.840000 0.860000 0.840000 0.860000 4.970000e+04
736439 0.850000 0.880000 0.830000 0.850000 8.160000e+04
736440 0.850000 0.880000 0.830000 0.850000 9.170000e+04
736441 0.840000 0.880000 0.840000 0.880000 2.210000e+04
736442 0.880000 0.900000 0.840000 0.860000 2.722000e+05
736445 0.850000 0.870000 0.830000 0.850000 7.600000e+04
736446 0.880000 0.880000 0.840000 0.870000 1.990000e+04
736447 0.860000 0.860000 0.790000 0.830000 4.370000e+04
736448 0.830000 0.860000 0.830000 0.840000 3.330000e+04
736449 0.870000 0.870000 0.820000 0.830000 1.222000e+05
736452 0.830000 0.870000 0.830000 0.830000 2.760000e+04
736453 0.820000 0.830000 0.810000 0.820000 4.950000e+04
736454 0.820000 0.850000 0.820000 0.830000 1.660000e+04
736455 0.810000 0.830000 0.810000 0.820000 4.140000e+04
736456 0.810000 0.850000 0.780000 0.800000 1.980000e+04
736459 0.800000 0.830000 0.790000 0.810000 5.640000e+04
736460 0.800000 0.830000 0.790000 0.800000 1.410000e+04
736461 0.810000 0.810000 0.800000 0.800000 2.870000e+04
736462 0.780000 0.810000 0.780000 0.790000 2.600000e+04
736463 0.810000 0.830000 0.790000 0.790000 7.000000e+03
736466 0.780000 0.830000 0.780000 0.800000 2.310000e+04
736467 0.780000 0.820000 0.780000 0.820000 2.950000e+04
736468 0.820000 0.820000 0.790000 0.810000 5.180000e+04
736469 0.800000 0.830000 0.800000 0.800000 5.960000e+04
736470 0.800000 0.830000 0.780000 0.800000 1.610000e+04
736473 0.790000 0.820000 0.780000 0.800000 8.470000e+04
736474 0.820000 0.820000 0.790000 0.800000 5.760000e+04
736475 0.800000 0.810000 0.780000 0.790000 3.960000e+04
736476 0.790000 0.810000 0.780000 0.780000 5.020000e+04
736477 0.780000 0.810000 0.780000 0.790000 3.290000e+04
736481 0.790000 0.830000 0.790000 0.800000 2.678000e+05
736482 0.830000 0.830000 0.790000 0.800000 2.941000e+05
736483 0.800000 0.810000 0.790000 0.800000 5.300000e+04
736484 0.790000 0.820000 0.780000 0.790000 3.190000e+04
736487 0.810000 0.830000 0.780000 0.800000 1.413000e+05
736488 0.790000 0.820000 0.760000 0.790000 1.559000e+05
736489 0.810000 0.810000 0.770000 0.780000 2.497000e+05
736490 0.780000 0.780000 0.770000 0.780000 5.200000e+04
736491 0.790000 0.800000 0.750000 0.770000 9.800000e+04
736494 0.760000 0.780000 0.740000 0.760000 5.920000e+04
736495 0.770000 0.790000 0.730000 0.760000 3.700000e+04
736496 0.780000 0.790000 0.730000 0.790000 3.610000e+04
736497 0.770000 0.780000 0.680000 0.680000 3.055000e+05
736498 0.700000 0.770000 0.690000 0.750000 7.800000e+04
736501 0.770000 0.780000 0.700000 0.770000 5.000000e+04
736502 0.750000 0.780000 0.730000 0.760000 6.030000e+04
736503 0.770000 0.770000 0.720000 0.720000 3.230000e+04
736504 0.750000 0.770000 0.720000 0.730000 5.130000e+04
736505 0.700000 0.720000 0.680000 0.690000 7.570000e+04
736508 0.680000 0.710000 0.640000 0.650000 2.429000e+05
736509 0.680000 0.690000 0.640000 0.650000 1.735000e+05
736510 0.650000 0.670000 0.620000 0.650000 2.321000e+05
736511 0.650000 0.660000 0.620000 0.640000 1.043000e+05
736512 0.610000 0.660000 0.610000 0.650000 5.550000e+04
736516 0.620000 0.640000 0.620000 0.640000 4.450000e+04
736517 0.650000 0.660000 0.610000 0.630000 4.410000e+04
736518 0.650000 0.660000 0.630000 0.640000 8.040000e+04
736519 0.650000 0.660000 0.640000 0.650000 6.840000e+04
736522 0.650000 0.650000 0.630000 0.640000 4.530000e+04
736523 0.630000 0.650000 0.630000 0.640000 8.020000e+04
736524 0.630000 0.640000 0.620000 0.630000 4.920000e+04
736525 0.630000 0.640000 0.620000 0.630000 4.750000e+04
736526 0.620000 0.670000 0.620000 0.650000 3.860000e+04
736529 0.640000 0.660000 0.630000 0.640000 3.150000e+04
736530 0.630000 0.650000 0.630000 0.650000 1.350000e+04
736531 0.640000 0.660000 0.630000 0.660000 3.930000e+04
736532 0.660000 0.660000 0.640000 0.650000 3.640000e+04
736533 0.640000 0.670000 0.630000 0.640000 2.493000e+05
736536 0.640000 0.660000 0.640000 0.650000 5.680000e+04
736537 0.640000 0.650000 0.640000 0.640000 5.190000e+04
736538 0.670000 0.670000 0.650000 0.660000 1.590000e+04
736539 0.660000 0.660000 0.640000 0.650000 2.600000e+04
736540 0.640000 0.650000 0.630000 0.650000 9.100000e+03
736543 0.640000 0.670000 0.640000 0.670000 5.540000e+04
736544 0.670000 0.670000 0.620000 0.650000 3.330000e+04
736545 0.650000 0.660000 0.640000 0.660000 1.690000e+04
736546 0.650000 0.740000 0.640000 0.670000 3.646000e+05
736547 0.670000 0.720000 0.640000 0.640000 2.780000e+05
736550 0.630000 0.660000 0.630000 0.640000 8.240000e+04
736551 0.640000 0.650000 0.590000 0.630000 1.536000e+05
736552 0.690000 0.700000 0.620000 0.660000 6.383000e+05
736553 0.660000 0.670000 0.630000 0.650000 8.040000e+04
736554 0.630000 0.660000 0.620000 0.630000 1.318000e+05
736557 0.630000 0.650000 0.620000 0.650000 1.330000e+05
736558 0.620000 0.670000 0.620000 0.630000 1.881000e+05
736559 0.630000 0.650000 0.620000 0.640000 8.710000e+04
736560 0.640000 0.650000 0.600000 0.630000 4.051000e+05
736561 0.650000 0.650000 0.600000 0.620000 4.129000e+05
736564 0.600000 0.640000 0.600000 0.630000 2.005000e+05
736565 0.630000 0.630000 0.600000 0.610000 1.735000e+05
736566 0.620000 0.630000 0.610000 0.620000 2.227000e+05
736567 0.610000 0.630000 0.610000 0.620000 3.950000e+04
736568 0.610000 0.620000 0.600000 0.610000 1.260000e+05
736571 0.610000 0.620000 0.580000 0.590000 3.600000e+04
736572 0.590000 0.610000 0.590000 0.610000 7.380000e+04
736573 0.600000 0.610000 0.580000 0.600000 3.890000e+04
736574 0.600000 0.610000 0.580000 0.610000 1.440000e+04
736575 0.600000 0.610000 0.580000 0.600000 3.680000e+04
736579 0.610000 0.640000 0.590000 0.620000 4.745000e+05
736580 0.610000 0.640000 0.600000 0.610000 2.441000e+05
736581 0.610000 0.610000 0.580000 0.590000 1.017000e+05
736582 0.630000 0.630000 0.590000 0.620000 7.890000e+04
736585 0.600000 0.630000 0.590000 0.630000 1.557000e+05
736586 0.610000 0.630000 0.590000 0.590000 1.653000e+05
736587 0.590000 0.620000 0.580000 0.600000 4.000000e+04
736588 0.600000 0.600000 0.590000 0.600000 3.250000e+04
736589 0.590000 0.630000 0.590000 0.630000 1.050000e+05
736592 0.620000 0.620000 0.590000 0.620000 3.410000e+04
736593 0.610000 0.620000 0.590000 0.600000 6.390000e+04
736594 0.610000 0.610000 0.590000 0.590000 2.670000e+04
736595 0.600000 0.600000 0.590000 0.600000 1.650000e+04
736596 0.590000 0.610000 0.560000 0.570000 7.230000e+04
736599 0.570000 0.580000 0.560000 0.570000 9.460000e+04
736600 0.570000 0.570000 0.560000 0.560000 9.370000e+04
736601 0.560000 0.580000 0.560000 0.570000 6.760000e+04
736602 0.580000 0.580000 0.560000 0.580000 2.740000e+04
736603 0.580000 0.580000 0.560000 0.570000 4.060000e+04
736606 0.560000 0.570000 0.550000 0.570000 3.720000e+04
736607 0.560000 0.570000 0.550000 0.560000 5.640000e+04
736608 0.560000 0.580000 0.560000 0.570000 5.800000e+04
736609 0.560000 0.580000 0.550000 0.560000 6.890000e+04
736610 0.570000 0.580000 0.520000 0.560000 6.950000e+04
736613 0.550000 0.560000 0.530000 0.550000 4.880000e+04
736614 0.580000 0.580000 0.490000 0.490000 1.954000e+05
736615 0.530000 0.550000 0.500000 0.520000 5.900000e+04
736616 0.520000 0.530000 0.490000 0.520000 2.100000e+05
736617 0.520000 0.520000 0.500000 0.510000 6.700000e+04
736620 0.500000 0.530000 0.490000 0.510000 9.570000e+04
736621 0.500000 0.520000 0.480000 0.490000 1.300000e+05
736622 0.490000 0.520000 0.480000 0.510000 9.760000e+04
736623 0.510000 0.510000 0.490000 0.490000 1.770000e+04
736624 0.490000 0.510000 0.490000 0.500000 4.240000e+04
736627 0.500000 0.500000 0.480000 0.500000 7.290000e+04
736628 0.500000 0.500000 0.470000 0.480000 1.258000e+05
736629 0.480000 0.500000 0.480000 0.490000 5.710000e+04
736630 0.490000 0.500000 0.470000 0.500000 6.170000e+04
736631 0.500000 0.500000 0.490000 0.490000 1.100000e+04
736634 0.490000 0.490000 0.430000 0.470000 1.462000e+05
736635 0.440000 0.470000 0.440000 0.460000 2.100000e+04
736636 0.460000 0.470000 0.440000 0.450000 4.900000e+04
736637 0.420000 0.460000 0.420000 0.430000 5.400000e+04
736638 0.440000 0.450000 0.430000 0.430000 1.670000e+04
736641 0.460000 0.460000 0.430000 0.440000 5.290000e+04
736642 0.430000 0.440000 0.410000 0.410000 8.050000e+04
736643 0.420000 0.480000 0.420000 0.440000 5.069000e+05
736644 0.440000 0.460000 0.440000 0.460000 3.358000e+05
736645 0.460000 0.490000 0.460000 0.480000 4.316000e+05
736648 0.510000 0.580000 0.510000 0.550000 5.816000e+05
736649 0.570000 0.570000 0.510000 0.520000 1.959000e+05
736650 0.510000 0.540000 0.500000 0.520000 2.553000e+05
736651 0.500000 0.530000 0.480000 0.490000 1.487000e+05
736652 0.490000 0.500000 0.490000 0.490000 1.050000e+05
736655 0.490000 0.510000 0.470000 0.480000 1.673000e+05
736656 0.490000 0.530000 0.490000 0.520000 3.666000e+05
736657 0.520000 0.540000 0.510000 0.510000 1.656000e+05
736659 0.530000 0.530000 0.490000 0.510000 2.900000e+04
736662 0.510000 0.520000 0.480000 0.490000 1.953000e+05
736663 0.500000 0.650000 0.470000 0.560000 1.986400e+06
736664 0.560000 0.590000 0.530000 0.560000 3.667000e+05
736665 0.570000 0.580000 0.550000 0.560000 1.018000e+05
736666 0.420000 0.440000 0.290000 0.310000 8.905700e+06
736669 0.340000 0.340000 0.270000 0.320000 1.127040e+07
736670 0.330000 0.340000 0.320000 0.330000 2.809100e+06
736671 0.330000 0.340000 0.280000 0.300000 5.203900e+06
736672 0.300000 0.310000 0.280000 0.300000 1.578400e+06
736673 0.300000 0.310000 0.290000 0.300000 1.090200e+06
736676 0.320000 0.340000 0.310000 0.330000 2.380600e+06
736677 0.340000 0.340000 0.260000 0.300000 1.366660e+07
736678 0.350000 0.380000 0.320000 0.340000 1.166740e+07
736679 0.320000 0.330000 0.290000 0.300000 2.601600e+06
736680 0.300000 0.300000 0.280000 0.300000 1.226500e+06
736683 0.320000 0.320000 0.300000 0.300000 1.652100e+06
736684 0.300000 0.310000 0.290000 0.300000 2.022000e+06
736685 0.300000 0.310000 0.290000 0.290000 1.865400e+06
736686 0.290000 0.330000 0.290000 0.320000 3.217300e+06
736687 0.320000 0.330000 0.310000 0.320000 1.300700e+06
736691 0.350000 0.400000 0.340000 0.350000 8.384800e+06
736692 0.350000 0.410000 0.350000 0.380000 6.816900e+06
736693 0.410000 0.470000 0.400000 0.460000 1.160170e+07
736694 0.460000 0.480000 0.430000 0.450000 4.450700e+06
736698 0.480000 0.490000 0.390000 0.420000 6.979500e+06
736699 0.430000 0.450000 0.420000 0.420000 2.073400e+06
736700 0.420000 0.440000 0.410000 0.420000 1.530600e+06
736701 0.430000 0.430000 0.380000 0.420000 2.421100e+06
736704 0.430000 0.440000 0.410000 0.420000 1.511700e+06
736705 0.420000 0.430000 0.410000 0.410000 1.161300e+06
736706 0.410000 0.420000 0.400000 0.410000 8.495000e+05
736707 0.410000 0.410000 0.410000 0.410000 5.804000e+05
736708 0.410000 0.450000 0.410000 0.430000 1.308300e+06
736712 0.450000 0.460000 0.430000 0.460000 1.623500e+06
736713 0.470000 0.490000 0.450000 0.490000 3.018900e+06
736714 0.500000 0.520000 0.490000 0.510000 3.512600e+06
736715 0.520000 0.520000 0.490000 0.500000 1.057500e+06
736718 0.510000 0.520000 0.510000 0.510000 1.509800e+06
736719 0.530000 0.600000 0.520000 0.580000 4.047600e+06
736720 0.590000 0.590000 0.550000 0.570000 1.556500e+06
736721 0.580000 0.590000 0.540000 0.560000 1.710800e+06
736722 0.620000 0.620000 0.590000 0.620000 5.329900e+06
736725 0.620000 0.640000 0.600000 0.610000 2.961200e+06
736726 0.620000 0.630000 0.600000 0.630000 2.137300e+06
736727 0.610000 0.640000 0.610000 0.640000 1.299600e+06
736728 0.620000 0.800000 0.620000 0.750000 5.432600e+06
736729 0.780000 0.850000 0.750000 0.780000 9.405700e+06
736732 0.780000 0.820000 0.760000 0.790000 3.241500e+06
736733 0.800000 0.820000 0.790000 0.790000 1.593400e+06
736734 0.800000 0.810000 0.780000 0.780000 1.263000e+06
736735 0.790000 0.970000 0.760000 0.930000 6.610100e+06
736736 0.980000 1.110000 0.970000 1.010000 9.476000e+06
736739 1.100000 1.480000 1.100000 1.310000 2.014020e+07
736740 1.140000 1.370000 1.130000 1.250000 7.310900e+06
736741 1.260000 1.320000 1.210000 1.250000 4.217300e+06
736742 1.250000 1.280000 1.020000 1.160000 6.229200e+06
736743 1.090000 1.130000 0.950000 1.080000 8.842900e+06
736747 1.130000 1.140000 1.040000 1.060000 2.515400e+06
736748 1.070000 1.100000 1.040000 1.050000 2.289100e+06
736749 1.040000 1.050000 0.980000 1.050000 2.716200e+06
736750 1.040000 1.130000 1.000000 1.120000 3.052000e+06
736753 1.150000 1.150000 1.060000 1.080000 2.480700e+06
736754 1.070000 1.090000 1.030000 1.050000 2.308500e+06
736755 1.050000 1.080000 0.990000 1.010000 3.090600e+06
736756 1.000000 1.060000 0.970000 1.010000 2.485800e+06
736757 1.100000 1.170000 1.010000 1.040000 2.324800e+06
736760 1.040000 1.090000 1.040000 1.090000 1.472300e+06
736761 1.050000 1.090000 1.040000 1.050000 2.146600e+06
736762 1.040000 1.060000 1.010000 1.030000 1.469700e+06
736763 1.030000 1.040000 1.020000 1.040000 8.128000e+05
736764 1.040000 1.230000 1.040000 1.180000 5.832100e+06
