736034 16.159155 16.253014 16.041833 16.088762 4.465277e+05
736035 16.135691 16.237371 16.112227 16.206084 2.628014e+05
736036 16.260835 16.292120 16.049654 16.182620 2.060957e+05
736039 16.292121 16.432908 16.253014 16.307764 3.615083e+05
736040 16.292121 16.370336 16.253014 16.339049 2.047661e+05
736041 16.331227 16.737944 16.331227 16.644087 3.003444e+05
736042 16.581516 16.706660 16.503301 16.667551 2.635835e+05
736043 16.698837 16.800516 16.612801 16.730122 9.234027e+05
736046 16.730122 16.847445 16.667550 16.777052 2.815729e+05
736047 16.808338 16.808338 16.675373 16.683194 2.112579e+05
736048 16.706660 16.792694 16.628444 16.691016 3.608044e+05
736049 16.628444 16.761409 16.612801 16.698837 5.697940e+05
736050 16.683194 16.784872 16.604979 16.769231 4.077332e+05
736053 16.792694 16.800516 16.659729 16.753587 3.332728e+05
736054 16.722301 16.745766 16.581516 16.651909 3.083223e+05
736055 16.675372 16.737944 16.526764 16.737944 3.461000e+05
736056 16.777053 16.784873 16.675373 16.691016 3.105906e+05
736060 16.698837 17.003874 16.698837 17.003874 3.954535e+05
736061 17.050803 17.121196 16.863087 16.878731 3.880231e+05
736062 16.863087 17.042982 16.823980 16.980409 3.299878e+05
736063 16.941302 16.980409 16.855265 16.910017 4.407398e+05
736064 16.988230 17.082089 16.941302 17.019517 6.030353e+05
736067 17.019517 17.116082 16.786154 16.987330 4.204585e+05
736068 17.035612 17.172412 17.003423 17.148270 3.434482e+05
736069 17.228741 17.244835 17.108035 17.124130 2.839000e+05
736070 17.116082 17.196553 17.059753 17.164364 1.839556e+05
736071 17.059754 17.204599 17.027565 17.124130 3.862586e+05
736074 17.164365 17.260930 17.124130 17.204599 2.731170e+05
736075 17.220695 17.220695 17.019518 17.116083 2.068897e+05
736076 17.108035 17.156317 17.067799 17.124130 1.860479e+05
736077 17.124130 17.204599 17.035612 17.124130 2.288582e+05
736078 17.132178 17.244835 17.124130 17.148270 2.870384e+05
736081 17.180459 17.260930 17.124130 17.236788 2.282949e+05
736082 17.228741 17.301165 17.116083 17.172412 3.115819e+05
736083 17.156317 17.268975 17.051706 17.051706 2.208111e+05
736084 17.059753 17.132177 16.786154 16.858577 5.327954e+05
736085 16.850530 16.971235 16.786154 16.826388 4.823404e+05
736088 16.858577 16.890764 16.681541 16.697635 4.885366e+05
736089 16.681542 16.737870 16.375754 16.399894 6.420744e+05
736090 16.391848 16.448177 16.247001 16.335517 4.712354e+05
736091 15.691754 15.691754 14.235238 14.726107 2.898307e+06
736092 14.726106 14.830719 14.645638 14.661730 1.044829e+06
736095 14.621496 14.758296 14.589307 14.701967 8.951542e+05
736096 14.645638 14.693920 14.565167 14.613449 8.396296e+05
736097 14.669778 14.734153 14.532977 14.541025 3.988120e+05
736098 14.573215 14.693920 14.484696 14.532978 4.082270e+05
736099 14.557120 14.645638 14.508838 14.621496 3.873851e+05
736102 14.573214 14.726106 14.565166 14.710014 4.231945e+05
736103 14.701966 14.726106 14.565166 14.637590 2.920275e+05
736104 14.661730 14.718061 14.516885 14.718061 8.829227e+05
736105 14.734154 14.790483 14.693920 14.726107 3.136741e+05
736106 14.685872 14.758295 14.629543 14.693919 3.560016e+05
736110 14.645637 14.677825 14.500790 14.581261 4.138599e+05
736111 14.557119 14.701966 14.532977 14.685872 2.829344e+05
736112 14.645638 14.693919 14.589307 14.653683 2.439867e+05
736113 14.637590 14.814624 14.621495 14.782437 6.234052e+05
736116 14.782437 15.031895 14.782437 14.991659 7.895768e+05
736117 14.951424 15.031895 14.870954 14.887048 7.551355e+05
736118 14.911190 14.919237 14.806577 14.887048 7.280974e+05
736119 14.862906 14.935329 14.726106 14.742201 3.057075e+05
736120 14.693919 14.774390 14.605401 14.653683 5.941944e+05
736123 14.661730 14.718061 14.605401 14.693919 3.252619e+05
736124 14.677825 14.750249 14.565167 14.597354 3.437701e+05
736125 14.589307 14.701967 14.524931 14.613449 3.094897e+05
736126 14.621496 14.766343 14.613449 14.685872 5.327954e+05
736127 14.677825 14.822672 14.629543 14.685872 5.450269e+05
736130 14.710014 14.887048 14.661730 14.870954 7.659990e+05
736131 14.854859 14.991659 14.750248 14.887048 5.343243e+05
736132 14.862907 14.927283 14.766343 14.895096 4.988368e+05
736133 14.943378 15.208930 14.903142 15.152601 6.565591e+05
736134 15.104318 15.281353 15.104318 15.249166 1.950525e+06
736137 15.241119 15.297448 14.983614 14.991659 4.457263e+05
736138 15.015801 15.039943 14.903143 14.927283 3.392638e+05
736139 14.911190 14.935330 14.806578 14.830719 2.855094e+05
736140 14.822672 14.862907 14.468602 14.484696 7.445938e+05
736141 14.573214 14.758296 14.412273 14.476649 1.041932e+06
736144 14.372037 14.484695 14.154766 14.178908 7.118423e+05
736145 14.203049 14.331801 14.009920 14.026014 7.982677e+05
736146 14.082343 14.524930 14.050154 14.524930 6.673421e+05
736147 14.524930 14.750249 14.420320 14.460554 5.043088e+05
736151 14.396178 14.621496 14.388131 14.565167 7.841854e+05
736152 15.007755 15.007755 14.718062 14.726107 8.645754e+05
736153 14.718061 14.782438 14.468602 14.484696 5.809168e+05
736154 14.541025 14.605401 14.219143 14.227190 1.042979e+06
736155 14.291567 14.613449 14.251331 14.484696 8.158103e+05
736158 14.508838 14.637591 14.412273 14.452507 9.674972e+05
736159 14.402529 14.452508 14.227598 14.252589 9.014700e+05
736160 14.260918 14.402528 14.210937 14.394198 1.143206e+06
736161 14.452507 14.560797 14.410856 14.460838 4.534006e+05
736162 14.444178 14.502488 14.302568 14.319229 5.364504e+05
736165 14.352548 14.419187 14.169289 14.377538 8.410776e+05
736166 14.394198 14.535808 14.377537 14.494157 4.016714e+05
736167 14.535809 14.544137 14.435848 14.510818 3.990891e+05
736168 14.535808 14.577457 14.477496 14.494157 6.653984e+05
736169 14.477497 14.552467 14.352548 14.410857 5.452802e+05
736172 14.527478 14.569127 14.469168 14.502487 4.922182e+05
736173 14.494157 14.635767 14.452507 14.460838 5.509446e+05
736174 14.494158 14.802367 14.435848 14.719067 5.534436e+05
736175 14.710738 14.744058 14.577458 14.627437 4.294103e+05
736176 14.685746 14.893996 14.627437 14.794037 5.283704e+05
736179 14.794036 14.918986 14.677418 14.910656 5.622733e+05
736180 14.893996 14.968965 14.744058 14.760716 3.761817e+05
736181 14.752386 14.844017 14.635767 14.702407 4.883865e+05
736182 14.160959 14.194280 13.044742 13.744460 3.104332e+06
736183 13.178021 13.494561 13.144701 13.311301 1.383776e+06
736186 13.302971 13.311301 13.128041 13.252991 1.271238e+06
736187 13.228002 13.302972 13.161362 13.236332 5.441140e+05
736188 13.211342 13.377940 13.161362 13.361282 5.021309e+05
736189 13.336291 13.377940 13.178021 13.252991 5.506947e+05
736190 13.219671 13.327961 13.186351 13.302971 3.992557e+05
736193 13.294641 13.419592 13.219671 13.344621 3.226200e+05
736194 13.336291 13.394601 13.203011 13.269651 3.643531e+05
736195 13.494561 13.636171 13.386271 13.569531 7.346205e+05
736196 13.519551 13.552871 13.402931 13.411261 3.946743e+05
736197 13.294641 13.469570 13.203011 13.211341 8.253340e+05
736200 12.936452 13.061402 12.345024 12.669893 9.728579e+05
736201 12.986433 12.986433 12.503294 12.511624 6.922210e+05
736202 12.694883 12.769853 12.453314 12.703213 6.693969e+05
736203 12.744863 13.036412 12.711543 12.811503 6.249981e+05
736204 12.819833 12.853152 12.619913 12.653233 5.942605e+05
736207 12.611583 12.619913 12.511623 12.553273 5.560259e+05
736208 12.486634 12.536614 12.386674 12.428324 5.449470e+05
736209 12.478303 12.553272 12.336693 12.378343 3.861776e+05
736210 12.411663 12.561603 12.411663 12.453313 4.534006e+05
736211 12.320034 12.378344 12.228404 12.236734 1.001846e+06
736215 12.494963 12.744862 12.411663 12.686552 1.282566e+06
736216 12.736533 12.778182 12.561603 12.594923 1.003012e+06
736217 12.578263 12.644903 12.528283 12.528283 7.574447e+05
736218 12.461643 12.628243 12.453313 12.603253 8.518233e+05
736221 12.744863 13.053072 12.703213 13.003092 1.288481e+06
736222 13.036412 13.244661 12.961442 13.219671 9.739407e+05
736223 13.211342 13.302972 13.078062 13.136372 6.834745e+05
736224 13.144702 13.561201 13.028082 13.411261 8.286660e+05
736225 13.302971 13.444580 13.244661 13.327961 1.925391e+06
736228 13.327962 13.727800 13.327962 13.586190 8.130057e+05
736229 13.327961 13.494561 13.236331 13.319631 1.366116e+06
736230 13.344621 13.411261 13.277981 13.327961 6.414914e+05
736231 13.311301 13.352952 13.244661 13.319631 7.446998e+05
736232 13.377940 13.511220 13.277981 13.377940 9.020531e+05
736235 13.352951 13.352951 13.078061 13.219671 7.905980e+05
736236 13.144701 13.219671 12.761522 12.794842 9.248772e+05
736237 12.828162 12.911462 12.661563 12.886472 1.117466e+06
736238 12.869813 12.961443 12.661563 12.811503 6.644822e+05
736239 12.769852 12.794842 12.569933 12.794842 5.902620e+05
736242 12.828163 13.103052 12.761523 13.086392 7.565284e+05
736243 13.094721 13.219671 13.036411 13.144701 4.918017e+05
736244 13.211341 13.419592 13.169691 13.377940 6.913047e+05
736245 13.411261 13.444580 13.252991 13.327961 5.307860e+05
736246 13.336291 13.411261 13.194681 13.302971 5.740186e+05
736249 13.319630 13.411260 13.261320 13.352951 7.553621e+05
736250 13.361533 13.387278 12.923872 12.966780 9.205470e+05
736251 12.966781 13.146994 12.880965 12.915291 6.016552e+05
736252 12.932453 12.992524 12.683587 12.975361 6.015693e+05
736253 12.966780 13.001106 12.949617 12.966780 3.444650e+05
736256 12.966780 13.061177 12.906709 12.983943 4.028198e+05
736257 12.958198 13.044014 12.906708 12.975361 3.338238e+05
736258 13.001106 13.035432 12.923871 12.932453 3.559643e+05
736259 12.958199 12.992525 12.846638 12.889546 4.573129e+05
736260 12.949617 13.035433 12.803730 12.983943 5.087166e+05
736263 12.983943 13.035433 12.769404 12.889546 5.545423e+05
736264 12.863801 12.898127 12.297416 12.374650 7.786933e+05
736265 12.383231 12.786566 12.366068 12.786566 8.000614e+05
736266 12.743659 12.760822 12.554864 12.589190 3.939807e+05
736267 12.623516 12.692169 12.503374 12.546282 3.719260e+05
736270 12.546282 12.786566 12.511955 12.786566 5.010789e+05
736271 12.777985 12.932453 12.700751 12.838056 5.752239e+05
736272 12.838056 12.898127 12.580608 12.683587 8.525808e+05
736273 12.795148 13.344370 12.700750 13.292880 1.107797e+06
736274 13.155575 13.404441 13.095504 13.189901 1.554297e+06
736277 13.146994 13.258555 13.026852 13.061178 6.843817e+05
736278 13.095504 13.335788 13.044014 13.301462 5.524827e+05
736279 13.370114 13.455930 13.284299 13.378696 4.419518e+05
736280 13.318625 13.387278 13.241391 13.258554 5.076868e+05
736281 13.241390 13.292880 13.112666 13.181319 3.635161e+05
736284 13.181320 13.447349 13.112667 13.447349 4.355156e+05
736285 13.464512 13.601817 13.344370 13.481675 6.240531e+05
736286 13.533165 13.747705 13.464512 13.739123 5.191861e+05
736287 13.764868 13.850683 13.670470 13.842101 4.679540e+05
736288 13.919335 13.979408 13.790612 13.790612 4.125169e+05
736291 13.842101 13.945081 13.747705 13.867847 2.621675e+05
736292 13.824940 13.867847 13.618981 13.799194 3.226677e+05
736293 13.790612 13.842101 13.687633 13.790612 3.354543e+05
736295 13.799194 14.202528 13.799194 14.125294 2.904868e+05
736298 14.159621 14.288344 14.065222 14.279762 5.151527e+05
736299 14.279762 14.451395 14.271181 14.305508 3.794778e+05
736300 14.288344 14.331253 13.953662 13.970826 2.955499e+05
736301 13.987988 14.082386 13.816357 13.842101 5.982225e+05
736302 13.833521 13.910753 13.516001 13.584654 6.594950e+05
736305 13.558910 13.618981 13.361533 13.413023 4.338851e+05
736306 13.292880 13.370114 13.181319 13.249972 5.609784e+05
736307 13.224228 13.335789 13.155575 13.207065 5.221897e+05
736308 13.284299 13.936499 13.284299 13.859265 8.645950e+05
736309 13.481676 13.764869 13.344370 13.413023 7.057498e+05
736312 13.430185 13.533164 13.026850 13.224227 6.871277e+05
736313 13.249972 13.335788 13.112667 13.249972 7.012874e+05
736314 13.301461 13.627562 13.232809 13.618980 8.708595e+05
736315 13.636144 13.730541 13.507420 13.653307 4.958442e+05
736316 13.610399 13.790612 13.507420 13.507420 1.891039e+06
736319 13.593236 13.782031 13.524584 13.773449 6.192474e+05
736320 13.782030 14.065223 13.704797 14.013734 7.071229e+05
736321 14.075584 14.208123 14.013733 14.084420 5.588705e+05
736322 13.969553 14.163944 13.925374 14.084420 3.572353e+05
736326 14.075584 14.093256 13.872358 13.907702 4.662703e+05
736327 13.934210 13.987226 13.713313 13.801672 4.948103e+05
736328 13.775164 13.801672 13.633790 13.633790 4.059211e+05
736329 13.616118 13.713313 13.483580 13.483580 6.041987e+05
736333 13.368713 13.792836 13.262682 13.766328 5.320977e+05
736334 13.766328 14.146272 13.704477 14.057913 4.016799e+05
736335 14.013733 14.243468 13.951882 14.128600 5.113334e+05
736336 13.969554 14.066748 13.757492 13.757492 4.556672e+05
736337 13.863523 13.863523 13.554267 13.616118 7.445127e+05
736340 13.616117 13.730984 13.527758 13.651461 5.357204e+05
736341 13.722149 13.722149 12.953426 13.183159 7.755267e+05
736342 13.183159 13.271518 12.555810 12.750200 7.020121e+05
736343 12.750200 12.794379 12.246553 12.281897 1.523927e+06
736344 11.981477 12.105179 11.468995 11.884282 1.320967e+06
736348 11.919626 11.928462 11.256934 11.645713 1.777429e+06
736349 11.451322 11.592697 10.673763 11.468994 1.291366e+06
736350 11.530846 11.901954 11.415980 11.486667 9.101858e+05
736351 11.619205 11.972640 11.619205 11.840102 5.996923e+05
736354 11.751744 11.840103 11.309949 11.318785 7.143823e+05
736355 11.318785 11.654549 11.318785 11.566190 8.767861e+05
736356 11.548518 11.716400 11.371800 11.433651 5.858200e+05
736357 11.504339 11.787088 11.460159 11.575026 6.808943e+05
736358 11.681056 11.999149 11.601533 11.972641 8.791718e+05
736361 11.937297 12.105179 11.813595 11.875446 3.958482e+05
736362 11.787086 11.946133 11.610369 11.910789 5.326279e+05
736363 11.954969 12.114015 11.822430 12.096343 4.437387e+05
736364 10.514718 10.558898 9.639965 10.205462 2.438531e+06
736365 10.426359 10.735616 9.905041 10.178954 3.504935e+06
736368 10.064087 10.143610 9.763667 10.072923 3.624485e+06
736369 9.905041 10.090595 9.799010 9.966892 1.200533e+06
736370 10.072922 10.117102 9.913876 9.922712 7.932868e+05
736371 9.719487 9.984564 9.684144 9.905041 1.082574e+06
736372 9.958056 10.196625 9.905041 10.055251 8.680385e+05
736376 10.117103 10.514718 9.869698 10.461703 1.006320e+06
736377 10.470538 10.753287 10.426359 10.567733 1.053946e+06
736378 10.620748 10.691436 10.470538 10.567733 6.088817e+05
736379 10.550061 10.647256 10.435194 10.558897 7.067834e+05
736382 10.585406 10.788631 10.567734 10.656093 7.630682e+05
736383 10.673764 10.859318 10.532390 10.788631 8.539011e+05
736384 10.717944 10.956513 10.488210 10.938841 5.328930e+05
736385 11.000692 11.274605 10.991856 11.248097 8.259797e+05
736386 11.301113 11.804759 11.239262 11.566190 8.480695e+05
736389 11.575026 11.787087 11.495503 11.628041 1.015863e+06
736390 11.654549 11.725236 11.468995 11.628041 6.885815e+05
736391 11.619205 11.716400 11.592697 11.698728 4.726321e+05
736392 11.716401 11.954970 11.698729 11.946134 6.834567e+05
736393 11.954969 12.167030 11.884281 11.919625 6.902603e+05
736396 11.910789 12.167030 11.893118 12.114015 3.734934e+05
736397 11.999149 12.114016 11.778252 11.831267 5.753937e+05
736398 11.804759 11.928461 11.592697 11.769415 3.855986e+05
736399 11.822431 11.840103 11.566190 11.628041 5.744217e+05
736400 11.681057 12.087508 11.663385 12.078672 4.828818e+05
736403 12.016821 12.052165 11.822431 11.937298 4.272157e+05
736404 11.901955 11.963806 11.707565 11.866611 2.378624e+05
736405 11.866611 12.105180 11.795924 11.928462 3.321414e+05
736406 11.946133 12.184703 11.884282 12.158195 7.395646e+05
736407 12.211210 12.281897 12.034492 12.043328 1.363644e+06
736410 12.025656 12.343749 12.016820 12.140523 5.229084e+05
736411 12.096344 12.167031 11.857774 11.972641 7.722574e+05
736412 11.981477 12.043328 11.822431 11.822431 4.590249e+05
736413 11.778251 11.901954 11.610369 11.813595 4.463012e+05
736417 11.822431 11.875446 11.672220 11.698728 2.834556e+05
736418 11.707564 11.937298 11.636877 11.901954 9.473849e+05
736419 11.919626 12.149359 11.884282 12.061000 1.110231e+06
736420 12.087508 12.237718 12.016820 12.052164 9.147805e+05
736421 12.034492 12.140523 11.901954 12.061000 6.299111e+05
736424 12.069835 12.158194 11.972641 12.025656 4.797009e+05
736425 12.016820 12.096343 11.981477 12.052164 4.421483e+05
736426 12.043328 12.131687 12.007984 12.043328 5.623165e+05
736427 12.043329 12.202375 12.007985 12.016821 1.047231e+06
736428 12.090038 12.181559 11.925298 11.961907 8.021891e+05
736431 11.998517 12.199865 11.989365 12.007669 8.285475e+05
736432 12.007669 12.126647 11.971060 12.016821 5.276236e+05
736433 12.053430 12.108343 11.989364 12.025973 7.767461e+05
736434 12.035125 12.190712 11.998516 12.172408 3.993099e+05
736435 12.117495 12.254778 12.062582 12.163256 2.934191e+05
736438 12.090039 12.318843 12.062582 12.209017 3.487898e+05
736439 12.209017 12.291387 12.181561 12.254778 2.309097e+05
736440 12.236474 12.309691 12.199865 12.209017 3.669112e+05
736441 12.245625 12.273082 11.961907 12.044277 3.678264e+05
736442 12.071734 12.172408 11.989365 12.099191 2.936937e+05
736445 12.099191 12.199865 12.044278 12.199865 2.530580e+05
736446 12.254778 12.282234 12.099191 12.263930 3.351531e+05
736447 12.254778 12.392061 12.181560 12.355452 3.450374e+05
736448 12.337147 12.364604 12.227321 12.282234 3.797242e+05
736449 12.327996 12.437822 12.190713 12.437822 9.974969e+05
736452 12.428670 12.456126 12.199865 12.254778 5.872958e+05
736453 12.236474 12.263930 11.916147 12.053430 4.652972e+05
736454 11.961908 12.163256 11.934452 12.053430 4.833270e+05
736455 12.071735 12.318844 12.062583 12.181561 5.446467e+05
736456 11.998517 12.620865 11.888690 12.611713 1.143566e+06
736459 12.739844 13.105931 12.666626 13.087627 7.815967e+05
736460 13.087627 13.343888 13.041866 13.325584 8.668951e+05
736461 13.270671 13.581845 13.261518 13.581845 9.445972e+05
736462 13.618453 13.655062 13.444562 13.655062 6.250943e+05
736463 13.627606 13.655062 13.316431 13.590997 5.563614e+05
736466 13.590997 13.673366 13.508627 13.655062 3.438476e+05
736467 13.563540 13.783192 13.508627 13.673366 7.329986e+05
736468 13.645910 13.764888 13.508627 13.709975 5.131631e+05
736469 13.600149 13.746584 13.517779 13.709975 5.735675e+05
736470 13.709976 13.819802 13.618454 13.819802 5.298201e+05
736473 13.874714 13.920475 13.709975 13.764888 2.991850e+05
736474 13.774040 13.920475 13.746584 13.865562 3.154759e+05
736475 13.865563 13.938780 13.783193 13.874715 3.596809e+05
736476 13.874715 14.002845 13.874715 13.984541 3.070559e+05
736477 13.966237 14.094367 13.966237 14.039454 2.269742e+05
736481 14.021150 14.130976 13.984541 14.085215 3.178554e+05
736482 14.066911 14.304867 14.057758 14.286563 2.616610e+05
736483 14.277411 14.378085 14.249954 14.378085 2.606543e+05
736484 14.378084 14.542824 14.378084 14.405541 4.568771e+05
736487 14.405541 14.506215 14.368933 14.387237 4.389389e+05
736488 14.368933 14.423846 14.195042 14.204194 7.551469e+05
736489 14.222498 14.524520 14.222498 14.506216 4.245699e+05
736490 14.588585 14.753325 14.515367 14.753325 6.746076e+05
736491 14.707564 14.725868 14.616042 14.680108 4.479080e+05
736494 14.735020 14.789934 14.643499 14.661803 5.755810e+05
736495 14.643499 14.735021 14.487912 14.698411 7.491065e+05
736496 14.652651 14.789933 14.588585 14.680108 3.864053e+05
736497 14.689258 14.780780 14.597737 14.707563 5.399790e+05
736498 14.744174 14.863151 14.634347 14.689259 1.104944e+06
736501 14.817390 14.872303 14.716716 14.744173 4.133127e+05
736502 14.762476 14.817390 14.625194 14.643498 8.820877e+05
736503 14.661802 14.716715 14.515367 14.515367 4.237462e+05
736504 14.634346 14.725868 14.588585 14.643498 3.895170e+05
736505 14.350628 14.698410 14.268258 14.588585 6.416598e+05
736508 14.524520 14.570281 14.222498 14.222498 5.942515e+05
736509 14.332324 14.652650 14.286563 14.533672 5.548055e+05
736510 14.570281 14.762476 14.561129 14.698411 4.224649e+05
736511 14.707563 14.863150 14.616041 14.853998 4.479995e+05
736512 14.872304 14.972978 14.780782 14.945521 4.593483e+05
736516 14.945521 14.991281 14.753326 14.863151 6.400124e+05
736517 14.826543 14.991280 14.680108 14.982130 3.815546e+05
736518 15.027890 15.055348 14.890608 14.963825 8.589327e+05
736519 15.055348 15.183478 14.963825 15.146868 1.187039e+06
736522 15.146868 15.494652 15.101108 15.448890 1.537842e+06
736523 15.015832 15.288848 14.921689 15.034661 2.063430e+06
736524 15.062903 15.157046 14.968759 15.044074 7.907082e+05
736525 15.072319 15.109975 14.836961 14.846375 6.838559e+05
736526 14.884032 15.025246 14.827546 14.865203 5.433942e+05
736529 14.902860 15.072318 14.874617 15.072318 4.495335e+05
736530 15.119388 15.298261 15.091147 15.279432 4.496276e+05
736531 15.298261 15.335919 15.175876 15.298261 2.315921e+05
736532 15.317090 15.335920 15.185289 15.222947 2.909023e+05
736533 15.213532 15.430061 15.213532 15.326505 2.570108e+05
736536 15.335919 15.392404 15.204118 15.326505 4.449205e+05
736537 15.364161 15.364161 15.232360 15.279432 2.961743e+05
736538 15.345332 15.354746 15.109974 15.288847 4.375773e+05
736539 15.298262 15.307676 15.185289 15.270018 3.141557e+05
736540 15.298261 15.364161 15.185288 15.279432 5.735200e+05
736543 15.241776 15.514791 15.232361 15.495961 6.273699e+05
736544 15.495961 15.580690 15.288847 15.317090 2.863835e+05
736545 15.307676 15.505375 15.251191 15.439476 5.537500e+05
736546 14.338002 14.573359 13.650757 13.933186 1.825624e+06
736547 13.999086 14.620431 13.923772 14.441559 9.253330e+05
736550 14.507459 14.582774 14.356830 14.356830 5.832168e+05
736551 14.338001 14.676916 14.338001 14.639259 5.694719e+05
736552 14.629844 14.723988 14.479215 14.498044 2.922203e+05
736553 14.488630 14.526288 14.309758 14.479216 4.392719e+05
736554 14.403901 14.573358 14.366243 14.385072 2.739565e+05
736557 14.413316 14.469802 14.309758 14.328587 4.567826e+05
736558 14.309758 14.347416 14.196787 14.206201 2.563518e+05
736559 14.272102 14.290930 14.121473 14.253273 2.389353e+05
736560 14.300344 14.450973 14.234444 14.272101 2.233075e+05
736561 14.253272 14.253272 14.130886 14.196786 3.052121e+05
736564 14.215615 14.272101 14.177958 14.215615 2.234958e+05
736565 14.215615 14.413316 14.168544 14.328587 2.124811e+05
736566 14.356830 14.366244 14.177958 14.234444 2.222720e+05
736567 14.253272 14.385073 14.206201 14.300344 1.707757e+05
736568 14.338001 14.413316 14.102644 14.206201 2.675548e+05
736571 14.159129 14.366243 14.149714 14.262686 1.950646e+05
736572 14.272101 14.375659 14.121472 14.356830 2.502325e+05
736573 14.300343 14.375658 14.140300 14.347415 3.350554e+05
736574 14.375659 14.375659 14.121472 14.149715 3.950246e+05
736575 14.130886 14.526288 14.130886 14.479216 4.181839e+05
736579 14.479216 14.535702 14.281515 14.460387 3.442815e+05
736580 14.413316 14.535703 14.338002 14.488631 3.136850e+05
736581 14.450973 14.535702 14.375658 14.460387 2.547513e+05
736582 14.394487 14.394487 13.876699 14.102643 7.637833e+05
736585 14.008501 14.234444 13.810800 14.168544 4.689270e+05
736586 14.168544 14.168544 13.942600 14.093229 4.755170e+05
736587 14.140301 14.366244 14.121472 14.272101 4.740107e+05
736588 14.234443 14.403901 14.215615 14.347415 3.089778e+05
736589 14.347416 14.347416 14.121472 14.206201 6.744415e+05
736592 14.234444 14.498045 14.215615 14.413316 3.195218e+05
736593 14.469802 14.498045 14.356830 14.356830 2.016546e+05
736594 14.356830 14.488630 14.253272 14.450973 3.096368e+05
736595 14.498045 14.545117 14.460388 14.526288 2.994694e+05
736596 14.507459 14.620431 14.366245 14.375659 4.141357e+05
736599 14.432144 14.601601 14.385072 14.385072 4.092402e+05
736600 14.432144 14.507459 14.375658 14.460387 2.614355e+05
736601 14.554531 14.592188 14.366244 14.507459 4.855904e+05
736602 14.535701 14.629845 14.441558 14.554530 4.286337e+05
736603 14.648673 14.733402 14.582773 14.667502 5.452771e+05
736606 14.667502 14.714574 14.403901 14.422730 4.012381e+05
736607 14.507459 14.545116 14.102643 14.187372 7.396827e+05
736608 14.216525 14.381720 14.061046 14.099916 1.282985e+06
736609 13.993025 14.080481 13.876416 13.944438 1.014980e+06
736610 13.973590 14.138785 13.895851 13.983307 6.197744e+05
736613 13.993024 14.352567 13.993024 14.265111 8.045017e+05
736614 14.284545 14.430306 14.284545 14.401154 5.309575e+05
736615 14.430306 14.605219 14.323415 14.488610 6.882819e+05
736616 14.488611 14.585784 14.449741 14.498328 3.801438e+05
736617 14.576067 14.605219 14.440024 14.449741 2.716979e+05
736620 14.440024 14.488611 14.294263 14.372002 3.168837e+05
736621 14.469176 14.566350 14.401154 14.449741 5.679807e+05
736622 14.537197 14.556632 14.459458 14.488610 4.813989e+05
736623 14.469176 14.546916 14.459459 14.508046 2.769453e+05
736624 14.372001 14.576066 14.372001 14.517762 3.558504e+05
736627 14.566350 14.673241 14.488611 14.653806 3.408856e+05
736628 14.663523 14.906458 14.634371 14.857871 3.618752e+05
736629 14.867589 14.945328 14.789850 14.838437 2.648957e+05
736630 14.887023 14.887023 14.566350 14.576067 3.317513e+05
736631 14.624654 14.741263 14.508046 14.595502 2.318566e+05
736634 14.682959 14.819002 14.537198 14.789850 7.157821e+05
736635 14.819002 14.819002 14.420590 14.430307 3.863630e+05
736636 14.478894 14.517763 14.333133 14.352568 2.117417e+05
736637 14.352567 14.537197 14.342850 14.401154 5.959668e+05
736638 14.896740 15.499217 14.819001 15.207696 9.692112e+05
736641 15.304870 15.508935 15.304870 15.421479 5.323180e+05
736642 15.489501 15.732437 15.392328 15.606109 5.013196e+05
736643 15.343740 15.693566 15.246566 15.596391 6.553400e+05
736644 15.635261 15.644979 15.314588 15.392327 6.408611e+05
736645 15.411761 15.703282 15.353457 15.615826 7.317185e+05
736648 15.664415 15.878196 15.576958 15.800457 4.325205e+05
736649 15.819893 15.926782 15.615827 15.926782 3.821845e+05
736650 15.985088 16.023957 15.790740 15.849043 4.054090e+05
736651 15.849043 15.878196 15.440914 15.470066 7.352168e+05
736652 15.489500 15.625543 15.450631 15.615826 4.764430e+05
736655 15.751869 15.878196 15.722718 15.781022 4.271759e+05
736656 15.839325 15.907348 15.781021 15.897631 4.634217e+05
736657 15.878195 15.955934 15.751868 15.868478 5.584577e+05
736659 15.858761 15.936500 15.751869 15.829610 2.290386e+05
736662 15.839325 15.985087 15.829609 15.946217 3.998701e+05
736663 15.965652 16.072545 15.887913 16.004521 4.102677e+05
736664 15.994803 16.014239 15.693565 15.819892 4.022023e+05
736665 15.732436 15.819892 15.314588 15.557522 4.969467e+05
736666 15.547805 15.683847 15.479783 15.508935 2.574133e+05
736669 15.557523 15.849043 15.489501 15.849043 3.691632e+05
736670 15.800456 16.062826 15.742153 16.023956 4.196935e+05
736671 15.985088 16.276608 15.946217 16.198869 4.202766e+05
736672 16.208586 16.432085 16.130847 16.422368 5.727422e+05
736673 16.373782 16.733324 16.373782 16.723607 5.239610e+05
736676 16.733324 16.888802 16.480673 16.568129 6.299776e+05
736677 16.519543 16.626435 16.189152 16.334912 4.959750e+05
736678 16.383500 16.470957 16.062827 16.169716 4.996676e+05
736679 16.121130 16.140566 15.732436 15.781022 6.932378e+05
736680 15.858761 16.334911 15.858761 16.150283 1.868457e+06
736683 16.198869 16.344630 16.150283 16.296043 4.603122e+05
736684 16.296042 16.422368 16.218304 16.422368 4.259127e+05
736685 16.373782 16.500108 16.276609 16.334912 3.865573e+05
736686 16.364064 16.490389 16.159999 16.325194 5.086076e+05
736687 16.325194 16.373782 16.111412 16.228022 8.731064e+05
736691 16.325194 16.344630 16.140566 16.159999 2.956998e+05
736692 16.200001 16.299999 16.000000 16.100000 7.945000e+05
736693 16.110001 16.610001 16.110001 16.600000 5.200000e+05
736694 16.540001 16.680000 16.330000 16.370001 4.658000e+05
736698 16.379999 16.629999 16.340000 16.580000 4.269000e+05
736699 16.580000 16.719999 16.559999 16.670000 3.458000e+05
736700 16.670000 16.730000 16.530001 16.629999 2.463000e+05
736701 16.660000 16.780001 16.570000 16.740000 3.165000e+05
736704 16.750000 16.920000 16.580000 16.770000 4.994000e+05
736705 16.690001 16.990000 16.600000 16.940001 4.570000e+05
736706 17.020000 17.270000 16.920000 17.100000 5.118000e+05
736707 17.049999 17.070000 16.719999 16.850000 6.020000e+05
736708 16.799999 16.959999 16.750000 16.950001 3.217000e+05
736712 16.850000 17.150000 16.850000 17.080000 6.340000e+05
736713 17.100000 17.209999 17.040001 17.170000 3.560000e+05
736714 17.139999 17.190001 17.020000 17.150000 3.395000e+05
736715 17.059999 17.150000 16.959999 17.000000 2.994000e+05
736718 17.040001 17.219999 17.020000 17.110001 2.422000e+05
736719 17.100000 17.190001 17.049999 17.059999 4.477000e+05
736720 17.070000 17.190001 16.959999 17.030001 2.694000e+05
736721 17.030001 17.230000 17.000000 17.160000 1.910000e+05
736722 17.280001 17.280001 17.090000 17.120001 3.971000e+05
736725 17.180000 17.180000 16.940001 17.010000 4.240000e+05
736726 16.920000 17.049999 16.530001 16.950001 5.183000e+05
736727 16.980000 17.280001 16.980000 17.080000 3.375000e+05
736728 17.150000 17.150000 17.010000 17.080000 3.605000e+05
736729 17.290001 17.360001 16.400000 16.629999 1.662300e+06
736732 16.500000 16.879999 16.500000 16.850000 6.228000e+05
736733 16.820000 16.850000 16.650000 16.700001 3.018000e+05
736734 16.709999 16.740000 16.540001 16.610001 2.976000e+05
736735 16.660000 16.879999 16.510000 16.760000 3.849000e+05
736736 16.799999 16.940001 16.799999 16.879999 2.352000e+05
736739 16.940001 17.120001 16.940001 17.090000 3.634000e+05
736740 17.100000 17.100000 16.750000 16.879999 3.380000e+05
736741 16.840000 16.879999 16.629999 16.870001 3.187000e+05
736742 16.980000 17.240000 16.870001 17.080000 3.064000e+05
736743 17.129999 17.160000 16.870001 16.940001 3.504000e+05
736747 16.879999 17.040001 16.850000 17.030001 2.732000e+05
736748 16.990000 17.150000 16.950001 17.070000 2.999000e+05
736749 17.090000 17.129999 16.940001 17.040001 3.788000e+05
736750 17.030001 17.030001 16.799999 16.870001 4.276000e+05
736753 16.879999 16.930000 16.809999 16.820000 4.174000e+05
736754 16.790001 16.940001 16.650000 16.860001 8.629000e+05
736755 16.820000 17.020000 16.680000 16.900000 6.652000e+05
736756 16.900000 16.959999 16.840000 16.950001 3.592000e+05
736757 16.910000 16.940001 16.639999 16.920000 4.451000e+05
736760 16.860001 16.860001 16.610001 16.790001 4.029000e+05
736761 16.700001 16.809999 16.700001 16.770000 2.699000e+05
736762 16.770000 16.799999 16.410000 16.420000 6.017000e+05
736763 16.400000 16.570000 16.340000 16.469999 4.721000e+05
736764 16.600000 16.870001 16.580000 16.639999 6.630000e+05
