736034 16.489476 16.714689 16.450308 16.636354 3.920657e+05
736035 16.665729 16.861565 16.567810 16.793023 4.102785e+05
736036 16.704896 16.822399 16.509061 16.675522 3.604380e+05
736039 16.724481 16.871358 16.558019 16.704896 2.960076e+05
736040 16.597188 16.793024 16.597188 16.704896 2.606591e+05
736041 16.597187 17.086780 16.440517 16.930110 3.679777e+05
736042 16.773439 17.214073 16.773439 17.155322 3.623964e+05
736043 17.302200 17.390326 16.998653 17.155322 4.676588e+05
736046 17.165115 17.958254 17.057404 17.723250 3.026661e+05
736047 17.674289 17.801584 17.449077 17.674289 3.027640e+05
736048 17.742834 17.987631 17.615539 17.644915 2.875867e+05
736049 17.605748 17.860336 17.458870 17.595955 4.125307e+05
736050 17.615583 17.694092 17.262289 17.321171 4.115864e+05
736053 17.370242 17.478190 16.732350 16.977692 3.398483e+05
736054 16.830486 17.154338 16.526262 16.869742 3.015748e+05
736055 16.810858 16.928624 16.496820 16.751977 2.673250e+05
736056 17.173966 17.802042 17.173966 17.762788 3.251277e+05
736060 17.743160 18.449745 17.566514 18.390864 2.377858e+05
736061 18.449746 18.979687 18.331983 18.940431 4.329802e+05
736062 18.852107 19.107263 18.047384 18.233845 3.961789e+05
736063 18.233845 18.626393 17.870737 18.390864 2.497585e+05
736064 18.489002 18.547884 17.772603 17.968875 2.100131e+05
736067 18.008131 18.155336 17.743161 17.831484 2.695822e+05
736068 17.890366 18.361422 17.713718 18.243659 3.642844e+05
736069 18.371236 18.636206 18.282912 18.587139 3.998099e+05
736070 18.577325 18.724530 18.253473 18.665648 2.193361e+05
736071 18.508630 19.460557 18.430120 19.372234 5.774378e+05
736074 19.431115 19.627390 18.626393 18.812853 3.389650e+05
736075 18.940430 19.097450 18.636207 18.891363 7.035438e+05
736076 18.940431 19.342793 18.675463 18.910991 2.294442e+05
736077 18.891363 19.117078 18.646020 18.881549 2.441647e+05
736078 18.920805 18.960059 18.636207 18.881549 2.608480e+05
736081 18.940430 19.450744 18.842295 18.920805 1.691881e+05
736082 18.969873 19.205401 18.773598 18.989500 3.211041e+05
736083 18.940430 19.205401 18.842295 18.999314 2.760592e+05
736084 18.960058 19.087637 18.783411 18.871735 3.267960e+05
736085 18.871736 19.009128 18.616579 18.891363 3.617328e+05
736088 18.852107 19.048382 18.646021 18.704902 2.327808e+05
736089 18.420306 20.510623 17.762788 18.901177 8.688064e+05
736090 19.068010 19.117078 18.577325 18.734344 5.674279e+05
736091 18.695088 18.832482 18.322169 18.606765 4.548648e+05
736092 18.822666 18.950243 18.312354 18.803039 3.734111e+05
736095 18.753972 18.969872 18.606765 18.881549 2.058913e+05
736096 18.793225 18.930618 18.636206 18.675462 2.109944e+05
736097 18.714716 18.724529 18.096454 18.636206 2.022602e+05
736098 18.704902 18.704902 17.841298 18.469374 3.442644e+05
736099 18.410491 18.498814 18.116079 18.224031 2.191398e+05
736102 18.155337 18.400679 17.703908 18.174964 1.903857e+05
736103 18.233846 18.292727 17.684279 17.870738 1.375880e+05
736104 17.890366 18.282913 17.831484 18.253473 1.405321e+05
736105 18.302541 18.783411 18.302541 18.646020 1.623185e+05
736106 18.626393 18.763786 18.165149 18.233845 4.672300e+05
736110 18.224031 18.567511 17.949249 18.489001 3.301327e+05
736111 18.498815 18.636207 18.116080 18.577325 2.035360e+05
736112 18.508629 18.606764 18.194591 18.518443 1.649682e+05
736113 18.479188 18.528256 18.067013 18.420306 1.744875e+05
736116 18.479187 18.832481 18.106267 18.793225 1.826329e+05
736117 18.695088 19.215215 18.547884 19.146519 3.090333e+05
736118 19.185773 19.391862 18.803040 19.068010 2.285610e+05
736119 18.920804 19.018939 18.302541 18.390864 1.894043e+05
736120 18.312354 18.704901 18.116079 18.547883 2.557449e+05
736123 18.489002 19.097450 18.459559 18.989500 1.803757e+05
736124 19.087638 19.146519 18.626393 18.734344 2.139386e+05
736125 18.891363 19.656832 18.861920 19.391861 3.272867e+05
736126 19.411489 19.489998 18.989499 19.244656 2.290516e+05
736127 19.244657 19.627390 19.175961 19.332980 1.993161e+05
736130 19.156333 19.166147 18.704902 18.950244 2.720356e+05
736131 18.861921 19.303539 18.803040 19.225029 1.330737e+05
736132 19.293724 19.323166 18.871735 19.136705 1.927410e+05
736133 19.166146 19.332979 19.009127 19.244656 2.068727e+05
736134 19.234842 19.421303 19.117078 19.136705 2.709561e+05
736137 19.156332 19.588134 18.979686 19.323166 1.860677e+05
736138 19.411490 19.804037 19.382048 19.627390 2.321920e+05
736139 19.529253 19.745155 19.107263 19.166147 1.782167e+05
736140 19.254470 19.460557 18.891362 18.999314 1.849881e+05
736141 19.023918 19.575050 18.935343 19.535684 6.385265e+05
736144 19.348692 19.545526 19.260117 19.466793 3.195585e+05
736145 19.555369 19.673467 19.388060 19.486475 3.685700e+05
736146 19.575049 19.683308 18.827083 19.437267 7.739477e+05
736147 19.437268 19.673467 18.925502 19.082967 4.159083e+05
736151 18.964867 19.447108 18.718826 19.171542 3.628618e+05
736152 19.151858 19.368376 18.148012 18.905817 6.908841e+05
736153 18.758192 18.895977 18.226744 18.275952 3.885485e+05
736154 18.482628 19.014077 18.335001 18.659776 3.614840e+05
736155 18.836926 18.886136 18.423576 18.738511 3.050913e+05
736158 18.718827 19.102651 18.256268 18.659776 4.876540e+05
736159 18.285793 18.551518 17.714977 17.951177 7.123389e+05
736160 17.892128 17.980702 17.016221 17.311470 8.012091e+05
736161 17.331154 17.616561 17.281944 17.340996 4.841110e+05
736162 17.262262 17.468936 17.094954 17.301628 7.585947e+05
736165 17.242578 17.360677 16.661921 17.331154 4.037047e+05
736166 17.360678 17.518144 17.134321 17.360678 2.167132e+05
736167 17.213054 17.360678 17.016222 17.075271 4.791902e+05
736168 17.144162 17.154003 16.533978 16.533978 2.832428e+05
736169 16.435563 16.730812 16.238729 16.563504 3.195585e+05
736172 16.425721 16.701286 16.199361 16.632395 2.438762e+05
736173 16.730813 17.281944 16.573346 17.232737 3.522328e+05
736174 17.193369 17.616561 16.986695 17.331154 2.775346e+05
736175 17.242579 17.862603 17.242579 17.774027 3.988823e+05
736176 17.783869 17.911811 17.468936 17.862602 4.562591e+05
736179 17.823237 17.892128 17.488620 17.714978 5.611711e+05
736180 17.783869 17.941336 17.537828 17.764185 2.308852e+05
736181 17.695295 17.793711 17.370520 17.626403 6.355740e+05
736182 16.848913 18.964868 16.287937 18.708985 1.151080e+06
736183 18.541677 18.886136 17.439411 17.714978 5.034006e+05
736186 17.823236 18.207060 17.724819 18.118485 3.741797e+05
736187 17.941337 18.000387 17.616562 17.813395 2.144497e+05
736188 17.636245 18.512152 17.518144 18.384211 2.635595e+05
736189 18.384210 18.403894 17.665770 17.744503 3.071580e+05
736190 17.714978 17.852760 17.577196 17.714978 2.461398e+05
736193 17.646086 17.970861 17.400045 17.882286 2.068716e+05
736194 17.793710 17.980702 16.642237 17.744503 2.693661e+05
736195 17.724820 17.774027 17.340996 17.636245 2.594260e+05
736196 17.587037 17.636245 17.154003 17.252421 3.547916e+05
736197 16.976853 17.468936 16.839071 17.331154 5.798703e+05
736200 16.632396 17.104794 16.209204 16.228888 3.648301e+05
736201 16.681605 16.681605 15.815539 16.002530 4.800759e+05
736202 16.268255 16.337146 15.717121 16.268255 4.249626e+05
736203 16.396196 17.252421 16.169838 16.642237 3.481977e+05
736204 16.533979 17.655929 16.337146 17.547670 2.651342e+05
736207 17.459095 18.512151 17.459095 18.079120 3.652238e+05
736208 17.754345 18.216902 17.488620 17.537828 3.264477e+05
736209 17.685452 17.685452 17.144162 17.527986 2.036238e+05
736210 17.626403 17.793711 17.360677 17.449253 2.132686e+05
736211 17.321312 17.655929 17.144162 17.527986 1.676034e+05
736215 17.911812 18.354685 17.587037 18.138169 2.687756e+05
736216 18.335000 18.335000 17.744503 17.744503 2.114971e+05
736217 17.872444 18.108644 17.626403 17.931493 1.309924e+05
736218 17.793711 18.246428 17.793711 18.108644 1.545140e+05
736221 18.128328 18.128328 17.872445 18.059436 2.214372e+05
736222 18.157853 18.423576 17.970861 18.305477 1.298114e+05
736223 18.384210 19.437267 18.354685 19.142018 1.864009e+05
736224 19.210909 19.653783 19.082967 19.358534 2.138591e+05
736225 19.142020 19.447110 18.403895 18.472786 3.034182e+05
736228 18.649936 18.689302 17.892128 17.921652 2.416126e+05
736229 17.714978 17.813395 17.409888 17.547670 1.279415e+05
736230 17.626402 17.626402 16.711128 16.917804 2.278343e+05
736231 16.848913 17.449253 16.760338 17.419729 1.383737e+05
736232 17.596877 17.606719 16.927647 17.144162 2.407269e+05
736235 17.030625 17.168843 16.685076 16.843040 2.798946e+05
736236 16.833166 17.050369 16.536982 16.902278 2.777226e+05
736237 17.139227 17.711850 17.139227 17.682231 2.212500e+05
736238 17.771087 17.948797 16.852914 16.951642 2.251004e+05
736239 16.783804 17.583502 16.625839 17.544012 2.143391e+05
736242 17.721723 18.847224 17.425537 18.837351 1.319009e+05
736243 18.837352 19.706159 18.491803 19.044682 2.094026e+05
736244 19.212518 19.962853 18.985444 19.952980 2.789073e+05
736245 19.864127 20.446621 19.173028 20.407131 1.872875e+05
736246 20.545349 21.088356 20.022091 21.058737 3.774381e+05
736249 21.127847 21.127847 20.486114 20.752680 1.777109e+05
736250 20.594715 20.881026 20.101074 20.150437 2.913471e+05
736251 20.180056 20.199800 19.706159 19.745651 2.390211e+05
736252 19.706159 20.268912 19.370484 20.189929 1.379234e+05
736253 20.219548 20.259039 19.123665 19.173028 2.993441e+05
736256 18.985444 19.192775 18.857098 19.173028 2.523494e+05
736257 19.222391 19.725906 19.015062 19.597559 1.457229e+05
736258 19.637049 19.755524 19.153282 19.153282 1.592487e+05
736259 19.252010 20.486113 19.015062 19.281629 1.376272e+05
736260 19.439595 20.624332 19.143408 19.508704 1.785994e+05
736263 19.469211 19.864126 19.311246 19.429721 1.105756e+05
736264 19.271755 20.426877 18.442438 18.659640 1.303213e+05
736265 18.847224 19.824634 18.827479 19.607433 2.378364e+05
736266 19.518576 20.061582 19.449468 19.479085 1.523377e+05
736267 19.479085 20.081328 19.350739 19.666669 1.671469e+05
736270 19.666669 20.732934 19.666669 20.495986 1.510542e+05
736271 20.515733 21.127847 20.268912 20.328148 1.742554e+05
736272 20.417003 20.417003 19.933236 20.189929 2.090077e+05
736273 20.239293 21.187083 20.239293 20.742807 2.125619e+05
736274 20.584842 21.424033 20.407131 21.325304 2.322089e+05
736277 21.453651 21.532633 20.772427 20.999501 1.817587e+05
736278 20.920518 21.315430 20.861279 21.167339 1.890646e+05
736279 21.196956 21.256195 20.900772 21.068610 7.819278e+04
736280 21.058736 22.154621 19.893743 20.634205 2.116734e+05
736281 20.466368 21.512888 20.377511 21.078483 1.971603e+05
736284 21.048864 22.055893 21.048864 21.868309 2.224348e+05
736285 21.828819 22.194113 21.581999 21.739963 1.855104e+05
736286 21.809072 22.904957 21.611615 22.845718 2.863119e+05
736287 22.717372 22.806227 22.164495 22.549534 1.262734e+05
736288 22.707499 22.845718 21.858435 21.986783 2.576808e+05
736291 21.878181 22.253349 21.868308 21.996656 1.895582e+05
736292 22.036148 22.677880 21.957165 22.638390 2.456359e+05
736293 22.549534 23.033302 22.431059 22.707499 1.440445e+05
736295 22.668007 22.983940 22.460679 22.806228 5.173361e+04
736298 22.845718 23.280123 22.480424 22.786482 2.085141e+05
736299 22.924700 23.596053 22.470551 23.487453 2.315178e+05
736300 23.378852 23.487454 20.041836 22.766736 1.728732e+05
736301 22.934575 23.250504 22.589025 22.914828 1.831409e+05
736302 22.816101 23.526944 22.549534 23.122158 2.796972e+05
736305 22.983939 23.092538 22.095383 22.431059 3.061563e+05
736306 22.016400 22.727244 21.947291 22.292840 1.493758e+05
736307 22.273093 22.954319 20.387385 22.292840 1.517453e+05
736308 22.243477 22.421186 21.967037 22.213858 1.453280e+05
736309 21.769580 21.986783 21.394413 21.631361 1.626054e+05
736312 21.621488 21.730090 20.969882 21.305558 1.790931e+05
736313 21.443777 21.878182 21.246321 21.552379 2.037751e+05
736314 21.631362 22.036147 21.394414 21.888055 1.807714e+05
736315 21.897927 22.184238 21.345050 21.512888 1.354552e+05
736316 21.483269 21.690597 20.328148 20.841536 4.177193e+05
736319 21.048864 21.463523 20.713188 21.068610 1.645800e+05
736320 21.137720 21.256195 20.653951 21.068610 2.843374e+05
736321 21.305557 22.164494 21.078482 22.125002 1.391081e+05
736322 22.194113 22.559407 22.115130 22.233604 9.724734e+04
736326 22.075639 22.411315 21.473395 22.292840 1.248912e+05
736327 22.396759 22.604595 21.961296 22.198821 1.081735e+05
736328 22.060264 22.416553 21.971192 22.099851 1.185653e+05
736329 22.109748 22.337377 21.723769 21.802944 1.696334e+05
736333 21.426860 21.862325 20.862734 21.664385 3.109616e+05
736334 21.664384 21.842530 21.238816 21.723768 1.672582e+05
736335 21.268509 21.713872 21.080466 21.100261 1.403385e+05
736336 20.684590 20.842940 20.080878 20.130362 2.696914e+05
736337 20.377785 20.803353 19.991806 20.080878 2.747389e+05
736340 20.090773 20.259021 19.675102 19.783969 1.624087e+05
736341 20.061083 20.070981 19.358400 19.734485 1.577571e+05
736342 19.902733 20.031392 19.021904 19.576134 2.557367e+05
736343 19.724587 20.437166 19.328711 20.021495 2.342604e+05
736344 19.368297 19.783968 19.140668 19.526648 2.248583e+05
736348 19.734485 19.803763 18.962524 19.061493 3.912258e+05
736349 18.635925 19.853247 18.447882 19.506854 3.054194e+05
736350 19.477164 19.694897 18.655719 19.071390 2.016995e+05
736351 19.566237 19.754277 18.873451 19.229741 2.130810e+05
736354 18.972420 19.110976 18.378604 18.418193 1.079755e+05
736355 18.586441 18.982318 18.398399 18.942729 1.490478e+05
736356 18.833864 19.378194 18.685408 18.972420 1.369735e+05
736357 19.328711 19.526649 18.873451 19.021904 1.507303e+05
736358 19.051596 20.179845 19.051596 20.179845 2.424749e+05
736361 19.863144 20.605414 19.506854 20.338196 1.733943e+05
736362 19.952216 20.179844 19.655309 19.952216 1.643880e+05
736363 20.160053 20.437166 19.397988 20.051186 2.294109e+05
736364 20.070981 20.823148 19.972010 20.476755 1.213364e+05
736365 20.308507 20.585620 19.101080 20.249124 2.833492e+05
736368 19.932422 19.932422 18.962523 19.447473 3.534195e+05
736369 19.130771 19.764174 19.130771 19.427678 3.248173e+05
736370 19.526648 20.466857 18.972420 19.002112 1.685448e+05
736371 18.576543 18.883348 18.002522 18.487471 1.352911e+05
736372 18.774480 19.338607 17.913448 18.922936 1.356869e+05
736376 19.269327 19.397988 18.695305 19.259430 1.385571e+05
736377 19.388091 20.397580 19.328711 20.338196 2.575182e+05
736378 20.397580 20.674692 19.922525 20.061083 2.458398e+05
736379 19.981909 20.506445 19.655310 20.140259 1.395468e+05
736382 20.328301 20.674691 20.268918 20.407476 1.596375e+05
736383 20.268918 20.645003 19.516750 19.704793 2.454439e+05
736384 19.506854 20.565828 19.348503 19.922525 2.110026e+05
736385 19.734486 20.397580 17.923347 19.110977 3.025492e+05
736386 19.219843 21.050776 19.219843 20.892426 4.693126e+05
736389 20.813250 21.694076 19.200049 21.139849 3.818237e+05
736390 21.298200 21.694077 21.070571 21.248714 3.133369e+05
736391 21.268509 21.634697 21.080466 21.585210 2.510852e+05
736392 21.624798 22.357171 20.684589 22.297790 2.486109e+05
736393 22.268099 22.822326 22.258202 22.574903 2.370315e+05
736396 22.654078 23.079647 22.654078 22.980677 2.453450e+05
736397 22.950989 23.307276 22.208719 22.733254 3.771721e+05
736398 22.812429 23.554699 22.574903 23.307276 2.741450e+05
736399 23.653670 23.653670 22.881710 22.891605 2.569244e+05
736400 23.139028 23.584391 23.139028 23.544804 1.941778e+05
736403 23.475524 23.782331 23.297381 23.307276 1.630025e+05
736404 23.119236 23.386451 22.258202 23.079647 1.289570e+05
736405 22.960885 23.336967 22.525419 23.079647 2.082315e+05
736406 23.148925 24.267280 21.298200 24.217794 4.799023e+05
736407 24.425630 24.989755 23.821917 24.870991 4.427888e+05
736410 24.890786 24.890786 24.267279 24.296969 2.081325e+05
736411 24.158414 24.395940 23.960474 24.267280 2.272336e+05
736412 24.267279 24.346454 23.475523 23.663566 2.564295e+05
736413 23.544805 23.920887 23.505216 23.920887 4.277454e+05
736417 24.178207 24.178207 23.564596 23.752639 1.801242e+05
736418 23.559204 24.154384 23.489766 24.094867 2.761635e+05
736419 24.213902 24.819001 24.045267 24.709885 2.348977e+05
736420 24.799163 24.799163 23.906393 24.104785 3.859742e+05
736421 24.035348 24.501573 23.628641 24.471813 2.664422e+05
736424 24.402375 24.660287 23.588964 23.638561 2.166455e+05
736425 23.212016 23.221936 22.249808 22.527558 3.801216e+05
736426 22.557318 22.656515 22.259729 22.408523 2.181334e+05
736427 22.180372 23.033461 22.180372 22.587077 2.955068e+05
736428 22.904506 23.291373 22.567238 22.765632 1.146713e+05
736431 22.934266 23.251695 22.229968 22.269648 1.538540e+05
736432 22.229969 23.003704 22.229969 22.646595 2.338065e+05
736433 22.825148 23.162417 22.795389 22.924346 2.055355e+05
736434 22.993783 23.291373 22.656514 22.696192 1.719078e+05
736435 22.557317 23.013623 22.289485 22.686274 1.532588e+05
736438 22.487881 23.092982 22.458121 23.083061 4.636452e+05
736439 23.251696 23.965911 23.092981 23.579044 2.056347e+05
736440 23.549284 23.549284 23.192175 23.212015 1.024701e+05
736441 23.241775 23.588964 22.874746 23.241775 2.825121e+05
736442 23.241775 23.757599 23.231856 23.489767 1.060412e+05
736445 23.400489 23.628642 22.844989 22.934266 8.481313e+04
736446 23.003703 23.559203 22.993782 23.539364 1.142745e+05
736447 23.588964 23.678241 23.311212 23.559204 1.477038e+05
736448 23.380650 23.678241 22.924347 22.973944 1.294516e+05
736449 22.954104 23.331053 22.716033 23.202096 1.269717e+05
736452 23.350892 23.390570 22.993783 23.321132 1.385777e+05
736453 23.043382 23.380651 22.497800 22.745792 1.372882e+05
736454 22.537478 23.043382 22.537478 22.735872 1.300468e+05
736455 22.229969 23.251695 22.041494 22.160531 2.016668e+05
736456 22.021657 22.596997 22.021657 22.398603 2.044443e+05
736459 22.299407 22.507721 21.823263 21.833183 1.775620e+05
736460 21.823262 22.210128 21.634787 21.972057 2.050395e+05
736461 21.892701 22.170452 21.565352 21.595111 1.436368e+05
736462 21.773665 21.942300 21.198325 21.247922 1.314356e+05
736463 21.208242 21.485994 20.583304 20.702341 1.717094e+05
736466 20.851136 20.920574 20.662662 20.851136 2.189270e+05
736467 20.811458 21.297520 20.335314 20.474188 1.757765e+05
736468 20.424590 20.712260 20.146839 20.374993 1.271701e+05
736469 20.206358 20.751939 20.057561 20.533707 2.060314e+05
736470 20.652742 21.208242 20.652742 21.188405 1.401649e+05
736473 21.128885 21.277682 20.821376 21.247922 1.640713e+05
736474 21.347119 21.952218 21.228083 21.733986 1.950206e+05
736475 21.882779 22.051415 21.684388 21.981977 1.490926e+05
736476 21.991897 22.120851 21.634788 21.654628 1.048509e+05
736477 21.595110 21.694308 21.128885 21.158645 1.305428e+05
736481 21.148726 21.605031 21.148726 21.347119 1.592106e+05
736482 21.208242 21.505833 21.039608 21.396717 1.639721e+05
736483 21.386797 21.575272 20.990011 21.089208 1.927391e+05
736484 21.099127 21.158645 20.880893 21.039608 9.493119e+04
736487 20.960250 21.238002 20.940413 21.118967 2.799329e+05
736488 21.138805 21.773666 21.039609 21.297520 2.140664e+05
736489 21.366960 21.882780 21.238003 21.386797 1.250870e+05
736490 21.218163 21.833183 20.732100 20.801537 1.572267e+05
736491 20.543625 20.841216 20.047641 20.087321 1.622857e+05
736494 19.948447 20.186518 19.462384 19.482221 1.788516e+05
736495 19.472302 19.750053 19.373107 19.640936 2.406511e+05
736496 19.720293 19.849250 19.323507 19.333427 3.143542e+05
736497 19.135034 19.432623 18.926720 19.383026 4.258512e+05
736498 19.313587 19.660776 19.144952 19.422704 3.009626e+05
736501 19.670696 19.898847 19.462384 19.482221 1.634761e+05
736502 19.452464 19.670696 18.926721 19.184632 1.349074e+05
736503 19.273909 19.392944 18.946560 18.966400 1.384785e+05
736504 19.085436 19.640936 19.025918 19.432624 2.176375e+05
736505 18.529934 18.996158 18.202585 18.500175 9.296710e+05
736508 18.291863 18.410897 17.785959 17.815717 4.193042e+05
736509 17.820694 18.069447 17.512240 17.830644 3.057677e+05
736510 18.059496 18.367949 17.880393 18.268450 1.718388e+05
736511 18.258500 18.845559 18.089348 18.835608 1.977092e+05
736512 18.835607 19.064460 18.835607 18.955008 1.322373e+05
736516 18.765957 18.865457 18.527154 18.666455 1.615902e+05
736517 18.606755 19.114210 18.377900 18.775907 1.577097e+05
736518 18.855508 19.144061 18.815707 18.984859 1.103470e+05
736519 19.163962 19.442567 19.163962 19.313214 2.201965e+05
736522 19.462465 19.731119 19.462465 19.641568 1.110435e+05
736523 19.880372 19.910223 19.303264 19.502267 4.714375e+05
736524 19.522168 19.711219 19.293313 19.442567 4.344229e+05
736525 19.601769 19.701269 18.795806 18.915209 3.991995e+05
736526 19.054509 19.273413 18.835606 19.094311 3.802942e+05
736529 19.044559 19.273414 18.964958 19.163962 2.905440e+05
736530 19.054511 19.233613 18.537103 18.716205 3.621850e+05
736531 18.756006 18.756006 18.258499 18.696306 2.776088e+05
736532 18.626653 18.865457 18.198799 18.238599 1.820875e+05
736533 18.248550 18.258500 17.820694 17.969945 2.655691e+05
736536 17.950046 18.079397 17.800792 17.930145 1.468640e+05
736537 17.979895 18.139097 17.850545 18.029647 1.241777e+05
736538 18.099298 18.228649 17.870443 18.158998 1.931321e+05
736539 18.109249 18.149048 17.830644 17.910245 1.096505e+05
736540 17.930146 18.059497 17.631641 17.959995 2.357187e+05
736543 18.019698 18.178899 17.701293 18.039596 1.819880e+05
736544 18.009746 18.089347 17.751043 17.910245 2.704447e+05
736545 17.920195 18.089348 17.780894 18.039596 2.705442e+05
736546 17.054532 18.139098 16.049569 17.910245 1.877889e+06
736547 17.950046 17.999796 16.756029 16.915231 7.549168e+05
736550 16.935131 17.173934 16.696329 16.945082 5.114370e+05
736551 16.915231 17.024683 16.606778 16.915231 5.513370e+05
736552 16.935131 17.144084 16.795828 17.144084 6.759127e+05
736553 17.173935 17.910245 17.124183 17.641591 9.270542e+05
736554 17.651541 17.989846 17.173935 17.402788 2.723352e+05
736557 17.502289 17.900295 17.502289 17.760993 2.405943e+05
736558 17.751042 17.999795 17.522190 17.601791 1.715403e+05
736559 17.571941 17.621690 17.253536 17.382887 1.625852e+05
736560 17.343086 17.860494 17.343086 17.850544 3.631799e+05
736561 17.850544 17.850544 17.552038 17.691342 1.962167e+05
736564 17.611742 17.999796 17.372936 17.940096 1.935301e+05
736565 18.019697 18.547053 17.820694 18.497303 2.449724e+05
736566 18.427652 18.666456 18.268451 18.467452 3.018871e+05
736567 19.173913 20.726134 19.144062 19.711219 7.652650e+05
736568 19.741070 19.810721 19.323164 19.362964 2.661661e+05
736571 19.442567 19.542066 19.263464 19.313214 1.538291e+05
736572 19.353015 19.571917 19.273414 19.303263 8.895421e+04
736573 19.243564 19.333115 19.024662 19.124161 1.866646e+05
736574 19.144061 19.432616 18.905258 19.402765 2.359177e+05
736575 19.422665 19.681370 19.412715 19.681370 1.858685e+05
736579 19.701268 19.731119 19.442566 19.561967 2.091519e+05
736580 19.561967 19.691320 19.452514 19.651518 2.531315e+05
736581 19.651519 19.711219 19.552018 19.581868 1.729334e+05
736582 19.442567 19.512217 19.173912 19.183863 2.436788e+05
736585 19.094313 19.402766 18.994810 19.124161 1.561176e+05
736586 18.935109 19.183863 18.785855 18.825657 2.106444e+05
736587 18.865457 18.955008 18.417702 18.566954 2.562160e+05
736588 18.646555 19.253513 18.576904 18.945060 1.745254e+05
736589 18.945060 19.054510 18.537102 19.034609 3.438767e+05
736592 19.064460 19.323164 18.925158 19.263464 1.357199e+05
736593 19.372914 19.372914 18.865457 19.154012 1.527346e+05
736594 19.283363 19.920172 18.964958 19.900272 1.594012e+05
736595 20.158976 20.566931 19.412715 20.556981 2.049728e+05
736596 20.467430 20.964937 20.338079 20.447529 4.384030e+05
736599 20.447528 20.537080 20.129125 20.129125 1.961172e+05
736600 20.188827 20.318178 19.950022 20.079375 1.032824e+05
736601 20.234023 20.752842 20.134249 20.742867 2.096237e+05
736602 20.683003 20.872572 20.353751 20.363728 1.623311e+05
736603 20.553298 20.732891 20.303865 20.553298 2.475375e+05
736606 20.433569 20.453524 20.154205 20.333795 9.518372e+04
736607 20.413614 20.752843 20.323820 20.623139 1.839819e+05
736608 20.762821 21.401372 20.483458 21.221779 4.646442e+05
736609 21.161913 21.301596 20.852617 20.892527 1.727076e+05
736610 20.892528 20.892528 20.333795 20.543320 2.183040e+05
736613 20.742867 20.942413 20.543319 20.772798 1.345942e+05
736614 20.742868 20.742868 19.535610 19.665314 2.706849e+05
736615 19.615429 19.864862 19.346040 19.445814 2.767711e+05
736616 19.226312 19.585495 18.966902 19.525632 1.589388e+05
736617 19.645362 19.715202 19.385950 19.445814 1.312019e+05
736620 19.485724 19.715202 19.276199 19.695247 1.434740e+05
736621 19.904771 19.944680 19.595472 19.894794 1.422767e+05
736622 19.904772 19.924724 19.575520 19.795020 7.902044e+04
736623 19.685269 19.854884 19.555564 19.735157 8.021772e+04
736624 19.475745 19.804997 19.306131 19.775065 8.550570e+04
736627 19.884816 20.184136 19.725179 19.904772 1.125443e+05
736628 19.874839 19.874839 19.385950 19.625406 7.921999e+04
736629 19.495702 19.655339 19.196381 19.555565 1.746033e+05
736630 19.675291 19.795020 19.515654 19.635383 9.099324e+04
736631 19.555564 19.934703 19.555564 19.705224 1.382858e+05
736634 19.655338 20.054430 19.515654 19.984590 2.292790e+05
736635 19.934702 20.084361 19.346039 19.356017 9.678009e+04
736636 19.286177 19.356018 18.667581 18.837196 1.902677e+05
736637 18.926992 19.136517 18.737424 19.056698 1.945579e+05
736638 18.956924 19.276199 18.687536 18.946947 1.336962e+05
736641 19.415880 19.605450 18.996834 19.565542 1.827847e+05
736642 21.141960 21.441279 20.004543 20.613161 5.623222e+05
736643 20.613162 22.578695 20.613162 22.409080 6.676829e+05
736644 23.007720 23.426769 21.092073 23.077561 4.734243e+05
736645 23.247175 23.396837 22.818152 23.147404 4.984674e+05
736648 23.526541 23.765997 23.307041 23.576427 5.883631e+05
736649 23.666223 23.805908 23.326994 23.656246 4.733245e+05
736650 23.736066 23.965544 23.287085 23.945589 6.808529e+05
736651 24.185045 24.344683 23.506586 23.746042 5.260048e+05
736652 23.436745 23.436745 22.638560 22.828127 3.875194e+05
736655 22.927901 23.077560 22.698423 23.067585 2.953289e+05
736656 23.217244 23.217244 22.728356 23.147404 2.178051e+05
736657 23.187312 23.546496 23.187312 23.446723 1.591384e+05
736659 23.616337 23.765997 23.496608 23.646270 9.169165e+04
736662 23.626315 23.626315 22.967811 23.027675 1.562450e+05
736663 22.927902 23.346950 22.738334 22.778242 1.757008e+05
736664 23.007719 23.586404 22.798196 22.878015 2.228935e+05
736665 22.907946 23.676202 22.887994 23.446723 3.503040e+05
736666 23.436746 23.446723 22.668490 22.868038 1.155375e+05
736669 23.127448 23.426768 22.897971 23.426768 1.802903e+05
736670 23.516564 23.576427 23.237200 23.446723 2.044355e+05
736671 23.496609 23.646271 23.317019 23.586405 2.721815e+05
736672 23.666223 24.035385 23.376881 23.945589 2.233924e+05
736673 24.115204 24.254886 23.915656 24.234933 4.985671e+05
736676 24.244908 24.474388 23.995474 24.105226 3.062042e+05
736677 24.214978 24.384593 23.925635 24.075294 1.713107e+05
736678 24.075293 24.214977 23.616337 23.706133 1.897688e+05
736679 23.656246 24.334704 23.197290 23.905679 3.859231e+05
736680 24.005452 24.195023 23.775975 23.905679 3.532972e+05
736683 23.915656 24.214977 23.765997 23.975522 1.116463e+05
736684 23.975522 24.284818 23.875748 23.975522 1.579411e+05
736685 24.055341 24.055341 23.616338 23.626315 1.409797e+05
736686 23.706133 24.165090 23.636293 24.085271 1.761996e+05
736687 23.995475 24.125181 23.696156 23.915656 1.432744e+05
736691 24.015431 24.444456 23.805908 24.205000 2.056327e+05
736692 24.350000 24.490000 23.629999 23.680000 1.355000e+05
736693 23.690001 23.850000 22.930000 23.020000 2.030000e+05
736694 23.120001 23.330000 22.670000 22.780001 1.284000e+05
736698 23.090000 23.340000 22.809999 23.170000 2.075000e+05
736699 23.270000 24.530001 22.120001 23.420000 2.293000e+05
736700 23.309999 23.719999 22.580000 22.950001 1.954000e+05
736701 23.070000 23.129999 22.740000 22.910000 2.120000e+05
736704 22.860001 22.860001 22.209999 22.530001 2.058000e+05
736705 22.540001 23.070000 22.389999 22.959999 1.309000e+05
736706 22.920000 23.410000 22.900000 23.139999 1.235000e+05
736707 23.070000 23.070000 22.510000 22.850000 1.194000e+05
736708 22.950001 23.200001 22.799999 22.940001 1.018000e+05
736712 22.799999 22.950001 22.530001 22.780001 1.138000e+05
736713 22.870001 23.240000 22.490000 23.219999 1.362000e+05
736714 23.309999 23.670000 22.660000 22.740000 2.291000e+05
736715 22.799999 22.940001 22.389999 22.520000 1.025000e+05
736718 22.480000 22.700001 22.219999 22.530001 8.360000e+04
736719 22.570000 23.830000 22.360001 23.719999 2.052000e+05
736720 24.000000 24.480000 23.770000 24.420000 1.663000e+05
736721 24.490000 24.750000 23.799999 24.049999 1.698000e+05
736722 25.209999 25.260000 24.450001 24.969999 6.541000e+05
736725 24.860001 25.049999 24.410000 25.000000 3.848000e+05
736726 24.920000 24.969999 24.080000 24.820000 2.968000e+05
736727 24.940001 25.209999 24.790001 24.910000 2.981000e+05
736728 24.850000 25.170000 24.209999 24.280001 1.144000e+05
736729 24.480000 24.690001 24.129999 24.559999 2.068000e+05
736732 24.510000 24.600000 24.290001 24.520000 2.963000e+05
736733 24.530001 24.760000 24.270000 24.520000 2.177000e+05
736734 24.570000 24.590000 24.020000 24.070000 1.555000e+05
736735 24.219999 24.709999 23.930000 24.430000 2.059000e+05
736736 24.520000 24.670000 24.320000 24.480000 8.960000e+04
736739 24.610001 24.860001 24.360001 24.650000 1.304000e+05
736740 24.549999 25.049999 24.459999 24.990000 1.867000e+05
736741 25.020000 25.370001 24.860001 25.250000 2.920000e+05
736742 25.299999 25.420000 25.040001 25.360001 1.717000e+05
736743 25.370001 25.410000 24.940001 25.299999 1.573000e+05
736747 25.320000 25.680000 25.320000 25.639999 1.160000e+05
736748 25.600000 25.709999 24.320000 25.510000 1.225000e+05
736749 25.650000 25.650000 24.650000 24.840000 2.515000e+05
736750 24.820000 25.330000 24.719999 25.240000 1.408000e+05
736753 25.120001 25.570000 25.100000 25.490000 2.229000e+05
736754 25.650000 29.190001 24.549999 24.860001 5.764000e+05
736755 25.299999 26.340000 25.299999 25.790001 4.376000e+05
736756 25.860001 26.100000 25.370001 25.590000 3.549000e+05
736757 25.650000 25.980000 25.150000 25.320000 1.857000e+05
736760 25.040001 25.410000 24.930000 25.190001 8.960000e+04
736761 25.150000 25.330000 24.900000 24.940001 1.209000e+05
736762 25.070000 25.120001 24.670000 24.700001 1.220000e+05
736763 24.680000 24.780001 23.680000 23.770000 1.925000e+05
736764 24.070000 24.209999 23.540001 23.950001 3.226000e+05
