736034 20.748151 20.748151 20.494437 20.569611 2.311615e+04
736035 20.701168 20.992468 20.701168 20.992468 8.175223e+03
736036 20.691770 20.701168 20.635388 20.701168 1.221585e+03
736039 20.701169 21.152215 20.701169 21.039452 4.510468e+03
736040 21.011262 21.020659 21.011262 21.020659 1.127617e+03
736041 21.067642 21.716023 21.067642 21.612657 6.295861e+03
736042 21.565674 21.565674 21.358943 21.405928 7.611414e+03
736043 21.451147 21.611301 21.404042 21.611301 1.083391e+04
736046 21.648984 21.677246 21.583038 21.677246 1.601535e+03
736047 21.592460 21.592460 21.394622 21.404043 3.862526e+03
736048 21.328676 21.375782 21.206207 21.206207 5.464060e+03
736049 21.159102 21.234470 21.036632 21.046053 6.311932e+03
736050 21.130841 21.215628 21.130841 21.215628 5.652476e+02
736053 21.338098 21.451148 21.206207 21.451148 8.949754e+03
736054 21.328676 21.469990 21.328676 21.432306 2.355198e+03
736055 21.404043 21.488830 21.328677 21.488830 8.101883e+03
736056 21.432305 21.554775 21.432305 21.535935 3.579902e+03
736060 21.809138 21.809138 21.799716 21.799716 2.072575e+03
736061 21.583038 21.639562 21.573617 21.639562 7.536635e+03
736062 21.469990 21.469990 21.422885 21.422885 2.355198e+03
736063 21.404042 21.404042 21.243888 21.338097 8.196090e+03
736064 21.366360 21.601880 21.366360 21.601880 1.215282e+04
736067 21.488830 21.507672 21.281573 21.290994 5.746684e+03
736068 21.319256 21.432306 21.319256 21.432306 4.710397e+02
736069 21.564196 21.573618 21.554775 21.554775 6.594556e+02
736070 21.479408 21.479408 21.262731 21.356939 2.637822e+03
736071 21.319255 21.385203 21.225049 21.243889 2.449406e+03
736074 21.667825 21.667825 21.667825 21.667825 1.318911e+03
736075 21.630141 21.630141 21.366359 21.385202 1.789951e+03
736076 21.328676 21.328676 21.300415 21.309836 1.789951e+03
736077 21.488829 21.601880 21.488829 21.545356 2.732030e+03
736078 21.686667 21.743192 21.677246 21.677246 1.978367e+03
736081 21.705510 21.705510 21.394622 21.432306 4.616189e+03
736082 21.366360 21.564195 21.328676 21.535935 3.297278e+03
736083 21.526514 21.526514 21.526514 21.526514 5.652476e+02
736084 21.545356 21.545356 21.121420 21.196786 7.159803e+03
736085 21.130840 21.225049 21.130840 21.225049 2.732030e+03
736088 21.507672 21.507672 21.413464 21.413464 3.768317e+02
736089 21.413464 21.413464 20.904742 20.914163 4.993021e+03
736090 21.017789 21.017789 20.527910 20.669222 4.050941e+03
736091 20.706904 20.772849 20.688061 20.706904 6.311932e+03
736092 20.848216 20.923582 20.848216 20.876479 2.920446e+03
736095 20.829375 20.998950 20.754009 20.754009 1.695743e+03
736096 20.537329 20.725746 20.537329 20.725746 1.884159e+03
736097 20.584434 20.584434 20.480805 20.518489 2.449406e+03
736098 20.631538 20.754010 20.631538 20.735167 4.993021e+03
736099 20.914163 21.017790 20.904742 21.017790 2.826238e+03
736102 21.046052 21.111998 21.046052 21.111998 8.478714e+02
736103 21.102577 21.121419 21.083735 21.121419 2.449406e+03
736104 21.159102 21.253310 21.159102 21.159102 5.652476e+02
736105 21.093156 21.121420 21.017790 21.017790 2.826238e+03
736106 20.961266 20.961266 20.961266 20.961266 9.420794e+02
736110 21.008368 21.008368 20.810532 20.829375 9.420793e+02
736111 20.867058 20.951845 20.867058 20.951845 1.413119e+03
736112 20.829376 20.980108 20.706905 20.961266 1.789951e+03
736113 20.961266 20.998950 20.961266 20.998950 8.478714e+02
736116 21.008369 21.046053 21.008369 21.017790 9.420794e+02
736117 20.867058 20.867058 20.593856 20.669222 4.333565e+03
736118 20.490226 20.490226 20.348915 20.377176 8.478714e+03
736119 20.292390 20.443123 20.292390 20.292390 6.971387e+03
736120 20.160499 20.160499 20.009767 20.038029 6.594556e+03
736123 20.075710 20.075710 19.990923 19.990923 2.355198e+03
736124 19.943820 20.047450 19.943820 19.953241 4.616189e+03
736125 20.019187 20.094553 20.009766 20.009766 3.297278e+03
736126 20.151076 20.169919 20.103973 20.169919 2.166783e+03
736127 20.151076 20.151076 19.953240 19.972083 6.217724e+03
736130 19.849612 19.953241 19.811930 19.896717 5.464060e+03
736131 19.783666 19.962662 19.783666 19.962662 1.318911e+03
736132 19.962663 20.132237 19.943820 20.047450 4.427773e+03
736133 20.019187 20.377176 20.019187 20.330073 2.449406e+03
736134 20.281737 20.319648 20.243828 20.243828 2.369362e+03
736137 20.253306 20.310170 20.196440 20.224873 3.790979e+03
736138 20.006893 20.054279 19.987937 20.035323 7.108086e+03
736139 19.950026 19.950026 19.921595 19.950026 2.179813e+03
736140 19.921594 19.921594 19.722567 19.722567 4.359626e+03
736141 19.703613 19.845775 19.684657 19.845775 8.340153e+03
736144 19.788909 20.006892 19.684658 19.684658 4.833498e+03
736145 19.826820 19.826820 19.646748 19.684658 3.411881e+04
736146 19.694136 19.713089 19.646748 19.684658 2.369362e+03
736147 19.627793 19.959503 19.627793 19.950026 1.042519e+03
736151 19.836297 19.931072 19.836297 19.931072 2.274587e+03
736152 20.168009 20.414423 20.111143 20.376512 3.487701e+04
736153 20.338601 20.367035 20.310170 20.310170 1.705941e+03
736154 20.300692 20.395466 20.139575 20.139575 7.487183e+03
736155 20.130099 20.234351 20.130099 20.196440 3.411881e+03
736158 20.196440 20.196440 20.196440 20.196440 8.529703e+02
736159 20.205917 20.262781 20.205917 20.262781 5.686468e+02
736160 20.196439 20.281737 20.196439 20.234350 1.137294e+04
736161 20.480764 20.566061 20.452331 20.556584 7.297634e+03
736162 20.348079 20.348079 20.348079 20.348079 3.790979e+02
736165 20.186961 20.196439 20.130098 20.139575 1.800715e+03
736166 19.959503 19.968981 19.959503 19.968981 6.634213e+02
736167 19.940550 20.149052 19.940550 20.054278 2.558911e+03
736168 20.101664 20.101664 19.798386 19.845775 1.895489e+03
736169 19.893162 19.968981 19.893162 19.902639 6.255115e+03
736172 19.874205 20.139575 19.807864 20.120620 3.032783e+03
736173 20.111142 20.262781 20.073233 20.262781 4.738724e+03
736174 20.149053 20.404945 20.149053 20.404945 1.000818e+05
736175 20.404944 20.499717 20.329125 20.480764 1.070952e+04
736176 20.698745 20.755609 20.689267 20.727178 3.790979e+03
736179 20.575537 20.736653 20.566061 20.651358 5.023047e+03
736180 20.461808 20.471285 20.319647 20.319647 2.274587e+03
736181 20.423898 20.423898 20.423898 20.423898 2.843234e+02
736182 20.291215 20.433376 20.291215 20.433376 1.232068e+03
736183 20.433376 20.433376 20.433376 20.433376 0.000000e+00
736186 20.679790 20.698745 20.632403 20.632403 1.980787e+04
736187 20.821951 20.821951 20.765087 20.765087 4.738724e+02
736188 20.727178 21.144184 20.727178 21.144184 1.326843e+03
736189 21.144184 21.144184 21.144184 21.144184 0.000000e+00
736190 21.002023 21.125231 21.002023 21.125231 2.085038e+03
736193 21.409554 21.409554 21.409554 21.409554 4.738724e+02
736194 21.305302 21.305302 21.220004 21.220004 9.856545e+03
736195 21.238959 21.276870 21.096798 21.276870 3.506655e+03
736196 21.210526 21.286346 21.096798 21.125231 5.402145e+04
736197 20.859861 21.115753 20.859861 21.002023 4.170077e+03
736200 20.594493 20.821951 20.224873 20.224873 3.885753e+03
736201 20.082711 20.082711 19.902639 19.902639 1.611166e+03
736202 19.807864 19.845775 19.788908 19.845775 4.738724e+02
736203 20.186961 20.348078 20.092189 20.262781 5.876017e+03
736204 20.404945 20.404945 20.234350 20.234350 1.042519e+03
736207 20.111142 20.111142 20.044801 20.044801 3.790979e+02
736208 19.912116 19.940550 19.694136 19.694136 2.464136e+03
736209 19.751000 19.751000 19.570928 19.646748 2.369362e+03
736210 19.817342 19.817342 19.732045 19.732045 3.032783e+03
736211 19.618316 19.618316 19.466677 19.504586 3.222332e+03
736215 19.627792 19.845775 19.627792 19.845775 2.085038e+03
736216 19.845776 19.845776 19.798387 19.798387 4.738724e+02
736217 19.798387 19.798387 19.798387 19.798387 0.000000e+00
736218 19.466677 19.694136 19.466677 19.694136 1.014087e+04
736221 19.788909 19.817342 19.732045 19.751000 7.581958e+03
736222 19.826819 19.845775 19.826819 19.845775 5.781243e+03
736223 20.073233 20.111142 20.073233 20.111142 3.032783e+03
736224 20.186962 20.490242 20.186962 20.490242 1.137294e+03
736225 20.390867 20.390867 20.333537 20.333537 5.064274e+03
736228 20.323981 20.419535 20.323981 20.352646 1.242180e+03
736229 20.257096 20.285760 20.151987 20.151987 1.146628e+03
736230 20.209318 20.247540 20.209318 20.237984 1.719942e+03
736231 20.142431 20.457754 20.142431 20.457754 2.293256e+03
736232 20.534197 20.763522 20.534197 20.591527 4.873169e+03
736235 20.505529 20.515084 20.457754 20.457754 5.733140e+02
736236 20.419534 20.419534 20.400423 20.400423 1.719942e+03
736237 20.524641 20.839963 20.524641 20.839963 7.835291e+03
736238 20.725301 20.725301 20.524641 20.581973 1.528837e+03
736239 20.534195 20.763521 20.534195 20.648859 8.599710e+02
736242 20.992846 21.088399 20.992846 21.088399 3.917645e+03
736243 21.164841 21.164841 20.973737 20.973737 2.484361e+03
736244 20.954627 20.954627 20.954627 20.954627 6.688663e+02
736245 21.021513 21.231727 21.021513 21.231727 2.866570e+02
736246 21.155285 21.203063 21.136176 21.136176 3.726541e+03
736249 21.375057 21.375057 21.375057 21.375057 9.555233e+01
736250 21.289060 21.336835 21.289060 21.336835 9.459681e+03
736251 21.336835 21.394166 21.250838 21.250838 1.911047e+03
736252 21.308169 21.623492 21.289061 21.623492 1.051076e+03
736253 21.738155 21.757266 21.680825 21.690380 7.644186e+02
736256 21.661714 21.709489 21.604383 21.709489 1.815494e+03
736257 21.785930 21.862372 21.785930 21.843263 3.057674e+03
736258 21.881483 21.881483 21.881483 21.881483 4.777616e+02
736259 21.833708 21.986592 21.833708 21.986592 1.337733e+03
736260 21.805042 21.805042 21.805042 21.805042 1.911047e+02
736263 21.699934 21.709489 21.566162 21.699934 1.203959e+04
736264 21.547050 21.547050 21.547050 21.547050 3.822093e+02
736265 21.585272 21.585272 21.384611 21.384611 1.051076e+03
736266 21.327280 21.327280 21.203063 21.203063 2.866570e+02
736267 21.279504 21.489719 21.279504 21.489719 4.777616e+02
736270 21.480164 21.508830 21.279504 21.403722 2.006599e+03
736271 21.346391 21.499275 21.317725 21.499275 1.041520e+04
736272 21.499274 21.633047 21.499274 21.566161 1.375954e+04
736273 21.604383 21.604383 21.470608 21.470608 8.217501e+03
736274 21.059735 21.059735 20.562862 20.572418 5.542035e+03
736277 20.543752 20.715746 20.543752 20.715746 2.675465e+03
736278 20.887741 20.916405 20.887741 20.916405 3.057675e+03
736279 21.011958 21.117066 20.983292 21.117066 4.586512e+03
736280 21.050179 21.050179 20.811299 20.868629 6.019797e+03
736281 20.839962 20.839962 20.687079 20.687079 1.146628e+03
736284 20.811299 21.021513 20.811299 21.021513 8.599710e+02
736285 20.859074 20.859074 20.677523 20.706190 2.962122e+03
736286 20.667968 20.667968 20.648859 20.648859 5.733140e+02
736287 20.964183 21.155286 20.964183 21.155286 3.153227e+03
736288 21.289060 21.308169 21.231727 21.231727 1.060631e+04
736291 21.241283 21.260393 21.126621 21.126621 2.579913e+03
736292 20.935516 21.021513 20.935516 21.021513 1.146628e+03
736293 20.964182 21.050179 20.954626 21.050179 7.644186e+02
736295 21.050179 21.050179 21.050179 21.050179 0.000000e+00
736298 21.250838 21.250838 21.231727 21.231727 3.822093e+02
736299 21.231727 21.279504 21.231727 21.269949 1.337733e+03
736300 20.935516 20.954626 20.897296 20.897296 3.822093e+02
736301 20.859074 20.859074 20.734857 20.782632 7.453082e+03
736302 20.887741 20.983291 20.887741 20.983291 1.433285e+03
736305 20.973738 20.992846 20.906849 20.983291 6.975320e+03
736306 21.011958 21.097955 20.916405 21.078844 5.828692e+03
736307 21.031069 21.136177 20.983292 20.992847 3.822093e+03
736308 20.792187 20.792187 20.792187 20.792187 8.599710e+02
736309 20.601081 20.648860 20.534196 20.543751 3.057675e+03
736312 20.581973 20.591527 20.448199 20.448199 5.350931e+03
736313 20.734857 20.906850 20.734857 20.801743 7.453082e+03
736314 20.830407 21.193507 20.830407 21.193507 6.210902e+03
736315 21.346391 21.499274 21.279504 21.403722 3.535436e+03
736316 21.151300 21.315713 21.044914 21.315713 2.611271e+03
736319 21.296370 21.296370 21.296370 21.296370 2.901413e+02
736320 21.209327 21.315713 21.073929 21.315713 2.901413e+03
736321 21.567167 21.567167 21.567167 21.567167 4.835688e+02
736322 21.567167 21.567167 21.567167 21.567167 0.000000e+00
736326 21.557498 21.779939 21.557498 21.779939 2.611272e+03
736327 21.779939 21.779939 21.779939 21.779939 0.000000e+00
736328 21.857310 21.857310 21.857310 21.857310 2.901413e+02
736329 21.818623 21.818623 21.615525 21.673553 3.191554e+03
736333 21.402753 21.402753 21.238340 21.238340 4.255405e+03
736334 21.325383 21.528483 21.248012 21.528483 5.996253e+03
736335 21.412425 21.557498 21.412425 21.489796 1.644134e+03
736336 21.354398 21.364069 21.257684 21.364069 2.311459e+04
736337 21.364069 21.393084 21.277027 21.277027 2.321130e+03
736340 21.431768 21.509139 21.364068 21.509139 5.609398e+03
736341 21.509140 21.509140 21.238341 21.373741 1.837561e+03
736342 21.364068 21.499467 21.257683 21.257683 2.359816e+04
736343 21.228671 21.770267 21.228671 21.770267 3.965264e+03
736344 21.470455 21.470455 21.160969 21.180313 1.580303e+05
736348 21.547826 21.837966 21.547826 21.789610 6.847334e+04
736349 21.615525 21.625197 21.025571 21.315713 5.338599e+04
736350 21.277026 21.354397 21.083598 21.218999 4.709960e+04
736351 21.431769 21.712240 21.422097 21.692896 1.827890e+04
736354 21.654209 21.683224 21.441440 21.489796 2.398501e+04
736355 21.808951 21.808951 21.654209 21.721909 5.793154e+04
736356 21.721909 21.837966 21.547826 21.721909 2.408173e+04
736357 21.837967 22.215149 21.837967 22.128107 4.661603e+04
736358 22.331207 22.660034 22.331207 22.660034 1.120912e+05
736361 22.660033 22.950175 22.611675 22.834119 3.073563e+06
736362 22.785761 23.027545 22.689047 23.027545 7.940200e+05
736363 23.404731 23.414401 23.066232 23.269330 2.757696e+06
736364 23.259657 23.627171 22.998532 23.046888 2.335637e+05
736365 23.027545 23.124260 22.689047 23.027545 2.295017e+05
736368 23.056561 23.133932 22.776090 22.988861 1.180875e+05
736369 23.075903 23.249988 22.969517 23.172615 2.316294e+05
736370 23.230644 23.317688 22.872803 23.172615 2.010679e+05
736371 23.095244 23.220973 22.863131 22.921161 1.207955e+05
736372 22.863131 22.959846 22.621347 22.776089 9.661704e+04
736376 22.834119 22.959846 22.718062 22.911490 4.023292e+04
736377 23.008205 23.066232 22.747076 22.863132 8.046585e+04
736378 22.911491 23.298345 22.911491 23.230645 2.632549e+05
736379 23.201631 23.259658 23.095245 23.133931 3.694466e+04
736382 23.298344 23.356372 23.201630 23.327359 6.325080e+04
736383 23.356372 23.424071 23.230644 23.375715 3.897564e+04
736384 23.308016 23.549800 23.308016 23.549800 9.129779e+04
736385 23.723886 23.723886 23.520786 23.656184 3.443010e+04
736386 23.511114 23.511114 22.950175 22.988861 6.876348e+04
736389 23.017873 23.259657 22.998532 23.095244 5.154843e+04
736390 23.133931 23.240317 22.892147 23.008204 1.154762e+05
736391 23.085575 23.191959 22.582662 23.191959 4.700289e+04
736392 23.153274 23.249988 22.940502 23.249988 4.661603e+04
736393 23.143602 23.520786 23.066231 23.443415 4.671275e+04
736396 23.453086 23.559472 23.366044 23.501442 1.022264e+05
736397 23.598157 23.791585 23.511114 23.714214 7.622011e+05
736398 23.704542 23.878628 23.704542 23.830269 2.678971e+04
736399 23.878628 23.926984 23.559472 23.810928 1.563861e+05
736400 23.975341 24.023697 23.859283 23.878627 2.098688e+04
736403 23.926983 23.936654 23.781912 23.878627 4.613246e+04
736404 23.868955 24.052712 23.820598 23.936655 9.487620e+04
736405 23.955998 24.159097 23.723886 24.110740 7.243861e+04
736406 24.149425 24.410553 24.139753 24.342853 6.808649e+04
736407 24.427187 24.427187 24.165466 24.165466 4.982370e+04
736410 24.097613 24.204238 23.913439 24.097613 3.479905e+04
736411 24.049145 24.213933 24.049145 24.078226 2.791678e+04
736412 24.136385 24.262400 23.971599 24.213932 1.675976e+05
736413 24.233319 24.272093 24.107306 24.272093 2.258545e+04
736417 24.349640 24.349640 24.107307 24.194545 3.286038e+04
736418 24.233319 24.650132 24.233319 24.640439 2.607505e+04
736419 24.708293 24.747067 24.504734 24.572586 2.946772e+04
736420 24.601664 24.669519 24.495038 24.601664 6.068023e+04
736421 24.601665 24.698599 24.398106 24.688905 1.773879e+04
736424 24.708293 24.747067 24.514427 24.572586 1.065297e+05
736425 24.475651 24.669519 24.078225 24.107306 7.143982e+04
736426 24.136386 24.136386 23.971600 24.126692 2.461136e+05
736427 24.097613 24.223626 24.039451 24.116998 4.807890e+04
736428 24.301173 24.407799 24.252706 24.281785 2.355479e+04
736431 24.398106 24.417493 24.175160 24.194545 3.324811e+04
736432 24.243013 24.427187 24.155773 24.398106 5.699677e+04
736433 24.485345 24.485345 24.165465 24.310865 4.992064e+04
736434 24.301172 24.301172 24.204238 24.213932 2.413639e+04
736435 24.252705 24.475652 24.243012 24.427186 4.488011e+04
736438 24.407798 24.562892 24.310865 24.514426 3.634998e+04
736439 24.621051 24.669519 24.514426 24.669519 4.032424e+04
736440 24.650132 24.650132 24.097613 24.116998 5.088997e+04
736441 24.039451 24.039451 23.545094 23.554785 4.885437e+04
736442 23.593559 23.816505 23.593559 23.777733 4.604330e+04
736445 23.777734 23.835893 23.690494 23.806812 1.754492e+04
736446 23.913439 23.990986 23.845586 23.903746 6.300663e+04
736447 23.942519 24.301171 23.894052 24.175159 3.470211e+04
736448 24.087919 24.272093 24.010372 24.184853 3.809478e+04
736449 24.175160 24.369025 24.078226 24.349640 4.303837e+04
736452 24.339946 24.630745 24.310865 24.543505 5.379797e+04
736453 24.514426 24.591973 24.330252 24.475652 3.693158e+04
736454 24.456266 25.018478 24.456266 24.911853 5.127770e+04
736455 24.911852 25.057251 24.785838 24.824612 1.899892e+04
736456 24.737372 24.834307 24.621052 24.814919 1.531546e+04
736459 24.805226 24.989400 24.805226 24.931238 2.733518e+04
736460 25.066946 25.086331 24.970012 25.037865 1.074021e+05
736461 24.931238 25.086331 24.892466 25.018478 2.471799e+04
736462 24.873078 25.202652 24.873078 25.125105 3.092171e+04
736463 25.047559 25.173571 24.999093 25.057252 1.531546e+04
736466 25.076640 25.144493 24.960319 25.134799 4.875744e+04
736467 25.057252 25.134799 24.495039 24.572586 8.976022e+04
736468 24.417494 24.650133 24.058840 24.126692 3.121252e+04
736469 24.039451 24.359331 23.971599 24.339946 6.833796e+04
736470 24.291478 24.446571 24.291478 24.446571 1.793266e+04
736473 24.533811 24.533811 24.243012 24.243012 3.925798e+04
736474 24.339946 24.582280 24.194545 24.562892 2.752905e+04
736475 24.475652 24.591973 24.388412 24.495039 2.878918e+04
736476 24.582280 24.756760 24.553199 24.727679 5.244090e+04
736477 24.708292 24.873079 24.708292 24.853691 1.861119e+04
736481 24.921545 25.105719 24.921545 25.047559 4.032424e+04
736482 25.018478 25.192959 24.824613 25.173571 9.373448e+04
736483 25.173571 25.192959 24.931238 25.173571 6.475143e+04
736484 25.406210 25.677625 25.406210 25.600078 3.353891e+04
736487 25.745477 25.745477 25.483759 25.551612 4.866050e+04
736488 25.697011 25.745477 25.580690 25.629159 3.945184e+04
736489 25.774558 25.832718 25.600078 25.813330 3.305425e+04
736490 25.861798 26.036279 25.755172 26.026585 3.412051e+04
736491 26.113825 26.113825 25.784251 25.842411 1.366759e+05
736494 26.036279 26.036279 25.803639 25.823024 2.597812e+04
736495 25.832717 25.978116 25.803638 25.968425 2.888612e+04
736496 26.055663 26.055663 25.764864 25.793945 2.210079e+04
736497 25.803639 26.016891 25.735784 25.978117 5.757837e+04
736498 26.007393 26.007393 25.782939 26.007393 3.396087e+04
736501 26.046430 26.212330 25.802458 25.939081 4.625705e+04
736502 26.075705 26.144019 25.821974 26.075705 4.118244e+04
736503 26.124500 26.124500 25.870769 25.890288 2.254299e+04
736504 26.007394 26.065946 25.861011 26.065946 1.373073e+05
736505 25.821974 26.348954 25.480415 26.124500 4.547634e+04
736508 26.065945 26.387990 25.773180 26.329436 1.531167e+05
736509 26.534374 26.534374 26.192812 26.514855 9.524659e+04
736510 26.690514 26.778345 26.583167 26.641719 7.299636e+04
736511 26.866175 27.207734 26.651478 27.207734 8.187694e+04
736512 27.363877 27.373634 26.885690 27.149181 6.138330e+04
736516 27.334599 27.373634 27.178457 27.354118 5.601592e+04
736517 27.480984 27.480984 27.149182 27.383394 6.274955e+04
736518 27.490743 27.490743 26.807621 26.856416 6.372543e+04
736519 26.924727 27.100387 26.602684 27.090628 6.001706e+04
736522 27.119906 27.129663 26.807620 27.119906 2.460212e+05
736523 27.168699 27.227252 26.827138 26.836897 2.215264e+05
736524 26.885690 27.080869 26.885690 26.993039 9.505141e+04
736525 26.797861 26.885691 26.700274 26.788104 6.870246e+04
736526 26.778345 26.924727 26.749068 26.866175 1.032489e+05
736529 26.827139 26.954005 26.807620 26.875934 3.513194e+04
736530 26.866174 26.866174 26.768585 26.827138 5.045337e+04
736531 26.875934 26.875934 26.680756 26.729549 4.576911e+04
736532 26.710034 26.807621 26.592926 26.768586 3.854754e+04
736533 26.661238 27.158940 26.661238 27.100387 3.015491e+04
736536 27.100386 27.100386 26.856415 26.983280 7.406984e+04
736537 27.071110 27.071110 26.788104 26.836897 3.161874e+04
736538 26.866175 26.866175 26.280642 26.583167 2.917903e+04
736539 26.485578 26.729550 26.485578 26.690515 4.430528e+04
736540 26.710034 26.934487 26.641720 26.856416 6.235919e+04
736543 26.729550 26.895450 26.729550 26.846657 2.485585e+05
736544 26.768586 26.778346 26.622204 26.680756 5.243442e+05
736545 26.602685 26.612444 26.417266 26.505096 4.723294e+04
736546 26.495337 26.680756 26.446543 26.505096 6.977593e+04
736547 26.378231 26.378231 26.017152 26.026911 3.552229e+04
736550 26.007394 26.114741 25.870769 25.909804 1.065669e+05
736551 25.900047 26.007394 25.851252 25.909804 1.158378e+05
736552 25.909804 25.919563 25.821974 25.890288 1.971292e+04
736553 25.968359 25.968359 25.831733 25.900047 1.894197e+05
736554 26.007394 26.114741 25.890288 25.919563 7.358189e+04
736557 25.978117 25.978117 25.509689 25.519449 1.152523e+05
736558 25.470655 25.470655 25.177888 25.177888 5.904117e+04
736559 25.177889 25.441379 24.943676 25.392585 4.420769e+04
736560 25.382825 25.782939 25.382825 25.763421 4.450045e+04
736561 25.656075 25.656075 25.363308 25.490174 4.030414e+04
736564 25.451138 25.636557 25.431619 25.538968 4.834545e+05
736565 25.529208 25.695109 25.441378 25.441378 6.944413e+05
736566 25.470655 25.470655 25.226684 25.343789 8.373112e+04
736567 25.402345 25.499932 25.353549 25.460897 1.659008e+04
736568 25.519449 25.646315 24.865605 24.914400 6.723862e+04
736571 24.963194 25.187648 24.963194 25.148613 6.149065e+05
736572 25.109577 25.216925 24.846087 24.885123 8.664902e+05
736573 24.885124 24.943676 24.768016 24.943676 1.031513e+05
736574 24.875365 24.953436 24.816811 24.846087 5.220996e+04
736575 24.885123 25.226684 24.885123 25.207166 3.435123e+04
736579 25.226683 25.509690 25.226683 25.480415 6.928799e+04
736580 25.490174 25.792698 25.382826 25.578002 2.006424e+05
736581 25.490174 25.675591 25.490174 25.656075 4.518358e+04
736582 25.421860 25.421860 24.680188 24.680188 4.898954e+04
736585 24.592357 25.109577 24.367901 25.070542 3.288740e+04
736586 24.943676 24.943676 24.563081 24.699704 1.166185e+05
736587 24.709463 24.885123 24.641151 24.738740 8.724431e+04
736588 24.826570 24.943675 24.807051 24.914400 2.576342e+04
736589 24.856366 25.171128 24.767839 25.171128 2.075462e+04
736592 25.210473 25.505563 25.210473 25.495727 4.446014e+04
736593 25.544907 25.662944 25.485890 25.485890 1.465611e+04
736594 25.594089 26.066232 25.515400 26.056396 3.914853e+04
736595 26.253123 26.351486 26.105578 26.341650 6.708366e+04
736596 26.302305 26.371158 26.203941 26.243287 2.941058e+04
736599 26.174433 26.302305 26.174433 26.223614 9.836314e+03
736600 26.312140 26.390831 25.918687 25.967869 4.200106e+04
736601 25.997378 25.997378 25.692453 25.967869 1.868900e+04
736602 25.899015 25.899015 25.535071 25.603927 4.052561e+04
736603 25.643271 25.662944 25.358019 25.446546 4.288633e+04
736606 25.407199 25.407199 24.984238 25.112111 7.770688e+03
736607 25.062929 25.062929 24.354715 24.462915 2.882040e+04
736608 24.521931 24.669476 24.364550 24.384224 3.826326e+04
736609 24.305532 24.462915 24.059624 24.394059 1.638730e+05
736610 24.600622 24.630132 24.246515 24.276024 3.364020e+04
736613 24.266188 24.482586 24.266188 24.482586 2.036117e+04
736614 24.197333 24.276024 24.069460 24.098970 2.586951e+04
736615 24.167824 24.364550 24.167824 24.354714 1.003304e+04
736616 24.276024 24.738331 24.276024 24.610459 2.242680e+04
736617 24.580949 24.718656 24.472748 24.531768 1.986935e+04
736620 24.590786 24.679313 24.561276 24.639967 9.442862e+03
736621 24.797347 24.866204 24.580949 24.817021 3.088603e+04
736622 24.708823 24.895711 24.698986 24.817021 5.282101e+04
736623 24.826858 24.905548 24.738331 24.767840 1.013140e+04
736624 24.669477 24.698987 24.551440 24.649803 1.563974e+04
736627 24.767839 24.846529 24.610458 24.708822 2.508260e+04
736628 24.698986 24.826857 24.679312 24.826857 1.839391e+04
736629 24.777677 24.846530 24.679313 24.817021 4.190270e+04
736630 24.767840 24.767840 24.580950 24.718657 3.836163e+04
736631 24.689150 24.925221 24.689150 24.797348 1.160685e+04
736634 24.787513 25.308837 24.787513 25.230146 1.898409e+04
736635 25.230146 25.230146 24.698986 24.748167 1.377084e+04
736636 24.335042 24.433405 24.226841 24.344878 3.383692e+04
736637 24.256351 24.492422 24.256351 24.423568 1.682010e+04
736638 24.797348 24.807184 24.354715 24.364551 4.652577e+04
736641 24.541605 24.895711 24.384224 24.876040 4.996848e+04
736642 25.112112 25.239983 25.053092 25.121948 8.498576e+04
736643 24.797348 24.797348 24.374388 24.462915 4.322077e+05
736644 24.413732 24.413732 23.548137 23.941589 1.172489e+05
736645 23.990769 24.246515 23.941589 24.010443 1.455775e+04
736648 23.941589 24.039953 23.725191 24.000607 5.124720e+04
736649 24.089134 24.423568 24.089134 24.384224 2.380388e+04
736650 24.344878 24.403895 24.098970 24.256351 2.134480e+04
736651 24.118643 24.403895 24.118643 24.256351 1.780373e+04
736652 24.335042 24.374388 24.197333 24.285861 1.455775e+04
736655 24.344877 24.541604 24.344877 24.531768 2.911549e+04
736656 24.541604 24.797347 24.541604 24.777676 1.524629e+04
736657 24.521931 24.679312 24.502258 24.531768 1.219703e+04
736659 24.866204 24.915385 24.767840 24.856367 1.072158e+04
736662 24.915384 25.249819 24.915384 25.230146 9.737951e+03
736663 25.299000 25.358020 25.269493 25.279329 3.501728e+04
736664 25.033421 25.043255 24.580950 24.590786 1.701682e+04
736665 24.472749 24.502259 24.167825 24.305532 1.758733e+05
736666 24.443242 24.659641 24.394059 24.482586 4.327978e+04
736669 24.521932 24.590786 24.256351 24.590786 1.365280e+06
736670 24.580950 24.669476 24.472749 24.561276 3.809605e+05
736671 24.551439 24.905548 24.551439 24.885874 1.110520e+06
736672 24.669476 25.062929 24.590786 25.043255 9.423189e+04
736673 25.033421 25.220309 25.033421 25.210473 2.341043e+04
736676 25.230145 25.436709 25.230145 25.436709 1.475447e+04
736677 25.348183 25.643272 25.348183 25.633435 3.157457e+04
736678 25.623598 25.662944 25.092438 25.092438 2.714823e+04
736679 25.013748 25.308837 24.964565 25.299000 1.878736e+04
736680 25.370001 25.620001 25.370001 25.520000 3.250000e+04
736683 25.520000 25.690001 25.500000 25.670000 1.180000e+04
736684 25.620001 25.770000 25.620001 25.730000 9.800000e+03
736685 25.660000 25.879999 25.660000 25.660000 1.110000e+04
736686 25.650000 25.750000 25.629999 25.709999 1.400000e+04
736687 25.760000 25.809999 25.680000 25.740000 4.630000e+04
736691 25.740000 25.860001 25.680000 25.760000 2.750000e+04
736692 25.700001 25.700001 25.459999 25.459999 8.600000e+03
736693 25.559999 25.799999 25.559999 25.760000 4.300000e+03
736694 25.820000 25.820000 25.540001 25.620001 5.310000e+04
736698 25.580000 25.670000 25.469999 25.590000 2.030000e+04
736699 25.660000 25.910000 25.660000 25.809999 1.790000e+04
736700 25.879999 25.879999 25.740000 25.840000 4.400000e+03
736701 25.690001 25.860001 25.690001 25.790001 1.060000e+04
736704 25.860001 25.860001 25.379999 25.379999 1.470000e+04
736705 25.350000 25.420000 25.240000 25.379999 3.230000e+04
736706 25.430000 25.620001 25.430000 25.620001 1.640000e+04
736707 25.620001 25.680000 25.480000 25.680000 1.680000e+04
736708 25.540001 25.780001 25.540001 25.680000 3.450000e+04
736712 25.730000 25.990000 25.730000 25.860001 2.050000e+04
736713 25.809999 26.000000 25.809999 25.900000 2.280000e+04
736714 25.879999 25.879999 25.610001 25.660000 2.340000e+04
736715 25.820000 25.820000 25.680000 25.760000 2.120000e+04
736718 25.680000 25.860001 25.650000 25.690001 2.020000e+04
736719 25.639999 25.780001 25.620001 25.750000 3.860000e+04
736720 25.719999 25.750000 25.639999 25.719999 2.380000e+04
736721 25.760000 25.840000 25.700001 25.780001 9.000000e+03
736722 25.809999 25.809999 25.709999 25.760000 5.200000e+03
736725 25.700001 25.700001 25.530001 25.639999 3.000000e+03
736726 25.670000 26.040001 25.670000 26.040001 6.100000e+03
736727 26.020000 26.020000 25.570000 25.620001 9.100000e+03
736728 25.670000 25.930000 25.670000 25.930000 3.300000e+03
736729 26.020000 26.309999 26.020000 26.070000 1.050000e+04
736732 26.080000 26.080000 25.920000 25.930000 6.600000e+03
736733 25.969999 26.049999 25.900000 25.940001 9.100000e+03
736734 26.010000 26.150000 26.010000 26.139999 4.600000e+03
736735 26.110001 26.200001 26.020000 26.049999 1.180000e+04
736736 26.040001 26.240000 26.040001 26.240000 7.000000e+03
736739 26.270000 26.309999 26.230000 26.309999 6.100000e+03
736740 26.299999 26.299999 26.030001 26.129999 7.800000e+03
736741 25.990000 26.120001 25.959999 26.120001 1.490000e+04
736742 26.090000 26.320000 26.090000 26.320000 8.700000e+03
736743 26.370001 26.370001 26.139999 26.360001 9.000000e+03
736747 26.320000 26.600000 26.260000 26.590000 6.200000e+03
736748 26.600000 26.670000 26.540001 26.670000 5.900000e+03
736749 26.809999 26.990000 26.700001 26.930000 7.100000e+03
736750 26.980000 27.170000 26.980000 27.120001 8.000000e+03
736753 27.250000 27.250000 27.020000 27.020000 1.810000e+04
736754 27.170000 27.219999 27.150000 27.190001 4.100000e+03
736755 26.950001 27.340000 26.950001 27.200001 6.700000e+03
736756 27.200001 27.379999 27.200001 27.379999 3.000000e+03
736757 27.230000 27.230000 27.040001 27.200001 5.200000e+03
736760 27.250000 27.250000 27.129999 27.160000 2.300000e+03
736761 27.100000 27.200001 27.100000 27.110001 8.000000e+03
736762 27.000000 27.000000 26.650000 26.650000 1.160000e+04
736763 26.620001 26.790001 26.600000 26.610001 1.480000e+04
736764 26.809999 26.809999 26.660000 26.780001 8.000000e+03
