736034 24.756018 24.835492 24.726215 24.785822 1.390788e+03
736035 25.054044 25.123585 25.054044 25.123585 2.284865e+03
736036 24.924900 24.964636 24.845427 24.964636 1.688813e+03
736039 25.222925 25.232860 25.153386 25.232860 1.291446e+03
736040 25.222926 25.222926 25.113652 25.222926 5.662492e+03
736041 25.193124 25.441479 25.143451 25.441479 2.384207e+03
736042 25.481216 25.550754 25.441480 25.550754 4.271705e+03
736043 25.630227 25.739504 25.610360 25.689834 5.861176e+03
736046 25.828913 25.868651 25.789175 25.789175 1.887497e+03
736047 25.739505 25.739505 25.679900 25.679900 1.092762e+03
736048 25.560689 25.560689 25.262663 25.262663 8.940777e+02
736049 25.133517 25.212991 25.063979 25.212991 3.774995e+03
736050 25.232861 25.302399 25.123585 25.302399 1.490130e+03
736053 25.342136 25.630227 25.342136 25.530887 3.178943e+03
736054 25.530888 25.530888 25.401743 25.471281 3.973679e+03
736055 25.272599 25.381873 25.262663 25.292465 4.569731e+03
736056 25.600427 25.600427 25.411677 25.471281 4.271705e+03
736060 25.362007 25.739505 25.362007 25.630228 8.146042e+03
736061 25.630227 25.739505 25.620295 25.660031 2.185523e+03
736062 25.600426 25.679900 25.600426 25.630228 4.569731e+03
736063 25.570623 25.620295 25.570623 25.620295 1.688813e+03
736064 25.739505 25.739505 25.640162 25.699769 7.947358e+02
736067 25.679900 25.729571 25.679900 25.679900 1.986839e+03
736068 25.570623 25.640162 25.491150 25.610361 1.092762e+03
736069 25.709701 25.838846 25.709701 25.828912 1.788155e+03
736070 25.729571 25.809044 25.699769 25.699769 3.973679e+03
736071 25.491150 25.530888 25.381873 25.391807 4.967099e+03
736074 25.530887 25.630227 25.530887 25.580557 1.788155e+03
736075 25.669965 25.669965 25.540819 25.580557 1.688813e+03
736076 25.550754 25.610361 25.550754 25.610361 9.934197e+02
736077 25.719635 25.858716 25.719635 25.858716 6.953938e+02
736078 25.809043 25.828912 25.729570 25.739504 1.092762e+03
736081 25.719636 25.719636 25.540820 25.540820 4.967099e+02
736082 25.540820 25.640162 25.540820 25.640162 3.973679e+02
736083 25.511018 25.540819 25.511018 25.520953 1.192104e+03
736084 25.203059 25.203059 25.083848 25.083848 5.960518e+02
736085 25.143452 25.143452 25.143452 25.143452 2.980259e+02
736088 25.431545 25.431545 25.381873 25.381873 1.390788e+03
736089 25.232861 25.232861 24.885163 24.924901 1.589472e+03
736090 24.835493 24.835493 24.805689 24.835493 1.986839e+03
736091 24.974570 25.073913 24.974570 25.073913 1.390788e+03
736092 25.193125 25.371940 25.173255 25.203059 3.178943e+03
736095 25.252729 25.342137 25.252729 25.252729 1.589472e+03
736096 25.163321 25.163321 24.845426 25.123585 9.040119e+03
736097 25.063979 25.163321 25.063979 25.163321 2.980259e+02
736098 25.282533 25.332203 25.282533 25.332203 4.967099e+02
736099 25.252729 25.332203 25.252729 25.332203 2.980259e+02
736102 25.511018 25.511018 25.511018 25.511018 9.934197e+02
736103 25.451414 25.590492 25.451414 25.501084 4.569731e+03
736104 25.501084 25.501084 25.501084 25.501084 0.000000e+00
736105 25.580557 25.580557 25.491150 25.560689 3.774995e+03
736106 25.550754 25.550754 25.371940 25.550754 2.384207e+03
736110 25.143452 25.232861 25.133518 25.133518 1.092762e+03
736111 25.133518 25.133518 25.133518 25.133518 0.000000e+00
736112 25.511018 25.600426 25.421610 25.550754 2.980259e+03
736113 25.471281 25.600426 25.352071 25.491150 1.092762e+03
736116 25.570623 25.699769 25.362006 25.570623 1.887497e+03
736117 25.679900 25.749439 25.590492 25.749439 1.490130e+03
736118 26.027597 26.027597 25.958056 25.958056 4.967099e+02
736119 25.958056 25.958056 25.958056 25.958056 0.000000e+00
736120 25.809045 25.928255 25.799109 25.928255 1.589472e+03
736123 26.057399 26.057399 25.958056 25.958056 2.185523e+03
736124 25.848781 25.848781 25.848781 25.848781 4.967099e+02
736125 26.007729 26.166676 25.967991 26.126938 5.662492e+03
736126 26.186545 26.206411 26.186545 26.206411 7.947358e+02
736127 26.126937 26.156741 26.117005 26.117005 8.940777e+02
736130 26.117005 26.117005 26.007728 26.017663 5.761834e+03
736131 26.146807 26.256083 26.146807 26.216345 9.934197e+02
736132 26.345491 26.345491 26.256083 26.256083 4.768415e+03
736133 26.444833 26.722990 26.444833 26.722990 3.645850e+04
736134 26.625372 26.724981 26.625372 26.655255 1.593737e+03
736137 26.754864 26.764825 26.724981 26.764825 1.095694e+03
736138 26.914237 26.914237 26.774784 26.804668 2.390606e+03
736139 26.874394 26.874394 26.565607 26.565607 3.884734e+03
736140 26.525763 26.525763 26.426156 26.436117 2.589823e+03
736141 26.535724 26.535724 26.406233 26.436117 1.792954e+03
736144 26.207016 26.207016 25.669131 25.669131 2.191389e+03
736145 25.967955 25.967955 25.828503 25.848426 1.294911e+03
736146 26.027720 26.107407 25.888269 25.898230 3.386692e+03
736147 26.067564 26.067564 25.718934 25.718934 1.394520e+03
736151 25.798622 25.798622 25.708973 25.708973 8.964772e+02
736152 25.808582 25.808582 25.539638 25.699012 4.482386e+03
736153 25.350384 25.410148 25.310539 25.330461 1.972250e+04
736154 25.629287 25.808582 25.629287 25.808582 5.976515e+02
736155 25.808582 25.808582 25.808582 25.808582 0.000000e+00
736158 26.446076 26.456037 26.406233 26.436117 7.470643e+03
736159 26.426157 26.705059 26.426157 26.705059 1.294912e+03
736160 26.635333 26.645294 26.396272 26.426156 2.689432e+03
736161 26.764825 26.764825 26.724980 26.754864 1.693346e+03
736162 26.724982 26.724982 26.655256 26.705059 9.960858e+02
736165 26.665216 26.665216 26.585530 26.605450 9.960858e+02
736166 26.665216 26.665216 26.386312 26.386312 7.968686e+02
736167 26.396272 26.625372 26.376351 26.555646 3.087866e+03
736168 26.744903 26.744903 26.436117 26.436117 1.693346e+03
736169 26.406234 26.406234 26.117368 26.117368 4.980429e+02
736172 26.117368 26.117368 26.117368 26.117368 0.000000e+00
736173 25.738856 25.738856 25.738856 25.738856 1.992172e+02
736174 26.037681 26.177135 26.037681 26.177135 1.494129e+03
736175 25.918151 26.216977 25.918151 26.216977 1.095694e+03
736176 26.216977 26.216977 26.216977 26.216977 0.000000e+00
736179 26.306625 26.356428 26.147251 26.167173 9.960858e+02
736180 26.256822 26.266783 26.097448 26.236899 3.287083e+03
736181 26.575568 26.575568 26.446076 26.456037 1.693346e+03
736182 26.456037 26.456037 26.456037 26.456037 0.000000e+00
736183 25.659169 25.808582 25.589444 25.798621 5.578080e+03
736186 26.167173 26.197054 26.137290 26.137290 9.960857e+02
736187 26.167173 26.207015 25.748817 25.808582 6.872992e+03
736188 25.330461 25.828504 25.320500 25.828504 5.279255e+03
736189 25.848427 26.057604 25.828504 25.828504 3.884735e+03
736190 25.848427 25.898230 25.589444 25.888269 2.888649e+03
736193 26.306624 26.306624 26.236898 26.266782 5.976514e+02
736194 26.236900 26.276742 26.057604 26.077526 2.589823e+03
736195 25.808582 25.908191 25.699012 25.908191 3.984343e+03
736196 25.459951 25.479873 25.021675 25.021675 4.183560e+03
736197 24.623239 24.902144 24.473827 24.902144 6.076123e+03
736200 23.298445 24.762693 11.046591 23.497663 2.480254e+04
736201 23.925980 24.304493 23.806450 23.945903 8.665946e+03
736202 23.886137 24.214844 23.587311 24.135158 4.781212e+03
736203 24.483788 24.772654 24.483788 24.613278 5.777297e+03
736204 24.722849 24.862300 24.653123 24.832418 4.581994e+03
736207 24.842380 24.842380 24.832418 24.832418 5.976515e+02
736208 24.075393 24.473828 24.075393 24.234767 3.585909e+03
736209 24.274611 24.473827 24.274611 24.473827 9.562423e+03
736210 24.473826 24.543551 24.433984 24.433984 7.968686e+02
736211 24.433985 24.433985 24.214844 24.214844 1.593737e+03
736215 24.613278 24.912105 24.613278 24.912105 4.980429e+02
736216 24.852341 24.852341 24.852341 24.852341 1.992172e+02
736217 24.862299 24.971870 24.692967 24.812496 1.165420e+04
736218 24.742771 24.951948 24.663084 24.951948 1.593737e+03
736221 25.041595 25.041595 24.902144 24.902144 3.785126e+03
736222 24.991791 25.131243 24.991791 25.131243 2.988257e+03
736223 25.131244 25.400187 25.131244 25.390226 5.777297e+03
736224 25.579482 25.928113 25.579482 25.758778 2.390606e+03
736225 25.315261 25.604295 25.315261 25.604295 9.268974e+03
736228 25.335196 25.365096 25.185696 25.185696 1.295663e+03
736229 26.760425 26.760425 24.627563 24.737197 3.488324e+03
736230 24.747165 24.886697 24.717264 24.767098 5.680984e+03
736231 24.398332 24.507965 24.288700 24.497998 9.966639e+02
736232 24.627563 24.627563 23.820266 23.820266 1.893661e+03
736235 23.730566 23.730566 22.853503 22.873437 5.082986e+03
736236 22.823602 22.953170 22.823602 22.833569 2.092994e+03
736237 22.215639 23.142534 22.215639 23.142534 7.973311e+03
736238 22.943203 23.092702 22.763803 23.012969 3.288991e+03
736239 22.853502 23.541201 22.783736 23.541201 4.953419e+04
736242 23.870100 24.069432 23.870100 24.069432 6.278982e+03
736243 23.650834 23.780401 23.640866 23.730566 3.687656e+03
736244 23.929900 24.179066 23.890032 24.179066 2.989992e+03
736245 24.139199 24.139199 24.029568 24.099333 1.494996e+03
736246 24.288700 24.398332 24.288700 24.388364 2.292327e+03
736249 24.398331 24.398331 24.398331 24.398331 2.989992e+02
736250 24.368433 24.368433 24.009633 24.009633 2.491660e+03
736251 23.880065 23.919933 23.670767 23.670767 7.973311e+02
736252 23.760466 24.278732 23.760466 24.278732 2.292327e+03
736253 24.388363 24.497997 24.189031 24.358465 2.989991e+03
736256 24.448165 24.667431 24.448165 24.627563 1.893661e+03
736257 24.478063 24.478063 24.298664 24.298664 8.969975e+02
736258 24.438198 24.438198 23.850167 24.089366 2.092994e+03
736259 24.089366 24.248832 23.890032 23.890032 1.893661e+03
736260 24.298663 24.527898 24.238864 24.527898 1.694329e+03
736263 24.318598 24.318598 24.218931 24.218931 3.986655e+02
736264 24.258799 24.258799 23.900000 23.969765 3.089658e+03
736265 24.318598 24.607632 24.318598 24.547830 6.976647e+02
736266 24.717263 24.717263 24.278732 24.318598 6.079650e+03
736267 24.488031 24.488031 24.308631 24.308631 2.790659e+03
736270 24.478064 25.016264 24.478064 24.976396 3.089658e+03
736271 24.896664 25.235529 24.896664 25.215595 6.677648e+03
736272 25.115930 25.275396 25.105964 25.205630 4.185988e+03
736273 25.205630 25.205630 25.205630 25.205630 2.989992e+02
736274 25.444829 25.444829 25.394995 25.394995 2.790659e+03
736277 25.135862 25.135862 25.135862 25.135862 4.983319e+02
736278 25.016263 25.036198 24.916597 24.916597 4.983319e+02
736279 24.916597 24.916597 24.916597 24.916597 0.000000e+00
736280 24.737197 24.737197 24.737197 24.737197 2.591326e+03
736281 24.438198 24.438198 24.398331 24.398331 5.979983e+02
736284 24.348498 24.368432 24.288699 24.368432 3.089658e+03
736285 24.368432 24.368432 24.368432 24.368432 0.000000e+00
736286 24.607632 24.607632 24.567764 24.567764 5.979983e+02
736287 24.727230 24.727230 24.727230 24.727230 2.989992e+02
736288 25.016263 25.016263 24.946498 24.996330 1.494996e+03
736291 25.056129 25.056129 25.056129 25.056129 1.096330e+03
736292 24.996330 25.295328 24.916597 25.295328 2.092994e+03
736293 25.205630 25.514595 25.205630 25.464761 1.793995e+03
736295 25.424896 25.634194 25.424896 25.634194 1.036530e+04
736298 25.823561 25.823561 25.484695 25.484695 1.494996e+03
736299 25.484695 25.484695 25.484695 25.484695 0.000000e+00
736300 25.644162 25.644162 25.634194 25.634194 1.096330e+03
736301 21.906671 21.906671 21.906671 21.906671 3.986655e+02
736302 24.986364 25.175730 24.986364 25.175730 1.793995e+03
736305 24.966428 24.966428 24.767096 24.777064 9.767306e+03
736306 24.777064 24.777064 24.777064 24.777064 0.000000e+00
736307 24.717263 24.717263 24.458132 24.458132 5.979983e+03
736308 24.497998 24.687364 24.497998 24.687364 3.986655e+02
736309 24.268765 24.268765 23.919933 23.919933 1.694329e+03
736312 23.561133 23.810299 23.481400 23.680734 3.986656e+03
736313 24.099333 24.169099 24.099333 24.169099 3.986656e+02
736314 24.497998 24.587698 24.428232 24.587698 1.494996e+03
736315 24.488032 24.507965 24.418265 24.428232 7.375313e+03
736316 24.308631 24.308631 24.169099 24.169099 4.983319e+02
736319 24.248832 24.248832 24.149165 24.208966 4.584654e+03
736320 24.119266 24.398331 24.119266 24.398331 1.993328e+03
736321 24.677397 24.677397 24.657464 24.657464 5.979983e+02
736322 24.657464 24.657464 24.657464 24.657464 0.000000e+00
736326 24.478064 24.517932 24.478064 24.517932 3.986656e+02
736327 24.687364 24.747164 24.687364 24.747164 5.979983e+02
736328 24.577731 24.577731 24.577731 24.577731 2.989992e+02
736329 24.368433 24.428232 24.368433 24.428232 1.395329e+03
736333 23.381733 23.481399 23.381733 23.461468 2.391993e+03
736334 23.680734 23.680734 23.421602 23.521268 1.494996e+03
736335 23.082735 23.172435 23.082735 23.172435 4.983319e+02
736336 22.763803 22.793704 22.484736 22.514637 5.182652e+03
736337 22.504670 22.504670 22.125939 22.125939 5.481651e+03
736340 21.906671 21.946538 21.737237 21.826938 7.873644e+03
736341 21.797040 21.797040 21.787073 21.797040 1.096330e+03
736342 21.537907 21.537907 21.537907 21.537907 1.594662e+03
736343 20.910008 21.737238 20.810340 21.617640 2.790659e+03
736344 20.910008 21.069473 20.750542 21.019641 8.471643e+03
736348 21.308673 21.308673 20.481442 20.810341 7.574646e+03
736349 20.212344 21.258840 19.983109 21.258840 1.215930e+04
736350 20.969810 21.258841 20.919976 20.989741 4.385321e+03
736351 21.388406 21.567805 21.238906 21.488072 7.474979e+03
736354 21.508006 21.508006 21.508006 21.508006 2.989992e+02
736355 21.398371 21.408339 21.398371 21.408339 7.973311e+02
736356 21.189073 21.288741 20.919974 20.919974 4.684320e+03
736357 20.820308 20.900041 20.710677 20.730608 2.989992e+03
736358 21.169140 21.408339 21.029607 21.408339 1.694329e+03
736361 21.159173 21.418306 21.159173 21.418306 2.391993e+03
736362 21.238906 21.238906 20.929941 20.929941 1.295663e+03
736363 20.571141 20.870142 20.571141 20.870142 9.966638e+02
736364 21.129276 21.129276 20.810341 20.820308 1.893661e+03
736365 20.202377 20.202377 19.953211 19.953211 7.973311e+02
736368 19.714012 19.714012 19.106046 19.335279 4.185988e+03
736369 19.215681 19.315345 19.006380 19.205713 2.292327e+03
736370 19.544580 19.654211 19.145912 19.145912 2.591326e+03
736371 18.826980 19.155879 18.826980 18.956547 8.969975e+02
736372 19.046247 19.415012 19.046247 19.415012 1.295663e+03
736376 19.415012 19.415012 19.415012 19.415012 0.000000e+00
736377 20.421642 20.461510 20.421642 20.431609 1.395329e+03
736378 20.411676 20.411676 20.411676 20.411676 2.989992e+02
736379 20.212343 20.501375 20.212343 20.501375 6.976647e+02
736382 20.919974 20.919974 20.790409 20.870142 5.381985e+03
736383 20.800376 20.800376 20.730608 20.730608 1.096330e+03
736384 20.760508 20.770475 20.740574 20.760508 8.969975e+02
736385 20.969808 20.969808 20.919974 20.919974 1.694329e+03
736386 21.228939 21.288741 21.228939 21.258840 6.976647e+02
736389 21.388406 21.517974 21.298709 21.318640 4.185988e+03
736390 21.388406 21.567806 21.298709 21.567806 8.969975e+02
736391 21.577773 21.737238 21.577773 21.737238 2.591326e+03
736392 21.846872 21.936572 21.846872 21.936572 7.973311e+02
736393 22.006338 22.245537 22.006338 22.066137 5.282318e+03
736396 22.006338 22.424936 22.006338 22.325270 1.793995e+03
736397 22.235570 22.235570 21.876773 21.876773 2.092994e+03
736398 21.757171 21.906671 21.757171 21.906671 9.966638e+02
736399 21.926606 21.926606 21.478106 21.478106 1.195997e+03
736400 21.966473 21.986404 21.896704 21.986404 9.966639e+02
736403 21.986404 21.986404 21.986404 21.986404 0.000000e+00
736404 21.807004 21.816970 21.577772 21.577772 3.587990e+03
736405 21.617641 21.687406 21.617641 21.687406 7.973311e+02
736406 21.547874 21.836906 21.547874 21.797040 2.192661e+03
736407 21.985661 22.205217 21.985661 22.195237 9.979873e+02
736410 22.105418 22.105418 22.085457 22.105418 9.979873e+02
736411 22.105418 22.105418 22.105418 22.105418 0.000000e+00
736412 21.816003 21.816003 21.676283 21.676283 5.987924e+02
736413 21.536565 21.726183 21.536565 21.726183 1.496981e+03
736417 21.626384 21.796042 21.626384 21.796042 7.983898e+02
736418 21.845941 22.474674 21.825983 22.474674 7.784301e+03
736419 22.444734 22.544532 22.434754 22.504612 1.596780e+03
736420 22.624371 22.774069 22.594430 22.774069 2.295371e+03
736421 22.584451 22.813990 22.584451 22.813990 3.991949e+02
736424 22.694230 22.843927 22.694230 22.784049 6.985911e+02
736425 22.554513 22.554513 22.544533 22.544533 1.995975e+03
736426 22.604411 22.774069 22.564493 22.774069 7.983898e+02
736427 22.734151 22.734151 22.574473 22.594431 2.494968e+03
736428 22.784049 22.784049 22.554512 22.614391 2.435089e+04
736431 22.764088 22.883848 22.594430 22.614391 1.985995e+04
736432 22.604412 22.644332 22.564493 22.644332 9.979873e+02
736433 23.063486 23.233144 23.063486 23.233144 1.097786e+03
736434 23.283044 23.283044 23.173264 23.263083 7.983898e+02
736435 23.273064 23.273064 23.213185 23.253103 1.896176e+03
736438 23.422760 23.522560 23.422760 23.522560 3.991949e+02
736439 23.612378 23.612378 23.372861 23.392822 1.097786e+03
736440 23.452701 23.702197 23.392822 23.662277 4.690540e+03
736441 23.572460 23.632338 23.572460 23.572460 1.097786e+03
736442 23.552499 23.792016 23.552499 23.742118 3.093761e+03
736445 23.472661 23.592418 23.472661 23.522560 1.496981e+03
736446 23.522559 23.682237 23.482641 23.682237 2.993962e+03
736447 23.552499 23.682237 23.552499 23.682237 1.995974e+02
736448 23.702198 23.702198 23.462681 23.462681 3.492955e+03
736449 23.133344 23.143325 23.053505 23.143325 1.896176e+03
736452 23.123365 23.352902 23.123365 23.352902 2.095773e+03
736453 23.283043 23.283043 22.983648 23.043526 4.191547e+03
736454 22.724170 22.734151 22.694230 22.704210 1.097786e+03
736455 22.804009 22.804009 22.644332 22.644332 6.985911e+02
736456 22.594432 22.634352 22.514593 22.634352 3.892150e+03
736459 22.704211 23.013586 22.624372 23.013586 1.107766e+04
736460 22.963687 23.023566 22.893829 23.023566 1.097786e+03
736461 22.953707 22.963687 22.823970 22.823970 6.985911e+02
736462 22.464693 22.524572 22.464693 22.524572 2.993962e+02
736463 22.554512 22.644332 22.554512 22.644332 1.397182e+03
736466 22.554512 22.863888 22.554512 22.863888 5.987924e+02
736467 22.724170 22.764089 22.344934 22.344934 2.594767e+03
736468 22.444734 22.654312 22.444734 22.504612 1.596780e+03
736469 22.344934 22.344934 22.125378 22.295036 9.979873e+02
736470 22.494634 22.694230 22.494634 22.694230 1.397182e+03
736473 22.853908 22.963687 22.853908 22.883848 1.496981e+03
736474 23.263082 23.412780 23.263082 23.412780 1.796377e+03
736475 23.472660 23.482641 23.422760 23.482641 3.991949e+02
736476 23.482641 23.482641 23.482641 23.482641 0.000000e+00
736477 23.652300 23.732139 23.652300 23.702198 2.395169e+03
736481 23.702198 23.702198 23.702198 23.702198 0.000000e+00
736482 23.951695 24.011573 23.951695 24.011573 3.991949e+02
736483 24.131332 24.131332 24.041513 24.041513 4.989936e+02
736484 24.051494 24.051494 24.051494 24.051494 4.989937e+02
736487 24.320951 24.330929 24.320951 24.320951 1.297383e+03
736488 24.320951 24.320951 24.320951 24.320951 0.000000e+00
736489 24.350889 24.520547 24.350889 24.520547 1.796377e+03
736490 24.430728 24.430728 24.320950 24.350889 1.197585e+03
736491 24.350889 24.350889 24.350889 24.350889 0.000000e+00
736494 23.792016 23.792016 23.592418 23.592418 3.991949e+02
736495 23.542520 23.692218 23.452701 23.452701 2.594767e+03
736496 23.702198 23.782037 23.702198 23.782037 6.985911e+02
736497 23.502600 23.552500 23.263083 23.552500 4.091748e+03
736498 23.553498 23.553498 23.393610 23.393610 1.698810e+03
736501 23.773345 23.903253 23.773345 23.823309 1.399020e+03
736502 23.443575 23.583478 23.443575 23.583478 1.099230e+03
736503 23.613455 23.613455 23.483547 23.483547 1.998600e+03
736504 23.843296 23.983197 23.843296 23.983197 2.298390e+03
736505 22.983898 23.293680 22.983898 23.203743 2.098530e+03
736508 22.923940 22.923940 22.334352 22.444274 3.797339e+03
736509 22.873973 22.873973 22.814016 22.814016 9.992999e+02
736510 23.193749 23.353639 23.193749 23.353639 6.995099e+02
736511 23.443575 23.623449 23.363631 23.623449 2.498250e+03
736512 23.973204 23.973204 23.813316 23.903253 1.798740e+03
736516 23.673415 23.733372 23.643435 23.653428 3.497550e+03
736517 23.833302 23.963211 23.833302 23.933233 2.698110e+03
736518 23.933233 24.103114 23.933233 24.103114 2.997900e+02
736519 24.352939 24.632742 24.352939 24.632742 5.995799e+02
736522 24.882567 24.882567 24.882567 24.882567 1.998600e+02
736523 25.002483 25.112405 24.972504 25.112405 6.195659e+03
736524 25.172365 25.172365 24.952517 24.952517 1.199160e+03
736525 24.962511 24.962511 24.902553 24.902553 7.994399e+02
736526 24.932533 24.972504 24.862580 24.892560 2.598180e+03
736529 24.892560 24.892560 24.892560 24.892560 0.000000e+00
736530 24.992490 24.992490 24.752658 24.802623 1.399020e+03
736531 24.862580 25.152378 24.862580 25.142385 3.997200e+02
736532 25.162371 25.252308 24.912546 24.912546 4.696709e+03
736533 24.922540 25.172365 24.922540 25.172365 1.099230e+03
736536 25.202342 25.202342 25.122398 25.132392 9.992999e+02
736537 25.212336 25.212336 25.162371 25.212336 2.598180e+03
736538 25.322259 25.372223 25.322259 25.372223 3.097830e+03
736539 25.392210 25.392210 25.302273 25.392210 7.194959e+03
736540 25.502133 25.522120 25.392210 25.432183 1.598880e+04
736543 25.442174 25.502133 25.382217 25.482147 8.094329e+03
736544 25.482147 25.482147 25.482147 25.482147 0.000000e+00
736545 25.172365 25.312266 25.172365 25.312266 4.996499e+02
736546 25.382217 25.392210 25.302273 25.362230 1.898670e+03
736547 25.562091 25.662021 25.562091 25.642035 1.598880e+03
736550 25.582077 25.582077 25.552098 25.552098 4.996499e+02
736551 25.552098 25.552098 25.552098 25.552098 0.000000e+00
736552 25.422190 25.462161 25.382217 25.392210 6.995099e+02
736553 25.472154 25.472154 25.452167 25.452167 8.993699e+02
736554 25.512127 25.532111 25.452167 25.512127 1.099230e+03
736557 25.522120 25.821909 25.522120 25.821909 9.992999e+02
736558 25.612055 25.612055 25.532111 25.562091 3.797340e+03
736559 25.402203 25.402203 25.352239 25.382217 5.596079e+03
736560 25.512127 25.512127 25.512127 25.512127 1.998600e+02
736561 25.582077 25.582077 25.542104 25.542104 2.997900e+02
736564 25.522120 25.552098 25.522120 25.532111 5.096429e+03
736565 25.781936 25.781936 25.781936 25.781936 7.994399e+02
736566 25.791929 25.801923 25.452167 25.452167 3.297690e+03
736567 25.622048 25.642035 25.492140 25.492140 1.598880e+03
736568 25.482147 25.731972 25.432183 25.432183 9.992999e+02
736571 25.701992 25.701992 25.701992 25.701992 2.997900e+02
736572 25.662021 25.761952 25.662021 25.672015 2.098530e+03
736573 25.672015 25.672015 25.672015 25.672015 0.000000e+00
736574 25.562091 25.562091 25.532111 25.532111 4.996499e+02
736575 25.761952 25.771945 25.751958 25.751958 6.995099e+02
736579 25.971804 25.971804 25.971804 25.971804 7.994399e+02
736580 25.991790 26.121698 25.991790 26.111705 2.398320e+03
736581 26.211636 26.211636 26.071734 26.101714 2.198460e+03
736582 25.861880 25.861880 25.322259 25.322259 2.098530e+03
736585 25.422190 25.612055 25.422190 25.612055 3.997200e+02
736586 25.512127 25.512127 25.112405 25.272295 2.398320e+03
736587 25.342246 25.402203 25.282286 25.322259 3.397620e+03
736588 25.691999 25.691999 25.691999 25.691999 1.998600e+02
736589 25.660000 25.660000 25.650000 25.650000 4.000000e+02
736592 25.770000 25.930000 25.770000 25.879999 7.000000e+02
736593 25.680000 25.709999 25.680000 25.709999 5.000000e+02
736594 25.740000 26.020000 25.719999 26.020000 8.000000e+02
736595 26.200001 26.370001 26.190001 26.370001 2.800000e+03
736596 26.350000 26.350000 26.270000 26.309999 1.300000e+03
736599 26.040001 26.040001 25.940001 25.940001 2.400000e+03
736600 26.070000 26.139999 25.959999 26.070000 2.300000e+03
736601 26.090000 26.240000 26.090000 26.240000 1.210000e+04
736602 25.950001 25.950001 25.830000 25.840000 9.000000e+02
736603 26.010000 26.020000 26.010000 26.010000 8.000000e+02
736606 25.950001 26.020000 25.900000 26.000000 4.100000e+03
736607 26.120001 26.120001 25.879999 25.879999 1.000000e+03
736608 26.180000 26.180000 26.170000 26.170000 7.000000e+02
736609 25.969999 26.020000 25.969999 26.020000 2.000000e+03
736610 25.889999 25.889999 25.889999 25.889999 3.000000e+02
736613 26.150000 26.219999 26.129999 26.129999 9.000000e+03
736614 26.090000 26.090000 25.770000 25.790001 1.200000e+03
736615 25.790001 25.790001 25.790001 25.790001 0.000000e+00
736616 25.120001 25.250000 25.120001 25.219999 1.900000e+03
736617 25.219999 25.219999 25.219999 25.219999 0.000000e+00
736620 25.000000 25.010000 24.950001 25.010000 2.000000e+03
736621 25.209999 25.209999 25.139999 25.170000 1.400000e+03
736622 25.040001 25.200001 25.040001 25.120001 2.900000e+03
736623 25.110001 25.120001 25.010000 25.010000 3.700000e+03
736624 24.940001 24.959999 24.889999 24.910000 1.600000e+03
736627 25.270000 25.270000 25.129999 25.190001 8.000000e+02
736628 25.170000 25.170000 24.830000 24.900000 6.000000e+02
736629 24.740000 24.740000 24.500000 24.500000 1.000000e+03
736630 24.150000 24.150000 24.090000 24.090000 8.000000e+02
736631 24.190001 24.200001 24.190001 24.200001 2.000000e+02
736634 24.120001 24.129999 24.120001 24.129999 7.000000e+02
736635 24.139999 24.139999 23.840000 23.990000 2.400000e+03
736636 23.940001 23.940001 23.740000 23.740000 1.100000e+03
736637 23.580000 23.580000 23.309999 23.309999 2.000000e+03
736638 23.629999 23.730000 23.549999 23.549999 1.900000e+03
736641 24.000000 24.000000 23.969999 23.969999 1.300000e+03
736642 23.959999 24.190001 23.959999 24.090000 2.400000e+03
736643 24.610001 24.690001 24.610001 24.690001 4.700000e+03
736644 25.110001 25.219999 24.840000 25.049999 2.100000e+03
736645 25.350000 25.350000 25.350000 25.350000 6.000000e+02
736648 26.120001 26.120001 25.730000 25.860001 2.300000e+03
736649 25.740000 25.900000 25.740000 25.900000 5.000000e+02
736650 25.780001 25.950001 25.780001 25.840000 3.600000e+03
736651 25.990000 26.070000 25.850000 26.049999 2.100000e+03
736652 26.049999 26.049999 26.049999 26.049999 0.000000e+00
736655 26.299999 26.320000 26.180000 26.280001 2.900000e+03
736656 26.209999 26.219999 26.209999 26.219999 2.200000e+03
736657 26.230000 26.510000 26.230000 26.510000 1.500000e+03
736659 26.610001 26.629999 26.610001 26.610001 2.400000e+03
736662 26.379999 26.379999 26.340000 26.340000 5.000000e+02
736663 26.360001 26.420000 26.290001 26.410000 2.800000e+03
736664 26.200001 26.200001 25.950001 25.950001 4.500000e+03
736665 25.950001 25.950001 25.340000 25.340000 3.000000e+03
736666 25.370001 25.430000 25.370001 25.379999 1.000000e+03
736669 25.770000 25.790001 25.770000 25.790001 8.000000e+02
736670 26.010000 26.010000 26.010000 26.010000 4.000000e+02
736671 25.920000 26.219999 25.920000 26.219999 1.300000e+03
736672 26.270000 26.660000 26.209999 26.590000 1.460000e+04
736673 26.850000 26.850000 26.580000 26.620001 1.280000e+04
736676 26.290001 26.290001 26.280001 26.280001 1.150000e+04
736677 26.500000 26.600000 26.379999 26.420000 2.120000e+04
736678 26.360001 26.360001 26.180000 26.180000 1.000000e+03
736679 26.430000 26.430000 26.400000 26.400000 5.000000e+02
736680 26.559999 26.559999 26.420000 26.420000 1.000000e+03
736683 26.520000 26.559999 26.450001 26.450001 8.000000e+02
736684 26.510000 26.629999 26.510000 26.629999 4.000000e+02
736685 26.500000 26.500000 26.500000 26.500000 2.000000e+02
736686 26.549999 26.549999 26.100000 26.129999 3.500000e+03
736687 26.240000 26.320000 26.230000 26.320000 1.070000e+04
736691 26.530001 26.530001 26.530001 26.530001 5.000000e+02
736692 26.200001 26.200001 26.200001 26.200001 1.700000e+03
736693 26.190001 26.240000 26.090000 26.120001 1.700000e+03
736694 26.049999 26.049999 25.990000 26.000000 2.200000e+03
736698 26.389999 26.389999 26.000000 26.090000 1.300000e+03
736699 26.700001 26.700001 26.700001 26.700001 3.000000e+02
736700 26.420000 26.500000 26.420000 26.500000 1.300000e+03
736701 26.580000 26.580000 26.379999 26.430000 1.900000e+03
736704 26.320000 26.379999 26.200001 26.330000 1.320000e+04
736705 26.209999 26.389999 26.209999 26.389999 2.200000e+03
736706 26.330000 26.330000 26.330000 26.330000 4.000000e+02
736707 25.990000 26.129999 25.980000 26.120001 3.000000e+03
736708 26.200001 26.500000 26.200001 26.459999 5.200000e+03
736712 26.070000 26.070000 25.969999 25.969999 7.900000e+03
736713 25.860001 26.000000 25.860001 25.870001 6.000000e+02
736714 26.030001 26.030001 25.730000 25.750000 1.500000e+03
736715 25.889999 25.889999 25.840000 25.850000 8.000000e+02
736718 25.850000 25.850000 25.850000 25.850000 0.000000e+00
736719 25.840000 26.180000 25.830000 26.160000 1.900000e+03
736720 26.340000 26.420000 26.340000 26.420000 1.300000e+03
736721 26.200001 26.200001 26.190001 26.190001 5.000000e+02
736722 26.030001 26.150000 26.000000 26.120001 1.600000e+03
736725 26.000000 26.000000 25.620001 25.820000 8.700000e+03
736726 25.700001 26.080000 25.700001 26.080000 3.700000e+03
736727 26.250000 26.250000 25.950001 25.959999 2.200000e+03
736728 25.969999 25.969999 25.950001 25.950001 9.000000e+02
736729 26.120001 26.250000 26.120001 26.180000 1.400000e+03
736732 26.219999 26.240000 26.049999 26.049999 1.870000e+04
736733 26.049999 26.049999 26.030001 26.030001 1.300000e+03
736734 26.000000 26.000000 25.940001 25.940001 1.200000e+03
736735 26.290001 26.440001 26.290001 26.440001 1.400000e+03
736736 26.660000 26.799999 26.660000 26.719999 1.900000e+03
736739 26.900000 26.900000 26.719999 26.719999 1.530000e+04
736740 26.700001 26.840000 26.700001 26.760000 1.840000e+04
736741 26.840000 27.000000 26.840000 27.000000 5.000000e+02
736742 26.930000 26.930000 26.830000 26.830000 8.000000e+02
736743 27.010000 27.010000 26.920000 27.000000 2.100000e+03
736747 27.209999 27.209999 27.070000 27.070000 1.200000e+03
736748 27.049999 27.070000 27.040001 27.070000 1.600000e+03
736749 26.900000 26.900000 26.860001 26.860001 1.400000e+03
736750 26.910000 26.910000 26.910000 26.910000 4.000000e+02
736753 26.980000 27.340000 26.980000 27.280001 3.700000e+03
736754 27.129999 27.129999 26.969999 26.980000 1.800000e+03
736755 27.350000 27.500000 27.350000 27.410000 1.800000e+04
736756 27.290001 27.290001 27.180000 27.180000 1.300000e+03
736757 27.059999 27.209999 27.059999 27.110001 7.800000e+04
736760 27.000000 27.110001 26.930000 27.070000 3.180000e+04
736761 27.070000 27.070000 26.850000 26.879999 2.000000e+04
736762 26.990000 27.040001 26.870001 26.870001 8.800000e+03
736763 26.950001 26.950001 26.850000 26.910000 5.900000e+03
736764 26.990000 27.059999 26.879999 27.059999 1.910000e+04
