736034 9.603740 9.621410 9.568400 9.612575 1.802358e+04
736035 9.621411 9.647916 9.577236 9.621411 2.217607e+04
736036 9.586070 9.674421 9.568400 9.612575 2.217607e+04
736039 9.630246 9.806947 9.550730 9.577235 2.827228e+04
736040 9.533059 9.550729 9.497719 9.524224 2.694702e+04
736041 9.533060 9.639081 9.506554 9.568400 3.869768e+04
736042 9.586070 9.586070 9.471214 9.488884 4.664926e+04
736043 9.506554 9.586070 9.506554 9.577235 1.714007e+04
736046 9.586070 9.665586 9.533059 9.594905 2.986260e+04
736047 9.550730 9.603740 9.533059 9.594905 2.615186e+04
736048 9.594905 9.621410 9.577235 9.577235 2.358968e+04
736049 9.577235 9.621410 9.577235 9.586070 2.562175e+04
736050 9.603740 9.665586 9.594905 9.612575 1.316428e+04
736053 9.612575 9.612575 9.541895 9.568400 1.881874e+04
736054 9.541895 9.621411 9.533060 9.621411 3.984625e+04
736055 9.639080 9.709761 9.621410 9.639080 2.889073e+04
736056 9.594905 9.665586 9.577235 9.603740 3.560540e+04
736060 9.630245 9.683256 9.594905 9.603740 3.224807e+04
736061 9.568399 9.639080 9.559564 9.639080 5.486589e+04
736062 9.577236 9.639081 9.577236 9.621411 6.087376e+04
736063 9.639178 9.648062 9.603642 9.621410 3.322629e+04
736064 9.594758 9.648062 9.585874 9.639178 4.211033e+04
736067 9.621409 9.639177 9.488149 9.541453 1.071415e+05
736068 9.550337 9.621409 9.541453 9.612525 1.981140e+04
736069 9.576989 9.630293 9.568105 9.612525 3.109412e+04
736070 9.639178 9.674714 9.621410 9.674714 2.665210e+04
736071 9.639178 9.745786 9.630294 9.745786 2.745167e+04
736074 9.754670 9.754670 9.701366 9.728018 3.589150e+04
736075 9.710250 9.754670 9.683598 9.728018 1.901183e+04
736076 9.728018 9.754670 9.683598 9.683598 3.447006e+04
736077 9.710250 9.728018 9.683598 9.719134 2.736283e+04
736078 9.728018 9.745786 9.692482 9.736902 1.981140e+04
736081 9.754670 9.754670 9.728018 9.736902 1.616894e+04
736082 9.728018 9.816858 9.728018 9.772438 8.759658e+04
736083 9.754670 9.772438 9.674714 9.728018 5.019480e+04
736084 9.719134 9.745786 9.683598 9.745786 3.447005e+04
736085 9.763554 9.763554 9.683598 9.701366 4.379829e+04
736088 9.692482 9.710250 9.648062 9.701366 3.482542e+04
736089 9.701366 9.728018 9.648062 9.728018 4.442017e+04
736090 9.674714 9.692482 9.550338 9.603642 6.165520e+04
736091 9.639376 9.648309 9.487504 9.514305 1.217652e+05
736092 9.541106 9.621509 9.514305 9.594708 3.725320e+04
736095 9.558974 9.576841 9.514306 9.541107 4.761620e+04
736096 9.523240 9.603642 9.496439 9.567908 4.931359e+04
736097 9.532173 9.576841 9.523239 9.576841 2.161936e+04
736098 9.541107 9.594708 9.532173 9.558974 2.108334e+04
736099 9.576841 9.621509 9.550040 9.594708 3.832523e+04
736102 9.550040 9.585774 9.523239 9.523239 5.404840e+04
736103 9.514306 9.585775 9.496439 9.558974 5.092164e+04
736104 9.594708 9.594708 9.514306 9.550040 3.510913e+04
736105 9.567907 9.621509 9.523239 9.594708 5.279769e+04
736106 9.576841 9.612575 9.532173 9.576841 5.315504e+04
736110 9.585775 9.585775 9.514306 9.576841 4.198802e+04
736111 9.585775 9.630443 9.532173 9.630443 3.957594e+04
736112 9.666177 9.666177 9.576841 9.594708 4.779487e+04
736113 9.585775 9.719779 9.567907 9.648310 2.126202e+04
736116 9.639377 9.675111 9.576841 9.657244 4.708018e+04
736117 9.648310 9.719779 9.603642 9.648310 6.789551e+04
736118 9.630443 9.666177 9.576841 9.603642 4.359607e+04
736119 9.585775 9.594709 9.541107 9.541107 3.573448e+04
736120 9.532173 9.558974 9.451771 9.496439 6.986092e+04
736123 9.424970 9.460704 9.407102 9.416036 6.137397e+04
736124 9.434006 9.442990 9.254310 9.299234 1.327050e+05
736125 9.290249 9.335173 9.245325 9.263295 8.292940e+04
736126 9.254310 9.317203 9.254310 9.281264 7.421417e+04
736127 9.281265 9.353143 9.245326 9.344158 3.360303e+04
736130 9.326188 9.434005 9.290249 9.407051 4.115023e+04
736131 9.371112 9.389082 9.317203 9.335173 3.135684e+04
736132 9.344158 9.344158 9.308218 9.326188 4.384566e+04
736133 9.299234 9.344158 9.299234 9.344158 4.429490e+04
736134 9.335173 9.335173 9.317203 9.335173 1.347715e+04
736137 9.335173 9.380097 9.281264 9.299234 3.908374e+04
736138 9.299234 9.371112 9.299234 9.362127 2.713400e+04
736139 9.335173 9.344158 9.281265 9.308219 4.339643e+04
736140 9.281264 9.290249 9.218370 9.236340 3.009897e+04
736141 9.227355 9.236340 9.191416 9.191416 2.947003e+04
736144 9.200402 9.299234 9.191417 9.263295 6.307307e+04
736145 9.245325 9.254310 9.209386 9.245325 6.945225e+04
736146 9.245326 9.281265 9.218371 9.227356 3.746648e+04
736147 9.227356 9.299234 9.227356 9.254310 4.303703e+04
736151 9.308219 9.317204 9.290249 9.308219 3.252486e+04
736152 9.326188 9.389081 9.308218 9.326188 6.774514e+04
736153 9.308219 9.442991 9.299235 9.442991 3.539999e+04
736154 9.397809 9.397809 9.325518 9.352627 2.909706e+04
736155 9.334554 9.551427 9.325518 9.433954 8.720082e+04
736158 9.433953 9.433953 9.370699 9.370699 1.753053e+04
736159 9.361664 9.433954 9.343591 9.424918 2.954888e+04
736160 9.442991 9.442991 9.379737 9.388773 2.006071e+04
736161 9.397808 9.461063 9.343590 9.442990 5.837485e+04
736162 9.470100 9.470100 9.361664 9.424918 3.524178e+04
736165 9.397808 9.397808 9.325518 9.334554 4.617577e+04
736166 9.334554 9.442990 9.316481 9.370699 3.000069e+04
736167 9.361664 9.370700 9.316482 9.343591 2.259089e+04
736168 9.325518 9.325518 9.298409 9.316482 2.918743e+04
736169 9.316482 9.361664 9.307446 9.343591 2.548252e+04
736172 9.343590 9.397808 9.343590 9.397808 1.427744e+04
736173 9.415881 9.415881 9.361663 9.370699 5.963994e+03
736174 9.361663 9.433954 9.352627 9.361663 1.337380e+04
736175 9.379737 9.415882 9.352628 9.388773 1.183763e+04
736176 9.397808 9.461063 9.388772 9.442990 2.024143e+04
736179 9.506245 9.840590 9.470100 9.506245 3.759123e+04
736180 9.488172 9.515281 9.433954 9.506245 3.171760e+04
736181 9.524317 9.524317 9.452026 9.470099 4.093468e+04
736182 9.442990 9.551426 9.424917 9.551426 2.548252e+04
736183 9.560464 9.614682 9.533355 9.542391 2.096434e+04
736186 9.569500 9.632754 9.524318 9.578536 4.870595e+04
736187 9.633062 9.660326 9.614887 9.651238 1.235940e+04
736188 9.605799 9.733028 9.605799 9.660326 1.635803e+04
736189 9.642151 9.687590 9.551273 9.669414 4.471195e+04
736190 9.678501 9.687589 9.569447 9.633062 3.707820e+04
736193 9.642150 9.705764 9.623974 9.678501 2.744514e+04
736194 9.678501 9.905696 9.623974 9.796642 1.102349e+05
736195 9.805730 9.805730 9.705764 9.796642 4.498458e+04
736196 9.842081 9.842081 9.723940 9.796642 3.198904e+04
736197 9.796642 9.832993 9.733027 9.796642 3.744171e+04
736200 9.742116 9.751204 9.687589 9.687589 4.880146e+04
736201 9.714852 9.823906 9.669413 9.714852 4.698390e+04
736202 9.805730 9.842081 9.742115 9.796642 9.651237e+04
736203 9.851170 9.860257 9.714853 9.787555 5.725311e+04
736204 9.832994 9.851169 9.723940 9.723940 2.599109e+04
736207 9.769379 9.832993 9.769379 9.805730 4.407580e+04
736208 9.878432 9.887520 9.787554 9.832993 6.088822e+04
736209 9.869344 9.905696 9.814818 9.887520 3.053499e+04
736210 9.887520 9.978398 9.851169 9.942047 5.679871e+04
736211 9.969310 9.978398 9.842081 9.878432 2.989884e+04
736215 9.905696 9.996574 9.851170 9.923872 7.206621e+04
736216 9.951286 9.987838 9.878182 9.896458 5.903150e+04
736217 9.933010 9.933010 9.869044 9.914734 2.768815e+04
736218 9.914734 9.933010 9.869044 9.933010 5.290904e+04
736221 9.923872 9.933010 9.832492 9.859906 5.318318e+04
736222 9.850768 9.859906 9.814216 9.814216 7.611957e+04
736223 9.823354 9.878182 9.823354 9.832492 2.056051e+04
736224 9.869044 9.951286 9.841630 9.914734 4.724348e+04
736225 9.951286 10.042666 9.951286 9.987838 4.824866e+04
736228 10.024390 10.024390 9.942148 9.942148 3.563821e+04
736229 9.933010 9.996976 9.914734 9.942148 6.542811e+04
736230 9.933010 9.996976 9.933010 9.942148 2.074327e+04
736231 9.942148 9.978700 9.914734 9.923872 4.441070e+04
736232 9.914734 9.942148 9.905596 9.933010 2.421571e+04
736235 9.969562 9.978700 9.923872 9.942148 2.631745e+04
736236 9.978700 10.006114 9.942148 9.978700 2.777953e+04
736237 10.006114 10.006114 9.960424 9.996976 2.942437e+04
736238 10.024390 10.088356 10.006114 10.033528 3.390199e+04
736239 10.060942 10.143184 10.042666 10.134046 3.079507e+04
736242 10.115770 10.152322 10.097494 10.106632 1.909843e+04
736243 10.134046 10.179736 10.088356 10.170598 3.088645e+04
736244 10.253286 10.299224 10.115473 10.271661 4.961267e+04
736245 10.290035 10.317598 10.207348 10.317598 1.782381e+04
736246 10.317598 10.335973 10.216535 10.244098 1.736444e+04
736249 10.253286 10.271661 10.207348 10.244098 1.938569e+04
736250 10.244098 10.308411 10.216536 10.290036 2.489821e+04
736251 10.326786 10.335973 10.234910 10.280848 3.647450e+04
736252 10.326786 10.391099 10.253286 10.290036 2.976760e+04
736253 10.262474 10.372724 10.244099 10.335974 4.373265e+04
736256 10.372724 10.409474 10.280849 10.372724 3.849576e+04
736257 10.345161 10.400286 10.326786 10.381911 3.537200e+04
736258 10.446224 10.455412 10.372724 10.391099 4.887767e+04
736259 10.427849 10.455411 10.317598 10.400286 2.563321e+04
736260 10.446224 10.464600 10.400287 10.455412 3.555575e+04
736263 10.455411 10.464599 10.409474 10.464599 1.332192e+04
736264 10.455411 10.464599 10.409474 10.464599 4.786704e+04
736265 10.464598 10.482974 10.400286 10.473786 9.224282e+04
736266 10.482974 10.482974 10.381911 10.427849 2.765447e+04
736267 10.409473 10.473786 10.409473 10.437036 5.999458e+04
736270 10.464598 10.519724 10.427848 10.510536 4.226264e+04
736271 10.519723 10.565661 10.519723 10.547286 4.557016e+04
736272 10.574849 10.574849 10.519724 10.556474 6.017833e+04
736273 10.565662 10.574850 10.538100 10.574850 3.693388e+04
736274 10.510536 10.510536 10.216535 10.473786 1.048297e+05
736277 10.409133 10.409133 10.233646 10.298299 4.858211e+04
736278 10.289063 10.538439 10.252119 10.390661 5.089115e+04
736279 10.353717 10.353717 10.279828 10.289064 3.121817e+04
736280 10.242883 10.409133 10.233647 10.390661 1.644033e+04
736281 10.418370 10.529203 10.307536 10.510731 2.364453e+04
736284 10.529203 10.547675 10.473786 10.538439 8.497251e+03
736285 10.510731 10.529203 10.436842 10.529203 1.671742e+04
736286 10.529203 10.529203 10.436842 10.464550 2.983274e+04
736287 10.446078 10.455314 10.298299 10.335244 6.114327e+04
736288 10.427606 10.464551 10.362953 10.427606 3.251123e+04
736291 10.436842 10.584621 10.436842 10.473787 5.126060e+04
736292 10.418370 10.529204 10.399898 10.427606 3.712930e+04
736293 10.455315 10.501495 10.455315 10.483023 4.710433e+03
736295 10.418370 10.473786 10.409133 10.446078 1.006740e+04
736298 10.418369 10.446078 10.381425 10.390661 3.463554e+04
736299 10.473786 10.538439 10.436842 10.519967 5.135296e+04
736300 10.492259 10.519967 10.436842 10.455314 6.160507e+04
736301 10.455315 10.473787 10.409134 10.473787 5.199949e+04
736302 10.473786 10.566148 10.446078 10.529203 6.502245e+04
736305 10.483022 10.510731 10.446078 10.455314 4.978281e+04
736306 10.455313 10.584619 10.455313 10.566147 6.770092e+04
736307 10.556863 10.566148 10.454730 10.501154 4.289596e+04
736308 10.473299 10.529008 10.464014 10.491869 4.382444e+04
736309 10.510439 10.807554 10.445445 10.454730 2.037094e+05
736312 10.491869 10.491869 10.352596 10.408305 1.806830e+05
736313 10.426876 10.501154 10.399021 10.464015 4.076045e+04
736314 10.501154 10.798268 10.352596 10.705420 1.493931e+05
736315 10.723990 10.909687 10.668281 10.807554 1.405725e+05
736316 10.826122 10.835407 10.696134 10.779698 1.894107e+04
736319 10.826123 10.844693 10.742559 10.761129 2.571901e+04
736320 10.705420 10.705420 10.594002 10.631141 4.085329e+04
736321 10.668280 10.788983 10.603286 10.779698 4.698128e+04
736322 10.742559 10.807553 10.742559 10.761129 6.685084e+03
736326 10.798268 10.909686 10.761129 10.872547 4.512432e+04
736327 10.909687 11.021105 10.788984 10.956111 4.531002e+04
736328 10.956111 11.067529 10.900402 11.067529 2.915440e+04
736329 11.021105 11.113953 11.002535 11.067529 4.206032e+04
736333 11.058244 11.076814 10.974680 10.993250 3.955342e+04
736334 11.048959 11.095383 11.021105 11.058244 1.494859e+04
736335 11.141807 11.438922 11.076813 11.095383 9.674803e+04
736336 11.141807 11.178946 11.048959 11.086098 8.282077e+04
736337 11.086098 11.225371 11.086098 11.169662 6.072285e+04
736340 11.151093 11.188232 11.086099 11.151093 1.121609e+05
736341 11.123098 11.141761 10.964464 11.113767 1.269078e+05
736342 11.151092 11.151092 11.048446 11.067109 8.836891e+04
736343 11.123099 11.123099 10.936470 11.020453 6.494695e+04
736344 10.964464 11.076441 10.917807 11.048447 7.922408e+04
736348 11.235076 11.328390 11.123098 11.281733 1.597546e+05
736349 11.263070 11.263070 11.113767 11.244407 8.911542e+04
736350 11.253738 11.309727 11.169755 11.225744 6.242745e+04
736351 11.281733 11.291065 11.235076 11.235076 3.266010e+04
736354 11.207081 11.225744 11.160424 11.188418 3.872555e+04
736355 11.225744 11.235075 11.067109 11.151092 6.727981e+04
736356 11.207081 11.281733 11.104435 11.263070 5.346926e+04
736357 11.225744 11.356385 11.179087 11.281733 4.311134e+04
736358 11.337722 11.337722 11.225744 11.263070 4.992330e+04
736361 11.291065 11.356385 11.123099 11.356385 7.633133e+04
736362 11.319058 11.375047 11.281733 11.309727 4.161830e+04
736363 11.347053 11.375047 11.272401 11.347053 4.413780e+04
736364 11.365717 11.384380 11.291065 11.291065 5.001662e+04
736365 11.365716 11.384379 11.309727 11.309727 2.976735e+04
736368 11.281733 11.365716 11.235076 11.235076 5.169628e+04
736369 11.235076 11.441396 11.235076 11.338236 6.996132e+04
736370 11.319479 11.488287 11.281967 11.441396 4.229565e+04
736371 11.441397 11.441397 11.253833 11.263211 4.417129e+04
736372 11.385126 11.403883 11.272588 11.319479 3.629361e+04
736376 11.356992 11.375748 11.291344 11.319479 3.132316e+04
736377 11.356992 11.375748 11.263210 11.356992 3.948219e+04
736378 11.328858 11.328858 11.103781 11.197563 5.823858e+04
736379 11.197563 11.263211 11.141294 11.141294 3.704386e+04
736382 11.113160 11.188185 11.113160 11.131916 3.385528e+04
736383 11.122538 11.216320 11.113159 11.188185 5.589403e+04
736384 11.235076 11.281967 11.206941 11.206941 3.573092e+04
736385 11.244454 11.244454 11.178807 11.235076 1.387973e+04
736386 11.225698 11.263211 11.188185 11.216320 3.835681e+04
736389 11.272589 11.441396 11.235076 11.432018 3.563714e+04
736390 11.432018 11.469531 11.375749 11.441396 6.902350e+04
736391 11.432018 11.450775 11.272589 11.328858 5.917640e+04
736392 11.338237 11.347615 11.281967 11.310102 2.457087e+04
736393 11.328858 11.328858 11.141294 11.235076 1.320450e+05
736396 11.188185 11.244454 11.150672 11.244454 6.255255e+04
736397 11.272588 11.300723 11.216319 11.300723 6.489710e+04
736398 11.263022 11.300722 11.178196 11.215896 9.396847e+04
736399 11.291297 11.300722 11.131070 11.215896 5.984953e+04
736400 11.187621 11.187621 11.121646 11.149921 5.768176e+04
736403 11.159346 11.215897 11.149921 11.206472 3.176267e+04
736404 11.197047 11.244172 11.149921 11.149921 6.050929e+04
736405 11.149921 11.244172 11.149921 11.244172 2.441107e+04
736406 11.215896 11.338423 11.159346 11.338423 7.276195e+04
736407 11.357273 11.357273 11.253597 11.253597 2.940638e+04
736410 11.253596 11.300722 11.215896 11.215896 3.534421e+04
736411 11.131070 11.263022 11.074519 11.140495 1.347793e+05
736412 11.215897 11.310148 11.215897 11.281873 3.119716e+04
736413 11.234746 11.291297 11.234746 11.291297 9.707876e+03
736417 11.234747 11.300723 11.225322 11.234747 4.844513e+04
736418 11.253596 11.310147 11.215896 11.215896 4.778537e+04
736419 11.263022 11.263022 11.149921 11.149921 8.454336e+04
736420 11.178196 11.215897 11.074520 11.074520 9.651326e+04
736421 11.074520 11.112221 11.065095 11.065095 6.578736e+04
736424 11.074520 11.140496 11.065095 11.121646 4.052803e+04
736425 11.140496 11.206472 11.131071 11.159346 2.789836e+04
736426 11.168771 11.281873 11.168771 11.225322 4.797388e+04
736427 11.282159 11.348469 11.272686 11.291632 5.636343e+04
736428 11.348470 11.348470 11.282160 11.329524 4.262781e+04
736431 11.320051 11.348469 11.301105 11.301105 1.221997e+04
736432 11.338997 11.338997 11.253741 11.320051 3.997541e+04
736433 11.338996 11.443197 11.225322 11.348469 5.797381e+04
736434 11.320051 11.376888 11.320051 11.338997 2.803962e+04
736435 11.367415 11.433725 11.320051 11.433725 3.002892e+04
736438 11.433725 11.433725 11.348469 11.367415 4.291199e+04
736439 11.395833 11.395833 11.291632 11.357942 2.642924e+04
736440 11.348470 11.386361 11.348470 11.386361 7.388820e+03
736441 11.386360 11.414779 11.348469 11.405306 2.406103e+04
736442 11.395834 11.462144 11.367416 11.462144 3.590209e+04
736445 11.471617 11.528454 11.395834 11.452671 4.821679e+04
736446 11.500035 11.528454 11.462144 11.500035 2.917637e+04
736447 11.528453 11.556872 11.509508 11.547399 6.536264e+04
736448 11.490561 11.575817 11.490561 11.509507 3.438643e+04
736449 11.462143 11.500035 11.414779 11.471616 3.827030e+04
736452 11.518981 11.556872 11.462144 11.462144 2.652397e+04
736453 11.433725 11.547399 11.424252 11.500035 3.845975e+04
736454 11.528454 11.528454 11.424252 11.443198 4.698532e+04
736455 11.471616 11.481089 11.405306 11.405306 5.162701e+04
736456 11.405307 11.509508 11.376888 11.452671 7.189890e+04
736459 11.471617 11.585291 11.471617 11.575818 3.609154e+04
736460 11.613895 11.632935 11.556778 11.623415 2.675004e+04
736461 11.623416 11.661494 11.566298 11.594857 2.703563e+04
736462 11.575817 11.623415 11.566297 11.566297 3.208100e+04
736463 11.585337 11.623415 11.528219 11.528219 3.626962e+04
736466 11.509180 11.509180 11.404465 11.423504 6.140133e+04
736467 11.394945 11.490141 11.394945 11.461582 4.274294e+04
736468 11.413984 11.433023 11.328308 11.328308 4.141020e+04
736469 11.280710 11.290229 11.042720 11.071279 1.450785e+05
736470 11.061759 11.156955 11.061759 11.128396 2.075270e+04
736473 11.175995 11.242632 11.156955 11.166475 5.530880e+04
736474 11.233113 11.271191 11.185515 11.223593 3.141464e+04
736475 11.223592 11.299749 11.223592 11.252151 3.750717e+04
736476 11.280710 11.328308 11.261671 11.299749 2.646445e+04
736477 11.299749 11.328308 11.252151 11.280710 3.008189e+04
736481 11.252152 11.252152 11.156956 11.156956 4.436128e+04
736482 11.223593 11.366387 11.175995 11.318789 3.836394e+04
736483 11.366386 11.442543 11.318788 11.366386 5.340488e+04
736484 11.452062 11.452062 11.366386 11.413984 3.217620e+04
736487 11.375905 11.452062 11.375905 11.404464 4.026785e+04
736488 11.413984 11.471102 11.413984 11.423504 3.560325e+04
736489 11.423504 11.518700 11.423504 11.518700 4.217177e+04
736490 11.537834 11.537834 11.489999 11.499566 3.128418e+04
736491 11.585669 11.623937 11.317792 11.346493 1.283895e+05
736494 11.413463 11.537834 11.375195 11.403896 2.946644e+04
736495 11.461297 11.461297 11.289091 11.384761 7.644054e+04
736496 11.403896 11.528267 11.356061 11.509133 6.381207e+04
736497 11.537834 11.537834 11.509133 11.518700 7.462281e+03
736498 11.556968 11.556968 11.461298 11.489999 1.856003e+04
736501 11.451731 11.537834 11.451731 11.509133 1.635962e+04
736502 11.537834 11.556968 11.480432 11.547401 2.238684e+04
736503 11.556968 11.633504 11.547401 11.623937 3.396294e+04
736504 11.623937 11.623937 11.518700 11.537834 3.291057e+04
736505 11.518700 11.633504 11.518700 11.585669 1.827302e+04
736508 11.537834 11.643071 11.537834 11.614370 4.094687e+04
736509 11.652638 11.700473 11.614370 11.671772 2.736170e+04
736510 11.643071 11.738741 11.623937 11.719607 2.707468e+04
736511 11.690907 11.872680 11.690907 11.767443 2.401324e+04
736512 11.805711 11.987484 11.805711 11.920515 5.692381e+04
736516 11.939649 11.987484 11.882247 11.987484 4.152089e+04
736517 11.958784 12.130990 11.958784 12.044887 5.032256e+04
736518 12.112176 12.121788 12.044886 12.083337 2.460886e+04
736519 12.121789 12.131402 12.044886 12.044886 4.998676e+04
736522 12.150628 12.150628 11.996822 12.064112 4.854483e+04
736523 12.035274 12.035274 11.891081 11.910307 4.383454e+04
736524 11.919919 11.919919 11.737275 11.746888 4.008553e+04
736525 11.823791 11.823791 11.573857 11.593083 9.247550e+04
736526 11.669985 11.881468 11.573857 11.737275 1.082406e+05
736529 11.746888 11.910307 11.746888 11.891081 4.527647e+04
736530 11.967984 11.996822 11.900694 11.900694 6.690536e+04
736531 11.939145 11.958371 11.881468 11.939145 3.114560e+04
736532 11.919919 12.083337 11.919919 12.044886 6.209893e+04
736533 11.996822 12.160240 11.996822 12.160240 2.787723e+04
736536 12.064112 12.160241 12.054499 12.141015 3.902812e+04
736537 12.169853 12.189079 12.112176 12.112176 2.595466e+04
736538 12.179465 12.189078 12.131401 12.131401 1.634182e+04
736539 12.189079 12.237144 12.131402 12.150628 1.557280e+04
736540 12.160240 12.333271 12.160240 12.285207 3.720168e+04
736543 12.285207 12.419787 12.237143 12.400561 5.335125e+04
736544 12.371722 12.371722 12.256368 12.371722 2.124437e+04
736545 12.342884 12.448625 12.342884 12.410174 2.393597e+04
736546 12.448625 12.448625 12.410174 12.448625 2.374371e+04
736547 12.419786 12.477463 12.410173 12.477463 3.162624e+04
736550 12.496689 12.573592 12.477463 12.506302 4.364228e+04
736551 12.593218 12.593218 12.477330 12.506302 2.597834e+04
736552 12.544932 12.641506 12.496645 12.544932 1.950790e+04
736553 12.660820 12.660820 12.583561 12.602876 4.819031e+04
736554 12.660821 12.660821 12.564248 12.573905 1.467921e+04
736557 12.564247 12.602877 12.477331 12.486988 4.200959e+04
736558 12.544932 12.583561 12.448358 12.525617 2.588177e+04
736559 12.554589 12.602876 12.458016 12.544932 1.805929e+04
736560 12.554589 12.554589 12.486987 12.525617 1.979762e+04
736561 12.544932 12.564247 12.486988 12.564247 1.873531e+04
736564 12.564246 12.564246 12.467672 12.506302 1.419634e+04
736565 12.506302 12.535274 12.429043 12.458015 2.829611e+04
736566 12.419386 12.429044 12.351785 12.361442 3.331795e+04
736567 12.351784 12.361441 12.255210 12.274525 2.424001e+04
736568 12.293840 12.313154 12.216581 12.226238 2.491603e+04
736571 12.274525 12.351785 12.235896 12.313155 3.061388e+04
736572 12.351784 12.361442 12.293840 12.342127 2.298456e+04
736573 12.313154 12.419386 12.313154 12.380756 2.414344e+04
736574 12.438701 12.477330 12.380756 12.419386 5.128067e+04
736575 12.429043 12.525617 12.371099 12.429043 2.288798e+04
736579 12.467673 12.525618 12.458016 12.486988 6.789136e+04
736580 12.525617 12.554589 12.486988 12.544932 7.996308e+04
736581 12.583741 12.680763 12.535230 12.603145 8.877504e+04
736582 12.554634 12.564336 12.273270 12.350888 9.372316e+04
736585 12.302377 12.496420 12.282972 12.477016 5.161565e+04
736586 12.496421 12.506123 12.350888 12.399399 4.841393e+04
736587 12.477016 12.477016 12.273270 12.321781 4.171942e+04
736588 12.370293 12.370293 12.263569 12.282973 3.065892e+04
736589 12.370293 12.370293 12.127738 12.176249 3.541300e+04
736592 12.244165 12.312080 12.108334 12.147143 3.221127e+04
736593 12.118035 12.341185 12.118035 12.234461 3.046488e+04
736594 12.321781 12.409101 12.302377 12.399399 8.052818e+03
736595 12.467314 12.544932 12.389697 12.506123 1.746394e+04
736596 12.486718 12.486718 12.428505 12.438207 2.512867e+04
736599 12.486719 12.506124 12.399400 12.418804 4.540625e+04
736600 12.477017 12.554635 12.370293 12.418804 5.831017e+04
736601 12.515826 12.593443 12.370293 12.583741 5.161565e+04
736602 12.612848 12.612848 12.379995 12.418804 4.142835e+04
736603 12.515825 12.515825 12.370292 12.447910 3.745045e+04
736606 12.418803 12.525527 12.350888 12.360590 6.723618e+04
736607 12.341186 12.379994 12.273270 12.312079 8.043115e+04
736608 12.263569 12.312080 12.215058 12.282973 1.525184e+05
736609 12.253866 12.350888 12.224759 12.273270 4.967521e+04
736610 12.282973 12.312080 12.166547 12.176249 2.687507e+04
736613 12.147142 12.312079 12.108333 12.273270 6.781831e+04
736614 12.283019 12.302516 12.058805 12.146541 6.511950e+04
736615 12.078302 12.107548 11.971070 11.980818 8.266667e+04
736616 11.951573 11.980818 11.795598 11.795598 7.067610e+04
736617 11.795598 11.863837 11.639623 11.659120 1.060629e+05
736620 11.590880 11.717610 11.571384 11.581132 1.460314e+05
736621 11.590881 11.795598 11.590881 11.795598 3.012264e+04
736622 11.805346 12.127044 11.805346 12.078302 4.474528e+04
736623 12.078303 12.166039 12.029561 12.039309 3.753145e+04
736624 12.156289 12.195283 11.941824 11.971069 6.784906e+04
736627 12.058804 12.058804 11.844339 11.844339 8.773584e+04
736628 11.912579 11.932075 11.863836 11.922327 4.318553e+04
736629 11.941823 11.941823 11.863836 11.932075 2.973270e+04
736630 11.922327 11.922327 11.766352 11.805346 2.271384e+04
736631 11.805346 11.834591 11.698113 11.698113 8.988050e+04
736634 11.698113 11.756604 11.659119 11.698113 4.922956e+04
736635 11.717610 11.776100 11.600629 11.698113 3.645912e+04
736636 11.766353 11.873586 11.698114 11.834592 2.768554e+04
736637 11.795597 11.854088 11.717610 11.815094 2.690566e+04
736638 11.873584 11.873584 11.776100 11.844339 2.563836e+04
736641 11.824843 11.873585 11.815095 11.863837 2.856289e+04
736642 11.854088 11.971069 11.854088 11.961321 3.480189e+04
736643 11.882951 11.882951 11.784987 11.804580 9.561220e+04
736644 11.745802 11.765395 11.491097 11.569468 1.455735e+05
736645 11.334356 11.706617 11.314764 11.442116 1.524309e+05
736648 11.383337 11.383337 10.452686 10.785761 3.528639e+05
736649 10.707391 11.030670 10.707391 11.030670 1.201030e+05
736650 11.177614 11.197207 10.962095 11.020873 7.112137e+04
736651 11.069855 11.069855 10.844539 10.962095 8.326882e+04
736652 11.020873 11.020873 10.903317 10.991484 7.758695e+04
736655 11.020873 11.128633 11.020873 11.109040 3.859755e+04
736656 11.109040 11.177615 11.079651 11.158022 6.318634e+04
736657 11.069854 11.069854 10.962095 10.971891 3.928329e+04
736659 10.913113 10.913113 10.775965 10.844539 3.007474e+04
736662 10.903317 11.011077 10.873928 10.952299 3.575661e+04
736663 10.844540 10.942503 10.795558 10.824947 1.279401e+05
736664 10.775965 10.913113 10.775965 10.785761 1.116782e+05
736665 10.775965 10.805354 10.629020 10.697594 1.202010e+05
736666 10.609428 10.746576 10.609428 10.707391 6.651710e+04
736669 10.766168 10.766168 10.687798 10.726983 1.295075e+05
736670 10.707390 10.854335 10.707390 10.854335 9.247737e+04
736671 10.834743 11.060059 10.834743 11.030670 1.097189e+05
736672 10.942030 10.981426 10.784449 10.804147 1.052838e+05
736673 10.853392 10.853392 10.715508 10.725357 7.997236e+04
736676 10.695810 10.794299 10.617020 10.666264 1.039050e+05
736677 10.676113 10.754903 10.676113 10.754903 6.894169e+04
736678 10.754903 10.863240 10.725356 10.843542 1.042004e+05
736679 10.754903 10.912484 10.685962 10.764752 4.717581e+04
736680 10.695810 10.804147 10.676113 10.764752 7.288121e+04
736683 10.754903 10.882937 10.754903 10.794298 1.215343e+05
736684 10.754903 10.843542 10.725356 10.843542 1.111931e+05
736685 10.813996 10.922333 10.813996 10.922333 4.087257e+04
736686 10.843542 11.079913 10.843542 10.991274 1.172009e+05
736687 10.951878 11.060215 10.951878 11.020820 2.866004e+04
736691 11.020821 11.060216 11.020821 11.060216 9.415464e+04
736692 10.991275 11.099612 10.951880 11.040519 9.060908e+04
736693 11.020821 11.188251 11.020821 11.168553 6.096415e+04
736694 11.099611 11.198099 11.099611 11.168553 6.894169e+04
736698 11.198099 11.375378 11.109460 11.217797 9.169244e+04
736699 11.296587 11.306436 11.217797 11.267041 7.485097e+04
736700 11.286739 11.385227 11.276890 11.335983 6.204752e+04
736701 11.355681 11.523110 11.267041 11.335983 4.028164e+04
736704 11.355681 11.483715 11.355681 11.385227 5.111534e+04
736705 11.404924 11.769330 11.404924 11.562505 4.914557e+04
736706 11.483310 11.572405 11.384316 11.433813 8.949062e+04
736707 11.503109 11.503109 11.453612 11.453612 2.455053e+04
736708 11.493210 11.770394 11.433814 11.562506 6.296022e+04
736712 11.552606 11.602103 11.503109 11.513008 6.187128e+04
736713 11.552606 11.552606 11.453612 11.463511 6.721696e+04
736714 11.473411 11.473411 11.374417 11.404115 5.484271e+04
736715 11.374416 11.433813 11.334819 11.414014 8.374897e+04
736718 11.473411 11.592204 11.423914 11.592204 3.890466e+04
736719 11.651599 11.651599 11.522907 11.572404 5.296181e+04
736720 11.532807 11.532807 11.493209 11.493209 3.623182e+04
736721 11.552605 11.562505 11.493209 11.542706 9.305441e+03
736722 11.542707 11.582305 11.532808 11.562506 3.187609e+04
736725 11.562505 11.631801 11.562505 11.631801 1.385917e+04
736726 11.612002 11.691197 11.612002 11.681298 1.197828e+04
736727 11.760493 11.869387 11.651600 11.750594 5.424874e+04
736728 11.671399 11.740695 11.631801 11.671399 7.533448e+04
736729 11.720896 11.998079 11.720896 11.998079 5.226886e+04
736732 11.998079 11.998079 11.849588 11.968381 6.444513e+04
736733 11.958481 11.998079 11.928783 11.948582 1.811591e+04
736734 11.968381 12.067375 11.829790 11.889186 5.593164e+04
736735 11.809594 11.869288 11.809594 11.829492 2.089313e+04
736736 11.909085 11.909085 11.819543 11.859339 3.084224e+04
736739 11.879236 11.879236 11.849389 11.849389 2.566870e+04
736740 11.928982 11.928982 11.749898 11.809593 7.481730e+04
736741 11.759848 11.759848 11.690204 11.700153 2.099262e+04
736742 11.660356 11.720051 11.660356 11.720051 1.601807e+04
736743 11.730000 11.839440 11.710102 11.739949 3.551832e+04
736747 11.710102 11.889186 11.710102 11.809593 5.720738e+04
736748 11.879237 11.879237 11.690204 11.710102 4.536794e+04
736749 11.730000 11.739950 11.660357 11.690204 9.501400e+04
736750 11.759848 11.759848 11.660356 11.710102 7.362341e+04
736753 11.660356 11.720050 11.640458 11.680254 4.735776e+04
736754 11.739949 11.739949 11.640458 11.700153 2.477328e+04
736755 11.640458 11.660356 11.560865 11.630509 7.521527e+04
736756 11.640458 11.730000 11.610611 11.710102 4.536794e+04
736757 11.720050 11.889185 11.690203 11.879236 5.213333e+04
736760 11.829491 11.879237 11.749898 11.799644 2.377837e+04
736761 11.839441 11.839441 11.730000 11.789695 3.114071e+04
736762 11.710102 11.779746 11.690204 11.730000 5.790382e+04
736763 11.690000 11.700000 11.540000 11.550000 8.620000e+04
736764 11.550000 11.660000 11.550000 11.630000 2.660000e+04
