736034 50.627598 50.627598 50.627598 50.627598 0.000000e+00
736035 51.015235 51.183694 50.990349 50.990349 1.052847e+03
736036 50.249530 50.306959 50.249530 50.306959 7.657071e+02
736039 51.091808 51.216232 51.091808 51.206663 3.349969e+03
736040 50.804669 50.804669 50.804669 50.804669 5.742803e+02
736041 51.187520 51.292805 51.139664 51.292805 6.699937e+02
736042 51.723516 51.723516 51.713943 51.713943 1.244274e+03
736043 51.886227 52.230796 51.886227 52.230796 4.785669e+02
736046 52.393511 52.575365 52.393511 52.575365 1.722841e+03
736047 52.986934 53.130501 52.986934 53.130501 1.339987e+03
736048 53.331501 53.331501 53.331501 53.331501 9.571339e+02
736049 53.015645 53.015645 52.403080 52.517935 2.679975e+03
736050 52.020226 52.020226 51.924514 51.943657 6.699937e+02
736053 51.943657 51.943657 51.943657 51.943657 0.000000e+00
736054 51.943657 51.943657 51.943657 51.943657 0.000000e+00
736055 51.943657 51.943657 51.943657 51.943657 0.000000e+00
736056 51.943657 51.943657 51.943657 51.943657 0.000000e+00
736060 53.494212 53.723926 53.494212 53.666497 8.709918e+03
736061 53.867494 53.890467 53.867494 53.890467 1.914268e+02
736062 53.388927 53.388927 53.388927 53.388927 9.571339e+01
736063 53.780395 53.780395 53.780395 53.780395 3.828536e+02
736064 53.780395 53.780395 53.780395 53.780395 0.000000e+00
736067 53.780395 53.780395 53.780395 53.780395 0.000000e+00
736068 53.780395 53.780395 53.780395 53.780395 0.000000e+00
736069 54.441777 55.159627 54.441777 55.159627 7.657071e+02
736070 55.159627 55.159627 55.159627 55.159627 0.000000e+00
736071 55.370194 55.370194 55.102198 55.102198 1.914268e+02
736074 55.102198 55.102198 55.102198 55.102198 0.000000e+00
736075 54.920343 54.920343 54.861957 54.862914 1.244274e+03
736076 54.862914 54.862914 54.862914 54.862914 0.000000e+00
736077 54.920344 55.358711 54.920344 55.358711 2.871402e+02
736078 55.358711 55.358711 55.358711 55.358711 0.000000e+00
736081 56.088044 56.088044 55.829622 55.829622 3.828536e+02
736082 55.743480 55.965533 55.743480 55.965533 8.614205e+02
736083 55.965533 55.965533 55.965533 55.965533 0.000000e+00
736084 55.965533 55.965533 55.965533 55.965533 0.000000e+00
736085 55.965533 55.965533 55.965533 55.965533 0.000000e+00
736088 55.965533 55.965533 55.965533 55.965533 0.000000e+00
736089 55.965533 55.965533 55.965533 55.965533 0.000000e+00
736090 55.965533 55.965533 55.965533 55.965533 0.000000e+00
736091 55.281183 55.281183 53.991923 54.039779 2.584262e+03
736092 54.039779 54.039779 54.039779 54.039779 0.000000e+00
736095 54.518345 54.518345 54.451346 54.451346 5.742803e+02
736096 54.451346 54.451346 54.451346 54.451346 0.000000e+00
736097 54.451346 54.451346 54.451346 54.451346 0.000000e+00
736098 54.517389 54.518345 54.336490 54.470489 5.551376e+03
736099 54.145064 54.642774 54.145064 54.623631 1.818554e+03
736102 54.279061 54.336490 54.163250 54.163250 2.201408e+03
736103 53.599498 53.714353 53.599498 53.714353 1.148561e+03
736104 53.714352 53.714352 53.706696 53.706696 2.871402e+02
736105 53.704783 54.039778 53.647353 54.020635 1.818554e+03
736106 53.474112 53.475069 53.474112 53.475069 2.009981e+03
736110 53.480813 53.480813 52.163798 52.173367 1.435701e+03
736111 52.210697 52.497836 52.210697 52.497836 4.402816e+03
736112 52.259509 52.460510 52.048942 52.460510 1.914268e+03
736113 52.135084 52.269083 52.135084 52.268126 9.571339e+02
736116 51.972369 52.039368 51.599088 52.001086 6.221370e+03
736117 52.288225 52.919933 52.288225 52.718936 2.105695e+03
736118 52.642363 52.776361 52.632794 52.641407 2.009981e+03
736119 52.412650 52.412650 51.905371 52.001086 1.339987e+03
736120 52.010656 52.240370 51.986726 52.048942 5.072810e+03
736123 51.934082 51.934082 51.359804 51.359804 1.244274e+03
736124 51.847941 52.077655 51.694800 52.077655 8.614205e+02
736125 52.757219 52.757219 52.757219 52.757219 9.571339e+01
736126 52.498792 52.498792 52.479653 52.498792 1.818554e+03
736127 52.087224 52.087224 52.057555 52.057555 7.657071e+02
736130 51.666087 52.106368 51.666087 52.077655 2.679975e+03
736131 51.875701 52.106368 51.828802 52.105411 7.657071e+02
736132 52.297795 52.382981 52.000126 52.382981 2.105695e+03
736133 52.564836 52.594509 52.460510 52.460510 1.818554e+03
736134 52.246041 52.275022 51.820959 51.985196 4.927049e+03
736137 52.332984 52.410273 52.332019 52.405442 4.927049e+03
736138 52.246041 52.620880 52.246041 52.620880 3.381308e+03
736139 52.555189 52.641167 52.555189 52.622814 1.545741e+03
736140 52.806370 52.806370 52.700099 52.700099 1.449132e+03
736141 52.525237 52.525237 52.458577 52.458577 1.062697e+03
736144 52.458577 52.458577 52.458577 52.458577 0.000000e+00
736145 51.221986 51.221986 50.903176 51.172717 2.801655e+03
736146 51.173682 51.202664 50.766958 50.796909 3.864352e+03
736147 50.767923 50.980463 50.593061 50.960176 2.222002e+03
736151 50.323524 50.671317 50.323524 50.410472 7.728704e+02
736152 50.410472 50.410472 50.410472 50.410472 0.000000e+00
736153 50.120646 50.120646 49.569976 49.589299 6.762616e+02
736154 50.178610 50.178610 49.492688 49.492688 2.028785e+03
736155 49.637602 49.637602 49.637602 49.637602 1.932176e+02
736158 49.637602 49.637602 49.637602 49.637602 0.000000e+00
736159 49.830821 49.830821 49.830821 49.830821 9.660880e+01
736160 49.830821 49.830821 49.830821 49.830821 0.000000e+00
736161 49.830821 49.830821 49.830821 49.830821 0.000000e+00
736162 49.462740 49.656925 49.462740 49.656925 1.352523e+03
736165 49.415403 49.415403 48.980662 48.989356 1.062697e+03
736166 48.807732 48.845410 48.807732 48.845410 6.762616e+02
736167 48.845410 48.845410 48.845410 48.845410 0.000000e+00
736168 48.845410 48.845410 48.845410 48.845410 0.000000e+00
736169 48.101523 48.101523 47.869660 47.869660 6.762616e+02
736172 47.744066 47.744066 47.531530 47.531530 2.415220e+03
736173 47.618478 48.188470 47.463904 48.130504 7.728704e+02
736174 48.043556 48.043556 48.043556 48.043556 2.898264e+02
736175 48.951678 48.951678 48.902408 48.902408 9.660880e+02
736176 49.077269 49.125573 48.768122 48.768122 1.545741e+03
736179 48.159485 48.207793 48.159485 48.207793 1.062697e+03
736180 48.507278 48.874392 48.507278 48.874392 1.932176e+02
736181 48.874392 48.874392 48.874392 48.874392 0.000000e+00
736182 48.507277 48.652192 48.507277 48.622241 1.835567e+03
736183 48.622241 48.622241 48.622241 48.622241 0.000000e+00
736186 48.622241 48.622241 48.622241 48.622241 0.000000e+00
736187 48.487956 48.487956 48.323722 48.323722 5.796528e+02
736188 48.555581 48.555581 48.507278 48.555581 8.694792e+02
736189 48.314059 48.314059 48.314059 48.314059 1.352523e+03
736190 48.526600 48.536263 48.420329 48.449315 1.545741e+03
736193 47.966271 48.275418 47.966271 48.256096 5.216875e+03
736194 47.975931 48.352704 47.975931 48.198130 3.671134e+03
736195 47.579834 47.579834 47.579834 47.579834 2.898264e+02
736196 47.367294 47.367294 46.864927 46.864927 4.927049e+03
736197 46.444682 46.444682 45.580032 45.580032 2.222002e+03
736200 43.155148 45.153984 43.155148 44.469029 4.733831e+03
736201 45.203258 45.203258 44.660317 44.662248 2.994873e+03
736202 44.506708 44.507674 43.966663 43.966663 1.545741e+03
736203 45.763588 46.322954 45.763588 46.130702 1.352523e+03
736204 46.216685 46.565442 46.216685 46.517139 1.159306e+03
736207 46.372224 46.864927 45.907537 46.864927 3.960961e+03
736208 45.888215 45.888215 45.415795 45.560710 2.801655e+03
736209 45.560710 45.560710 45.560710 45.560710 0.000000e+00
736210 45.995450 46.092057 45.918161 46.005109 1.738958e+03
736211 45.425457 45.444780 45.338509 45.444780 3.477917e+03
736215 45.985787 46.169346 45.937483 46.111380 3.381308e+03
736216 46.459172 46.565443 45.637999 45.637999 1.352523e+03
736217 45.715284 46.053413 45.715284 46.053413 2.028785e+03
736218 46.053413 46.053413 46.053413 46.053413 0.000000e+00
736221 45.367491 45.386814 45.232240 45.280543 3.545543e+04
736222 45.298900 45.512406 45.298900 45.512406 1.159306e+03
736223 46.110414 46.670743 46.110414 46.670743 8.694792e+02
736224 46.478495 46.845609 46.459172 46.845609 2.444203e+04
736225 46.352902 46.352902 45.995450 45.995450 7.052442e+03
736228 46.381882 46.497816 46.265953 46.458206 1.439471e+04
736229 45.657316 45.657316 45.356866 45.569403 3.671134e+03
736230 45.734605 45.734605 45.087325 45.125969 2.434542e+04
736231 44.546319 45.193596 44.546319 45.058344 1.246254e+04
736232 45.415795 45.415795 45.279578 45.279578 3.864352e+02
736235 45.019700 45.019700 44.333778 44.333778 2.415220e+03
736236 44.188866 44.419760 44.188866 44.304796 5.313484e+03
736237 44.903770 45.338510 44.720215 45.338510 1.323541e+04
736238 45.715284 45.715284 45.232240 45.232240 1.159306e+03
736239 45.232240 45.232240 45.232240 45.232240 0.000000e+00
736242 45.232240 45.232240 45.232240 45.232240 0.000000e+00
736243 45.232240 45.232240 45.232240 45.232240 0.000000e+00
736244 47.845510 47.845510 47.845510 47.845510 9.660880e+01
736245 47.956607 48.555581 47.956607 48.555581 5.796528e+02
736246 48.555581 48.555581 48.555581 48.555581 0.000000e+00
736249 48.274453 48.333381 48.274453 48.333381 4.830440e+02
736250 48.526600 48.526600 48.333381 48.333381 1.159306e+03
736251 48.235808 48.506311 48.231942 48.467667 3.477917e+03
736252 48.467667 48.467667 48.467667 48.467667 0.000000e+00
736253 48.467667 48.467667 48.467667 48.467667 0.000000e+00
736256 47.927627 47.974964 47.927627 47.974964 5.796528e+02
736257 48.217452 48.555581 48.188470 48.555581 9.660880e+02
736258 48.507277 48.507277 48.188470 48.188470 4.830440e+02
736259 48.285078 48.719818 48.285078 48.700496 1.255914e+03
736260 48.700496 48.700496 48.700496 48.700496 0.000000e+00
736263 48.700496 48.700496 48.700496 48.700496 0.000000e+00
736264 47.773052 47.773052 47.318990 47.318990 4.830440e+02
736265 47.318990 47.318990 47.318990 47.318990 0.000000e+00
736266 47.995252 47.995252 47.995252 47.995252 2.898264e+02
736267 47.589493 47.589493 47.589493 47.589493 9.660880e+01
736270 47.617513 47.840678 47.617513 47.840678 4.830440e+02
736271 47.840678 47.840678 47.840678 47.840678 0.000000e+00
736272 47.821355 47.937285 47.821355 47.937285 5.796528e+02
736273 47.937285 47.937285 47.937285 47.937285 0.000000e+00
736274 47.434919 47.434919 47.434919 47.434919 2.898264e+02
736277 46.748997 47.009842 46.729676 47.009842 3.188090e+03
736278 46.826286 46.845609 46.710353 46.845609 5.796528e+02
736279 46.845609 46.845609 46.845609 46.845609 0.000000e+00
736280 46.063075 46.063075 45.918161 45.918161 8.694792e+02
736281 45.850535 45.850535 45.850535 45.850535 9.660880e+01
736284 45.754893 46.448543 45.754893 46.448543 3.864352e+02
736285 46.448543 46.478494 46.436952 46.478494 2.705046e+03
736286 46.478494 46.478494 46.478494 46.478494 0.000000e+00
736287 47.105484 47.105484 47.105484 47.105484 8.694792e+02
736288 47.105484 47.105484 47.105484 47.105484 0.000000e+00
736291 46.835946 46.835946 46.531629 46.531629 1.062697e+03
736292 46.681372 46.733542 46.681372 46.730641 8.694792e+02
736293 46.730641 46.730641 46.730641 46.730641 0.000000e+00
736295 46.720017 46.787642 46.641762 46.641762 7.438878e+03
736298 46.942216 47.000184 46.758662 46.970232 4.733831e+03
736299 46.970232 46.970232 46.970232 46.970232 0.000000e+00
736300 47.000183 47.000183 46.826286 46.855268 5.796528e+02
736301 46.855268 46.855268 46.855268 46.855268 0.000000e+00
736302 46.411834 46.411834 46.389616 46.400240 9.660880e+02
736305 45.947146 45.947146 44.913433 44.913433 6.955834e+03
736306 44.343441 44.488351 44.343441 44.401403 2.193020e+04
736307 44.868025 44.868025 44.140559 44.140559 1.255914e+03
736308 44.237171 44.542453 44.237171 44.468064 1.642350e+03
736309 43.928022 43.928022 43.928022 43.928022 2.086750e+04
736312 43.928022 43.928022 43.928022 43.928022 0.000000e+00
736313 43.628534 43.656550 43.628534 43.656550 1.642350e+03
736314 43.772479 44.053611 43.772479 44.053611 2.801655e+03
736315 43.213116 43.213116 43.048882 43.192828 3.477917e+03
736316 43.130163 43.384735 43.110580 43.257449 2.349884e+03
736319 43.071418 43.227094 42.996022 42.996022 1.468678e+03
736320 43.168350 43.393546 43.168350 43.393546 6.853828e+03
736321 43.393546 43.393546 43.393546 43.393546 0.000000e+00
736322 44.304127 44.305106 44.275733 44.275733 1.664501e+03
736326 44.099491 44.099491 43.630493 43.727425 7.147564e+03
736327 44.275733 44.478407 44.275733 44.385394 4.699768e+03
736328 44.090677 44.106346 43.932061 43.932061 1.566589e+03
736329 43.443480 43.707842 43.443480 43.492435 3.916473e+03
736333 42.295956 42.865800 42.295956 42.865800 4.112297e+03
736334 42.935321 42.935321 42.650396 42.737535 2.056149e+03
736335 41.778978 41.778978 41.778000 41.778000 8.812065e+02
736336 41.778000 41.778000 41.778000 41.778000 0.000000e+00
736337 41.045622 41.152344 40.985895 41.015267 1.272854e+03
736340 40.192807 40.192807 40.192807 40.192807 9.791183e+02
736341 39.982297 39.982297 39.982297 39.982297 2.937355e+02
736342 40.643201 41.034850 39.654293 39.742414 1.762413e+03
736343 39.517217 40.300511 39.507423 40.300511 3.867517e+04
736344 38.841623 39.154944 38.743713 38.961077 3.329002e+03
736348 39.194106 39.194106 38.587054 38.587054 9.497448e+03
736349 37.696056 37.944754 37.216286 37.940836 3.916473e+03
736350 39.426157 39.536800 39.232293 39.536800 4.503944e+03
736351 40.819443 40.820425 40.819443 40.820425 2.447796e+03
736354 40.251555 40.408213 40.212390 40.329883 3.818561e+03
736355 41.005477 41.054432 41.005477 41.005477 1.664501e+03
736356 41.210113 41.210113 40.925189 40.925189 3.231091e+03
736357 40.925189 40.925189 40.925189 40.925189 0.000000e+00
736358 42.180421 42.453594 41.906265 42.453594 1.272854e+03
736361 42.219583 42.444779 41.858288 42.444779 1.331601e+04
736362 41.416705 41.681068 41.148429 41.413770 7.049652e+03
736363 42.170627 42.192167 42.082507 42.094257 1.664501e+03
736364 43.325987 43.551184 43.032253 43.159539 7.343388e+03
736365 42.777680 42.954900 42.503528 42.601438 4.993504e+03
736368 42.239164 42.239164 41.583157 41.904307 6.658005e+03
736369 41.622319 41.730023 41.036807 41.318795 5.483063e+03
736370 41.486222 41.486222 41.275711 41.289419 3.133179e+03
736371 40.485563 40.485563 40.192807 40.192807 3.133179e+03
736372 41.562596 41.562596 41.476433 41.504826 3.377958e+04
736376 42.121671 42.121671 41.554764 42.061945 6.853828e+02
736377 43.267238 43.267238 43.267238 43.267238 1.958237e+02
736378 43.733301 43.912478 43.733301 43.850794 2.643620e+03
736379 43.296614 43.599160 43.100790 43.582517 9.301624e+03
736382 44.226773 44.372664 44.226773 44.276711 3.035267e+03
736383 43.563912 43.563912 43.472856 43.472856 1.566589e+03
736384 42.367430 43.668676 42.367430 43.609932 1.566589e+03
736385 43.707842 44.128864 43.707842 44.128864 4.406033e+03
736386 44.510719 44.745709 44.510719 44.589050 7.832947e+02
736389 44.657589 44.892574 44.628216 44.628216 3.818562e+03
736390 45.245058 45.538792 45.117775 45.529003 2.839443e+03
736391 45.235269 45.489838 44.892575 45.489838 4.406033e+03
736392 45.803155 45.940231 45.803155 45.940231 1.370766e+03
736393 45.985272 46.508121 45.985272 46.508121 9.791183e+02
736396 46.909560 47.164129 46.909560 47.164129 2.056149e+03
736397 46.723529 46.723529 46.390629 46.675552 7.735035e+03
736398 46.814585 47.359953 46.814585 47.359953 2.937355e+02
736399 47.291415 47.457867 46.429790 46.635408 9.791184e+02
736400 47.751602 47.761392 47.751602 47.761392 9.791183e+02
736403 47.614526 47.614526 47.599840 47.599840 1.566589e+03
736404 47.024117 47.242460 46.978098 47.242460 2.937355e+03
736405 47.448074 47.448074 47.448074 47.448074 1.077030e+03
736406 48.867797 49.670674 48.867797 49.660884 5.483063e+03
736407 49.357357 49.376939 49.357357 49.376939 6.853829e+02
736410 48.965707 48.965707 48.918713 48.918713 3.916473e+02
736411 48.750304 49.112577 48.750304 49.034249 2.154060e+03
736412 48.525107 48.525107 48.015965 48.015965 8.909977e+03
736413 47.487240 47.752581 47.487240 47.752581 3.426914e+03
736417 47.937633 47.937633 47.760413 47.760413 3.916473e+02
736418 48.290117 48.701349 48.290117 48.696452 3.622738e+03
736419 49.327983 49.376938 49.327983 49.367145 1.664501e+03
736420 49.802857 49.846915 49.406311 49.406311 5.580975e+03
736421 48.768905 48.769887 48.764990 48.764990 1.077030e+03
736424 49.132158 49.132158 48.955917 48.955917 3.916473e+02
736425 47.967010 47.976799 47.908261 47.918051 3.035267e+03
736426 47.996381 48.104085 47.976799 48.104085 3.916473e+02
736427 48.104085 48.104085 48.104085 48.104085 0.000000e+00
736428 48.583851 48.613227 48.437964 48.437964 9.791183e+02
736431 48.984311 48.984311 48.963750 48.963750 3.916473e+02
736432 49.101805 49.954619 49.101805 49.954619 2.056149e+03
736433 49.915454 50.209188 49.915454 49.935036 1.664501e+03
736434 50.042740 50.042740 49.807749 49.846915 1.272854e+03
736435 49.719628 49.719628 49.719628 49.719628 1.958237e+02
736438 49.327983 49.327983 49.327983 49.327983 4.895592e+02
736439 50.844638 50.874010 50.844638 50.856388 6.853828e+02
736440 51.135437 51.531000 51.129561 51.531000 2.251972e+03
736441 51.227471 51.315592 51.227471 51.315592 1.370766e+03
736442 51.315592 51.315592 51.315592 51.315592 0.000000e+00
736445 51.070813 51.070813 50.855406 50.855406 1.370766e+03
736446 51.090395 51.403713 51.051229 51.264680 4.699768e+03
736447 51.374340 51.384130 51.374340 51.384130 1.272854e+03
736448 51.717031 51.717031 51.717031 51.717031 3.916473e+02
736449 51.971603 51.971603 51.640660 51.640660 4.406032e+03
736452 51.550584 51.668076 51.511418 51.668076 2.349884e+03
736453 50.409910 50.493134 50.296330 50.347246 6.658005e+03
736454 49.895871 50.023157 49.460163 49.460163 4.601856e+03
736455 49.788166 49.886080 49.306443 49.386728 3.720650e+03
736456 49.269236 49.385750 49.230070 49.376939 3.426914e+03
736459 48.697431 48.697431 48.674912 48.674912 3.916473e+02
736460 49.249652 49.425894 49.249652 49.425894 1.958237e+02
736461 49.611925 49.837126 49.611925 49.817543 3.916473e+03
736462 49.974201 49.974201 49.974201 49.974201 9.791183e+01
736463 49.582553 49.582553 49.582553 49.582553 2.937355e+02
736466 50.003574 50.057425 50.003574 50.053507 9.791183e+02
736467 49.827332 49.934058 49.827332 49.931118 1.077030e+03
736468 49.562970 49.577656 49.562970 49.577656 1.468678e+03
736469 48.681765 48.772822 48.603434 48.772822 8.812065e+02
736470 49.295671 49.425894 49.295671 49.327983 5.874710e+03
736473 49.347566 49.347566 49.347566 49.347566 6.853828e+02
736474 49.318190 49.660883 49.318190 49.386728 6.853828e+02
736475 49.856704 49.856704 49.856704 49.856704 4.895592e+02
736476 50.416763 50.485300 50.298287 50.482361 1.174942e+03
736477 50.326685 50.336474 50.326685 50.336474 5.874710e+02
736481 50.231709 50.231709 49.925246 49.925246 3.916473e+02
736482 50.081906 50.140650 50.081906 50.140650 7.832947e+02
736483 49.979093 50.183733 49.979093 50.183733 8.812065e+02
736484 50.183733 50.183733 50.183733 50.183733 0.000000e+00
736487 51.588765 51.667097 51.384131 51.611288 7.539211e+03
736488 51.912854 52.024473 51.912854 52.024473 6.853828e+02
736489 52.186029 52.186029 52.177218 52.177218 3.916473e+02
736490 51.628910 51.765986 51.413502 51.708220 4.993504e+03
736491 51.070812 51.070812 50.737912 50.737912 6.853828e+02
736494 50.424595 50.424595 50.424595 50.424595 2.937355e+02
736495 50.414806 50.414806 49.944825 50.052529 2.937355e+03
736496 49.944826 50.080923 49.915454 50.080923 5.874710e+02
736497 50.080923 50.080923 50.080923 50.080923 0.000000e+00
736498 49.917826 50.067089 49.917826 49.996903 1.581586e+04
736501 50.581101 50.581101 50.581101 50.581101 4.942457e+02
736502 50.581101 50.581101 50.581101 50.581101 0.000000e+00
736503 50.670065 50.670065 50.670065 50.670065 1.976983e+02
736504 51.174198 51.282933 51.174198 51.282933 1.186190e+03
736505 49.276293 49.800196 49.215998 49.276293 3.756267e+03
736508 48.791934 48.791934 48.159300 48.217619 2.965474e+03
736509 48.684187 48.979746 48.670349 48.979746 1.383888e+03
736510 49.473991 49.642037 49.473991 49.642037 2.965474e+03
736511 49.721114 49.988995 49.721114 49.968237 4.448211e+03
736512 49.968237 49.968237 49.968237 49.968237 0.000000e+00
736516 50.225247 50.225247 50.213384 50.213384 3.953965e+02
736517 49.857527 49.869390 49.857527 49.869390 8.896422e+02
736518 50.414047 50.414047 50.414047 50.414047 3.953965e+02
736519 50.156054 50.156054 50.017661 50.017661 4.942457e+02
736522 50.245018 50.245018 50.225247 50.225247 1.976983e+02
736523 50.719493 50.828224 50.719493 50.828224 2.965474e+02
736524 50.828224 50.828224 50.828224 50.828224 1.976983e+02
736525 51.548835 51.668444 51.548835 51.668444 1.878134e+03
736526 51.481619 51.521156 51.481619 51.521156 3.953965e+02
736529 51.134657 51.413413 51.134657 51.413413 4.942457e+02
736530 51.114887 51.114887 51.075346 51.099072 2.392149e+04
736531 51.470745 51.470745 51.408470 51.408470 7.907931e+02
736532 51.347183 51.347183 51.347183 51.347183 1.581586e+03
736533 51.347183 51.347183 51.347183 51.347183 0.000000e+00
736536 50.821304 50.847995 50.650299 50.758042 2.273530e+03
736537 50.887534 51.055580 50.887534 51.055580 8.896422e+02
736538 51.193969 51.193969 50.699723 50.699723 1.285039e+03
736539 50.907304 50.907304 50.818340 50.818340 4.349362e+03
736540 51.391668 51.400563 51.391668 51.397595 7.907931e+02
736543 51.124774 51.124774 50.739263 50.788687 1.551931e+04
736544 51.295784 51.295784 50.838110 50.857881 1.087340e+03
736545 50.986386 50.996269 50.986386 50.996269 1.186190e+03
736546 51.234497 51.234497 51.234497 51.234497 1.976983e+02
736547 51.024935 51.092153 51.024935 51.092153 1.383888e+03
736550 51.460861 51.490515 51.362010 51.401551 3.064323e+03
736551 51.787061 51.796949 51.787061 51.796949 8.896422e+02
736552 51.994643 52.053954 51.717867 51.757408 7.314836e+03
736553 52.083608 52.153794 52.083608 52.153794 4.942457e+02
736554 52.202229 52.261537 52.035172 52.035172 4.151664e+03
736557 52.370272 52.403881 52.301078 52.403881 1.285039e+03
736558 52.370272 52.518547 52.370272 52.518547 1.087340e+03
736559 52.113266 52.403881 52.113266 52.403881 3.953965e+02
736560 52.577854 52.616406 52.577854 52.616406 1.285039e+03
736561 52.142919 52.301078 52.142919 52.301078 1.285039e+03
736564 52.053955 52.053955 52.053955 52.053955 4.942457e+02
736565 52.627282 52.775553 52.627282 52.686589 1.186190e+03
736566 52.686589 52.686589 52.686589 52.686589 0.000000e+00
736567 52.340618 52.362364 52.340618 52.362364 7.907931e+02
736568 52.399925 52.399925 52.390042 52.390042 6.919440e+02
736571 51.935337 52.231884 51.935337 52.182460 9.884914e+02
736572 52.182460 52.182460 52.182460 52.182460 0.000000e+00
736573 51.921498 51.921498 51.921498 51.921498 2.965474e+02
736574 52.028253 52.053955 52.028253 52.053955 7.907931e+02
736575 52.933711 52.933711 52.933711 52.933711 2.965474e+02
736579 53.210492 53.408187 53.210492 53.379521 1.383888e+03
736580 53.062216 53.062216 53.062216 53.062216 1.976983e+03
736581 52.887251 52.921848 52.887251 52.902082 3.953965e+02
736582 52.098439 52.133036 52.098439 52.133036 2.075832e+03
736585 51.792004 51.905679 51.792004 51.905679 9.884914e+02
736586 50.907305 50.907305 50.689836 50.689836 9.884914e+02
736587 50.205477 50.205477 50.205477 50.205477 1.976983e+02
736588 51.154428 51.154428 51.154428 51.154428 1.779284e+03
736589 50.759030 50.838111 50.626574 50.838111 1.482737e+03
736592 51.273046 51.273046 51.022960 51.035810 1.285039e+03
736593 51.114887 51.114887 51.114887 51.114887 3.953965e+02
736594 51.780142 51.780142 51.780142 51.780142 3.953965e+02
736595 51.780142 51.780142 51.780142 51.780142 0.000000e+00
736596 52.152802 52.152802 52.123149 52.123149 2.965474e+02
736599 51.646697 51.646697 51.345207 51.345207 2.965474e+02
736600 51.312586 51.499410 51.312586 51.499410 7.907931e+02
736601 52.192342 52.222000 52.182459 52.222000 1.383888e+03
736602 52.222000 52.222000 52.222000 52.222000 0.000000e+00
736603 52.419696 52.419696 52.320848 52.320848 2.273530e+03
736606 51.926437 52.107334 51.926437 52.107334 9.884913e+02
736607 51.511273 51.530055 51.511273 51.525112 1.285039e+03
736608 51.525112 51.525112 51.525112 51.525112 0.000000e+00
736609 51.525112 51.525112 51.525112 51.525112 0.000000e+00
736610 51.525112 51.525112 51.525112 51.525112 0.000000e+00
736613 51.549826 51.895796 51.549826 51.846372 3.657418e+03
736614 51.470745 51.490515 51.184081 51.279965 1.680435e+03
736615 51.164310 51.164310 51.134657 51.134657 1.976983e+03
736616 51.154428 51.716880 51.154428 51.716880 7.907931e+02
736617 51.855268 51.855268 51.855268 51.855268 2.965474e+02
736620 51.796949 51.816715 51.787061 51.816715 8.896422e+02
736621 52.280319 52.280319 52.280319 52.280319 4.942457e+02
736622 52.419696 52.419696 52.370272 52.370272 5.930948e+02
736623 52.370272 52.370272 52.370272 52.370272 0.000000e+00
736624 52.370272 52.370272 52.370272 52.370272 0.000000e+00
736627 51.826602 51.826602 51.579479 51.692166 7.907931e+02
736628 51.692166 51.692166 51.692166 51.692166 0.000000e+00
736629 51.450974 51.450974 51.450974 51.450974 4.942457e+02
736630 51.687226 51.687226 51.687226 51.687226 9.884914e+01
736631 51.683270 51.683270 51.441091 51.441091 1.383888e+03
736634 51.549826 51.549826 51.362009 51.520168 7.907931e+02
736635 51.520168 51.520168 51.520168 51.520168 0.000000e+00
736636 51.520168 51.520168 51.520168 51.520168 0.000000e+00
736637 50.857881 50.857881 50.847994 50.847994 4.942457e+02
736638 50.581101 50.581101 50.581101 50.581101 5.930948e+02
736641 51.273046 51.273046 51.045693 51.045693 1.087340e+03
736642 51.678327 51.678327 51.619019 51.648673 9.884913e+02
736643 51.129714 51.129714 51.129714 51.129714 2.965474e+02
736644 51.306655 51.454930 51.097096 51.383756 2.075832e+03
736645 50.521794 50.581101 50.353749 50.581101 1.581586e+03
736648 50.373519 50.570230 50.165937 50.462483 3.558569e+03
736649 50.660182 51.114887 50.660182 51.114887 3.953965e+02
736650 51.114887 51.114887 51.114887 51.114887 0.000000e+00
736651 51.530055 51.530055 51.391667 51.405506 4.942457e+02
736652 51.332356 51.460861 51.273045 51.431204 3.163172e+03
736655 52.045059 52.340618 52.045059 52.340618 6.919439e+02
736656 52.498777 52.498777 52.360389 52.381147 5.930948e+02
736657 52.231883 52.231883 52.215081 52.215081 3.953965e+02
736659 52.215081 52.215081 52.215081 52.215081 0.000000e+00
736662 52.488889 52.488889 52.293170 52.293170 2.372379e+03
736663 52.327767 52.438478 52.326780 52.392018 8.896422e+02
736664 52.330731 52.557096 52.330731 52.549188 1.285039e+03
736665 52.938655 52.938655 52.938655 52.938655 2.965474e+02
736666 52.834864 52.912953 52.834864 52.912953 2.075832e+03
736669 53.110652 53.110652 53.110652 53.110652 4.942457e+02
736670 53.001917 53.064192 53.001917 53.064192 9.884914e+02
736671 53.259916 53.453659 53.121528 53.437844 8.204478e+03
736672 53.684967 53.942961 53.684967 53.942961 6.919440e+02
736673 54.302774 54.426335 54.280036 54.375920 2.471228e+03
736676 54.821730 54.821730 54.524195 54.524195 5.930948e+02
736677 54.732765 54.801960 54.708055 54.708055 6.919439e+02
736678 54.515300 54.673458 53.734391 53.734391 2.668927e+03
736679 53.200605 53.655311 53.200605 53.596003 1.364118e+04
736680 53.540001 53.630001 53.540001 53.630001 1.100000e+03
736683 53.540001 53.540001 53.372002 53.372002 2.300000e+03
736684 53.750000 53.765999 53.750000 53.765999 1.600000e+03
736685 53.810001 53.810001 53.646000 53.689999 2.300000e+03
736686 53.452999 53.452999 53.430000 53.430000 1.600000e+03
736687 53.360001 53.418999 53.297001 53.310001 6.700000e+03
736691 53.310001 53.310001 53.292999 53.292999 1.800000e+03
736692 53.240002 53.240002 53.140999 53.140999 1.700000e+03
736693 53.280998 53.430000 53.280998 53.389999 4.700000e+03
736694 53.639999 53.700001 53.415001 53.459999 2.400000e+03
736698 53.680000 53.719002 53.480000 53.509998 1.700000e+03
736699 54.570000 54.570000 54.450001 54.529999 3.100000e+03
736700 54.935001 54.935001 54.810001 54.853001 4.500000e+03
736701 54.959999 54.959999 54.594002 54.631001 1.600000e+03
736704 54.230000 54.529999 54.209000 54.529999 5.000000e+02
736705 54.349998 54.575001 54.349998 54.410000 7.800000e+03
736706 54.415001 54.880001 54.410000 54.820000 4.800000e+03
736707 55.099998 55.099998 54.790001 54.818001 1.300000e+03
736708 55.020000 55.060001 55.020000 55.060001 5.000000e+02
736712 55.220001 55.400002 55.180000 55.180000 2.300000e+03
736713 54.900002 54.900002 54.119999 54.130001 1.600000e+03
736714 54.169998 54.169998 53.910000 53.959999 3.100000e+03
736715 54.180000 54.394001 54.160000 54.360001 2.200000e+03
736718 54.250000 54.419998 54.090000 54.330002 2.400000e+03
736719 54.689999 55.270000 54.689999 55.230000 3.350000e+04
736720 55.570000 55.750999 55.570000 55.740002 5.000000e+03
736721 55.540001 55.630001 55.490002 55.580002 2.300000e+03
736722 55.480000 55.480000 55.403999 55.403999 1.200000e+03
736725 55.119999 55.119999 54.730000 54.770000 6.000000e+02
736726 55.230000 55.230000 54.775002 55.020000 1.000000e+03
736727 55.029999 55.029999 54.669998 54.915001 2.900000e+03
736728 55.279999 55.279999 54.950001 54.950001 1.300000e+03
736729 55.275002 55.275002 55.099998 55.119999 1.400000e+03
736732 54.860001 54.860001 54.686001 54.691002 8.000000e+02
736733 54.540001 54.599998 54.450001 54.581001 6.000000e+02
736734 54.759998 54.759998 54.759998 54.759998 4.000000e+02
736735 55.180000 55.180000 55.180000 55.180000 2.000000e+02
736736 55.570000 55.770000 55.570000 55.700001 1.000000e+03
736739 55.849998 56.021000 55.849998 55.930000 2.500000e+03
736740 56.090000 56.099998 56.000000 56.000000 1.900000e+03
736741 56.000000 56.000000 56.000000 56.000000 0.000000e+00
736742 56.347000 56.400002 56.347000 56.360001 8.000000e+02
736743 56.220001 56.220001 56.164001 56.200001 1.100000e+03
736747 56.289001 56.299999 56.144001 56.160000 1.200000e+03
736748 56.040001 56.130001 55.980999 55.980999 5.000000e+02
736749 56.316002 56.316002 56.099998 56.099998 7.000000e+02
736750 55.530998 55.530998 55.530998 55.530998 4.000000e+02
736753 55.529999 55.529999 55.060001 55.060001 2.100000e+03
736754 54.950001 54.950001 54.284000 54.284000 2.300000e+03
736755 54.540001 54.660000 54.487999 54.660000 1.200000e+03
736756 54.410000 54.410000 54.400002 54.410000 8.000000e+02
736757 54.279999 54.500000 54.220001 54.500000 2.500000e+03
736760 54.410000 54.472000 54.209999 54.472000 8.100000e+03
736761 54.430000 54.529999 54.326000 54.470001 1.500000e+03
736762 54.389999 54.400002 54.070000 54.070000 1.000000e+03
736763 54.000000 54.000000 53.952999 53.952999 7.000000e+02
736764 54.250000 54.330002 54.058998 54.175999 1.000000e+03
