736034 1.733886 1.955438 1.733886 1.897642 8.476776e+03
736035 1.830213 1.955438 1.820580 1.955438 1.329313e+04
736036 2.071031 2.071031 1.916908 2.032500 4.431043e+03
736039 2.090296 2.109561 1.916907 1.955438 6.453909e+03
736040 1.916907 1.945805 1.907274 1.916907 8.669429e+03
736041 1.878376 1.878376 1.782049 1.859111 1.358211e+04
736042 1.898667 1.908556 1.898667 1.898667 7.416668e+03
736043 1.829445 1.898667 1.829445 1.878889 9.888889e+02
736046 1.819556 1.888778 1.780000 1.888778 1.780000e+03
736047 1.878889 1.878889 1.878889 1.878889 9.888889e+01
736048 1.859111 1.888778 1.789889 1.849222 1.503111e+04
736049 1.829445 2.066778 1.602000 2.066778 1.223256e+05
736050 2.066778 2.244778 1.977778 1.977778 1.276656e+05
736053 1.987667 1.987667 1.839333 1.859111 3.105111e+04
736054 1.997556 2.244778 1.987667 2.165667 3.728112e+04
736055 2.205223 2.205223 2.047000 2.076667 2.966667e+03
736056 2.056889 2.215111 2.027222 2.205222 1.582222e+04
736060 2.205222 2.234889 2.096444 2.215111 9.097777e+03
736061 2.175555 2.175555 2.096444 2.116222 1.077889e+04
736062 2.056889 2.126111 1.958000 2.017333 1.394333e+04
736063 1.997556 2.066778 1.958000 1.977778 9.295557e+03
736064 2.066778 2.323889 2.066778 2.234889 2.264556e+04
736067 2.106333 2.136000 2.106333 2.136000 5.933333e+02
736068 2.126111 2.264555 2.126111 2.126111 5.537777e+03
736069 2.225000 2.274445 2.225000 2.234889 1.107556e+04
736070 2.225000 2.234889 2.185444 2.225000 4.450000e+03
736071 2.244778 2.244778 2.165667 2.165667 1.780000e+03
736074 2.264555 2.274444 2.096444 2.205222 2.768889e+03
736075 2.175555 2.175555 2.056889 2.126111 7.911111e+03
736076 2.175556 2.175556 2.175556 2.175556 9.888891e+01
736077 2.106333 2.136000 1.958000 2.017333 4.064333e+04
736078 2.017334 2.076667 2.017334 2.076667 9.888890e+03
736081 2.086556 2.155778 2.086556 2.145889 1.285556e+03
736082 2.165666 2.165666 2.096444 2.096444 1.780000e+03
736083 2.076667 2.076667 2.066778 2.066778 2.966667e+02
736084 2.007444 2.096444 1.987666 2.017333 6.585999e+04
736085 2.086555 2.650222 1.987666 2.274444 1.535744e+05
736088 2.254667 2.620556 2.047000 2.175556 3.747890e+04
736089 2.027222 2.165666 2.027222 2.027222 1.888778e+04
736090 2.056889 2.195333 2.027222 2.047000 6.348667e+04
736091 2.096444 2.155777 2.066777 2.086555 5.379554e+04
736092 2.076667 2.155778 2.047000 2.056889 1.216333e+04
736095 2.145888 2.274444 2.096444 2.264555 1.869000e+04
736096 2.274444 2.274444 2.126111 2.185444 9.789998e+03
736097 2.195334 2.225000 2.066778 2.066778 6.922223e+02
736098 2.066778 2.225000 2.066778 2.225000 1.582222e+03
736099 2.300000 2.300000 2.130000 2.200000 4.600000e+03
736102 2.220000 2.220000 2.210000 2.210000 7.000000e+02
736103 2.160000 2.240000 2.100000 2.220000 1.340000e+04
736104 2.170000 2.170000 2.120000 2.120000 1.900000e+03
736105 2.210000 2.210000 2.210000 2.210000 2.000000e+02
736106 2.150000 2.210000 2.080000 2.090000 9.500000e+03
736110 2.080000 2.090000 2.080000 2.080000 1.100000e+03
736111 2.080000 2.250000 2.040000 2.040000 7.100000e+03
736112 2.160000 2.240000 2.030000 2.060000 8.900000e+03
736113 2.100000 2.100000 2.100000 2.100000 5.000000e+02
736116 2.110000 2.120000 2.110000 2.120000 8.000000e+02
736117 2.150000 2.190000 2.100000 2.190000 8.100000e+03
736118 2.150000 2.160000 2.150000 2.150000 6.000000e+02
736119 2.120000 2.120000 2.040000 2.070000 3.300000e+03
736120 2.120000 2.120000 2.060000 2.060000 1.200000e+03
736123 2.100000 2.100000 1.850000 1.960000 9.820000e+04
736124 1.950000 2.040000 1.910000 1.980000 3.400000e+03
736125 1.960000 1.960000 1.930000 1.930000 6.200000e+03
736126 1.970000 1.970000 1.910000 1.910000 4.000000e+03
736127 1.910000 1.970000 1.910000 1.970000 4.700000e+03
736130 1.890000 1.930000 1.890000 1.930000 2.400000e+03
736131 1.950000 1.950000 1.900000 1.900000 4.200000e+03
736132 1.840000 1.960000 1.840000 1.960000 1.400000e+04
736133 1.970000 1.970000 1.960000 1.960000 3.300000e+03
736134 1.900000 1.960000 1.880000 1.950000 7.000000e+03
736137 1.950000 1.950000 1.950000 1.950000 0.000000e+00
736138 1.950000 1.960000 1.950000 1.960000 6.000000e+02
736139 1.970000 1.970000 1.910000 1.970000 6.000000e+02
736140 1.850000 1.950000 1.850000 1.950000 3.700000e+03
736141 1.850000 1.960000 1.850000 1.960000 2.000000e+03
736144 1.960000 1.960000 1.880000 1.900000 3.400000e+03
736145 1.860000 1.950000 1.850000 1.870000 2.300000e+03
736146 1.850000 1.850000 1.850000 1.850000 2.800000e+03
736147 1.850000 1.850000 1.850000 1.850000 0.000000e+00
736151 1.850000 1.910000 1.850000 1.910000 1.100000e+03
736152 1.910000 1.910000 1.910000 1.910000 0.000000e+00
736153 1.920000 1.930000 1.860000 1.860000 8.000000e+02
736154 1.870000 1.870000 1.860000 1.870000 1.300000e+03
736155 1.870000 1.870000 1.850000 1.850000 2.400000e+03
736158 1.880000 1.880000 1.860000 1.860000 1.800000e+03
736159 1.860000 1.860000 1.860000 1.860000 2.000000e+02
736160 1.880000 1.880000 1.880000 1.880000 1.000000e+03
736161 1.880000 1.880000 1.880000 1.880000 0.000000e+00
736162 1.850000 1.890000 1.850000 1.890000 4.300000e+03
736165 1.880000 2.030000 1.860000 2.030000 3.070000e+04
736166 2.050000 2.070000 1.850000 2.060000 2.240000e+04
736167 1.890000 2.120000 1.890000 2.110000 3.300000e+03
736168 2.120000 2.120000 1.970000 2.030000 1.130000e+04
736169 2.040000 2.190000 2.040000 2.130000 1.580000e+04
736172 2.140000 2.180000 2.110000 2.110000 1.020000e+04
736173 2.190000 2.200000 2.120000 2.180000 9.300000e+03
736174 2.210000 2.210000 2.100000 2.100000 3.900000e+03
736175 2.010000 2.190000 1.970000 2.190000 3.060000e+04
736176 1.990000 2.430000 1.990000 2.430000 3.640000e+04
736179 2.360000 2.370000 2.310000 2.360000 5.900000e+03
736180 2.400000 2.410000 2.010000 2.360000 3.500000e+03
736181 2.210000 2.210000 2.140000 2.140000 7.000000e+02
736182 1.990000 2.100000 1.820000 1.860000 3.290000e+04
736183 1.910000 2.090000 1.850000 1.960000 1.190000e+04
736186 1.960000 1.960000 1.960000 1.960000 0.000000e+00
736187 1.900000 2.050000 1.900000 2.050000 1.600000e+03
736188 1.910000 2.180000 1.910000 2.040000 7.400000e+03
736189 1.970000 1.970000 1.930000 1.930000 1.450000e+04
736190 1.890000 1.890000 1.850000 1.850000 9.500000e+03
736193 1.850000 1.850000 1.820000 1.830000 3.900000e+03
736194 1.850000 1.970000 1.850000 1.970000 1.610000e+04
736195 1.940000 1.940000 1.930000 1.930000 2.000000e+02
736196 1.890000 1.910000 1.830000 1.860000 5.700000e+03
736197 1.860000 1.890000 1.810000 1.810000 1.570000e+04
736200 1.860000 1.890000 1.500000 1.650000 1.550000e+04
736201 1.800000 1.800000 1.800000 1.800000 5.000000e+02
736202 1.720000 1.730000 1.660000 1.680000 7.800000e+03
736203 1.680000 1.810000 1.630000 1.790000 7.400000e+03
736204 1.750000 1.780000 1.680000 1.680000 2.300000e+03
736207 1.600000 1.600000 1.600000 1.600000 1.000000e+02
736208 1.630000 1.630000 1.630000 1.630000 3.100000e+03
736209 1.630000 1.650000 1.520000 1.530000 2.760000e+04
736210 1.560000 1.560000 1.540000 1.540000 3.600000e+03
736211 1.540000 1.560000 1.530000 1.530000 2.230000e+04
736215 1.600000 1.600000 1.460000 1.550000 4.100000e+03
736216 1.580000 1.600000 1.580000 1.600000 3.000000e+02
736217 1.610000 1.740000 1.560000 1.720000 1.090000e+04
736218 1.570000 1.610000 1.520000 1.600000 2.310000e+04
736221 1.570000 1.630000 1.570000 1.600000 2.000000e+03
736222 1.630000 1.700000 1.610000 1.670000 4.600000e+03
736223 1.610000 1.720000 1.610000 1.650000 5.200000e+03
736224 1.730000 1.730000 1.730000 1.730000 3.000000e+02
736225 1.720000 1.720000 1.720000 1.720000 8.000000e+02
736228 1.700000 1.700000 1.700000 1.700000 2.300000e+03
736229 1.630000 1.720000 1.610000 1.720000 7.000000e+02
736230 1.730000 1.730000 1.730000 1.730000 2.000000e+02
736231 1.730000 1.730000 1.730000 1.730000 0.000000e+00
736232 1.680000 1.680000 1.680000 1.680000 3.000000e+02
736235 1.680000 1.740000 1.650000 1.650000 8.700000e+03
736236 1.660000 1.660000 1.650000 1.650000 1.930000e+04
736237 1.650000 1.660000 1.650000 1.650000 8.000000e+03
736238 1.630000 1.630000 1.600000 1.600000 9.000000e+02
736239 1.620000 1.710000 1.620000 1.710000 5.000000e+02
736242 1.700000 1.730000 1.700000 1.720000 6.500000e+03
736243 1.720000 1.750000 1.650000 1.660000 4.000000e+03
736244 1.610000 1.740000 1.610000 1.740000 3.000000e+02
736245 1.700000 1.700000 1.650000 1.650000 7.500000e+03
736246 1.650000 1.700000 1.650000 1.700000 3.700000e+03
736249 1.650000 1.700000 1.650000 1.650000 3.600000e+03
736250 1.660000 1.700000 1.650000 1.650000 3.000000e+03
736251 1.670000 1.690000 1.670000 1.690000 4.000000e+02
736252 1.690000 1.700000 1.690000 1.700000 7.000000e+02
736253 1.690000 1.750000 1.690000 1.740000 5.000000e+03
736256 1.670000 1.670000 1.670000 1.670000 6.000000e+02
736257 1.660000 1.660000 1.660000 1.660000 2.000000e+02
736258 1.720000 1.720000 1.710000 1.710000 4.000000e+02
736259 1.660000 1.710000 1.660000 1.710000 1.100000e+03
736260 1.700000 1.700000 1.700000 1.700000 5.000000e+02
736263 1.690000 1.710000 1.680000 1.680000 4.000000e+03
736264 1.650000 1.680000 1.650000 1.650000 5.900000e+03
736265 1.680000 1.680000 1.640000 1.640000 6.000000e+03
736266 1.650000 1.650000 1.640000 1.640000 8.000000e+02
736267 1.570000 1.600000 1.550000 1.550000 4.800000e+03
736270 1.600000 1.600000 1.560000 1.560000 2.300000e+03
736271 1.570000 1.590000 1.560000 1.590000 2.600000e+03
736272 1.590000 1.590000 1.590000 1.590000 0.000000e+00
736273 1.590000 1.590000 1.590000 1.590000 0.000000e+00
736274 1.590000 1.590000 1.590000 1.590000 1.700000e+03
736277 1.550000 1.550000 1.520000 1.520000 3.400000e+03
736278 1.500000 1.540000 1.500000 1.510000 3.400000e+03
736279 1.520000 1.520000 1.440000 1.500000 1.400000e+03
736280 1.420000 1.520000 1.410000 1.520000 9.800000e+03
736281 1.520000 1.520000 1.420000 1.420000 2.600000e+03
736284 1.490000 1.490000 1.100000 1.260000 3.090000e+04
736285 1.180000 1.280000 1.170000 1.240000 1.220000e+04
736286 1.220000 1.250000 1.200000 1.240000 1.190000e+04
736287 1.290000 1.380000 1.290000 1.360000 9.600000e+03
736288 1.340000 1.350000 1.340000 1.350000 2.000000e+02
736291 1.310000 1.370000 1.300000 1.370000 5.300000e+03
736292 1.370000 1.370000 1.370000 1.370000 0.000000e+00
736293 1.340000 1.340000 1.340000 1.340000 2.000000e+02
736295 1.360000 1.360000 1.360000 1.360000 5.400000e+03
736298 1.300000 1.360000 1.300000 1.350000 5.000000e+02
736299 1.310000 1.310000 1.310000 1.310000 1.100000e+03
736300 1.300000 1.360000 1.290000 1.290000 2.400000e+03
736301 1.330000 1.400000 1.310000 1.400000 6.600000e+03
736302 1.430000 1.480000 1.430000 1.430000 8.100000e+03
736305 1.430000 1.430000 1.430000 1.430000 0.000000e+00
736306 1.350000 1.480000 1.310000 1.370000 1.740000e+04
736307 1.350000 1.400000 1.350000 1.400000 6.100000e+03
736308 1.400000 1.400000 1.400000 1.400000 0.000000e+00
736309 1.340000 1.380000 1.230000 1.250000 1.430000e+04
736312 1.260000 1.270000 1.250000 1.270000 1.400000e+03
736313 1.300000 1.300000 1.280000 1.280000 7.000000e+02
736314 1.290000 1.300000 1.290000 1.300000 3.000000e+02
736315 1.300000 1.300000 1.250000 1.280000 3.000000e+04
736316 1.300000 1.300000 1.270000 1.290000 2.450000e+04
736319 1.300000 1.300000 1.290000 1.300000 1.750000e+04
736320 1.300000 1.300000 1.250000 1.250000 2.490000e+04
736321 1.300000 1.300000 1.230000 1.230000 8.500000e+03
736322 1.230000 1.250000 1.230000 1.250000 5.900000e+03
736326 1.270000 1.300000 1.230000 1.230000 1.350000e+04
736327 1.260000 1.260000 1.260000 1.260000 4.100000e+03
736328 1.260000 1.300000 1.250000 1.250000 6.900000e+03
736329 1.310000 1.480000 1.310000 1.460000 8.900000e+03
736333 1.320000 1.440000 1.270000 1.320000 3.700000e+03
736334 1.340000 1.360000 1.300000 1.360000 9.000000e+02
736335 1.300000 1.360000 1.300000 1.300000 1.500000e+03
736336 1.370000 1.370000 1.300000 1.300000 1.000000e+03
736337 1.300000 1.510000 1.300000 1.310000 1.700000e+03
736340 1.420000 1.420000 1.300000 1.300000 2.000000e+03
736341 1.300000 1.300000 1.300000 1.300000 0.000000e+00
736342 1.360000 1.360000 1.360000 1.360000 5.000000e+02
736343 1.360000 1.360000 1.350000 1.350000 3.200000e+03
736344 1.310000 1.370000 1.300000 1.320000 1.170000e+04
736348 1.300000 1.390000 1.300000 1.300000 1.160000e+04
736349 1.300000 1.300000 1.150000 1.240000 1.220000e+04
736350 1.300000 1.300000 1.250000 1.250000 2.600000e+03
736351 1.220000 1.220000 1.200000 1.200000 6.400000e+03
736354 1.120000 1.120000 0.540000 0.670000 2.244000e+05
736355 0.700000 0.700000 0.600000 0.650000 9.160000e+04
736356 0.670000 0.700000 0.560000 0.650000 6.520000e+04
736357 0.660000 0.700000 0.600000 0.680000 1.280000e+05
736358 0.610000 0.690000 0.560000 0.630000 8.210000e+04
736361 0.600000 0.600000 0.570000 0.590000 6.900000e+04
736362 0.590000 0.720000 0.590000 0.640000 1.880000e+04
736363 0.600000 0.650000 0.590000 0.640000 8.770000e+04
736364 0.630000 0.640000 0.620000 0.630000 7.500000e+04
736365 0.620000 0.620000 0.540000 0.580000 6.260000e+04
736368 0.580000 0.630000 0.580000 0.610000 1.940000e+04
736369 0.650000 0.650000 0.600000 0.620000 1.730000e+04
736370 0.620000 0.670000 0.620000 0.670000 3.130000e+04
736371 0.680000 0.680000 0.540000 0.560000 1.389000e+05
736372 0.560000 0.560000 0.560000 0.560000 0.000000e+00
736376 0.650000 0.650000 0.470000 0.550000 4.650000e+04
736377 0.550000 0.550000 0.490000 0.500000 7.210000e+04
736378 0.550000 0.550000 0.500000 0.500000 3.690000e+04
736379 0.500000 0.500000 0.500000 0.500000 4.000000e+04
736382 0.490000 0.500000 0.350000 0.350000 9.200000e+04
736383 0.400000 0.400000 0.300000 0.350000 3.047000e+05
736384 0.400000 0.480000 0.380000 0.380000 7.020000e+04
736385 0.400000 0.400000 0.390000 0.390000 1.400000e+03
736386 0.450000 0.450000 0.390000 0.400000 3.880000e+05
736389 0.410000 0.450000 0.410000 0.420000 1.280000e+04
736390 0.450000 0.500000 0.440000 0.480000 3.940000e+04
736391 0.480000 0.540000 0.480000 0.500000 3.850000e+04
736392 0.550000 0.550000 0.520000 0.530000 3.500000e+04
736393 0.530000 0.590000 0.520000 0.540000 2.400000e+04
736396 0.540000 0.600000 0.540000 0.540000 3.900000e+03
736397 0.570000 0.600000 0.570000 0.590000 3.900000e+04
736398 0.590000 0.620000 0.590000 0.620000 2.000000e+03
736399 0.570000 0.570000 0.570000 0.570000 1.150000e+04
736400 0.580000 0.630000 0.580000 0.630000 6.640000e+04
736403 0.630000 0.630000 0.630000 0.630000 1.300000e+03
736404 0.650000 0.680000 0.650000 0.680000 7.300000e+03
736405 0.680000 0.680000 0.680000 0.680000 0.000000e+00
736406 0.630000 0.630000 0.630000 0.630000 1.000000e+03
736407 0.630000 0.630000 0.630000 0.630000 1.000000e+03
736410 0.710000 0.710000 0.660000 0.660000 3.200000e+03
736411 0.660000 0.660000 0.660000 0.660000 4.000000e+02
736412 0.660000 0.660000 0.660000 0.660000 0.000000e+00
736413 0.660000 0.660000 0.660000 0.660000 1.900000e+03
736417 0.660000 0.660000 0.660000 0.660000 1.100000e+03
736418 0.670000 0.670000 0.670000 0.670000 1.500000e+03
736419 0.670000 0.670000 0.670000 0.670000 0.000000e+00
736420 0.690000 0.700000 0.690000 0.700000 1.000000e+03
736421 0.710000 0.720000 0.710000 0.710000 8.300000e+03
736424 0.720000 0.730000 0.720000 0.730000 8.400000e+03
736425 0.710000 0.750000 0.700000 0.740000 6.680000e+04
736426 0.740000 0.740000 0.730000 0.730000 1.050000e+04
736427 0.730000 0.750000 0.730000 0.730000 4.000000e+04
736428 0.720000 0.720000 0.700000 0.700000 3.500000e+03
736431 0.720000 0.720000 0.690000 0.700000 1.550000e+04
736432 0.690000 0.690000 0.600000 0.600000 2.110000e+04
736433 0.600000 0.600000 0.600000 0.600000 2.000000e+03
736434 0.600000 0.600000 0.600000 0.600000 2.000000e+02
736435 0.600000 0.650000 0.600000 0.650000 1.110000e+04
736438 0.630000 0.630000 0.600000 0.620000 2.180000e+04
736439 0.650000 0.650000 0.610000 0.610000 8.500000e+03
736440 0.610000 0.610000 0.610000 0.610000 0.000000e+00
736441 0.620000 0.620000 0.590000 0.590000 6.320000e+04
736442 0.600000 0.600000 0.600000 0.600000 6.000000e+02
736445 0.600000 0.600000 0.600000 0.600000 4.000000e+02
736446 0.600000 0.600000 0.600000 0.600000 0.000000e+00
736447 0.600000 0.600000 0.600000 0.600000 4.100000e+03
736448 0.600000 0.600000 0.600000 0.600000 1.000000e+03
736449 0.660000 0.690000 0.660000 0.670000 3.200000e+04
736452 0.680000 0.720000 0.650000 0.650000 1.380000e+04
736453 0.630000 0.640000 0.630000 0.640000 4.000000e+02
736454 0.650000 0.700000 0.650000 0.690000 1.750000e+04
736455 0.680000 0.680000 0.650000 0.660000 1.010000e+04
736456 0.650000 0.650000 0.650000 0.650000 2.500000e+03
736459 0.650000 0.650000 0.650000 0.650000 8.000000e+03
736460 0.650000 0.650000 0.650000 0.650000 6.000000e+02
736461 0.650000 0.680000 0.650000 0.680000 1.480000e+04
736462 0.680000 0.680000 0.680000 0.680000 1.000000e+03
736463 0.670000 0.680000 0.660000 0.680000 8.800000e+03
736466 0.690000 0.690000 0.690000 0.690000 1.000000e+02
736467 0.690000 0.690000 0.690000 0.690000 1.500000e+03
736468 0.660000 0.660000 0.650000 0.650000 1.060000e+04
736469 0.650000 0.650000 0.650000 0.650000 0.000000e+00
736470 0.650000 0.650000 0.650000 0.650000 0.000000e+00
736473 0.660000 0.660000 0.660000 0.660000 4.000000e+02
736474 0.650000 0.690000 0.650000 0.690000 8.700000e+03
736475 0.690000 1.080000 0.690000 1.030000 2.421000e+05
736476 1.010000 1.050000 0.900000 0.900000 8.850000e+04
736477 0.950000 1.090000 0.950000 1.090000 3.350000e+04
736481 1.060000 1.060000 1.020000 1.050000 1.140000e+04
736482 1.040000 1.090000 1.040000 1.090000 1.860000e+04
736483 1.080000 1.080000 1.010000 1.060000 2.490000e+04
736484 1.060000 1.060000 1.060000 1.060000 0.000000e+00
736487 1.070000 1.090000 1.070000 1.080000 1.790000e+04
736488 1.060000 1.100000 1.060000 1.100000 1.250000e+04
736489 1.100000 1.100000 1.100000 1.100000 0.000000e+00
736490 1.100000 1.100000 1.100000 1.100000 0.000000e+00
736491 1.100000 1.100000 1.050000 1.070000 5.700000e+03
736494 1.080000 1.080000 1.080000 1.080000 1.500000e+03
736495 1.070000 1.070000 1.060000 1.060000 2.000000e+02
736496 1.050000 1.050000 1.050000 1.050000 1.000000e+02
736497 1.060000 1.060000 1.040000 1.040000 1.900000e+03
736498 1.040000 1.040000 1.040000 1.040000 0.000000e+00
736501 1.040000 1.040000 1.040000 1.040000 0.000000e+00
736502 1.060000 1.070000 1.060000 1.070000 5.800000e+03
736503 1.060000 1.060000 1.060000 1.060000 1.000000e+02
736504 1.020000 1.020000 1.010000 1.010000 2.200000e+03
736505 1.030000 1.030000 1.000000 1.020000 1.600000e+03
736508 1.000000 1.010000 1.000000 1.000000 8.030000e+04
736509 0.980000 0.980000 0.980000 0.980000 2.000000e+02
736510 0.960000 0.960000 0.960000 0.960000 2.100000e+03
736511 0.960000 0.960000 0.960000 0.960000 0.000000e+00
736512 0.980000 0.980000 0.980000 0.980000 2.000000e+02
736516 0.940000 0.980000 0.940000 0.980000 6.000000e+02
736517 0.980000 0.980000 0.980000 0.980000 0.000000e+00
736518 0.980000 0.980000 0.980000 0.980000 0.000000e+00
736519 0.940000 0.940000 0.850000 0.930000 5.600000e+03
736522 0.900000 0.910000 0.900000 0.900000 3.700000e+03
736523 0.850000 0.850000 0.800000 0.850000 4.400000e+03
736524 0.870000 0.870000 0.870000 0.870000 1.100000e+03
736525 0.870000 0.870000 0.870000 0.870000 6.000000e+02
736526 0.870000 0.870000 0.870000 0.870000 0.000000e+00
736529 0.870000 0.870000 0.870000 0.870000 0.000000e+00
736530 0.870000 0.870000 0.870000 0.870000 0.000000e+00
736531 0.870000 0.870000 0.870000 0.870000 0.000000e+00
736532 0.870000 0.870000 0.870000 0.870000 0.000000e+00
736533 0.870000 0.870000 0.870000 0.870000 0.000000e+00
736536 0.870000 0.870000 0.870000 0.870000 0.000000e+00
736537 0.870000 0.870000 0.870000 0.870000 0.000000e+00
736538 0.910000 0.910000 0.890000 0.890000 1.700000e+04
736539 0.890000 0.900000 0.850000 0.900000 1.560000e+04
736540 0.900000 0.900000 0.840000 0.840000 3.100000e+03
736543 0.900000 0.900000 0.900000 0.900000 1.000000e+03
736544 0.850000 0.850000 0.840000 0.850000 8.300000e+03
736545 0.880000 0.880000 0.880000 0.880000 1.000000e+02
736546 0.840000 0.890000 0.840000 0.890000 1.730000e+04
736547 0.850000 0.850000 0.850000 0.850000 2.000000e+02
736550 0.870000 0.870000 0.870000 0.870000 1.300000e+03
736551 0.870000 0.900000 0.870000 0.870000 9.000000e+02
736552 0.870000 0.870000 0.870000 0.870000 0.000000e+00
736553 0.870000 0.870000 0.870000 0.870000 0.000000e+00
736554 0.890000 0.890000 0.890000 0.890000 2.900000e+03
736557 0.890000 0.890000 0.890000 0.890000 1.000000e+02
736558 0.880000 0.880000 0.880000 0.880000 4.000000e+03
736559 0.880000 0.880000 0.880000 0.880000 0.000000e+00
736560 0.880000 0.880000 0.880000 0.880000 0.000000e+00
736561 0.880000 0.880000 0.880000 0.880000 0.000000e+00
736564 0.870000 0.870000 0.850000 0.860000 1.510000e+04
736565 0.860000 0.860000 0.860000 0.860000 0.000000e+00
736566 0.860000 0.860000 0.860000 0.860000 1.000000e+02
736567 0.860000 0.860000 0.860000 0.860000 0.000000e+00
736568 0.860000 0.860000 0.860000 0.860000 0.000000e+00
736571 0.880000 0.880000 0.870000 0.870000 8.000000e+02
736572 0.760000 0.800000 0.760000 0.770000 5.500000e+03
736573 0.760000 0.800000 0.760000 0.800000 1.400000e+03
736574 0.800000 0.800000 0.800000 0.800000 0.000000e+00
736575 0.760000 0.760000 0.760000 0.760000 1.000000e+02
736579 0.770000 0.770000 0.750000 0.750000 1.870000e+04
736580 0.750000 0.800000 0.750000 0.800000 1.000000e+04
736581 0.800000 0.800000 0.800000 0.800000 0.000000e+00
736582 0.800000 0.800000 0.800000 0.800000 0.000000e+00
736585 0.820000 0.820000 0.800000 0.800000 1.600000e+03
736586 0.800000 0.800000 0.800000 0.800000 7.300000e+03
736587 0.800000 0.800000 0.800000 0.800000 6.000000e+03
736588 0.790000 0.790000 0.770000 0.770000 7.000000e+03
736589 0.800000 0.800000 0.720000 0.720000 1.560000e+04
736592 0.770000 0.770000 0.770000 0.770000 2.000000e+03
736593 0.790000 0.790000 0.770000 0.770000 4.100000e+03
736594 0.760000 0.760000 0.740000 0.740000 5.500000e+03
736595 0.740000 0.740000 0.740000 0.740000 0.000000e+00
736596 0.750000 0.750000 0.750000 0.750000 4.500000e+03
736599 0.740000 0.760000 0.740000 0.750000 1.720000e+04
736600 0.750000 0.750000 0.750000 0.750000 0.000000e+00
736601 0.750000 0.750000 0.740000 0.740000 4.000000e+03
736602 0.750000 0.780000 0.730000 0.730000 2.300000e+03
736603 0.730000 0.730000 0.730000 0.730000 2.830000e+04
736606 0.740000 0.740000 0.740000 0.740000 5.000000e+03
736607 0.740000 0.740000 0.740000 0.740000 7.000000e+03
736608 0.740000 1.000000 0.730000 0.730000 2.110000e+04
736609 0.730000 0.750000 0.710000 0.750000 2.930000e+04
736610 0.750000 0.750000 0.750000 0.750000 0.000000e+00
736613 0.780000 0.780000 0.780000 0.780000 4.000000e+03
736614 0.780000 0.780000 0.780000 0.780000 0.000000e+00
736615 0.780000 0.780000 0.780000 0.780000 0.000000e+00
736616 0.780000 0.780000 0.780000 0.780000 0.000000e+00
736617 0.780000 0.780000 0.780000 0.780000 0.000000e+00
736620 0.780000 0.780000 0.780000 0.780000 0.000000e+00
736621 0.780000 0.790000 0.780000 0.790000 1.600000e+03
736622 0.780000 0.780000 0.780000 0.780000 1.000000e+03
736623 0.780000 0.780000 0.780000 0.780000 0.000000e+00
736624 0.780000 0.780000 0.780000 0.780000 0.000000e+00
736627 0.750000 0.750000 0.750000 0.750000 1.000000e+03
736628 0.770000 0.770000 0.750000 0.750000 1.300000e+03
736629 0.750000 0.750000 0.750000 0.750000 0.000000e+00
736630 0.750000 0.750000 0.700000 0.700000 1.950000e+04
736631 0.750000 0.750000 0.750000 0.750000 2.000000e+03
736634 0.750000 0.750000 0.750000 0.750000 0.000000e+00
736635 0.750000 0.750000 0.750000 0.750000 2.200000e+03
736636 0.770000 0.770000 0.750000 0.750000 6.000000e+02
736637 0.750000 0.750000 0.680000 0.680000 3.900000e+04
736638 0.680000 0.680000 0.680000 0.680000 0.000000e+00
736641 0.650000 0.710000 0.650000 0.710000 4.700000e+03
736642 0.710000 0.710000 0.710000 0.710000 0.000000e+00
736643 0.730000 0.800000 0.650000 0.700000 1.030000e+04
736644 0.700000 0.700000 0.700000 0.700000 2.000000e+03
736645 0.680000 0.680000 0.680000 0.680000 3.500000e+03
736648 0.720000 0.720000 0.600000 0.600000 3.060000e+04
736649 0.650000 0.700000 0.540000 0.620000 5.910000e+04
736650 0.630000 0.630000 0.600000 0.600000 3.300000e+03
736651 0.600000 0.610000 0.600000 0.600000 4.400000e+03
736652 0.600000 0.600000 0.590000 0.600000 6.400000e+03
736655 0.610000 0.610000 0.610000 0.610000 3.000000e+03
736656 0.610000 0.610000 0.600000 0.610000 2.380000e+04
736657 0.610000 0.630000 0.610000 0.620000 1.030000e+04
736659 0.630000 0.630000 0.630000 0.630000 3.600000e+03
736662 0.650000 0.650000 0.650000 0.650000 3.600000e+03
736663 0.650000 0.670000 0.650000 0.670000 7.500000e+03
736664 0.650000 0.800000 0.650000 0.700000 2.940000e+04
736665 0.680000 0.680000 0.680000 0.680000 2.900000e+03
736666 0.750000 0.750000 0.660000 0.670000 2.100000e+04
736669 0.680000 0.800000 0.620000 0.620000 3.250000e+04
736670 0.700000 0.700000 0.620000 0.650000 3.640000e+04
736671 0.650000 0.650000 0.650000 0.650000 0.000000e+00
736672 0.640000 0.640000 0.640000 0.640000 1.000000e+03
736673 0.650000 0.650000 0.650000 0.650000 8.700000e+03
736676 0.650000 0.650000 0.620000 0.640000 8.100000e+03
736677 0.620000 0.620000 0.620000 0.620000 2.500000e+03
736678 0.640000 0.640000 0.620000 0.620000 1.250000e+04
736679 0.620000 0.640000 0.620000 0.640000 5.300000e+03
736680 0.690000 0.690000 0.690000 0.690000 2.000000e+03
736683 0.690000 0.780000 0.680000 0.780000 8.100000e+03
736684 0.780000 0.780000 0.780000 0.780000 0.000000e+00
736685 0.780000 0.780000 0.780000 0.780000 0.000000e+00
736686 0.760000 0.760000 0.680000 0.700000 1.540000e+04
736687 0.700000 0.700000 0.680000 0.680000 2.600000e+03
736691 0.690000 0.720000 0.690000 0.710000 5.400000e+03
736692 0.700000 0.700000 0.700000 0.700000 6.000000e+02
736693 0.750000 0.750000 0.680000 0.680000 1.440000e+04
736694 0.710000 0.740000 0.680000 0.740000 4.300000e+03
736698 0.680000 0.720000 0.680000 0.720000 1.960000e+04
736699 0.700000 0.710000 0.700000 0.710000 2.900000e+03
736700 0.710000 0.710000 0.710000 0.710000 1.400000e+03
736701 0.710000 0.750000 0.710000 0.750000 2.100000e+03
736704 0.750000 0.750000 0.750000 0.750000 0.000000e+00
736705 0.750000 0.750000 0.750000 0.750000 0.000000e+00
736706 0.710000 0.750000 0.710000 0.750000 1.800000e+03
736707 0.750000 0.750000 0.750000 0.750000 0.000000e+00
736708 0.720000 0.720000 0.720000 0.720000 2.700000e+03
736712 0.740000 0.740000 0.740000 0.740000 4.100000e+03
736713 0.720000 0.720000 0.720000 0.720000 7.800000e+03
736714 0.720000 0.720000 0.720000 0.720000 0.000000e+00
736715 0.720000 0.720000 0.720000 0.720000 0.000000e+00
736718 0.720000 0.720000 0.720000 0.720000 2.000000e+02
736719 0.740000 0.740000 0.720000 0.720000 3.500000e+03
736720 0.720000 0.720000 0.720000 0.720000 0.000000e+00
736721 0.720000 0.720000 0.720000 0.720000 1.900000e+03
736722 0.720000 0.720000 0.720000 0.720000 3.200000e+03
736725 0.720000 0.720000 0.720000 0.720000 0.000000e+00
736726 0.720000 0.720000 0.720000 0.720000 0.000000e+00
736727 0.720000 0.720000 0.720000 0.720000 2.000000e+03
736728 0.720000 0.720000 0.720000 0.720000 1.000000e+02
736729 0.760000 0.760000 0.720000 0.720000 4.100000e+03
736732 0.740000 0.750000 0.740000 0.750000 1.800000e+03
736733 0.720000 0.720000 0.720000 0.720000 2.000000e+02
736734 0.720000 0.720000 0.720000 0.720000 0.000000e+00
736735 0.730000 0.730000 0.730000 0.730000 5.900000e+03
736736 0.760000 0.770000 0.760000 0.770000 1.100000e+04
736739 0.850000 0.850000 0.850000 0.850000 2.000000e+03
736740 0.850000 0.850000 0.850000 0.850000 0.000000e+00
736741 0.850000 0.850000 0.850000 0.850000 0.000000e+00
736742 0.850000 0.850000 0.850000 0.850000 0.000000e+00
736743 0.850000 0.850000 0.850000 0.850000 9.000000e+02
736747 0.810000 0.810000 0.800000 0.800000 4.500000e+03
736748 0.800000 0.840000 0.800000 0.800000 1.800000e+03
736749 0.800000 0.800000 0.800000 0.800000 0.000000e+00
736750 0.850000 0.850000 0.850000 0.850000 1.000000e+03
736753 0.850000 0.850000 0.850000 0.850000 4.000000e+02
736754 0.810000 0.870000 0.810000 0.870000 2.300000e+03
736755 0.840000 0.880000 0.840000 0.840000 3.910000e+04
736756 0.840000 0.840000 0.840000 0.840000 4.000000e+03
736757 0.840000 0.840000 0.840000 0.840000 3.300000e+03
736760 0.840000 0.840000 0.840000 0.840000 1.010000e+04
736761 0.840000 0.840000 0.840000 0.840000 8.100000e+03
736762 0.840000 0.840000 0.840000 0.840000 4.000000e+02
736763 0.840000 0.840000 0.840000 0.840000 1.000000e+03
736764 0.840000 0.840000 0.840000 0.840000 3.200000e+03
