736034 1.610000 1.620000 1.600000 1.600000 4.600000e+03
736035 1.600000 1.600000 1.520000 1.530000 5.400000e+03
736036 1.540000 1.610000 1.450000 1.540000 3.340000e+04
736039 1.470000 1.590000 1.450000 1.450000 6.800000e+03
736040 1.420000 1.480000 1.420000 1.420000 2.610000e+04
736041 1.460000 1.490000 1.430000 1.480000 1.340000e+04
736042 1.430000 1.450000 1.430000 1.430000 3.800000e+03
736043 1.430000 1.470000 1.430000 1.460000 1.250000e+04
736046 1.460000 1.720000 1.460000 1.640000 2.990000e+04
736047 1.620000 2.530000 1.610000 2.300000 1.214000e+05
736048 1.940000 2.240000 1.930000 2.010000 6.220000e+04
736049 1.950000 2.020000 1.760000 1.860000 5.210000e+04
736050 1.970000 1.970000 1.650000 1.660000 4.690000e+04
736053 1.820000 1.950000 1.660000 1.910000 6.460000e+04
736054 1.900000 1.900000 1.700000 1.800000 1.060000e+04
736055 1.760000 1.790000 1.700000 1.750000 3.120000e+04
736056 1.690000 1.740000 1.600000 1.640000 3.870000e+04
736060 1.680000 1.710000 1.570000 1.650000 7.210000e+04
736061 1.600000 1.650000 1.580000 1.650000 1.920000e+04
736062 1.630000 1.650000 1.550000 1.560000 1.039000e+05
736063 1.800000 1.880000 1.600000 1.640000 9.800000e+04
736064 1.740000 2.090000 1.650000 1.860000 2.781000e+05
736067 1.800000 1.900000 1.800000 1.820000 5.040000e+04
736068 1.870000 1.870000 1.660000 1.750000 3.770000e+04
736069 1.720000 2.100000 1.720000 1.940000 7.770000e+04
736070 1.920000 2.150000 1.890000 1.950000 5.590000e+04
736071 1.880000 1.990000 1.830000 1.940000 1.420000e+04
736074 2.020000 2.090000 1.900000 1.940000 4.620000e+04
736075 1.820000 1.930000 1.810000 1.910000 2.160000e+04
736076 1.830000 1.890000 1.830000 1.870000 3.400000e+03
736077 1.930000 2.000000 1.840000 2.000000 3.100000e+04
736078 2.090000 2.100000 1.830000 1.900000 3.750000e+04
736081 1.850000 1.980000 1.850000 1.900000 2.190000e+04
736082 1.890000 2.030000 1.860000 1.890000 1.150000e+04
736083 1.900000 2.080000 1.900000 1.950000 5.170000e+04
736084 1.950000 2.050000 1.950000 1.990000 5.320000e+04
736085 1.940000 2.000000 1.940000 2.000000 1.100000e+03
736088 2.000000 2.150000 1.960000 2.080000 5.690000e+04
736089 2.010000 2.130000 1.990000 2.110000 2.940000e+04
736090 2.060000 2.150000 1.970000 2.130000 2.470000e+04
736091 2.090000 2.130000 1.950000 1.990000 2.460000e+04
736092 2.000000 2.000000 1.850000 1.900000 5.140000e+04
736095 1.850000 1.890000 1.850000 1.880000 3.000000e+03
736096 1.880000 1.880000 1.750000 1.810000 1.490000e+04
736097 1.810000 1.810000 1.650000 1.780000 2.090000e+04
736098 1.630000 1.790000 1.630000 1.780000 8.500000e+03
736099 1.820000 1.820000 1.700000 1.710000 6.200000e+03
736102 1.600000 1.710000 1.600000 1.660000 1.970000e+04
736103 1.820000 1.820000 1.650000 1.690000 1.030000e+04
736104 1.740000 1.740000 1.690000 1.690000 2.860000e+04
736105 1.710000 1.760000 1.690000 1.690000 1.840000e+04
736106 1.690000 1.770000 1.690000 1.710000 7.500000e+03
736110 1.660000 1.690000 1.620000 1.630000 7.200000e+04
736111 1.640000 1.800000 1.630000 1.750000 3.160000e+04
736112 1.710000 1.710000 1.650000 1.680000 4.400000e+03
736113 1.660000 1.720000 1.610000 1.640000 2.220000e+04
736116 1.680000 1.740000 1.600000 1.710000 3.700000e+03
736117 1.710000 1.710000 1.630000 1.670000 1.900000e+03
736118 1.640000 1.650000 1.640000 1.650000 1.000000e+03
736119 1.650000 1.690000 1.650000 1.660000 9.700000e+03
736120 1.640000 1.650000 1.640000 1.650000 7.000000e+02
736123 1.690000 1.730000 1.650000 1.730000 4.900000e+03
736124 1.720000 1.720000 1.630000 1.650000 8.200000e+03
736125 1.760000 2.950000 1.750000 1.960000 2.726100e+06
736126 1.820000 2.010000 1.700000 1.990000 3.105000e+05
736127 2.020000 2.020000 1.820000 1.850000 1.307000e+05
736130 1.830000 1.830000 1.750000 1.760000 1.096000e+05
736131 1.750000 1.810000 1.700000 1.720000 3.900000e+04
736132 1.760000 1.940000 1.760000 1.780000 6.700000e+04
736133 1.760000 1.820000 1.720000 1.770000 1.160000e+04
736134 1.770000 1.770000 1.720000 1.730000 1.680000e+04
736137 1.780000 1.820000 1.620000 1.630000 9.220000e+04
736138 1.690000 1.740000 1.640000 1.680000 9.050000e+04
736139 1.760000 1.760000 1.630000 1.690000 3.690000e+04
736140 1.630000 1.660000 1.630000 1.640000 2.040000e+04
736141 1.680000 1.680000 1.570000 1.580000 4.020000e+04
736144 1.540000 1.650000 1.520000 1.560000 2.620000e+04
736145 1.640000 1.640000 1.500000 1.500000 3.340000e+04
736146 1.500000 1.520000 1.480000 1.480000 2.960000e+04
736147 1.520000 1.540000 1.430000 1.490000 5.690000e+04
736151 1.450000 1.490000 1.410000 1.420000 1.820000e+04
736152 1.400000 1.460000 1.380000 1.390000 2.920000e+04
736153 1.450000 1.570000 1.380000 1.400000 1.260000e+04
736154 1.400000 1.420000 1.340000 1.370000 4.220000e+04
736155 1.380000 1.410000 1.360000 1.360000 8.400000e+03
736158 1.330000 1.390000 1.330000 1.340000 1.980000e+04
736159 1.390000 1.390000 1.310000 1.320000 2.100000e+04
736160 1.350000 1.370000 1.320000 1.330000 1.700000e+04
736161 1.320000 1.410000 1.320000 1.410000 2.650000e+04
736162 1.410000 1.470000 1.330000 1.350000 1.710000e+04
736165 1.300000 1.490000 1.300000 1.450000 2.080000e+04
736166 1.530000 1.700000 1.400000 1.620000 8.600000e+04
736167 1.620000 1.730000 1.600000 1.640000 4.460000e+04
736168 1.590000 1.700000 1.590000 1.690000 2.400000e+04
736169 1.700000 1.750000 1.660000 1.690000 6.150000e+04
736172 1.700000 1.740000 1.550000 1.680000 8.670000e+04
736173 1.690000 1.700000 1.530000 1.670000 5.760000e+04
736174 1.690000 1.700000 1.590000 1.610000 9.200000e+03
736175 1.690000 1.690000 1.500000 1.650000 6.340000e+04
736176 1.510000 1.700000 1.510000 1.660000 6.200000e+03
736179 1.680000 1.680000 1.580000 1.580000 2.800000e+03
736180 1.580000 1.670000 1.580000 1.660000 1.320000e+04
736181 1.660000 1.660000 1.570000 1.640000 2.780000e+04
736182 1.670000 1.670000 1.660000 1.660000 2.700000e+03
736183 1.680000 1.680000 1.460000 1.650000 3.280000e+04
736186 1.650000 1.650000 1.440000 1.610000 4.440000e+04
736187 1.490000 1.620000 1.460000 1.540000 3.940000e+04
736188 1.480000 1.610000 1.400000 1.450000 3.720000e+04
736189 1.450000 1.550000 1.440000 1.490000 6.500000e+03
736190 1.470000 1.490000 1.410000 1.410000 3.900000e+03
736193 1.510000 1.560000 1.420000 1.560000 4.440000e+04
736194 1.430000 1.670000 1.430000 1.560000 1.770000e+05
736195 1.520000 1.660000 1.400000 1.480000 4.870000e+04
736196 1.450000 1.470000 1.410000 1.470000 5.500000e+03
736197 1.470000 1.580000 1.380000 1.380000 1.040000e+05
736200 1.320000 1.600000 1.320000 1.360000 1.057000e+05
736201 1.400000 1.400000 1.290000 1.290000 5.200000e+03
736202 1.400000 1.400000 1.290000 1.320000 7.200000e+03
736203 1.380000 1.450000 1.300000 1.310000 8.800000e+03
736204 1.390000 1.470000 1.300000 1.370000 9.100000e+04
736207 1.370000 1.550000 1.360000 1.420000 6.550000e+04
736208 1.440000 1.440000 1.290000 1.340000 1.580000e+04
736209 1.400000 1.400000 1.290000 1.310000 1.380000e+04
736210 1.450000 1.450000 1.320000 1.350000 7.100000e+03
736211 1.380000 1.380000 1.300000 1.330000 9.200000e+03
736215 1.380000 1.380000 1.230000 1.270000 6.260000e+04
736216 1.300000 1.300000 1.190000 1.190000 4.050000e+04
736217 1.260000 1.260000 1.160000 1.170000 1.640000e+04
736218 1.140000 1.190000 1.100000 1.110000 1.530000e+04
736221 1.100000 1.100000 1.000000 1.010000 9.550000e+04
736222 1.060000 1.060000 0.850000 0.900000 7.690000e+04
736223 0.900000 0.920000 0.880000 0.900000 4.850000e+04
736224 0.970000 0.970000 0.900000 0.900000 2.480000e+04
736225 0.890000 0.940000 0.890000 0.890000 2.250000e+04
736228 0.880000 0.890000 0.860000 0.880000 5.800000e+03
736229 0.810000 0.940000 0.800000 0.820000 2.000000e+04
736230 0.860000 0.860000 0.650000 0.740000 3.280000e+04
736231 0.780000 0.780000 0.630000 0.700000 1.330000e+04
736232 0.710000 0.710000 0.630000 0.630000 7.740000e+04
736235 0.730000 0.740000 0.660000 0.680000 1.120000e+04
736236 0.740000 0.740000 0.620000 0.630000 1.220000e+04
736237 0.800000 0.870000 0.710000 0.860000 5.790000e+04
736238 0.890000 1.230000 0.850000 1.150000 1.232000e+05
736239 1.150000 1.370000 1.000000 1.040000 1.463000e+05
736242 1.020000 1.140000 0.910000 0.940000 4.310000e+04
736243 1.140000 1.140000 1.030000 1.050000 9.600000e+03
736244 1.060000 1.070000 0.950000 1.010000 1.300000e+04
736245 0.980000 0.990000 0.930000 0.980000 1.200000e+03
736246 0.930000 1.000000 0.930000 1.000000 1.800000e+03
736249 0.940000 0.990000 0.940000 0.970000 4.000000e+03
736250 0.910000 0.940000 0.900000 0.900000 1.900000e+03
736251 0.940000 0.940000 0.900000 0.900000 1.400000e+03
736252 0.900000 0.940000 0.870000 0.870000 1.090000e+04
736253 0.860000 0.880000 0.860000 0.880000 6.000000e+02
736256 0.870000 0.870000 0.790000 0.850000 5.200000e+03
736257 0.820000 0.980000 0.820000 0.970000 1.180000e+04
736258 0.980000 1.010000 0.900000 0.960000 9.190000e+04
736259 0.900000 1.140000 0.880000 1.090000 2.766000e+05
736260 1.020000 1.200000 0.960000 1.150000 1.027000e+05
736263 1.080000 1.200000 1.030000 1.080000 1.780000e+04
736264 1.050000 1.150000 0.980000 1.080000 4.320000e+04
736265 1.130000 1.130000 0.930000 1.020000 2.170000e+04
736266 1.040000 1.110000 0.990000 0.990000 5.500000e+03
736267 0.960000 1.080000 0.960000 0.990000 8.300000e+03
736270 1.000000 1.060000 1.000000 1.060000 8.000000e+02
736271 1.120000 1.150000 1.000000 1.000000 1.970000e+04
736272 1.050000 1.050000 0.990000 1.050000 1.180000e+04
736273 1.050000 1.050000 1.000000 1.040000 7.000000e+03
736274 1.050000 1.050000 0.980000 0.980000 1.370000e+04
736277 0.950000 1.030000 0.830000 0.960000 8.700000e+04
736278 0.930000 0.970000 0.850000 0.860000 5.280000e+04
736279 0.970000 1.250000 0.930000 1.090000 2.319000e+05
736280 1.080000 1.200000 0.990000 1.000000 7.690000e+04
736281 1.000000 1.200000 1.000000 1.040000 5.700000e+04
736284 1.200000 1.200000 1.040000 1.080000 1.090000e+04
736285 1.130000 1.240000 1.120000 1.150000 4.470000e+04
736286 1.250000 1.250000 1.090000 1.090000 7.500000e+03
736287 1.090000 1.090000 0.950000 0.950000 2.280000e+04
736288 1.030000 1.080000 0.990000 0.990000 2.140000e+04
736291 0.960000 1.130000 0.960000 1.110000 5.640000e+04
736292 1.140000 1.360000 1.140000 1.330000 1.252000e+05
736293 1.360000 1.540000 1.360000 1.380000 1.086000e+05
736295 1.370000 1.370000 1.290000 1.330000 3.000000e+03
736298 1.280000 1.480000 1.280000 1.400000 2.220000e+04
736299 1.380000 1.510000 1.370000 1.400000 2.080000e+04
736300 1.360000 1.530000 1.360000 1.430000 2.370000e+04
736301 1.500000 1.530000 1.400000 1.440000 4.090000e+04
736302 1.440000 1.600000 1.440000 1.580000 3.770000e+04
736305 1.530000 1.750000 1.360000 1.700000 1.780000e+05
736306 1.650000 1.920000 1.650000 1.720000 1.290000e+05
736307 1.750000 2.000000 1.750000 1.880000 1.360000e+05
736308 1.980000 2.460000 1.910000 2.130000 4.336000e+05
736309 2.130000 2.230000 1.810000 1.850000 2.196000e+05
736312 1.760000 2.080000 1.740000 1.920000 1.693000e+05
736313 1.930000 2.050000 1.800000 1.920000 6.510000e+04
736314 1.930000 2.020000 1.820000 1.890000 4.670000e+04
736315 1.980000 1.980000 1.750000 1.810000 1.159000e+05
736316 1.730000 1.890000 1.730000 1.830000 3.800000e+04
736319 1.800000 1.900000 1.750000 1.750000 1.860000e+04
736320 1.710000 1.730000 1.500000 1.510000 8.570000e+04
736321 1.610000 1.620000 1.400000 1.530000 4.910000e+04
736322 1.540000 1.620000 1.450000 1.450000 2.210000e+04
736326 1.460000 1.590000 1.430000 1.430000 6.600000e+03
736327 1.440000 1.530000 1.400000 1.400000 2.870000e+04
736328 1.350000 1.390000 1.280000 1.310000 3.010000e+04
736329 1.280000 1.430000 1.210000 1.380000 3.410000e+04
736333 1.380000 1.430000 1.340000 1.340000 1.570000e+04
736334 1.340000 1.380000 1.140000 1.330000 1.635000e+05
736335 1.330000 1.370000 1.250000 1.320000 8.600000e+03
736336 1.330000 1.330000 1.250000 1.280000 1.100000e+04
736337 1.210000 1.310000 1.210000 1.280000 1.390000e+04
736340 1.190000 1.250000 1.140000 1.210000 2.580000e+04
736341 1.250000 2.180000 1.240000 1.550000 1.707400e+06
736342 1.400000 1.670000 1.340000 1.550000 3.115000e+05
736343 1.540000 1.540000 1.470000 1.530000 7.570000e+04
736344 1.360000 1.440000 1.300000 1.420000 5.120000e+04
736348 1.350000 1.410000 1.350000 1.360000 3.490000e+04
736349 1.370000 1.550000 1.300000 1.460000 1.214000e+05
736350 1.420000 1.500000 1.400000 1.460000 2.320000e+04
736351 1.450000 1.670000 1.450000 1.560000 1.797000e+05
736354 1.600000 1.710000 1.480000 1.590000 4.590000e+04
736355 1.590000 1.590000 1.490000 1.530000 1.290000e+04
736356 1.520000 1.750000 1.360000 1.630000 1.647000e+05
736357 1.650000 1.740000 1.580000 1.610000 2.810000e+04
736358 1.630000 1.680000 1.630000 1.650000 2.340000e+04
736361 1.670000 1.670000 1.500000 1.580000 1.410000e+04
736362 1.620000 1.640000 1.480000 1.500000 7.390000e+04
736363 1.590000 1.600000 1.500000 1.560000 4.420000e+04
736364 1.610000 1.640000 1.480000 1.610000 2.540000e+04
736365 1.640000 1.640000 1.540000 1.570000 5.500000e+03
736368 1.580000 1.580000 1.450000 1.540000 9.000000e+03
736369 1.460000 1.480000 1.410000 1.480000 1.930000e+04
736370 1.420000 1.440000 1.350000 1.380000 1.680000e+04
736371 1.410000 1.530000 1.310000 1.330000 3.050000e+04
736372 1.410000 1.410000 1.350000 1.400000 9.500000e+03
736376 1.470000 1.560000 1.200000 1.220000 6.990000e+04
736377 1.220000 1.290000 1.200000 1.230000 5.150000e+04
736378 1.290000 1.350000 1.240000 1.350000 2.610000e+04
736379 1.360000 1.360000 1.270000 1.290000 5.300000e+03
736382 1.310000 1.330000 1.130000 1.280000 1.078000e+05
736383 1.310000 1.360000 1.200000 1.220000 8.110000e+04
736384 1.270000 1.270000 1.170000 1.250000 3.120000e+04
736385 1.290000 1.290000 1.150000 1.250000 3.100000e+04
736386 1.210000 1.310000 1.200000 1.200000 1.350000e+04
736389 1.200000 1.240000 1.200000 1.210000 2.200000e+03
736390 1.210000 1.210000 1.150000 1.190000 1.530000e+04
736391 1.150000 1.190000 1.100000 1.130000 1.710000e+04
736392 1.160000 1.240000 1.120000 1.150000 8.870000e+04
736393 1.150000 1.280000 1.120000 1.160000 4.410000e+04
736396 1.250000 1.410000 1.240000 1.320000 1.139000e+05
736397 1.400000 1.400000 1.300000 1.350000 3.150000e+04
736398 1.350000 1.530000 1.350000 1.420000 1.252000e+05
736399 1.400000 1.450000 1.370000 1.450000 1.490000e+04
736400 1.480000 1.480000 1.350000 1.380000 2.160000e+04
736403 1.360000 1.400000 1.350000 1.400000 6.700000e+03
736404 1.400000 1.400000 1.350000 1.350000 1.530000e+04
736405 1.330000 1.350000 1.320000 1.330000 5.500000e+03
736406 1.290000 1.400000 1.240000 1.340000 4.300000e+04
736407 1.380000 1.410000 1.220000 1.290000 4.870000e+04
736410 1.330000 1.350000 1.280000 1.340000 9.000000e+03
736411 1.340000 1.340000 1.250000 1.300000 1.180000e+04
736412 1.320000 1.430000 1.300000 1.300000 5.260000e+04
736413 1.320000 1.330000 1.300000 1.330000 6.200000e+03
736417 1.360000 1.360000 1.300000 1.300000 6.600000e+03
736418 1.310000 1.360000 1.300000 1.330000 9.200000e+03
736419 1.360000 1.370000 1.330000 1.340000 1.760000e+04
736420 1.360000 1.380000 1.280000 1.340000 1.170000e+04
736421 1.310000 1.350000 1.290000 1.300000 3.400000e+03
736424 1.300000 1.370000 1.280000 1.340000 1.370000e+04
736425 1.360000 1.360000 1.240000 1.310000 1.310000e+04
736426 1.340000 1.370000 1.220000 1.310000 4.740000e+04
736427 1.310000 1.320000 1.190000 1.220000 2.680000e+04
736428 1.280000 1.340000 1.230000 1.240000 2.720000e+04
736431 1.250000 1.310000 1.240000 1.290000 5.100000e+03
736432 1.260000 1.340000 1.260000 1.320000 6.020000e+04
736433 1.290000 1.380000 1.290000 1.320000 4.440000e+04
736434 1.290000 1.340000 1.260000 1.300000 1.380000e+04
736435 1.320000 1.340000 1.300000 1.300000 3.700000e+03
736438 1.300000 1.300000 1.290000 1.290000 1.010000e+04
736439 1.330000 1.330000 1.280000 1.330000 6.000000e+03
736440 1.340000 1.340000 1.250000 1.320000 9.000000e+03
736441 1.330000 1.340000 1.280000 1.300000 1.840000e+04
736442 1.330000 1.340000 1.310000 1.330000 1.130000e+04
736445 1.340000 1.340000 1.300000 1.300000 5.700000e+03
736446 1.290000 1.340000 1.280000 1.310000 9.200000e+03
736447 1.320000 1.340000 1.290000 1.340000 1.650000e+04
736448 1.340000 1.340000 1.280000 1.340000 2.580000e+04
736449 1.280000 1.340000 1.280000 1.320000 9.300000e+03
736452 1.320000 1.320000 1.290000 1.310000 6.300000e+03
736453 1.320000 1.320000 1.270000 1.270000 1.850000e+04
736454 1.280000 1.280000 1.250000 1.250000 1.540000e+04
736455 1.280000 1.290000 1.260000 1.290000 1.400000e+03
736456 1.280000 1.280000 1.280000 1.280000 1.000000e+03
736459 1.320000 1.320000 1.260000 1.310000 3.760000e+04
736460 1.280000 1.280000 1.230000 1.240000 2.500000e+04
736461 1.270000 1.270000 1.230000 1.250000 1.070000e+04
736462 1.280000 1.280000 1.250000 1.270000 1.800000e+03
736463 1.270000 1.270000 1.240000 1.250000 6.400000e+03
736466 1.250000 1.250000 1.220000 1.220000 3.400000e+03
736467 1.220000 1.220000 1.110000 1.180000 1.040000e+04
736468 1.160000 1.210000 1.160000 1.180000 3.400000e+03
736469 1.180000 1.250000 1.180000 1.180000 1.000000e+04
736470 1.190000 1.230000 1.190000 1.190000 7.800000e+03
736473 1.200000 1.250000 1.190000 1.220000 1.770000e+04
736474 1.240000 1.290000 1.180000 1.180000 5.420000e+04
736475 1.230000 1.320000 1.180000 1.200000 8.080000e+04
736476 1.250000 1.270000 0.860000 1.160000 4.480000e+04
736477 1.170000 1.170000 1.100000 1.120000 1.750000e+04
736481 1.130000 1.130000 1.020000 1.020000 4.800000e+03
736482 1.030000 1.180000 1.030000 1.100000 1.630000e+04
736483 1.080000 1.160000 1.040000 1.050000 6.190000e+04
736484 1.050000 1.120000 1.050000 1.070000 1.160000e+04
736487 1.060000 1.070000 1.000000 1.000000 2.340000e+04
736488 1.030000 1.240000 1.030000 1.130000 1.217000e+05
736489 1.110000 1.140000 1.060000 1.070000 6.700000e+03
736490 0.990000 1.120000 0.960000 1.040000 4.360000e+04
736491 1.080000 1.250000 1.020000 1.090000 1.508000e+05
736494 1.140000 1.140000 1.080000 1.080000 9.200000e+03
736495 1.080000 1.080000 1.000000 1.070000 9.900000e+03
736496 1.040000 1.170000 1.040000 1.100000 2.020000e+04
736497 1.050000 1.110000 1.000000 1.010000 2.470000e+04
736498 1.040000 1.090000 1.040000 1.060000 1.500000e+03
736501 1.130000 1.130000 1.100000 1.100000 2.100000e+03
736502 1.090000 1.120000 1.090000 1.120000 8.000000e+03
736503 1.150000 1.150000 1.110000 1.130000 1.150000e+04
736504 1.120000 1.120000 1.100000 1.120000 1.360000e+04
736505 1.060000 1.110000 1.050000 1.090000 5.400000e+03
736508 1.020000 1.140000 1.020000 1.140000 1.270000e+04
736509 1.060000 1.120000 1.050000 1.060000 1.560000e+04
736510 1.110000 1.140000 1.070000 1.130000 3.180000e+04
736511 1.100000 1.130000 1.090000 1.130000 3.000000e+03
736512 1.140000 1.250000 1.130000 1.150000 4.710000e+04
736516 1.230000 1.240000 1.150000 1.150000 1.010000e+04
736517 1.130000 1.180000 1.100000 1.150000 1.920000e+04
736518 1.120000 1.240000 1.120000 1.240000 3.200000e+04
736519 1.090000 1.200000 1.090000 1.190000 1.260000e+04
736522 1.190000 1.210000 1.190000 1.190000 1.260000e+04
736523 1.180000 1.180000 1.150000 1.180000 1.380000e+04
736524 1.180000 1.330000 1.160000 1.250000 2.060000e+05
736525 1.230000 1.420000 1.230000 1.260000 8.010000e+04
736526 1.230000 1.290000 1.210000 1.250000 7.100000e+03
736529 1.230000 1.300000 1.230000 1.270000 5.610000e+04
736530 1.240000 1.410000 1.100000 1.220000 2.343000e+05
736531 1.150000 1.270000 1.100000 1.150000 6.040000e+04
736532 1.130000 1.280000 1.050000 1.160000 1.813000e+05
736533 1.160000 1.320000 1.120000 1.320000 5.810000e+04
736536 1.320000 2.220000 1.220000 1.290000 3.241900e+06
736537 1.280000 1.300000 1.180000 1.240000 1.571000e+05
736538 1.270000 1.270000 1.100000 1.100000 1.654000e+05
736539 1.150000 1.340000 1.140000 1.290000 2.188000e+05
736540 1.300000 1.390000 1.210000 1.340000 9.020000e+04
736543 1.340000 1.390000 1.200000 1.320000 5.620000e+04
736544 1.320000 1.320000 1.250000 1.280000 2.960000e+04
736545 1.270000 1.280000 1.210000 1.210000 7.420000e+04
736546 1.260000 1.310000 1.220000 1.260000 4.580000e+04
736547 1.270000 1.290000 1.220000 1.220000 4.540000e+04
736550 1.290000 1.290000 1.180000 1.250000 1.245000e+05
736551 1.270000 1.270000 1.180000 1.230000 5.920000e+04
736552 1.180000 1.270000 1.180000 1.240000 4.900000e+04
736553 1.240000 1.270000 1.200000 1.210000 4.760000e+04
736554 1.220000 1.240000 1.210000 1.210000 3.730000e+04
736557 1.210000 1.250000 1.200000 1.250000 2.190000e+04
736558 1.240000 1.270000 1.200000 1.240000 1.700000e+04
736559 1.250000 1.260000 1.170000 1.170000 5.200000e+04
736560 1.190000 1.220000 1.150000 1.190000 4.250000e+04
736561 1.180000 1.190000 1.150000 1.160000 2.730000e+04
736564 1.180000 1.180000 1.100000 1.100000 2.290000e+04
736565 1.120000 1.130000 1.110000 1.130000 5.500000e+03
736566 1.140000 1.140000 1.110000 1.110000 2.610000e+04
736567 1.130000 1.230000 1.130000 1.180000 5.070000e+04
736568 1.190000 1.290000 1.120000 1.250000 4.230000e+04
736571 1.270000 1.270000 1.170000 1.210000 1.240000e+04
736572 1.220000 1.220000 1.180000 1.180000 3.900000e+03
736573 1.180000 1.210000 1.150000 1.160000 2.790000e+04
736574 1.190000 1.190000 1.150000 1.160000 6.900000e+03
736575 1.140000 1.150000 1.130000 1.140000 2.220000e+04
736579 1.150000 1.180000 1.150000 1.180000 9.600000e+03
736580 1.150000 1.160000 1.110000 1.120000 7.900000e+03
736581 1.140000 1.200000 1.140000 1.170000 4.210000e+04
736582 1.190000 1.230000 1.180000 1.180000 2.390000e+04
736585 1.150000 1.150000 1.150000 1.150000 2.000000e+03
736586 1.130000 1.210000 1.120000 1.150000 4.260000e+04
736587 1.120000 1.170000 1.120000 1.170000 1.760000e+04
736588 1.140000 1.200000 1.140000 1.180000 1.260000e+04
736589 1.170000 1.180000 1.160000 1.180000 8.900000e+03
736592 1.170000 1.170000 1.100000 1.150000 3.550000e+04
736593 1.140000 1.140000 1.110000 1.110000 4.900000e+03
736594 1.110000 1.140000 1.110000 1.120000 1.180000e+04
736595 1.110000 1.130000 1.110000 1.130000 5.700000e+03
736596 1.120000 1.160000 1.120000 1.140000 1.320000e+04
736599 1.150000 1.150000 1.130000 1.130000 2.300000e+03
736600 1.120000 1.130000 1.100000 1.100000 2.310000e+04
736601 1.100000 1.120000 1.100000 1.100000 1.200000e+03
736602 1.100000 1.140000 1.100000 1.120000 2.540000e+04
736603 1.110000 1.160000 1.110000 1.110000 2.360000e+04
736606 1.140000 1.150000 1.120000 1.140000 5.400000e+03
736607 1.110000 1.130000 1.110000 1.110000 9.100000e+03
736608 1.120000 1.130000 1.120000 1.120000 7.300000e+03
736609 1.130000 1.200000 1.130000 1.160000 2.360000e+04
736610 1.170000 1.200000 1.130000 1.170000 1.820000e+04
736613 1.180000 1.180000 1.120000 1.120000 1.900000e+04
736614 1.120000 1.140000 1.100000 1.140000 2.600000e+04
736615 1.150000 1.150000 1.130000 1.140000 2.200000e+03
736616 1.130000 1.140000 1.100000 1.120000 1.660000e+04
736617 1.100000 1.160000 1.100000 1.160000 5.100000e+03
736620 1.130000 1.130000 1.050000 1.080000 3.080000e+04
736621 1.070000 1.140000 1.070000 1.110000 1.240000e+04
736622 1.110000 1.110000 1.080000 1.080000 4.100000e+03
736623 1.100000 1.100000 1.100000 1.100000 7.000000e+02
736624 1.090000 1.090000 1.020000 1.050000 1.680000e+04
736627 1.070000 1.070000 1.040000 1.040000 2.400000e+03
736628 1.020000 1.050000 1.010000 1.030000 4.200000e+04
736629 1.070000 1.070000 1.000000 1.010000 1.940000e+04
736630 1.060000 1.060000 1.030000 1.040000 1.970000e+04
736631 1.020000 1.030000 1.020000 1.020000 3.180000e+04
736634 1.010000 1.060000 1.010000 1.030000 8.000000e+03
736635 1.060000 1.060000 1.020000 1.020000 5.400000e+03
736636 1.020000 1.020000 1.020000 1.020000 1.100000e+03
736637 1.000000 1.070000 0.980000 1.050000 1.840000e+04
736638 1.020000 1.020000 0.980000 1.010000 3.940000e+04
736641 1.010000 1.020000 1.010000 1.020000 6.400000e+03
736642 0.980000 1.010000 0.930000 0.940000 6.100000e+03
736643 0.940000 0.980000 0.900000 0.960000 9.900000e+03
736644 0.980000 0.980000 0.910000 0.910000 3.000000e+03
736645 0.970000 0.970000 0.930000 0.930000 1.200000e+03
736648 1.040000 1.040000 0.960000 0.960000 5.600000e+03
736649 1.020000 1.090000 1.000000 1.050000 4.370000e+04
736650 1.090000 1.930000 1.040000 1.930000 5.416000e+05
736651 1.860000 1.900000 1.250000 1.250000 4.199000e+05
736652 1.420000 1.420000 1.210000 1.260000 7.350000e+04
736655 1.290000 1.500000 1.290000 1.340000 1.356000e+05
736656 1.350000 1.470000 1.330000 1.400000 9.630000e+04
736657 1.410000 1.410000 1.310000 1.330000 3.200000e+04
736659 1.320000 1.360000 1.260000 1.320000 1.750000e+04
736662 1.320000 1.320000 1.220000 1.230000 5.000000e+04
736663 1.270000 1.300000 1.210000 1.240000 1.810000e+04
736664 1.240000 1.790000 1.210000 1.320000 1.543300e+06
736665 1.380000 1.700000 1.320000 1.570000 5.637000e+05
736666 1.590000 1.690000 1.420000 1.460000 1.348000e+05
736669 1.450000 1.600000 1.420000 1.450000 5.310000e+04
736670 1.670000 1.930000 1.540000 1.560000 1.565400e+06
736671 1.600000 1.690000 1.440000 1.600000 2.989000e+05
736672 1.530000 1.560000 1.400000 1.430000 3.798000e+05
736673 1.410000 1.440000 1.350000 1.350000 7.070000e+04
736676 1.390000 1.450000 1.350000 1.400000 1.380000e+05
736677 1.440000 1.650000 1.410000 1.620000 5.175000e+05
736678 1.550000 1.580000 1.410000 1.480000 1.467000e+05
736679 1.480000 1.560000 1.430000 1.460000 8.890000e+04
736680 1.460000 1.490000 1.400000 1.430000 6.260000e+04
736683 1.420000 1.470000 1.410000 1.420000 5.270000e+04
736684 1.430000 1.460000 1.400000 1.440000 8.330000e+04
736685 1.450000 1.550000 1.410000 1.410000 1.908000e+05
736686 1.400000 1.420000 1.320000 1.340000 9.500000e+04
736687 1.360000 1.440000 1.360000 1.360000 5.950000e+04
736691 1.380000 1.430000 1.320000 1.400000 9.660000e+04
736692 1.370000 1.450000 1.340000 1.340000 1.595000e+05
736693 1.360000 1.380000 1.250000 1.280000 5.600000e+04
736694 1.280000 1.320000 1.250000 1.300000 1.610000e+04
736698 1.300000 1.400000 1.290000 1.330000 6.910000e+04
736699 1.330000 1.380000 1.250000 1.370000 4.180000e+04
736700 1.340000 1.370000 1.300000 1.350000 2.730000e+04
736701 1.300000 1.340000 1.250000 1.300000 2.440000e+04
736704 1.270000 1.290000 1.200000 1.270000 1.096000e+05
736705 1.270000 1.280000 1.240000 1.250000 1.960000e+04
736706 1.260000 1.310000 1.180000 1.260000 2.529000e+05
736707 1.250000 1.320000 1.210000 1.280000 2.370000e+04
736708 1.250000 1.270000 1.200000 1.250000 2.600000e+04
736712 1.250000 1.310000 1.210000 1.280000 8.780000e+04
736713 1.280000 1.430000 1.210000 1.320000 4.944000e+05
736714 1.330000 1.480000 1.310000 1.390000 3.347000e+05
736715 1.360000 1.420000 1.280000 1.380000 7.220000e+04
736718 1.340000 1.340000 1.280000 1.300000 4.340000e+04
736719 1.260000 1.340000 1.230000 1.300000 7.420000e+04
736720 1.270000 1.340000 1.250000 1.300000 1.550000e+04
736721 1.270000 1.310000 1.200000 1.300000 1.840000e+04
736722 1.230000 1.430000 1.230000 1.370000 2.979000e+05
736725 1.390000 1.390000 1.310000 1.350000 6.630000e+04
736726 1.360000 1.400000 1.300000 1.310000 5.280000e+04
736727 1.330000 1.350000 1.240000 1.290000 5.180000e+04
736728 1.290000 1.320000 1.270000 1.280000 4.440000e+04
736729 1.280000 1.320000 1.280000 1.320000 3.020000e+04
736732 1.590000 1.670000 1.310000 1.350000 9.573000e+05
736733 1.380000 1.390000 1.300000 1.370000 6.900000e+04
736734 1.370000 1.390000 1.320000 1.390000 4.640000e+04
736735 1.370000 1.450000 1.370000 1.420000 6.830000e+04
736736 1.440000 1.530000 1.430000 1.470000 2.485000e+05
736739 1.520000 1.560000 1.320000 1.340000 3.760000e+05
736740 1.320000 1.370000 1.320000 1.340000 6.240000e+04
736741 1.330000 1.340000 1.300000 1.330000 1.395000e+05
736742 1.320000 1.350000 1.310000 1.340000 4.490000e+04
736743 1.330000 1.340000 1.320000 1.320000 5.000000e+04
736747 1.300000 1.360000 1.250000 1.300000 4.650000e+04
736748 1.260000 1.330000 1.250000 1.300000 5.250000e+04
736749 1.300000 1.330000 1.270000 1.280000 4.210000e+04
736750 1.280000 1.330000 1.270000 1.280000 4.580000e+04
736753 1.300000 1.330000 1.270000 1.300000 2.220000e+04
736754 1.310000 1.320000 1.200000 1.260000 5.040000e+04
736755 1.310000 1.320000 1.290000 1.320000 3.530000e+04
736756 1.320000 1.320000 1.290000 1.320000 3.380000e+04
736757 1.270000 1.290000 1.200000 1.240000 4.810000e+04
736760 1.240000 1.300000 1.240000 1.240000 3.130000e+04
736761 1.240000 1.260000 1.240000 1.250000 2.750000e+04
736762 1.240000 1.240000 1.200000 1.220000 3.150000e+04
736763 1.230000 1.280000 1.230000 1.280000 5.500000e+04
736764 1.310000 1.310000 1.280000 1.310000 1.970000e+04
