736034 10.150000 10.180000 9.890000 9.980000 2.630000e+04
736035 9.960000 10.180000 9.910000 9.930000 9.200000e+03
736036 9.960000 10.000000 9.650000 9.730000 1.930000e+04
736039 9.800000 9.810000 9.550000 9.620000 9.200000e+03
736040 9.590000 9.750000 9.590000 9.650000 1.700000e+04
736041 9.670000 9.740000 9.650000 9.670000 7.500000e+03
736042 9.750000 9.890000 9.690000 9.850000 1.870000e+04
736043 9.850000 10.590000 9.850000 10.170000 6.210000e+04
736046 10.000000 10.300000 9.940000 10.110000 8.780000e+04
736047 10.080000 10.490000 10.030000 10.030000 8.900000e+03
736048 10.060000 10.110000 9.800000 9.820000 1.690000e+04
736049 9.750000 9.950000 9.620000 9.770000 1.090000e+04
736050 9.800000 9.940000 9.660000 9.930000 1.620000e+04
736053 10.000000 10.090000 9.950000 10.090000 1.320000e+04
736054 10.150000 10.250000 10.100000 10.170000 1.360000e+04
736055 10.200000 10.280000 9.810000 9.950000 1.470000e+04
736056 10.040000 10.270000 9.750000 9.850000 2.180000e+04
736060 9.860000 9.960000 9.800000 9.900000 2.170000e+04
736061 9.810000 10.040000 9.810000 9.970000 1.020000e+04
736062 10.000000 10.200000 9.970000 10.000000 1.810000e+04
736063 10.040000 10.090000 9.940000 9.980000 1.470000e+04
736064 9.870000 10.190000 9.850000 10.170000 1.520000e+04
736067 10.100000 10.240000 10.000000 10.150000 4.640000e+04
736068 10.180000 10.240000 10.050000 10.190000 8.600000e+03
736069 10.300000 10.300000 10.060000 10.180000 1.360000e+04
736070 10.190000 10.240000 10.090000 10.150000 4.800000e+03
736071 10.160000 10.190000 9.920000 10.000000 1.380000e+04
736074 10.040000 10.590000 9.980000 10.250000 5.160000e+04
736075 10.160000 10.300000 10.090000 10.190000 1.740000e+04
736076 10.220000 10.270000 9.630000 9.740000 3.970000e+04
736077 9.710000 9.880000 9.710000 9.780000 1.340000e+04
736078 9.880000 9.990000 9.750000 9.790000 1.790000e+04
736081 9.820000 9.840000 9.620000 9.640000 5.670000e+04
736082 9.450000 9.790000 8.470000 9.590000 2.816000e+05
736083 9.510000 9.860000 9.450000 9.590000 1.620000e+04
736084 9.510000 9.860000 9.300000 9.850000 2.270000e+04
736085 9.860000 9.920000 9.820000 9.900000 6.500000e+03
736088 9.920000 10.250000 9.860000 9.980000 2.810000e+04
736089 9.920000 9.990000 9.490000 9.850000 1.450000e+04
736090 10.250000 10.790000 9.560000 10.000000 1.373000e+05
736091 10.320000 10.320000 9.760000 10.090000 3.300000e+04
736092 10.370000 10.440000 10.100000 10.130000 9.600000e+03
736095 10.030000 10.140000 9.710000 10.100000 2.890000e+04
736096 10.000000 10.080000 9.930000 10.080000 1.720000e+04
736097 10.070000 10.480000 10.040000 10.470000 5.040000e+04
736098 10.480000 10.530000 10.010000 10.430000 2.090000e+04
736099 10.390000 10.480000 10.340000 10.480000 1.120000e+04
736102 10.360000 10.480000 10.360000 10.390000 1.190000e+04
736103 10.460000 10.500000 10.380000 10.500000 4.660000e+04
736104 10.500000 10.850000 10.400000 10.840000 8.560000e+04
736105 10.580000 10.790000 10.580000 10.680000 1.600000e+04
736106 10.780000 10.800000 10.500000 10.690000 1.920000e+04
736110 10.510000 10.750000 10.510000 10.750000 1.100000e+04
736111 10.750000 10.850000 10.690000 10.770000 1.010000e+04
736112 10.790000 10.800000 10.750000 10.780000 6.500000e+03
736113 10.770000 10.800000 10.570000 10.750000 1.740000e+04
736116 10.740000 10.800000 10.660000 10.750000 2.400000e+04
736117 10.720000 10.800000 10.630000 10.720000 9.000000e+03
736118 10.720000 10.750000 10.620000 10.750000 1.450000e+04
736119 10.750000 10.910000 10.720000 10.820000 3.380000e+04
736120 10.810000 10.930000 10.740000 10.880000 9.700000e+03
736123 10.930000 10.960000 10.810000 10.870000 9.400000e+03
736124 10.820000 10.820000 10.710000 10.750000 5.800000e+03
736125 10.750000 10.790000 10.600000 10.750000 7.500000e+03
736126 10.700000 10.750000 10.560000 10.740000 1.250000e+04
736127 10.750000 10.770000 10.680000 10.760000 4.500000e+03
736130 10.670000 10.710000 10.600000 10.640000 3.800000e+03
736131 10.610000 10.850000 10.610000 10.840000 2.170000e+04
736132 10.850000 11.000000 10.700000 10.860000 1.500000e+04
736133 10.870000 10.950000 10.770000 10.930000 8.500000e+03
736134 10.930000 10.930000 10.650000 10.830000 9.000000e+03
736137 10.840000 11.000000 10.670000 10.780000 5.100000e+03
736138 10.780000 10.860000 10.740000 10.810000 1.900000e+03
736139 10.750000 10.840000 10.500000 10.840000 2.020000e+04
736140 10.750000 10.900000 10.700000 10.890000 2.340000e+04
736141 10.800000 10.960000 10.650000 10.840000 2.000000e+04
736144 10.690000 10.750000 10.440000 10.590000 1.480000e+04
736145 10.640000 10.780000 10.500000 10.530000 7.100000e+03
736146 10.630000 10.690000 10.440000 10.460000 1.130000e+04
736147 10.500000 10.630000 10.460000 10.470000 1.160000e+04
736151 10.500000 10.700000 10.070000 10.150000 2.330000e+04
736152 10.390000 10.390000 9.300000 9.760000 4.030000e+04
736153 9.490000 10.300000 9.490000 9.770000 9.500000e+03
736154 9.900000 9.900000 9.350000 9.720000 9.700000e+03
736155 9.850000 10.080000 9.700000 9.880000 2.080000e+04
736158 9.840000 9.850000 9.590000 9.850000 1.560000e+04
736159 10.220000 10.230000 9.780000 9.800000 4.200000e+03
736160 9.800000 9.990000 9.740000 9.850000 3.800000e+03
736161 9.830000 10.270000 9.770000 10.090000 2.530000e+04
736162 10.450000 10.690000 10.270000 10.470000 2.650000e+04
736165 10.750000 10.750000 10.400000 10.490000 1.510000e+04
736166 9.300000 10.200000 8.880000 9.850000 2.801000e+05
736167 9.430000 10.190000 9.430000 9.820000 2.370000e+04
736168 9.790000 10.300000 9.750000 10.150000 5.170000e+04
736169 10.200000 10.750000 10.020000 10.290000 7.420000e+04
736172 10.360000 10.470000 10.000000 10.270000 3.570000e+04
736173 10.440000 10.440000 9.430000 9.740000 2.133000e+05
736174 9.720000 9.900000 9.600000 9.670000 6.400000e+03
736175 10.000000 10.060000 9.430000 10.060000 3.320000e+04
736176 10.010000 10.330000 9.500000 10.190000 7.880000e+04
736179 10.000000 10.200000 9.750000 9.960000 8.800000e+03
736180 9.810000 10.530000 9.760000 10.350000 7.080000e+04
736181 10.330000 10.520000 10.100000 10.470000 4.130000e+04
736182 10.460000 10.470000 10.050000 10.210000 2.410000e+04
736183 10.040000 10.440000 9.990000 10.340000 1.860000e+04
736186 10.320000 10.460000 10.200000 10.320000 1.180000e+04
736187 9.780000 10.450000 9.360000 10.340000 2.240000e+04
736188 10.030000 10.340000 10.000000 10.230000 1.460000e+04
736189 10.220000 10.470000 10.220000 10.430000 2.280000e+04
736190 10.470000 10.600000 10.300000 10.500000 7.760000e+04
736193 10.590000 11.300000 10.300000 11.270000 1.054000e+05
736194 11.000000 11.700000 11.000000 11.650000 4.770000e+04
736195 11.460000 11.810000 11.060000 11.490000 5.300000e+04
736196 11.200000 11.640000 11.200000 11.370000 1.830000e+04
736197 11.200000 11.350000 10.680000 11.080000 4.490000e+04
736200 10.650000 10.890000 10.570000 10.890000 4.070000e+04
736201 11.070000 11.070000 10.840000 10.950000 1.410000e+04
736202 11.070000 11.070000 10.920000 10.960000 6.700000e+03
736203 10.900000 11.070000 10.900000 11.000000 1.200000e+04
736204 10.990000 11.060000 10.990000 11.010000 8.800000e+03
736207 11.050000 11.450000 10.720000 11.450000 3.650000e+04
736208 11.270000 11.470000 10.770000 11.050000 1.630000e+04
736209 11.120000 11.120000 10.860000 10.880000 1.330000e+04
736210 11.010000 11.010000 10.780000 10.810000 3.800000e+03
736211 10.800000 10.940000 10.750000 10.830000 3.500000e+03
736215 10.850000 10.900000 10.640000 10.890000 1.620000e+04
736216 10.880000 10.960000 10.840000 10.900000 4.900000e+03
736217 10.910000 10.910000 10.790000 10.840000 8.500000e+03
736218 10.830000 10.950000 10.810000 10.910000 2.840000e+04
736221 10.920000 10.920000 10.720000 10.840000 4.400000e+03
736222 10.800000 10.800000 10.530000 10.530000 9.700000e+03
736223 10.850000 10.850000 10.540000 10.850000 2.100000e+04
736224 10.850000 11.900000 10.800000 11.500000 2.007000e+05
736225 11.400000 11.840000 11.300000 11.450000 7.490000e+04
736228 11.400000 11.660000 11.220000 11.410000 5.660000e+04
736229 11.280000 11.560000 11.200000 11.270000 3.610000e+04
736230 11.340000 11.400000 11.290000 11.320000 7.600000e+03
736231 11.230000 11.310000 11.110000 11.280000 9.100000e+03
736232 11.280000 11.390000 10.700000 10.700000 2.140000e+04
736235 10.700000 10.900000 10.650000 10.750000 1.890000e+04
736236 11.000000 11.100000 10.700000 10.990000 2.180000e+04
736237 11.180000 11.180000 10.940000 11.100000 1.820000e+04
736238 11.000000 11.120000 10.750000 10.950000 2.370000e+04
736239 10.910000 10.970000 10.410000 10.730000 2.110000e+04
736242 10.710000 10.830000 10.200000 10.750000 3.240000e+04
736243 10.680000 10.690000 10.520000 10.580000 1.390000e+04
736244 10.530000 10.750000 10.390000 10.690000 2.660000e+04
736245 10.700000 10.740000 10.650000 10.700000 1.690000e+04
736246 10.620000 10.810000 10.600000 10.670000 2.550000e+04
736249 10.640000 10.850000 10.500000 10.650000 2.630000e+04
736250 10.600000 10.700000 10.400000 10.450000 3.300000e+03
736251 10.450000 10.580000 10.400000 10.520000 5.500000e+03
736252 10.510000 10.570000 10.400000 10.540000 1.470000e+04
736253 10.450000 10.590000 10.080000 10.480000 3.450000e+04
736256 10.150000 10.540000 9.810000 10.250000 3.820000e+04
736257 10.160000 10.490000 10.160000 10.250000 1.620000e+04
736258 10.300000 10.310000 9.390000 9.600000 1.136000e+05
736259 9.750000 10.250000 9.650000 9.720000 2.610000e+04
736260 9.770000 9.890000 9.020000 9.700000 2.380000e+04
736263 9.410000 10.060000 9.210000 9.620000 7.350000e+04
736264 9.600000 11.380000 9.600000 10.660000 1.304000e+05
736265 10.620000 11.000000 10.590000 10.910000 2.930000e+04
736266 10.840000 10.950000 10.820000 10.860000 2.430000e+04
736267 10.830000 11.240000 10.800000 11.200000 6.010000e+04
736270 11.280000 11.700000 11.220000 11.570000 3.690000e+04
736271 11.550000 12.050000 11.200000 11.520000 1.954000e+05
736272 10.650000 11.840000 10.650000 11.540000 3.200000e+04
736273 11.580000 11.800000 11.170000 11.480000 2.760000e+04
736274 11.290000 11.670000 11.090000 11.550000 1.880000e+04
736277 11.600000 11.600000 11.400000 11.520000 1.340000e+04
736278 11.530000 11.530000 11.250000 11.410000 3.250000e+04
736279 11.360000 11.510000 11.250000 11.500000 1.390000e+04
736280 11.280000 11.390000 11.280000 11.340000 1.590000e+04
736281 11.280000 11.490000 11.110000 11.410000 3.820000e+04
736284 11.300000 11.400000 11.220000 11.390000 7.600000e+03
736285 11.270000 11.400000 11.200000 11.280000 1.520000e+04
736286 11.350000 11.390000 11.210000 11.380000 9.700000e+03
736287 11.330000 11.380000 10.550000 11.280000 6.370000e+04
736288 11.250000 11.360000 11.230000 11.250000 3.300000e+03
736291 11.160000 11.370000 11.110000 11.280000 1.760000e+04
736292 11.000000 11.270000 11.000000 11.070000 3.760000e+04
736293 11.150000 11.310000 11.020000 11.300000 5.000000e+03
736295 11.220000 11.320000 11.120000 11.230000 1.840000e+04
736298 11.240000 11.530000 11.140000 11.420000 2.000000e+04
736299 11.500000 12.300000 11.500000 12.290000 1.099000e+05
736300 12.300000 12.930000 12.150000 12.930000 1.013000e+05
736301 12.970000 13.500000 12.380000 12.850000 1.181000e+05
736302 12.900000 13.500000 12.620000 13.260000 4.320000e+04
736305 13.260000 13.260000 12.100000 13.200000 5.380000e+04
736306 13.100000 13.240000 12.500000 12.970000 3.260000e+04
736307 12.960000 13.400000 12.520000 12.800000 1.490000e+04
736308 12.800000 12.930000 12.660000 12.900000 1.670000e+04
736309 12.860000 12.860000 12.570000 12.650000 1.100000e+04
736312 12.800000 12.890000 12.160000 12.260000 3.930000e+04
736313 12.400000 12.960000 11.800000 12.550000 3.200000e+04
736314 12.680000 12.850000 12.000000 12.650000 1.760000e+04
736315 12.710000 12.990000 12.230000 12.770000 3.560000e+04
736316 12.540000 13.480000 12.520000 13.480000 3.740000e+04
736319 13.620000 14.540000 13.050000 14.440000 9.720000e+04
736320 14.380000 14.630000 13.940000 14.400000 2.950000e+04
736321 14.600000 14.600000 13.590000 13.710000 7.730000e+04
736322 13.660000 13.800000 12.720000 13.080000 2.630000e+04
736326 13.190000 13.580000 13.100000 13.400000 4.450000e+04
736327 13.750000 14.680000 13.270000 14.330000 1.331000e+05
736328 14.600000 14.650000 14.090000 14.520000 3.520000e+04
736329 14.640000 15.090000 14.350000 14.930000 6.130000e+04
736333 15.500000 15.510000 12.780000 14.220000 1.589000e+05
736334 13.980000 14.970000 12.900000 14.140000 1.869000e+05
736335 13.880000 14.480000 13.670000 13.680000 4.350000e+04
736336 13.400000 14.000000 12.210000 13.220000 1.153000e+05
736337 13.630000 13.800000 13.280000 13.770000 5.900000e+04
736340 13.670000 14.000000 13.310000 13.680000 8.200000e+04
736341 14.000000 14.390000 12.210000 12.630000 1.200000e+05
736342 12.620000 13.050000 11.440000 11.720000 6.580000e+04
736343 11.600000 13.000000 11.260000 12.840000 1.048000e+05
736344 12.490000 12.680000 12.290000 12.410000 8.620000e+04
736348 12.910000 13.460000 12.650000 12.970000 8.680000e+04
736349 12.850000 13.660000 12.850000 13.620000 1.070000e+05
736350 13.700000 16.139999 13.700000 15.740000 3.236000e+05
736351 15.800000 17.600000 15.800000 16.629999 3.459000e+05
736354 16.450001 16.860001 16.160000 16.490000 9.050000e+04
736355 16.500000 16.549999 16.139999 16.219999 4.760000e+04
736356 16.020000 16.320000 15.370000 15.970000 1.259000e+05
736357 15.650000 15.750000 14.660000 14.960000 1.203000e+05
736358 14.850000 15.400000 14.320000 15.060000 6.480000e+04
736361 15.110000 15.880000 14.800000 15.810000 1.414000e+05
736362 15.620000 16.290001 15.240000 15.840000 9.700000e+04
736363 16.090000 16.100000 15.080000 15.110000 4.390000e+04
736364 15.140000 15.510000 15.100000 15.160000 1.350000e+04
736365 15.120000 15.270000 14.300000 15.130000 3.460000e+04
736368 14.890000 15.000000 14.000000 14.180000 4.080000e+04
736369 14.170000 14.640000 14.050000 14.220000 2.110000e+04
736370 14.100000 14.750000 13.440000 14.200000 6.490000e+04
736371 14.040000 14.200000 13.380000 13.820000 7.100000e+04
736372 13.880000 14.120000 13.100000 13.860000 8.180000e+04
736376 14.070000 14.410000 13.300000 13.780000 1.033000e+05
736377 14.000000 14.920000 13.350000 13.550000 2.489000e+05
736378 13.960000 14.000000 13.250000 13.620000 1.613000e+05
736379 13.480000 13.740000 12.690000 13.530000 1.120000e+05
736382 13.520000 13.990000 13.000000 13.120000 1.553000e+05
736383 13.100000 13.400000 12.570000 12.930000 1.697000e+05
736384 12.800000 13.100000 12.480000 12.890000 9.260000e+04
736385 13.070000 13.190000 12.780000 13.010000 5.350000e+04
736386 13.090000 13.430000 12.990000 13.310000 8.030000e+04
736389 13.210000 13.300000 13.010000 13.130000 8.100000e+04
736390 13.150000 13.300000 12.560000 13.050000 1.012000e+05
736391 13.020000 13.340000 12.820000 13.290000 8.970000e+04
736392 13.360000 13.370000 13.020000 13.150000 7.940000e+04
736393 13.260000 13.520000 12.900000 13.470000 2.032000e+05
736396 13.500000 14.600000 13.470000 14.410000 2.352000e+05
736397 14.460000 14.990000 13.920000 14.280000 6.000000e+04
736398 14.450000 14.460000 13.900000 14.290000 6.600000e+04
736399 14.310000 14.310000 13.380000 13.900000 1.053000e+05
736400 13.880000 14.150000 13.540000 14.030000 1.237000e+05
736403 14.000000 14.400000 13.850000 14.280000 1.075000e+05
736404 14.240000 14.350000 14.050000 14.180000 7.660000e+04
736405 13.980000 14.240000 13.420000 13.590000 2.920000e+05
736406 13.450000 13.910000 13.330000 13.850000 5.070000e+04
736407 13.850000 14.200000 13.660000 13.940000 7.840000e+04
736410 13.890000 14.530000 13.670000 14.520000 1.134000e+05
736411 14.450000 15.200000 13.050000 14.690000 1.185000e+05
736412 14.560000 14.740000 14.020000 14.220000 6.290000e+04
736413 14.120000 14.120000 13.620000 13.720000 2.780000e+04
736417 13.680000 13.810000 12.980000 13.410000 9.190000e+04
736418 13.110000 13.700000 12.750000 13.560000 4.660000e+04
736419 13.490000 13.490000 12.750000 13.290000 2.204000e+05
736420 13.340000 13.760000 13.110000 13.690000 1.211000e+05
736421 13.660000 13.990000 13.500000 13.550000 4.190000e+04
736424 13.620000 13.820000 13.600000 13.770000 2.900000e+04
736425 13.720000 13.820000 13.410000 13.740000 2.460000e+04
736426 13.720000 14.000000 13.650000 13.830000 4.240000e+04
736427 13.730000 13.840000 13.610000 13.770000 2.040000e+04
736428 13.770000 13.960000 13.640000 13.730000 2.830000e+04
736431 13.810000 13.890000 13.590000 13.680000 2.920000e+04
736432 13.580000 13.860000 13.520000 13.750000 2.640000e+04
736433 13.770000 13.940000 13.750000 13.820000 4.110000e+04
736434 13.820000 14.000000 13.800000 13.950000 5.930000e+04
736435 13.950000 13.970000 13.780000 13.840000 1.710000e+04
736438 13.890000 14.190000 13.800000 14.140000 5.670000e+04
736439 14.050000 14.230000 13.950000 14.020000 3.790000e+04
736440 14.100000 14.450000 14.060000 14.350000 1.100000e+05
736441 14.250000 14.370000 14.080000 14.320000 4.160000e+04
736442 14.360000 14.520000 14.250000 14.330000 5.710000e+04
736445 14.300000 14.360000 14.230000 14.300000 2.630000e+04
736446 14.310000 14.600000 14.110000 14.290000 1.354000e+05
736447 14.260000 14.390000 14.120000 14.270000 2.060000e+04
736448 14.190000 14.440000 14.010000 14.150000 7.760000e+04
736449 14.150000 14.210000 13.410000 13.610000 3.430000e+04
736452 14.000000 14.000000 13.390000 13.590000 3.570000e+04
736453 13.570000 13.570000 13.320000 13.410000 3.570000e+04
736454 13.400000 13.610000 13.040000 13.150000 4.450000e+04
736455 13.130000 13.230000 12.780000 13.100000 5.020000e+04
736456 13.160000 13.190000 12.930000 13.080000 5.670000e+04
736459 13.070000 13.160000 12.980000 13.060000 3.080000e+04
736460 13.570000 14.200000 13.470000 13.760000 2.775000e+05
736461 13.820000 13.820000 13.080000 13.150000 1.215000e+05
736462 13.210000 13.210000 13.000000 13.060000 3.570000e+04
736463 13.010000 13.100000 12.810000 12.950000 5.470000e+04
736466 13.000000 13.080000 12.350000 12.500000 7.620000e+04
736467 12.500000 12.920000 11.680000 12.510000 1.010000e+05
736468 12.570000 12.570000 11.980000 12.230000 8.410000e+04
736469 12.200000 12.400000 11.670000 11.820000 2.877000e+05
736470 11.600000 11.960000 11.110000 11.290000 1.448900e+06
736473 11.740000 11.750000 11.400000 11.510000 3.508000e+05
736474 11.620000 12.000000 11.490000 11.820000 4.467000e+05
736475 11.770000 12.600000 11.740000 12.560000 4.791000e+05
736476 12.660000 12.660000 12.110000 12.350000 1.260000e+05
736477 12.300000 12.650000 12.240000 12.340000 1.843000e+05
736481 12.400000 12.610000 12.190000 12.490000 1.856000e+05
736482 12.410000 12.500000 12.270000 12.490000 6.980000e+04
736483 12.500000 12.500000 12.150000 12.450000 6.370000e+04
736484 12.360000 12.460000 12.080000 12.160000 9.750000e+04
736487 12.230000 12.230000 11.820000 12.040000 1.200000e+05
736488 11.960000 12.000000 11.600000 11.720000 1.931000e+05
736489 11.700000 11.750000 11.420000 11.580000 2.133000e+05
736490 11.580000 11.780000 11.270000 11.760000 3.254000e+05
736491 11.700000 11.960000 11.400000 11.610000 2.211000e+05
736494 11.670000 11.670000 11.340000 11.430000 9.940000e+04
736495 11.510000 11.800000 11.260000 11.790000 1.394000e+05
736496 11.890000 12.100000 11.720000 12.100000 2.270000e+05
736497 12.100000 12.240000 11.910000 12.190000 1.023000e+05
736498 12.160000 12.550000 12.130000 12.540000 2.008000e+05
736501 12.690000 13.200000 12.450000 12.940000 2.489000e+05
736502 12.990000 12.990000 12.580000 12.870000 2.225000e+05
736503 12.840000 13.000000 12.610000 12.850000 1.743000e+05
736504 12.980000 12.980000 12.510000 12.810000 7.860000e+04
736505 12.370000 12.730000 11.520000 11.940000 2.163000e+05
736508 11.890000 11.890000 11.380000 11.460000 1.030000e+05
736509 11.590000 11.750000 11.310000 11.390000 1.237000e+05
736510 11.510000 11.510000 11.160000 11.390000 8.140000e+04
736511 11.390000 11.780000 11.310000 11.650000 2.719000e+05
736512 11.690000 11.760000 11.310000 11.690000 2.005000e+05
736516 11.690000 11.950000 11.510000 11.940000 1.093000e+05
736517 11.900000 12.150000 11.730000 12.150000 8.270000e+04
736518 12.150000 12.440000 12.080000 12.160000 1.266000e+05
736519 12.220000 12.320000 12.080000 12.210000 8.490000e+04
736522 12.350000 12.790000 12.140000 12.690000 1.649000e+05
736523 12.730000 13.070000 12.570000 13.070000 1.830000e+05
736524 13.020000 13.180000 12.990000 13.090000 7.370000e+04
736525 13.100000 13.400000 12.860000 13.390000 2.227000e+05
736526 13.370000 13.490000 12.800000 13.460000 4.440000e+04
736529 13.520000 13.770000 13.370000 13.450000 8.370000e+04
736530 13.530000 13.840000 13.000000 13.500000 5.020000e+04
736531 13.220000 13.600000 13.220000 13.490000 4.590000e+04
736532 13.530000 13.570000 13.260000 13.480000 3.550000e+04
736533 13.520000 13.710000 13.350000 13.550000 6.240000e+04
736536 13.470000 13.700000 13.450000 13.680000 4.100000e+04
736537 13.730000 14.130000 13.480000 13.920000 1.531000e+05
736538 13.930000 14.280000 13.870000 14.120000 8.760000e+04
736539 14.220000 14.410000 13.950000 14.090000 6.760000e+04
736540 14.090000 14.300000 14.000000 14.240000 6.700000e+04
736543 14.200000 14.690000 14.160000 14.510000 1.364000e+05
736544 14.620000 14.620000 14.220000 14.350000 1.168000e+05
736545 15.300000 15.750000 14.830000 15.670000 4.824000e+05
736546 15.750000 16.620001 15.220000 16.309999 5.539000e+05
736547 16.260000 16.790001 16.000000 16.670000 2.298000e+05
736550 16.559999 16.770000 16.129999 16.260000 9.620000e+04
736551 16.400000 16.400000 16.110001 16.290001 3.910000e+04
736552 16.309999 16.400000 16.100000 16.230000 6.370000e+04
736553 16.299999 16.840000 16.270000 16.370001 1.828000e+05
736554 16.520000 16.940001 16.299999 16.900000 1.710000e+05
736557 16.900000 17.200001 16.870001 16.969999 1.040000e+05
736558 16.990000 17.000000 16.790001 16.910000 6.550000e+04
736559 16.910000 17.000000 16.750000 16.820000 1.026000e+05
736560 16.830000 16.940001 16.600000 16.879999 6.050000e+04
736561 16.940001 17.000000 16.590000 16.799999 1.345000e+05
736564 16.879999 16.889999 16.540001 16.700001 1.021000e+05
736565 16.760000 17.000000 16.650000 16.840000 1.313000e+05
736566 16.820000 16.950001 16.730000 16.799999 1.819000e+05
736567 16.860001 16.879999 16.740000 16.790001 5.740000e+04
736568 16.799999 18.000000 16.670000 17.959999 1.201900e+06
736571 18.180000 19.170000 17.889999 19.040001 8.172000e+05
736572 19.000000 19.139999 18.910000 19.020000 2.112000e+05
736573 19.000000 19.040001 18.790001 18.959999 1.680000e+05
736574 18.950001 19.090000 18.850000 19.030001 6.480000e+04
736575 19.049999 19.840000 18.760000 19.750000 3.061000e+05
736579 19.950001 20.129999 19.740000 19.969999 2.160000e+05
736580 20.110001 20.219999 18.940001 19.309999 1.155000e+05
736581 19.340000 19.389999 18.299999 18.790001 1.254000e+05
736582 18.600000 19.010000 18.379999 18.900000 1.613000e+05
736585 18.690001 19.219999 18.690001 19.219999 1.672000e+05
736586 19.219999 19.299999 18.889999 19.100000 9.000000e+04
736587 18.910000 19.250000 18.450001 18.719999 2.290000e+05
736588 18.620001 18.820000 18.620001 18.780001 1.122000e+05
736589 18.600000 18.930000 18.540001 18.870001 1.663000e+05
736592 19.040001 19.480000 18.799999 19.190001 2.474000e+05
736593 19.200001 19.360001 19.090000 19.170000 1.021000e+05
736594 19.209999 20.230000 19.110001 20.219999 4.697000e+05
736595 20.320000 20.320000 19.080000 19.610001 2.539000e+05
736596 19.510000 19.600000 19.139999 19.330000 2.249000e+05
736599 19.379999 20.900000 19.030001 20.490000 6.613000e+05
736600 20.510000 20.549999 20.100000 20.400000 1.808000e+05
736601 20.450001 20.450001 19.870001 19.920000 1.325000e+05
736602 19.799999 19.860001 19.400000 19.540001 7.360000e+04
736603 19.540001 20.610001 19.360001 20.420000 2.414000e+05
736606 20.600000 20.600000 19.549999 19.700001 5.540000e+04
736607 19.799999 19.940001 19.530001 19.889999 7.920000e+04
736608 19.990000 20.250000 19.889999 20.250000 9.500000e+04
736609 20.219999 21.490000 19.870001 21.290001 4.612000e+05
736610 21.490000 21.910000 20.770000 21.840000 2.911000e+05
736613 22.139999 22.350000 21.750000 21.889999 3.234000e+05
736614 22.049999 22.049999 20.889999 20.950001 1.455000e+05
736615 20.850000 21.049999 20.540001 20.750000 5.200000e+04
736616 20.750000 20.770000 20.049999 20.400000 1.739000e+05
736617 20.299999 20.930000 19.959999 20.360001 1.500000e+05
736620 20.150000 20.299999 20.100000 20.150000 3.840000e+04
736621 20.400000 20.750000 20.000000 20.100000 4.260000e+04
736622 19.900000 20.299999 19.500000 20.200001 7.440000e+04
736623 20.250000 20.250000 20.049999 20.150000 2.210000e+04
736624 20.000000 20.450001 20.000000 20.200001 4.870000e+04
736627 20.500000 21.150000 20.100000 21.100000 1.333000e+05
736628 21.000000 21.000000 19.950001 20.650000 1.098000e+05
736629 20.500000 20.900000 20.389999 20.549999 2.364000e+05
736630 20.400000 20.650000 19.950001 20.049999 2.225000e+05
736631 19.950001 20.650000 19.100000 19.850000 2.859000e+05
736634 19.600000 20.600000 19.500000 20.299999 2.288000e+05
736635 20.549999 20.700001 19.500000 19.950001 5.041000e+05
736636 19.850000 20.049999 17.799999 17.900000 5.505000e+05
736637 17.900000 18.150000 17.650000 17.650000 1.718000e+05
736638 17.650000 18.000000 17.500000 17.700001 9.720000e+04
736641 17.700001 18.299999 17.680000 18.200001 1.093000e+05
736642 18.299999 18.350000 18.000000 18.250000 8.910000e+04
736643 18.000000 18.450001 17.860001 18.350000 6.760000e+04
736644 18.299999 18.750000 17.900000 18.150000 1.000000e+05
736645 18.150000 18.600000 18.100000 18.549999 4.780000e+04
736648 18.600000 18.950001 18.400000 18.700001 8.780000e+04
736649 18.700001 19.100000 18.350000 18.900000 7.310000e+04
736650 18.549999 18.950001 18.500000 18.750000 2.660000e+04
736651 18.650000 18.700001 18.500000 18.650000 3.690000e+04
736652 18.700001 19.400000 18.660000 19.350000 5.590000e+04
736655 19.350000 20.049999 19.299999 19.900000 1.792000e+05
736656 19.500000 19.900000 19.500000 19.850000 5.350000e+04
736657 19.850000 20.049999 19.299999 19.799999 5.470000e+04
736659 19.900000 19.900000 19.549999 19.750000 1.630000e+04
736662 19.799999 20.000000 19.400000 19.799999 6.280000e+04
736663 19.850000 19.900000 19.200001 19.299999 3.550000e+04
736664 19.000000 19.150000 18.299999 18.850000 6.850000e+04
736665 18.700001 18.750000 17.600000 17.900000 1.632000e+05
736666 18.000000 18.000000 17.500000 17.650000 5.700000e+04
736669 17.900000 18.650000 17.650000 18.500000 4.980000e+04
736670 18.299999 18.549999 18.000000 18.450001 3.850000e+04
736671 18.450001 18.549999 18.299999 18.350000 3.050000e+04
736672 18.350000 18.770000 18.100000 18.650000 1.224000e+05
736673 18.750000 18.750000 18.500000 18.500000 2.050000e+04
736676 18.549999 19.100000 18.250000 18.950001 5.790000e+04
736677 19.000000 19.000000 18.650000 18.700001 1.670000e+04
736678 18.700001 18.750000 18.500000 18.600000 1.640000e+04
736679 18.500000 18.700001 18.450001 18.500000 3.320000e+04
736680 18.400000 18.750000 18.299999 18.299999 2.780000e+04
736683 18.200001 18.400000 18.100000 18.250000 5.630000e+04
736684 18.200001 18.500000 18.150000 18.400000 1.380000e+04
736685 18.500000 18.500000 18.250000 18.450001 3.050000e+04
736686 18.299999 18.350000 18.250000 18.350000 3.850000e+04
736687 18.200001 18.350000 18.150000 18.250000 7.500000e+03
736691 18.049999 18.250000 18.000000 18.049999 1.653000e+05
736692 18.000000 18.049999 17.850000 17.950001 4.460000e+04
736693 18.049999 18.049999 17.750000 17.900000 1.021000e+05
736694 17.850000 17.850000 17.600000 17.799999 6.980000e+04
736698 17.950001 18.650000 17.950001 18.549999 1.404000e+05
736699 18.600000 18.600000 18.299999 18.600000 3.320000e+04
736700 18.549999 19.100000 18.500000 18.700001 1.061000e+05
736701 18.700001 18.700001 18.400000 18.650000 1.720000e+04
736704 18.650000 18.799999 18.450001 18.799999 1.690000e+04
736705 18.850000 18.850000 18.600000 18.750000 1.720000e+04
736706 19.150000 19.150000 18.650000 18.650000 9.600000e+03
736707 18.600000 18.600000 17.750000 17.950001 1.063000e+05
736708 18.000000 18.350000 17.799999 17.850000 5.400000e+04
736712 17.700001 17.700001 17.000000 17.500000 5.700000e+04
736713 17.450001 17.600000 17.049999 17.100000 4.200000e+04
736714 17.049999 17.250000 16.770000 17.150000 3.010000e+04
736715 17.100000 17.459999 17.100000 17.299999 2.140000e+04
736718 17.350000 18.600000 17.100000 18.049999 1.334000e+05
736719 18.100000 18.400000 17.799999 18.299999 6.110000e+04
736720 18.500000 18.600000 18.270000 18.299999 3.440000e+04
736721 18.400000 18.400000 17.900000 18.200001 3.720000e+04
736722 17.879999 18.450001 17.879999 18.350000 1.400000e+04
736725 18.200001 18.950001 17.750000 18.400000 1.369000e+05
736726 18.500000 18.950001 18.000000 18.850000 9.890000e+04
736727 19.000000 19.150000 18.799999 18.900000 3.400000e+04
736728 18.799999 19.100000 18.799999 19.000000 3.090000e+04
736729 19.049999 19.250000 19.049999 19.150000 1.260000e+04
736732 19.299999 19.400000 18.900000 19.049999 4.260000e+04
736733 19.100000 19.150000 18.600000 18.799999 4.240000e+04
736734 18.750000 18.900000 18.049999 18.350000 4.890000e+04
736735 18.350000 18.799999 18.350000 18.650000 4.220000e+04
736736 18.650000 18.750000 18.350000 18.500000 2.640000e+04
736739 18.450001 18.650000 17.950001 18.049999 6.340000e+04
736740 18.000000 18.000000 16.750000 17.000000 1.382000e+05
736741 17.000000 17.250000 16.600000 17.000000 9.230000e+04
736742 17.059999 17.299999 17.000000 17.200001 3.310000e+04
736743 17.150000 17.299999 16.950001 17.049999 2.050000e+04
736747 16.950001 18.000000 16.870001 17.900000 6.530000e+04
736748 17.850000 18.400000 17.549999 18.200001 7.960000e+04
736749 18.250000 18.250000 18.000000 18.049999 3.850000e+04
736750 17.950001 18.000000 17.700001 17.900000 2.660000e+04
736753 17.600000 18.299999 17.600000 18.299999 5.150000e+04
736754 18.299999 18.450001 18.000000 18.450001 5.200000e+04
736755 18.450001 18.799999 18.400000 18.549999 4.730000e+04
736756 18.650000 18.650000 18.250000 18.450001 3.560000e+04
736757 18.299999 18.400000 18.049999 18.299999 5.060000e+04
736760 18.299999 18.350000 18.219999 18.350000 3.050000e+04
736761 18.350000 18.450001 18.299999 18.299999 2.310000e+04
736762 18.350000 18.400000 18.049999 18.299999 3.300000e+04
736763 18.250000 18.700001 18.150000 18.650000 2.850000e+04
736764 18.750000 18.750000 18.299999 18.299999 1.840000e+04
