736034 13.947951 14.070841 13.702172 13.855784 9.530076e+05
736035 13.978674 14.255175 13.978674 14.101563 4.334925e+05
736036 14.101563 14.224452 13.978673 14.224452 3.849512e+05
736039 14.347341 14.408785 14.224451 14.378063 4.980094e+05
736040 14.347342 14.623843 14.285897 14.623843 6.454768e+05
736041 14.593121 14.685288 14.378064 14.685288 6.967831e+05
736042 14.716010 14.777454 14.439508 14.654565 3.726622e+05
736043 14.685286 14.746731 14.531675 14.562397 1.657471e+06
736046 14.562398 14.746732 14.470231 14.654565 1.101704e+06
736047 14.654566 14.716010 14.654566 14.685288 3.990835e+05
736048 14.716008 14.716008 14.500952 14.500952 7.981668e+05
736049 14.470231 14.531676 14.224453 14.347342 9.576160e+05
736050 14.633651 14.665464 14.315528 14.379153 6.725117e+05
736053 14.347341 14.633652 14.347341 14.442778 4.262846e+05
736054 14.379153 14.474590 14.379153 14.442778 3.986079e+05
736055 14.410965 14.442777 14.124655 14.283716 6.928716e+05
736056 14.251904 14.410965 14.220091 14.283716 5.007254e+05
736060 14.283716 14.379153 14.220092 14.251904 4.231034e+05
736061 14.251904 14.538214 14.220092 14.379153 4.657319e+05
736062 14.347341 14.379154 14.251904 14.315529 2.646782e+05
736063 14.283716 14.379153 14.188279 14.283716 3.512076e+05
736064 14.347341 14.506402 14.251904 14.283716 4.071972e+05
736067 14.283716 14.442778 14.283716 14.379153 3.298934e+05
736068 14.347341 14.410965 14.251904 14.283716 3.101698e+05
736069 14.283717 14.538216 14.283717 14.474591 6.130228e+05
736070 14.474590 14.538215 14.379153 14.442778 3.706131e+05
736071 14.379153 14.442778 14.220092 14.251904 4.412364e+05
736074 14.251904 14.315528 14.188279 14.283716 3.897005e+05
736075 14.283717 14.379154 14.220092 14.315529 1.291579e+06
736076 14.251904 14.315529 14.251904 14.315529 5.039066e+05
736077 14.251904 14.315528 14.220091 14.283716 6.063422e+05
736078 14.283717 14.442778 14.283717 14.315529 7.119590e+05
736081 14.379153 14.474590 14.251904 14.283716 4.666862e+05
736082 14.474590 14.474590 14.251904 14.315529 7.192758e+05
736083 14.315529 14.442778 14.315529 14.315529 7.243658e+05
736084 14.347341 14.347341 13.965593 14.029218 9.031508e+05
736085 14.029218 14.156468 13.806532 13.870157 8.789735e+05
736088 13.870157 14.061031 13.806532 13.997406 6.222483e+05
736089 13.997406 14.092843 13.870157 13.870157 8.881990e+05
736090 13.838344 13.997406 13.838344 13.901969 9.502330e+05
736091 13.933782 13.997407 13.806533 13.933782 4.876824e+05
736092 13.997405 14.061030 13.838344 13.965593 5.207671e+05
736095 13.997406 13.997406 13.711096 13.742908 5.185403e+05
736096 13.679284 13.742909 13.520223 13.679284 8.567049e+05
736097 13.742909 13.806533 13.520223 13.552035 3.763394e+05
736098 13.520222 13.647471 13.456597 13.647471 5.923448e+05
736099 13.615659 13.647471 13.456597 13.520222 5.926629e+05
736102 13.488410 13.742908 13.456597 13.742908 6.155678e+05
736103 13.711095 13.774720 13.679283 13.711095 3.852468e+05
736104 13.679284 13.806533 13.615659 13.679284 3.314840e+05
736105 13.679283 13.742907 13.520221 13.583846 2.370015e+05
736106 13.583846 13.583846 13.329348 13.456597 5.964804e+05
736110 13.424784 13.520221 13.138474 13.297535 7.803553e+05
736111 13.233911 13.488409 13.233911 13.488409 4.832286e+05
736112 13.424784 13.488409 13.392972 13.424784 3.012623e+05
736113 13.361160 13.392972 13.265723 13.297535 5.579875e+05
736116 13.297536 13.488410 13.265724 13.392973 5.897998e+05
736117 13.361161 13.392973 13.297536 13.392973 4.689131e+05
736118 13.424784 13.456597 13.043037 13.043037 7.584049e+05
736119 13.043038 13.202099 13.043038 13.074850 9.553230e+05
736120 13.011225 13.170287 13.011225 13.106662 7.806735e+05
736123 13.074850 13.170287 13.043037 13.106662 4.724125e+05
736124 13.138475 13.170287 13.074850 13.074850 4.507801e+05
736125 13.074849 13.170286 13.043037 13.170286 5.207671e+05
736126 13.170287 13.265724 13.106663 13.265724 3.340290e+05
736127 13.265724 13.361160 13.202099 13.202099 2.430459e+05
736130 13.265724 13.424785 13.202099 13.392973 4.304202e+05
736131 13.456597 13.647471 13.392972 13.583846 6.257477e+05
736132 13.552034 13.647471 13.392973 13.615659 4.975442e+05
736133 13.615658 13.965593 13.615658 13.838344 7.475887e+05
736134 13.901969 13.933781 13.679283 13.774720 1.645013e+06
736137 13.806532 13.901969 13.552034 13.583846 7.749473e+05
736138 13.583846 13.679283 13.488409 13.583846 5.188584e+05
736139 13.647470 13.647470 13.424784 13.424784 7.377269e+05
736140 13.583846 13.615658 13.361160 13.361160 8.586136e+05
736141 13.361160 13.625737 13.228871 13.427304 1.226978e+06
736144 13.394232 13.427305 12.765861 12.765861 9.627311e+05
736145 12.865077 12.997366 12.798933 12.798933 1.036813e+06
736146 12.832006 12.964294 12.832006 12.898150 5.989372e+05
736147 12.898149 13.030438 12.600499 12.732788 7.633058e+05
736151 12.534356 12.898150 11.773696 12.898150 6.740110e+05
736152 12.931222 13.129655 12.798933 12.931222 4.302690e+05
736153 12.798933 13.030438 12.633572 12.765861 3.641247e+05
736154 12.865077 12.865077 12.468211 12.600500 6.895549e+05
736155 12.666644 12.798933 12.600500 12.798933 2.989725e+05
736158 12.832005 12.898149 12.732788 12.732788 2.563094e+05
736159 12.699717 12.898150 12.699717 12.832006 2.854129e+05
736160 12.798933 12.798933 12.435139 12.468211 5.179103e+05
736161 12.435139 12.699716 12.435139 12.666644 3.495729e+05
736162 12.633572 12.699716 12.567428 12.633572 3.307218e+05
736165 12.666644 12.666644 12.038273 12.236706 1.154880e+06
736166 12.137489 12.335922 11.839839 11.939056 7.897636e+05
736167 11.905984 12.137490 11.905984 12.005201 3.700777e+05
736168 11.939057 12.071345 11.575263 11.641407 1.197213e+06
736169 11.575262 11.641407 11.244541 11.310685 9.713299e+05
736172 11.277613 11.542191 11.244541 11.442974 4.709478e+05
736173 11.575263 11.575263 11.310686 11.376830 6.118353e+05
736174 11.409901 11.707551 11.409901 11.575262 6.786411e+05
736175 11.542190 11.773696 11.542190 11.641407 5.152645e+05
736176 11.740623 12.137490 11.707551 11.839840 9.624004e+05
736179 11.872912 11.872912 11.608335 11.608335 4.097643e+05
736180 11.575262 11.740623 11.509118 11.509118 2.434112e+05
736181 9.987797 10.417736 9.590931 10.087014 4.613899e+06
736182 9.954726 10.053942 9.723220 9.822437 1.437978e+06
736183 9.888581 10.483880 9.888581 10.053942 1.668491e+06
736186 10.153159 10.252375 9.954726 10.020870 1.322887e+06
736187 9.954726 10.087015 9.888582 9.954726 7.213042e+05
736188 9.954725 10.153158 9.855509 10.087014 9.511558e+05
736189 10.053942 10.483881 10.020870 10.384664 9.230445e+05
736190 10.384664 10.583097 10.318520 10.516953 6.468918e+05
736193 10.516952 11.013035 10.516952 11.013035 1.624175e+06
736194 10.913819 11.343757 10.748458 11.277613 2.265444e+06
736195 11.244541 11.310686 10.979964 11.211469 1.225324e+06
736196 11.112252 11.178396 10.946891 10.979963 6.111738e+05
736197 10.781530 10.979963 10.649241 10.748458 1.054672e+06
736200 10.153158 10.649241 9.888581 10.285447 1.511068e+06
736201 10.450808 10.550024 10.120086 10.120086 1.249798e+06
736202 10.219303 10.318519 10.020870 10.252375 6.875706e+05
736203 10.318520 10.583098 10.318520 10.450809 8.463171e+05
736204 10.384664 10.516953 10.318520 10.351592 4.623491e+05
736207 10.219303 10.880747 10.153159 10.715386 4.670122e+06
736208 10.715386 10.715386 10.715386 10.715386 0.000000e+00
736209 10.715386 10.715386 10.715386 10.715386 0.000000e+00
736210 10.715386 10.715386 10.715386 10.715386 0.000000e+00
736211 10.640973 10.889014 10.599633 10.847674 2.230718e+05
736215 10.946891 10.955159 10.649241 10.781530 2.839246e+05
736216 10.822870 10.913819 10.707118 10.764994 2.884721e+05
736217 10.773262 10.922087 10.731922 10.773262 2.196819e+05
736218 10.731923 10.822871 10.657510 10.798067 3.753693e+05
736221 10.814602 10.814602 10.541757 10.574829 2.695383e+05
736222 10.574829 10.583097 10.103550 10.467344 7.387498e+05
736223 10.450809 10.674046 10.392933 10.649242 2.702824e+05
736224 10.624438 11.120521 10.599634 10.971696 3.131109e+05
736225 10.872479 11.294149 10.872479 11.244541 5.074926e+05
736228 11.269344 11.558726 11.252808 11.401633 4.816963e+05
736229 11.277613 11.409901 11.079180 11.161860 2.617663e+05
736230 11.228004 11.401633 11.170128 11.335489 3.303911e+05
736231 11.302416 11.368561 11.137056 11.228004 2.639160e+05
736232 11.269344 11.277612 11.004767 11.079179 4.872358e+05
736235 11.009717 11.096545 10.002519 10.011202 6.620591e+05
736236 10.011203 10.045934 9.472873 9.603114 4.983895e+05
736237 9.646528 9.759403 9.229756 9.698624 5.588213e+05
736238 9.733355 9.880962 9.507604 9.663893 4.884043e+05
736239 9.594431 9.976471 9.577065 9.959106 4.242388e+05
736242 10.037251 10.818698 10.037251 10.723188 3.473097e+05
736243 10.679774 10.905525 10.645043 10.810015 1.584601e+05
736244 10.810015 11.270200 10.810015 11.070497 2.125535e+05
736245 11.087862 11.365710 11.079180 11.235469 2.264459e+05
736246 11.278883 11.330980 10.974987 11.079180 1.661877e+05
736249 11.087863 11.313614 11.053132 11.148642 1.698345e+05
736250 11.105228 11.296249 10.992353 11.009718 1.774753e+05
736251 10.983670 11.209421 10.957622 11.122594 1.776489e+05
736252 11.131276 11.469903 10.992352 11.461220 2.325238e+05
736253 11.435172 11.487268 11.166007 11.296248 2.353023e+05
736256 11.278883 11.304931 11.096546 11.218104 1.543792e+05
736257 11.192055 11.478586 11.122594 11.443855 1.759124e+05
736258 11.452537 11.530682 11.261517 11.322296 2.725513e+05
736259 11.400441 11.461221 11.209421 11.313614 2.559673e+05
736260 11.374393 11.608827 11.278882 11.565413 2.096014e+05
736263 11.556730 11.886674 11.530682 11.851943 2.412066e+05
736264 11.791165 11.825896 11.192056 11.226787 3.155309e+05
736265 11.252835 11.539366 10.992353 11.261518 4.446433e+05
736266 11.218104 11.304931 11.113911 11.174690 2.231465e+05
736267 11.157325 11.244152 11.070497 11.148642 2.346945e+05
736270 11.139959 11.713020 11.122594 11.626193 2.218441e+05
736271 11.608827 11.608827 11.400441 11.443855 2.451138e+05
736272 9.663893 11.574096 9.611796 10.966304 1.381424e+06
736273 10.922890 11.183373 10.679774 11.070497 3.981038e+05
736274 10.940255 11.001035 10.697139 10.922890 4.521972e+05
736277 10.896842 10.896842 10.436657 10.454022 3.124919e+05
736278 10.480070 10.610312 10.289050 10.393243 2.754166e+05
736279 10.427973 10.506118 10.254319 10.375877 1.734812e+05
736280 10.297733 10.410609 10.098030 10.141444 2.577038e+05
736281 10.089347 10.254319 10.071982 10.124078 1.799064e+05
736284 10.080664 10.098030 9.794134 10.028568 2.718567e+05
736285 10.028568 10.167492 9.941741 10.002520 1.823376e+05
736286 10.011202 10.141443 9.950423 10.124078 2.049127e+05
736287 10.150126 10.523484 10.150126 10.445339 1.966641e+05
736288 10.445340 10.584263 10.245637 10.263002 2.184578e+05
736291 10.236953 10.341146 10.115395 10.150126 1.060163e+05
736292 10.132761 10.445340 10.063299 10.436657 1.688793e+05
736293 10.410608 10.653725 10.297733 10.627677 1.370137e+05
736295 10.575581 10.697139 10.566898 10.627677 7.085118e+04
736298 10.645042 11.001035 10.636360 10.931573 2.868778e+05
736299 10.940256 11.131277 10.757919 10.783967 1.928437e+05
736300 10.749235 10.792649 10.280367 10.375877 2.564014e+05
736301 10.410609 10.506119 10.210906 10.236954 1.681847e+05
736302 10.263002 10.280367 10.132761 10.158809 1.417024e+05
736305 10.106713 10.132761 9.950424 10.002520 2.498893e+05
736306 9.950423 10.089347 9.742037 9.776768 2.035235e+05
736307 9.733354 10.037250 9.733354 9.907009 1.660140e+05
736308 9.889644 10.011202 9.837548 9.889644 1.418760e+05
736309 9.759402 9.854912 9.351313 9.394727 2.153320e+05
736312 9.377362 9.524969 8.769570 8.812984 4.699969e+05
736313 8.682743 9.681259 8.456992 9.672576 7.628658e+05
736314 9.802816 10.896841 9.742037 10.879476 5.693274e+05
736315 10.879476 11.443854 10.627676 11.417806 6.079656e+05
736316 11.426489 12.207936 11.426489 11.912723 2.688264e+06
736319 11.895358 11.895358 11.027083 11.513317 4.389995e+05
736320 11.521999 11.973501 11.495951 11.851943 3.513037e+05
736321 11.921406 11.999551 11.678289 11.747751 2.614374e+05
736322 11.782482 11.860626 11.669606 11.799847 1.333669e+05
736326 11.817213 11.938771 11.548048 11.782482 2.794107e+05
736327 11.782482 11.782482 11.513680 11.728722 2.735507e+05
736328 11.621201 11.710802 11.289679 11.325519 3.392280e+05
736329 11.388240 11.701842 11.155278 11.433040 3.483672e+05
736333 11.450960 11.630161 11.200078 11.433040 3.041941e+05
736334 11.477839 11.674961 11.226958 11.567440 2.284816e+05
736335 11.504720 11.657041 11.424080 11.495760 1.452426e+05
736336 11.388240 11.459920 10.985037 10.985037 1.879821e+05
736337 11.002956 11.119437 10.492233 10.510153 3.311639e+05
736340 10.572873 10.698314 10.268231 10.384712 2.548242e+05
736341 10.492234 10.492234 9.900870 10.097991 2.225680e+05
736342 10.097990 10.277192 9.641027 9.748548 2.786579e+05
736343 9.748547 10.142790 9.434945 9.972549 3.645849e+05
736344 9.694787 9.703747 8.297017 8.986942 1.521239e+06
736348 9.049663 9.219904 8.413499 8.440379 4.185245e+05
736349 8.332857 8.512059 7.517492 8.431418 4.760481e+05
736350 8.422458 8.798781 8.350778 8.521019 3.032981e+05
736351 8.637500 8.924222 8.556860 8.771901 2.127119e+05
736354 8.753981 8.924222 8.350778 8.350778 2.471185e+05
736355 8.422459 8.753981 8.341818 8.619580 1.961358e+05
736356 8.583740 8.834621 8.485179 8.628540 2.354704e+05
736357 8.736060 9.031742 8.664380 8.718140 1.403146e+05
736358 8.789821 9.363265 8.789821 9.336385 2.818836e+05
736361 9.264704 9.363264 9.148223 9.166143 1.457802e+05
736362 9.040703 9.067583 8.825662 9.004863 1.526795e+05
736363 9.103423 9.327424 8.825661 9.139263 3.044629e+05
736364 9.112383 9.569346 9.112383 9.228864 1.572491e+05
736365 9.175104 9.327425 9.076543 9.148224 1.614603e+05
736368 9.067583 9.157184 8.789821 9.076543 1.950606e+05
736369 8.879422 8.924223 8.467259 8.709181 2.499858e+05
736370 8.753981 8.915262 8.494139 8.655420 1.318025e+05
736371 8.476219 8.556859 8.261177 8.395578 1.577867e+05
736372 8.467258 8.727100 8.413498 8.574779 1.691660e+05
736376 8.682301 9.076543 8.619580 9.031743 1.514251e+05
736377 9.067584 9.515587 9.067584 9.264705 1.555467e+05
736378 9.264704 9.417025 9.193024 9.399105 1.202440e+05
736379 9.327424 9.488706 9.201984 9.255744 1.231113e+05
736382 9.354305 9.712707 9.354305 9.658947 1.937165e+05
736383 9.632067 9.694788 9.461826 9.569347 1.499018e+05
736384 9.488706 9.605187 9.094463 9.488706 1.344905e+05
736385 9.524547 9.578307 9.318465 9.443906 1.619083e+05
736386 9.497666 9.766468 9.184064 9.345345 3.030293e+05
736389 9.354305 9.972549 9.345345 9.936709 3.874331e+05
736390 9.856068 9.856068 8.986942 9.363265 5.266725e+05
736391 9.336385 9.336385 8.870461 9.255744 3.222038e+05
736392 9.291584 9.712707 9.040702 9.614146 2.606482e+05
736393 9.614147 9.784388 9.434945 9.515586 1.721228e+05
736396 9.524546 10.044229 9.515586 9.999429 2.158479e+05
736397 9.954629 10.017349 9.488706 9.658947 1.809037e+05
736398 9.461826 9.533507 9.246785 9.461826 2.722067e+05
736399 9.461826 9.479746 9.246785 9.425986 1.980174e+05
736400 9.551426 9.972549 9.551426 9.963589 2.001678e+05
736403 9.954629 10.097990 9.748548 9.927749 1.956878e+05
736404 9.856069 9.981510 9.641027 9.873989 1.574283e+05
736405 9.820229 10.115911 9.793348 10.008390 2.243600e+05
736406 10.008389 10.545993 9.999429 10.375752 2.484625e+05
736407 10.438472 10.626633 10.097990 10.286151 8.879421e+05
736410 10.313031 10.563913 10.304071 10.474312 1.590411e+05
736411 10.375752 10.465352 10.277191 10.411592 1.571595e+05
736412 10.366792 10.501193 10.071110 10.071110 2.377105e+05
736413 10.044230 10.241351 9.891909 10.232391 1.575179e+05
736417 10.169670 10.223431 9.963589 10.142790 2.296464e+05
736418 10.114874 10.580140 9.919463 10.468476 3.244762e+05
736419 10.561529 10.608056 10.403339 10.431255 1.883395e+05
736420 10.375423 10.487087 10.356812 10.468476 3.097738e+05
736421 10.347507 10.468476 10.217232 10.421949 1.419060e+05
736424 10.431255 10.505698 10.105569 10.161401 1.996920e+05
736425 10.059042 10.235843 10.003210 10.180011 1.346479e+05
736426 10.207927 10.319591 10.003210 10.263759 1.383700e+05
736427 10.198622 10.291675 10.031127 10.161401 1.575389e+05
736428 10.226539 10.449866 10.189317 10.207928 1.214343e+05
736431 10.245149 10.515003 10.245149 10.431255 1.471170e+05
736432 10.459171 10.710414 10.421950 10.645277 1.868507e+05
736433 10.701109 10.915131 10.635972 10.887215 1.560501e+05
736434 10.868604 10.905825 10.710414 10.840688 1.386491e+05
736435 10.784857 10.952352 10.710414 10.859299 1.189219e+05
736438 10.775552 10.905827 10.719720 10.831384 8.086317e+04
736439 10.877910 11.036100 10.877910 11.008184 1.218996e+05
736440 11.036101 11.045406 10.905826 10.952353 7.788547e+04
736441 10.970963 11.054711 10.756941 10.868605 1.267384e+05
736442 10.915132 10.952353 10.738331 10.868605 8.616719e+04
736445 10.877910 11.036100 10.849994 10.980268 1.201316e+05
736446 10.989574 11.222206 10.961658 11.119848 1.753121e+05
736447 11.166375 11.343176 11.082627 11.296649 1.580973e+05
736448 11.296649 11.343175 11.101237 11.129153 1.204107e+05
736449 11.222207 11.315260 10.896521 11.054711 1.440462e+05
736452 11.073321 11.138459 10.961658 11.119848 9.807799e+04
736453 10.915131 11.315259 10.729025 11.129153 2.080668e+05
736454 11.026795 11.296649 10.933742 11.184985 1.438601e+05
736455 11.212901 11.603724 11.157069 11.519976 2.294690e+05
736456 11.501365 11.585113 11.389701 11.501365 1.943880e+05
736459 11.464144 11.845662 11.464144 11.817746 2.409145e+05
736460 11.845663 11.854968 11.706083 11.799136 2.023905e+05
736461 11.808441 11.957326 11.650250 11.817746 1.813605e+05
736462 11.873578 11.882884 11.436229 11.538587 2.163485e+05
736463 11.519976 11.640945 11.426923 11.603724 1.444184e+05
736466 11.603724 11.827051 11.603724 11.706082 1.236676e+05
736467 11.687471 11.948020 11.464144 11.585113 1.795925e+05
736468 11.557198 11.715388 11.371091 11.510671 1.242259e+05
736469 11.436228 11.445534 11.045405 11.278038 2.355174e+05
736470 11.324565 11.361786 11.175680 11.352481 1.543751e+05
736473 11.371092 11.492061 11.138459 11.324565 2.598043e+05
736474 11.296649 11.603724 11.278038 11.538587 2.337494e+05
736475 11.594420 11.752610 11.454840 11.724694 1.373464e+05
736476 11.743304 11.854967 11.659556 11.817746 1.052431e+05
736477 11.780526 11.901495 11.724694 11.761915 8.197980e+04
736481 11.752609 11.910799 11.659556 11.845662 1.899214e+05
736482 11.827051 11.994547 11.706082 11.975936 1.343687e+05
736483 12.022463 12.078295 11.882883 12.050379 1.439532e+05
736484 12.059684 12.096905 11.836356 11.975936 1.043125e+05
736487 11.966631 12.087600 11.873578 12.050379 9.751967e+04
736488 12.087600 12.283012 11.929410 12.134127 2.558961e+05
736489 12.227181 12.301623 12.106212 12.264402 1.054292e+05
736490 12.217875 12.283013 12.115517 12.264402 8.514361e+04
736491 12.152738 12.217875 11.938716 12.013158 1.051500e+05
736494 11.901493 11.975936 11.678166 11.771219 1.815466e+05
736495 11.706083 11.743304 11.501366 11.622335 1.654485e+05
736496 11.631639 11.845661 11.501365 11.771219 1.203177e+05
736497 11.733999 11.854968 11.501366 11.836357 1.481406e+05
736498 11.882884 12.310928 11.733999 12.096906 4.770834e+05
736501 12.162042 12.236485 12.050379 12.124821 1.648901e+05
736502 12.189959 12.283012 11.957326 12.078295 1.446976e+05
736503 12.078295 12.078295 11.827052 11.901494 1.916894e+05
736504 11.901494 12.068990 11.771220 12.022463 2.692027e+05
736505 11.836357 12.068990 11.547892 11.957326 3.546254e+05
736508 11.948021 11.957326 11.640945 11.808441 3.291289e+05
736509 12.029789 12.472485 11.933551 12.424366 3.914012e+05
736510 12.510980 12.530228 12.289632 12.414742 1.852587e+05
736511 12.414742 12.414742 12.154899 12.376247 2.005606e+05
736512 12.366624 12.462862 12.164523 12.231890 1.955563e+05
736516 12.135652 12.260762 11.856561 11.952799 1.816017e+05
736517 11.981670 12.087532 11.789193 12.029789 1.407967e+05
736518 12.077908 12.077908 11.769945 11.895055 1.411816e+05
736519 11.856560 12.077908 11.856560 12.020165 1.614879e+05
736522 12.058661 12.212642 11.923927 12.154899 1.532114e+05
736523 12.164523 12.462862 12.164523 12.462862 2.516632e+05
736524 12.472485 12.491733 12.337752 12.491733 1.640863e+05
736525 12.501358 12.510981 12.299257 12.366624 1.309804e+05
736526 12.414743 12.510981 12.328129 12.472486 9.825932e+04
736529 12.376248 12.539853 12.347376 12.530229 1.010502e+05
736530 12.549477 12.636091 12.462863 12.607220 1.153897e+05
736531 12.626467 12.838191 12.559100 12.741953 1.222227e+05
736532 12.732328 12.799695 12.597595 12.703457 6.938782e+04
736533 12.741952 12.924805 12.655338 12.818943 9.152263e+04
736536 12.867062 12.905558 12.703457 12.838191 1.066321e+05
736537 12.838191 12.915182 12.751577 12.895934 7.814551e+04
736538 12.915182 12.992173 12.867063 12.992173 7.496965e+04
736539 12.992172 13.069163 12.876686 12.944053 1.307879e+05
736540 12.924805 13.213520 12.924805 13.098034 2.089334e+05
736543 12.992173 13.194274 12.992173 13.126907 1.317503e+05
736544 12.674586 12.741953 11.240635 12.039413 9.344740e+05
736545 11.895056 12.126028 11.798818 11.952799 3.213397e+05
736546 11.943175 12.193394 11.923927 12.145275 1.752500e+05
736547 12.222266 12.443614 12.145275 12.280009 1.586970e+05
736550 12.385870 12.385870 12.260761 12.299256 1.129838e+05
736551 12.357000 12.366624 12.251138 12.357000 1.091343e+05
736552 12.405119 12.424367 12.251138 12.405119 1.212603e+05
736553 12.424366 12.462862 12.270385 12.337752 1.001841e+05
736554 12.385871 12.501357 12.299257 12.347376 1.066321e+05
736557 12.424366 12.424366 12.251137 12.260761 8.969411e+04
736558 12.260761 12.289633 12.222266 12.231890 1.110590e+05
736559 12.231890 12.453238 12.164524 12.366624 9.075273e+04
736560 12.385871 12.501357 12.154899 12.251137 1.113477e+05
736561 12.510982 12.847816 12.462863 12.722706 3.416460e+05
736564 12.809319 12.809319 12.568724 12.664962 1.402192e+05
736565 12.674587 12.972925 12.674587 12.876687 1.165446e+05
736566 12.905558 12.905558 12.664962 12.741953 1.215490e+05
736567 12.799696 12.992172 12.790072 12.895934 1.459935e+05
736568 12.944053 12.963301 12.636091 12.684210 1.145236e+05
736571 12.655339 12.886311 12.655339 12.809320 7.217874e+04
736572 12.857440 12.857440 12.674587 12.722706 1.145236e+05
736573 12.674587 12.886311 12.674587 12.770825 1.349261e+05
736574 12.751577 12.828568 12.655339 12.761201 1.117327e+05
736575 12.818943 13.040291 12.818943 12.934429 1.445499e+05
736579 13.011420 13.011420 12.799696 12.963301 1.023976e+05
736580 12.972925 13.059539 12.905558 13.059539 1.298255e+05
736581 12.982548 12.992172 12.818943 12.895934 1.346374e+05
736582 12.703458 12.799696 12.260762 12.357000 2.890037e+05
736585 12.260761 12.626466 12.203018 12.539852 1.780409e+05
736586 12.414743 12.443614 12.116404 12.126028 1.979622e+05
736587 12.164523 12.337752 12.097157 12.241514 1.129838e+05
736588 12.203018 12.308880 12.174146 12.251137 9.594960e+04
736589 12.251137 12.347375 12.106780 12.251137 4.517426e+05
736592 12.241514 12.510981 12.231890 12.462862 1.113477e+05
736593 12.626467 12.664963 12.510982 12.597596 1.735177e+05
736594 12.636091 12.693834 12.424367 12.626467 1.105778e+05
736595 12.693833 12.838191 12.645714 12.828567 1.948826e+05
736596 12.770825 12.857439 12.741953 12.809320 1.365622e+05
736599 12.809319 12.934429 12.703457 12.703457 2.138415e+05
736600 12.703458 12.818944 12.636092 12.722706 2.125905e+05
736601 12.802222 12.841980 12.682946 12.822101 1.633078e+05
736602 12.772403 12.812162 12.583551 12.623309 1.024774e+05
736603 12.673007 12.841981 12.553732 12.732645 1.625127e+05
736606 12.653128 12.673007 12.573611 12.593490 1.054593e+05
736607 12.553731 12.563671 12.156147 12.255543 2.034639e+05
736608 12.315181 12.374818 12.136268 12.156147 1.174862e+05
736609 12.086570 12.255543 11.987174 12.136268 1.587356e+05
736610 12.126328 12.205845 11.947415 11.977234 1.589344e+05
736613 11.987174 12.195906 11.987174 12.136268 9.909795e+04
736614 12.136268 12.176027 11.977234 12.086570 1.168899e+05
736615 12.146208 12.235664 12.066691 12.166087 1.222572e+05
736616 12.076630 12.185966 12.056751 12.076630 7.812536e+04
736617 12.126328 12.146207 11.947415 11.977234 8.687222e+04
736620 11.977234 12.096509 11.977234 12.056751 7.892053e+04
736621 12.136268 12.215785 12.086570 12.146208 6.430930e+04
736622 12.195905 12.235664 12.156147 12.156147 8.905893e+04
736623 12.136268 12.205845 11.977234 12.126328 1.025768e+05
736624 12.016993 12.325121 12.016993 12.315181 6.122802e+04
736627 12.374819 12.593491 12.354940 12.484155 1.245434e+05
736628 12.523913 12.673007 12.523913 12.673007 1.387570e+05
736629 12.613368 12.692885 12.484153 12.573610 1.410431e+05
736630 12.573610 12.573610 12.215784 12.245603 6.351413e+04
736631 12.364879 12.434456 12.176026 12.205845 1.027756e+05
736634 12.185966 12.424517 12.185966 12.315181 1.306065e+05
736635 12.275422 12.275422 11.828140 11.927536 1.966056e+05
736636 11.937476 12.146208 11.619409 11.738684 1.523743e+05
736637 11.818201 11.907658 11.629348 11.688986 1.229530e+05
736638 11.738683 12.066691 11.738683 11.877838 1.109261e+05
736641 12.026932 12.295302 12.026932 12.265483 1.474045e+05
736642 12.305242 12.354940 12.176027 12.275423 9.770640e+04
736643 12.007053 12.553732 11.997114 12.474215 1.668861e+05
736644 12.513973 12.573611 12.245604 12.265483 2.165842e+05
736645 12.086570 12.325121 11.798322 12.096510 5.061251e+05
736648 12.096509 12.096509 7.524287 8.518248 2.826528e+06
736649 8.528189 8.846257 8.518249 8.756800 9.836242e+05
736650 8.697162 9.184203 8.558008 9.164324 1.573838e+06
736651 9.233901 9.492331 9.174264 9.293539 5.850457e+05
736652 9.084807 9.442633 8.925773 9.412814 6.159578e+05
736655 9.551968 9.591727 9.154384 9.223961 4.504633e+05
736656 9.253780 9.293538 9.064927 9.124565 3.718409e+05
736657 9.124565 9.333297 8.915833 8.935712 4.773996e+05
736659 8.965531 9.035108 8.846255 8.935712 1.818949e+05
736662 8.945652 8.965531 8.597765 8.677282 5.983647e+05
736663 8.756800 8.756800 8.319457 8.468551 6.517405e+05
736664 8.498369 8.548067 8.309516 8.389033 3.710457e+05
736665 8.389034 8.428792 7.951691 7.971570 6.359365e+05
736666 7.961630 8.458611 7.961630 8.428792 4.751135e+05
736669 8.518248 8.746860 8.448671 8.657403 4.655715e+05
736670 8.697161 8.975470 8.697161 8.856195 4.674600e+05
736671 8.925773 9.035109 8.915833 8.945652 4.477796e+05
736672 8.965531 9.094746 8.876074 8.985410 6.855351e+05
736673 8.955592 9.074868 8.935713 8.965532 3.934099e+05
736676 8.965532 9.094747 8.876075 8.955592 6.172500e+05
736677 8.985411 8.995350 8.498369 8.587826 8.316475e+05
736678 8.498369 8.746859 8.349275 8.528188 5.918046e+05
736679 8.329396 8.538128 8.070966 8.329396 7.201250e+05
736680 8.299578 8.707102 8.230000 8.498370 3.133165e+06
736683 8.359215 8.498370 8.100785 8.160423 8.003377e+05
736684 8.070966 8.200181 7.971570 8.120664 7.665430e+05
736685 8.051087 8.140543 8.001389 8.041147 5.464799e+05
736686 8.011328 8.220060 8.011328 8.120664 4.005664e+05
736687 8.061026 8.289637 8.041147 8.190241 2.685683e+05
736691 8.130604 8.269758 8.100785 8.230000 5.331609e+05
736692 8.210000 8.270000 8.190000 8.220000 4.139000e+05
736693 8.150000 8.370000 8.140000 8.360000 3.820000e+05
736694 8.340000 8.380000 8.270000 8.330000 4.509000e+05
736698 8.310000 8.470000 8.160000 8.460000 5.909000e+05
736699 8.410000 8.670000 8.390000 8.650000 4.158000e+05
736700 8.660000 8.670000 8.550000 8.650000 3.325000e+05
736701 8.660000 8.660000 8.550000 8.580000 3.369000e+05
736704 8.580000 8.600000 8.430000 8.460000 3.369000e+05
736705 8.490000 8.490000 8.270000 8.410000 3.164000e+05
736706 8.410000 8.500000 8.340000 8.420000 1.641000e+05
736707 8.400000 8.440000 8.320000 8.350000 1.679000e+05
736708 8.350000 8.400000 8.290000 8.330000 1.989000e+05
736712 8.360000 8.500000 8.280000 8.420000 2.267000e+05
736713 8.470000 8.470000 8.330000 8.430000 2.063000e+05
736714 8.330000 8.420000 8.330000 8.400000 1.929000e+05
736715 8.370000 8.470000 8.290000 8.410000 2.131000e+05
736718 8.420000 8.440000 8.340000 8.370000 1.371000e+05
736719 8.370000 8.390000 8.260000 8.330000 1.984000e+05
736720 8.350000 8.400000 8.260000 8.320000 2.712000e+05
736721 8.270000 8.370000 8.230000 8.300000 2.282000e+05
736722 8.240000 8.320000 8.230000 8.300000 2.255000e+05
736725 8.260000 8.310000 8.210000 8.260000 4.306000e+05
736726 8.220000 8.250000 8.060000 8.220000 3.722000e+05
736727 8.220000 8.430000 8.140000 8.250000 2.971000e+05
736728 8.240000 8.430000 8.240000 8.310000 2.468000e+05
736729 8.340000 8.570000 8.320000 8.540000 2.767000e+05
736732 8.550000 8.650000 8.440000 8.480000 2.268000e+05
736733 8.500000 8.560000 8.390000 8.420000 1.925000e+05
736734 8.390000 8.500000 8.300000 8.460000 2.746000e+05
736735 8.450000 8.690000 8.380000 8.630000 2.707000e+05
736736 8.580000 8.750000 8.560000 8.680000 2.563000e+05
736739 8.640000 8.750000 8.610000 8.660000 3.251000e+05
736740 8.620000 8.780000 8.570000 8.660000 4.508000e+05
736741 8.650000 8.690000 8.480000 8.670000 3.354000e+05
736742 8.700000 8.870000 8.590000 8.690000 2.800000e+05
736743 8.690000 8.710000 8.550000 8.610000 1.790000e+05
736747 8.590000 8.650000 8.400000 8.570000 3.991000e+05
736748 8.500000 8.590000 8.410000 8.500000 3.558000e+05
736749 8.570000 8.610000 8.400000 8.600000 5.571000e+05
736750 8.600000 8.640000 8.430000 8.500000 2.607000e+05
736753 8.470000 8.520000 8.340000 8.370000 4.358000e+05
736754 8.420000 8.490000 8.340000 8.400000 2.519000e+05
736755 8.390000 8.550000 8.370000 8.440000 5.104000e+05
736756 8.420000 8.500000 8.340000 8.360000 4.311000e+05
736757 8.360000 8.490000 8.320000 8.440000 6.150000e+05
736760 8.290000 8.410000 8.170000 8.230000 5.544000e+05
736761 8.160000 8.260000 8.150000 8.180000 3.799000e+05
736762 8.180000 8.200000 8.110000 8.130000 4.736000e+05
736763 8.130000 8.160000 7.900000 7.990000 7.997000e+05
736764 8.060000 8.080000 7.920000 8.060000 6.351000e+05
