736034 72.770182 72.866228 72.472457 72.520480 3.889656e+04
736035 72.760583 73.893865 72.760583 73.836236 5.791266e+04
736036 73.807424 73.989905 73.154346 73.557716 4.168175e+04
736039 73.797818 74.633377 73.797818 74.633377 5.983348e+04
736040 74.402880 74.402880 74.066738 74.210794 4.802045e+04
736041 74.047526 74.719817 73.288803 74.498920 3.534305e+04
736042 74.422085 74.489314 74.162777 74.345258 5.820078e+04
736043 74.614171 75.344077 74.556542 75.151998 3.246182e+04
736046 75.094376 75.632203 75.094376 75.094376 4.504318e+04
736047 75.084770 75.478534 74.911897 75.036747 4.561942e+04
736048 75.190415 75.248037 73.913069 73.970692 5.560768e+04
736049 73.548118 73.845842 73.067913 73.442472 5.167000e+04
736050 73.442472 74.047527 73.442472 73.893865 2.737165e+04
736053 74.287629 74.863873 74.143566 74.758227 1.185145e+05
736054 74.518125 75.132794 74.402881 74.412487 7.087818e+04
736055 74.364463 74.364463 73.432865 73.720991 7.596835e+04
736056 74.018716 74.470109 73.769008 74.326046 1.576991e+05
736060 73.999511 74.959920 73.855448 74.767833 7.395149e+04
736061 74.825463 75.036747 74.230007 74.239613 4.398673e+04
736062 74.316440 74.825463 74.316440 74.825463 7.193463e+04
736063 74.825463 75.084770 74.306842 74.767833 5.493539e+04
736064 74.883084 74.988730 74.642982 74.969518 2.641125e+04
736067 74.940708 75.123187 74.489315 74.518125 1.094866e+05
736068 74.518124 74.518124 73.913070 74.383668 4.907690e+04
736069 74.546943 74.748628 73.961093 73.961093 6.088993e+04
736070 73.932282 74.066739 73.692179 73.749802 2.669937e+04
736071 73.432865 73.432865 72.299583 72.549291 9.248738e+04
736074 72.933456 73.356032 72.933456 73.202370 6.357907e+04
736075 73.461677 73.682574 73.356031 73.490488 6.972569e+04
736076 73.624953 73.624953 73.096725 73.442472 2.545084e+04
736077 73.423259 73.903464 73.365637 73.740196 2.141712e+04
736078 74.470109 74.998329 74.470109 74.815857 2.203178e+05
736081 74.940708 74.940708 73.845842 73.893865 8.096247e+04
736082 73.797819 73.932283 73.231181 73.605740 4.264216e+04
736083 73.336827 73.365637 72.395622 72.606913 9.853796e+04
736084 72.635724 72.895039 71.684921 71.944236 9.873004e+04
736085 72.165126 72.847015 72.155520 72.827811 5.349478e+04
736088 73.019889 73.317613 72.923849 73.019889 7.817729e+04
736089 72.837409 72.933456 72.145922 72.165126 6.031368e+04
736090 72.357205 72.395622 71.896213 72.280378 8.144268e+04
736091 72.069087 72.952661 72.069087 72.702953 5.291853e+04
736092 73.308016 73.951488 73.308016 73.653763 6.924548e+04
736095 73.615347 73.893865 73.394449 73.413661 3.198162e+04
736096 73.087117 73.567321 72.885432 73.346432 2.237753e+04
736097 73.404054 73.538512 72.799000 72.923850 8.970219e+04
736098 72.981472 73.144748 72.530079 73.067913 5.800870e+04
736099 73.029496 73.634551 73.029496 73.634551 8.134664e+04
736102 73.672968 74.037920 73.528905 73.932282 4.024113e+04
736103 74.133967 74.201195 73.471283 73.519306 2.804394e+04
736104 73.413661 73.413661 73.029496 73.087118 3.351827e+04
736105 73.087117 73.807424 73.048701 73.480889 2.016859e+04
736106 73.538511 73.538511 73.231180 73.288803 1.258136e+04
736110 73.163953 73.346433 72.520481 72.645331 2.468251e+04
736111 72.770182 73.317614 72.683748 73.211976 8.509223e+04
736112 73.087117 73.192763 72.933455 73.019889 4.571546e+04
736113 72.971873 73.010284 72.501268 72.597307 7.481586e+04
736116 72.635724 72.933456 72.280378 72.635724 9.373591e+04
736117 72.597307 73.039102 72.366811 72.731771 3.476680e+04
736118 72.981473 73.557716 72.683748 73.557716 7.001381e+04
736119 73.010283 73.211974 72.520479 72.616519 2.727561e+04
736120 72.578102 72.606912 71.992252 72.021063 2.887950e+05
736123 71.992252 72.011464 71.588882 71.588882 8.893387e+04
736124 71.627299 71.742543 71.310362 71.608087 4.994126e+04
736125 71.925023 72.405228 71.752150 72.328394 1.956353e+05
736126 72.491668 72.914243 72.491668 72.578102 1.352448e+06
736127 72.405228 72.482063 72.213149 72.270772 2.986872e+04
736130 72.040276 72.145922 71.723339 71.973047 3.659158e+04
736131 71.982645 72.424440 71.982645 72.386023 2.180128e+04
736132 72.645330 72.875826 72.299583 72.664543 3.601533e+04
736133 72.904645 73.778613 72.904645 73.576928 5.772058e+04
736134 73.682573 73.913070 73.528905 73.538511 2.986872e+04
736137 73.961094 74.018716 73.644157 73.692180 2.468251e+04
736138 73.769008 73.951487 73.759408 73.932282 4.302632e+04
736139 73.740197 73.922676 73.317614 73.317614 2.910039e+04
736140 73.413660 73.471283 73.048701 73.048701 2.794790e+04
736141 73.211975 73.461677 73.048701 73.163952 3.034892e+04
736144 72.578103 72.866229 71.665717 71.713733 2.372210e+04
736145 72.222748 72.222748 71.560071 71.704134 2.977268e+04
736146 72.270772 72.443646 72.011465 72.443646 3.563117e+04
736147 72.472456 72.568496 72.069086 72.222748 2.189732e+04
736151 71.704134 72.520480 71.521653 72.232354 2.535480e+04
736152 72.395623 73.269599 71.848191 73.211976 7.222275e+04
736153 72.722165 72.904645 72.251566 72.289977 5.099771e+04
736154 73.010283 73.932282 72.597307 72.635724 9.757755e+04
736155 73.327219 73.807424 73.327219 73.615346 3.255786e+04
736158 73.980299 74.546944 73.865055 74.518125 5.503143e+04
736159 74.566148 74.806250 74.393274 74.719817 4.715608e+04
736160 74.671794 74.998329 74.450897 74.815857 3.591929e+04
736161 75.151998 75.449723 74.863873 75.449723 2.890831e+04
736162 75.344077 75.344077 75.123187 75.219227 6.501968e+04
736165 75.324872 75.478534 75.065565 75.315266 7.327920e+04
736166 75.267251 75.315267 74.748629 74.998330 6.175429e+04
736167 74.950314 75.584180 74.950314 75.440124 3.995301e+04
736168 75.516951 75.516951 74.604565 74.700605 2.055275e+04
736169 76.064384 76.352510 74.911896 75.075164 4.033717e+04
736172 74.585361 75.017543 74.479715 74.623771 6.127409e+04
736173 74.969519 75.142393 74.393275 75.075164 4.283424e+04
736174 75.228833 75.785872 75.228833 75.670620 4.283424e+04
736175 75.238431 75.555368 74.921502 75.497746 4.052926e+04
736176 75.632202 75.881911 75.430517 75.699431 6.127409e+04
736179 75.699431 75.757053 75.132793 75.459329 4.148967e+04
736180 75.286456 75.536165 75.046353 75.334479 6.281074e+04
736181 75.747454 76.112407 75.747454 76.016368 2.842810e+04
736182 76.025975 76.064384 74.710211 74.863873 3.476680e+04
736183 74.787045 74.787045 73.922675 74.335652 5.387894e+04
736186 74.796644 75.113581 74.748629 74.777440 3.707178e+04
736187 74.383669 75.065566 74.383669 74.796645 1.978442e+04
736188 74.249212 74.806250 73.528905 74.729416 3.102121e+04
736189 74.700605 75.228833 74.623771 74.777440 5.608788e+04
736190 74.700606 75.180810 74.681401 75.161605 3.764803e+04
736193 74.959920 75.440124 74.556542 75.430518 1.382989e+04
736194 75.449722 75.977950 75.449722 75.737848 4.782836e+04
736195 75.603392 75.843494 74.883085 75.401707 6.607613e+04
736196 74.950313 75.200021 74.306841 74.345258 1.064133e+05
736197 73.615346 73.769008 71.608088 71.665717 1.649022e+05
736200 70.955009 71.012638 64.020863 69.159049 1.225482e+05
736201 69.850544 71.319969 68.602009 68.659632 2.044711e+05
736202 69.543214 71.464032 69.043797 71.444819 6.492364e+04
736203 72.155519 72.760582 71.406402 72.549291 1.597160e+05
736204 72.289976 72.568496 71.848189 72.174732 2.986872e+04
736207 72.040276 72.145922 71.521654 71.877001 1.498238e+04
736208 70.474804 71.262339 70.138663 70.378765 3.515097e+04
736209 71.079866 71.694528 70.791741 71.694528 2.314586e+04
736210 71.944236 72.664543 71.627299 72.011464 3.006080e+04
736211 71.243134 71.348780 70.618867 71.175906 1.843985e+04
736215 72.088292 72.779787 71.828984 72.750976 2.180128e+04
736216 73.317614 73.413661 71.646504 71.732945 3.034892e+04
736217 71.569670 72.482062 71.569670 71.982646 2.256961e+04
736218 72.030670 72.827811 71.925024 72.827811 4.648379e+04
736221 72.856621 72.856621 72.203542 72.386023 1.892006e+04
736222 72.510874 73.029496 72.030669 72.760582 5.916119e+04
736223 72.770181 73.365636 72.549291 73.346432 3.428660e+04
736224 73.231180 74.374069 73.231180 73.490488 7.625647e+04
736225 72.645330 73.221575 72.136315 72.213149 3.678366e+04
736228 72.616520 73.240787 72.261166 72.799000 4.926898e+04
736229 71.963441 72.136316 71.502442 72.117103 2.487459e+04
736230 72.117103 72.165126 71.713733 72.126709 2.737165e+04
736231 71.560071 71.953835 71.156694 71.953835 6.780487e+04
736232 72.376417 72.597306 71.319968 71.617693 2.324190e+04
736235 71.233528 71.281551 69.447167 69.783316 4.907690e+04
736236 69.850544 70.234702 69.024592 69.514395 5.224625e+04
736237 70.177080 70.734119 69.898560 70.628473 4.600359e+04
736238 70.753323 71.041449 70.071434 71.041449 5.579976e+04
736239 70.205891 72.213149 69.946584 72.213149 7.443169e+04
736242 72.635724 73.259991 72.626125 73.221574 5.810474e+04
736243 73.106330 73.144748 71.704134 72.088292 3.015684e+04
736244 72.530080 72.654938 71.915418 72.453252 2.958060e+04
736245 72.289977 72.933456 72.040275 72.837409 9.661714e+04
736246 72.856622 73.308015 72.616520 73.259992 3.420016e+05
736249 73.269598 73.855448 73.269598 73.797818 6.895736e+04
736250 73.452078 73.855448 73.154346 73.173558 4.869273e+04
736251 73.250386 73.365637 71.291157 71.444819 2.134989e+05
736252 71.704135 72.482063 71.502442 72.453252 3.707178e+04
736253 72.626126 73.058307 72.568497 73.058307 3.591929e+04
736256 72.866229 73.365637 72.866229 73.317614 1.242769e+05
736257 73.173557 73.269597 72.712558 72.818204 2.573896e+04
736258 73.039102 73.192763 72.443645 72.654937 4.667587e+04
736259 73.039102 73.298409 72.827811 73.154346 6.799695e+04
736260 74.527730 74.527730 73.039101 73.423259 8.528431e+04
736263 73.298409 73.884259 73.298409 73.701779 8.221100e+04
736264 73.644156 73.932282 73.461677 73.932282 2.073523e+05
736265 74.028322 74.028322 73.135142 73.874653 6.271470e+04
736266 73.884258 74.124361 73.557716 74.066739 3.486284e+04
736267 73.797818 74.230007 73.692179 73.951487 3.034892e+04
736270 74.057133 74.527730 73.596133 74.498920 5.627996e+04
736271 74.537337 75.151998 74.460502 74.969518 5.839286e+04
736272 75.267250 75.296061 74.527730 74.825463 3.409452e+04
736273 74.787046 75.276849 74.566148 75.209621 4.898086e+04
736274 75.075164 75.296062 74.662188 75.113581 5.781662e+04
736277 74.931101 74.931101 73.509700 74.057133 8.605264e+04
736278 73.903464 74.460503 73.817031 74.450897 3.169349e+04
736279 74.326045 74.326045 73.375243 73.423259 3.361431e+04
736280 73.202369 73.480889 72.943055 72.952661 3.543909e+04
736281 72.203543 72.203543 70.791741 70.878182 2.374131e+05
736284 70.724512 72.107503 70.724512 72.049874 2.129227e+05
736285 73.096725 73.653763 72.597307 72.923850 9.008636e+04
736286 73.115929 73.874653 72.770181 73.817031 8.787742e+04
736287 73.759409 73.989905 73.452078 73.452078 3.351827e+04
736288 74.018716 74.383668 74.018716 74.354857 6.415532e+04
736291 74.412487 75.142393 74.354858 75.007936 5.704829e+04
736292 74.566148 75.324872 74.470109 75.094376 5.570372e+04
736293 75.209621 75.699432 75.200022 75.478534 4.485110e+04
736295 75.536164 75.718636 75.334478 75.545770 3.044496e+04
736298 75.737848 75.872305 74.719817 74.931101 7.327920e+04
736299 75.276849 75.651409 75.046353 75.612998 9.700130e+04
736300 75.603392 75.910723 75.151999 75.238432 3.140537e+04
736301 75.612997 75.853099 74.652588 74.969518 1.058371e+05
736302 75.103975 76.294887 75.055960 76.237258 6.165825e+04
736305 76.285282 76.419739 75.910723 76.333305 9.354383e+04
736306 75.709038 76.583006 75.661015 76.438943 9.469632e+04
736307 76.141219 76.631029 75.132793 75.526557 1.167857e+05
736308 75.670620 76.198840 75.593785 75.757053 5.359082e+04
736309 74.950314 75.219227 74.575755 74.642983 8.067435e+04
736312 74.710211 75.516950 74.335652 75.497746 1.045885e+05
736313 76.083596 76.381321 75.219227 75.315266 1.026677e+05
736314 75.891510 76.755879 75.440124 76.611817 7.260691e+04
736315 76.717463 76.928753 75.584180 75.584180 3.505493e+04
736316 75.420912 75.420912 74.825464 74.959920 3.668762e+04
736319 75.367602 75.505134 74.905886 75.505134 1.876331e+04
736320 75.711432 76.369619 75.554256 76.241914 1.001037e+05
736321 76.497332 76.742925 76.379445 76.654508 5.520932e+04
736322 76.585742 76.772396 76.497332 76.585742 3.104296e+04
736326 76.448211 76.634864 76.241914 76.595568 4.548384e+04
736327 76.988519 77.744942 76.988519 77.587766 5.393224e+04
736328 77.420758 77.587766 77.106398 77.155520 8.389459e+04
736329 77.224286 77.224286 76.349975 76.349975 8.281398e+04
736333 75.092539 75.131835 74.326291 75.004122 2.308575e+05
736334 75.328306 75.672136 75.043417 75.514960 1.512853e+05
736335 74.581702 75.190775 74.247699 74.748703 6.955196e+04
736336 73.599330 74.709416 73.186736 73.609156 2.899963e+05
736337 74.021750 74.070872 72.204363 72.341894 9.185181e+04
736340 72.381190 72.803611 71.477409 72.449956 1.437211e+05
736341 73.157265 73.402858 72.400834 73.147439 9.607601e+04
736342 73.275145 73.275145 70.563803 70.642395 1.223053e+05
736343 70.799570 71.870360 69.836841 71.290756 8.025981e+04
736344 69.551961 70.524508 68.893766 70.190497 8.517168e+04
736348 70.917457 71.202346 69.984200 70.603099 9.470069e+04
736349 69.650196 70.219973 67.842627 69.660022 1.089451e+05
736350 69.885963 71.025519 69.679666 70.318210 8.271575e+04
736351 71.310400 71.772117 71.202346 71.644411 5.078865e+04
736354 71.585470 71.811411 71.025518 71.035337 3.890194e+04
736355 71.280931 71.850708 70.976397 71.595289 7.357968e+04
736356 71.546176 72.037362 70.436090 70.868336 4.410852e+04
736357 71.644410 71.664055 70.485211 71.516705 3.153415e+04
736358 70.720979 72.194538 70.720979 72.145423 4.292967e+04
736361 71.634585 72.833080 71.634585 72.528548 4.833272e+04
736362 72.106128 72.253485 71.241636 71.408644 4.843095e+04
736363 71.683706 71.683706 69.483194 70.298558 8.350164e+04
736364 69.610900 70.052965 68.952712 69.650196 4.125964e+04
736365 69.335838 69.365308 67.734566 67.921219 1.307538e+05
736368 67.017438 67.213910 65.740351 66.811141 7.505324e+04
736369 65.966301 67.469329 65.966301 66.929021 1.745676e+05
736370 67.439859 68.343640 67.253206 67.312146 3.900018e+04
736371 66.624489 67.312147 66.182424 66.978143 8.703819e+04
736372 67.567565 68.323995 67.321972 68.304344 6.287183e+04
736376 69.345656 69.915434 68.992009 69.699311 3.615130e+04
736377 70.151208 70.966571 70.082434 70.730804 4.194730e+04
736378 70.337854 70.455741 69.777902 70.111913 4.862743e+04
736379 69.728788 70.465567 69.198306 70.465567 2.308575e+04
736382 71.015693 71.526524 70.829040 71.418462 3.988431e+04
736383 71.703351 71.703351 70.956753 71.428288 2.691700e+04
736384 70.789744 72.115953 70.485211 72.037361 3.958960e+04
736385 72.165067 72.695549 71.762298 72.695549 1.699504e+04
736386 73.000083 73.000083 72.282955 72.449956 3.192710e+04
736389 72.322250 72.901846 72.017710 72.017710 2.927469e+04
736390 72.636609 73.481450 72.430312 73.442154 3.025707e+04
736391 73.491269 73.736862 73.304623 73.628800 1.856684e+04
736392 73.088500 73.412684 72.587487 73.412684 2.308575e+04
736393 73.510920 73.825279 73.196561 73.471624 2.131748e+04
736396 73.127795 73.835105 72.941143 73.284971 2.229985e+04
736397 72.950968 73.923515 72.950968 73.275145 1.601267e+04
736398 73.127795 73.677922 73.127795 73.530564 4.656445e+04
736399 74.080697 74.286995 72.931316 73.707391 1.699504e+04
736400 74.277169 74.778181 74.129811 74.748703 2.131748e+04
736403 74.679939 75.063071 74.679939 74.886243 1.336026e+04
736404 74.404876 74.768356 74.404876 74.601354 7.672328e+04
736405 74.424526 75.063070 74.178933 74.817477 3.575835e+04
736406 74.542405 74.591527 74.208403 74.444170 4.469794e+04
736407 74.935357 75.072888 74.434345 74.778181 2.554168e+04
736410 74.679938 74.915713 74.316465 74.689764 9.529011e+03
736411 74.552232 74.896061 74.345934 74.542406 2.721171e+04
736412 74.375404 74.709414 74.375404 74.473640 1.414616e+04
736413 74.169108 74.650468 74.169108 74.650468 1.110081e+04
736417 74.817478 75.161306 74.670120 74.846947 1.974568e+04
736418 74.915712 75.593544 74.758529 75.554256 2.622934e+04
736419 75.770372 76.300854 75.770372 76.074912 2.750642e+04
736420 75.996320 76.212443 75.750727 75.790023 4.371557e+04
736421 75.485482 76.408915 75.485482 76.291035 3.408832e+04
736424 76.330324 76.458037 75.868615 75.976669 3.575835e+04
736425 75.534604 75.642666 75.112184 75.122010 4.332262e+04
736426 75.623021 76.094556 75.505134 76.055260 1.974568e+04
736427 75.790024 75.790024 74.640649 74.817477 2.328222e+04
736428 75.210420 75.210420 74.316465 74.503110 1.367462e+05
736431 74.591527 74.964827 74.090515 74.139637 7.986687e+04
736432 74.080697 74.807651 73.962810 74.807651 1.650385e+04
736433 75.141654 75.662310 75.141654 75.593544 4.577855e+04
736434 75.544431 75.829319 75.328307 75.652492 2.033511e+04
736435 75.780197 76.281210 75.740901 76.212444 2.072806e+04
736438 76.114207 76.644682 76.114207 76.625038 3.104296e+04
736439 76.870631 76.900101 76.124026 76.369619 1.100257e+04
736440 76.477681 76.762570 76.202618 76.467855 9.234300e+03
736441 76.497333 76.664335 76.006147 76.015965 6.188945e+03
736442 75.927555 76.035617 75.092540 75.652492 1.051138e+04
736445 75.505135 75.848964 75.328307 75.731076 7.171318e+03
736446 75.966851 76.055261 75.505135 75.623022 1.080610e+04
736447 75.642666 75.839137 75.328306 75.662310 9.037825e+03
736448 75.554257 75.554257 74.267343 74.414701 1.021667e+04
736449 75.377428 75.377428 74.355760 74.778181 4.666268e+04
736452 75.023774 75.986494 75.023774 75.917729 1.011843e+04
736453 75.426543 75.839137 75.220246 75.456013 1.306555e+04
736454 74.994296 75.495308 74.994296 75.318481 2.229985e+04
736455 75.122009 75.151479 74.611171 74.729059 6.405067e+04
736456 74.336109 74.876417 74.080698 74.876417 5.432519e+04
736459 74.866590 75.780197 74.856765 75.554256 1.748623e+04
736460 75.839137 76.035616 75.672136 75.878433 2.563992e+04
736461 75.171124 75.171124 74.434344 74.444170 2.780114e+04
736462 74.552232 74.709415 74.159282 74.434345 1.571796e+04
736463 74.178933 74.453997 73.530564 73.550216 5.039570e+04
736466 73.628799 74.719234 73.628799 74.522762 4.106316e+04
736467 74.512936 74.581702 73.304623 73.442154 2.396988e+04
736468 72.577662 73.432329 72.489252 73.029552 1.182776e+05
736469 73.451972 73.776156 73.206379 73.736861 2.220161e+04
736470 73.628800 74.208403 73.628800 73.972636 1.552148e+04
736473 73.815451 73.972635 73.334092 73.334092 1.247613e+04
736474 73.727043 74.316465 73.727043 74.119986 1.090433e+04
736475 74.395056 74.552232 74.267343 74.365579 1.807565e+04
736476 74.522762 74.925531 74.522762 74.787999 4.813624e+04
736477 74.984478 75.102358 74.856765 75.072888 1.444087e+04
736481 75.210419 75.406898 75.013948 75.259541 1.640562e+04
736482 75.259542 75.603370 75.141654 75.397073 1.169023e+04
736483 75.514960 76.035616 75.367602 76.035616 1.168041e+05
736484 75.848963 75.888259 75.505135 75.809667 6.748898e+04
736487 75.799849 75.799849 75.377428 75.564074 1.267260e+04
736488 75.632840 75.858788 75.475664 75.544430 3.281123e+04
736489 75.524778 75.711432 75.347951 75.672136 2.112100e+04
736490 75.514961 75.583726 75.249716 75.495309 1.218142e+04
736491 75.112184 75.347952 74.581702 75.190776 1.188670e+04
736494 75.013949 75.161306 74.738886 74.837121 7.760741e+03
736495 74.503110 74.552231 74.011924 74.453996 1.355674e+04
736496 74.512936 74.984479 74.296813 74.375405 1.328167e+05
736497 74.267342 74.650468 73.844922 74.562058 9.411126e+04
736498 74.630823 74.630823 74.080698 74.257517 1.483382e+04
736501 74.807651 75.347951 74.650468 74.650468 2.396988e+04
736502 74.886242 74.925531 74.660294 74.758529 3.683896e+04
736503 74.974653 75.171124 74.768355 74.856765 1.630738e+04
736504 75.436369 75.485482 75.180950 75.426543 9.921960e+03
736505 73.334093 74.630823 73.284970 74.139637 7.112375e+04
736508 73.668095 73.677921 72.705374 73.501094 2.367517e+04
736509 74.090515 74.424526 73.844922 74.424526 1.620914e+04
736510 75.161306 75.573900 75.161306 75.406899 2.013863e+04
736511 75.544430 76.045442 75.259541 75.996320 1.070786e+04
736512 76.045443 76.497333 76.045443 76.349975 2.229985e+04
736516 76.084731 76.320505 75.839138 76.212444 1.640562e+04
736517 76.065086 76.968867 76.065086 76.919753 9.725486e+03
736518 76.919753 77.086754 76.634864 76.850987 3.556188e+04
736519 77.273408 78.059301 77.273408 78.049475 1.219124e+05
736522 78.167363 78.697845 78.167363 78.560313 2.573815e+04
736523 78.707670 78.913967 78.373660 78.501373 2.947117e+04
736524 78.511191 78.511191 78.265598 78.373660 2.760466e+04
736525 78.727315 78.835377 78.491548 78.570139 2.269280e+04
736526 78.727314 78.727314 78.039657 78.098597 6.287183e+03
736529 78.167362 78.756784 78.167362 78.609427 3.968784e+04
736530 78.412955 78.815731 78.403130 78.668374 1.689680e+04
736531 78.864846 79.051499 78.835376 79.051499 1.394969e+04
736532 78.963082 78.963082 78.462078 78.530843 7.760741e+03
736533 78.717488 78.835376 78.540661 78.835376 1.060962e+04
736536 78.776435 78.963081 78.688018 78.963081 2.554168e+03
736537 78.972907 79.434624 78.972907 79.218500 5.403048e+03
736538 79.316736 79.316736 78.511191 78.609427 2.328222e+04
736539 78.589783 78.805905 78.196832 78.717488 2.760466e+04
736540 78.992560 79.002378 78.589783 78.923786 2.554168e+04
736543 78.874672 79.218500 78.737141 79.090795 5.206573e+03
736544 79.002377 79.120264 78.383485 78.491547 1.345850e+04
736545 78.147719 78.579957 78.108423 78.560313 7.367792e+03
736546 78.481721 78.776435 78.383485 78.501373 9.725486e+03
736547 78.776435 79.228326 78.776435 79.071143 1.051138e+04
736550 79.287266 79.287266 78.894316 79.012203 1.473558e+04
736551 78.884497 79.080969 78.638904 78.707670 5.609346e+04
736552 79.130091 79.189031 78.982734 79.051499 1.198494e+04
736553 79.817748 80.230342 79.424797 79.739156 5.579875e+04
736554 79.650746 80.259812 79.631095 80.220524 2.367517e+04
736557 80.387526 80.554527 80.308934 80.308934 1.051138e+04
736558 79.994575 80.043696 79.591799 79.591799 6.778369e+03
736559 78.963082 79.208675 78.589783 79.208675 1.581619e+04
736560 79.365858 79.434624 79.228327 79.356032 1.257437e+04
736561 79.444450 79.464094 79.198857 79.424798 1.041315e+04
736564 79.464094 79.503390 79.247971 79.454268 2.947117e+03
736565 79.778452 79.857044 79.572155 79.572155 1.011843e+04
736566 79.621276 79.650747 79.159560 79.247970 6.778369e+03
736567 78.845202 78.874672 78.108423 78.128067 1.434264e+04
736568 78.579957 78.579957 77.744942 78.059301 1.090433e+04
736571 78.069126 78.295068 78.069126 78.255780 2.072806e+04
736572 78.255781 78.255781 77.666351 77.744942 1.336026e+04
736573 77.695820 77.774412 77.342173 77.627055 2.004039e+04
736574 77.646706 77.705646 77.371643 77.695820 9.529011e+03
736575 77.921769 78.167363 77.764594 77.970891 2.603287e+04
736579 78.098596 78.167362 77.676176 78.167362 4.921685e+04
736580 78.039655 78.167362 77.666350 77.911943 2.338046e+04
736581 77.666351 77.754768 77.361817 77.440409 8.546639e+03
736582 77.008162 77.008162 75.642666 75.662310 1.139552e+04
736585 75.416717 76.625038 75.397073 76.487507 9.725486e+03
736586 76.094557 76.094557 75.357778 75.485483 1.129728e+04
736587 75.652491 75.652491 74.915712 75.013948 7.858978e+03
736588 74.827295 75.740901 74.827295 75.711432 1.542324e+04
736589 75.573899 75.790023 75.446194 75.750727 3.536540e+03
736592 75.947199 75.947199 75.524778 75.593544 4.911861e+03
736593 75.642666 75.839137 75.514960 75.524778 6.385420e+03
736594 75.809667 76.173148 75.426543 76.163322 3.340066e+03
736595 76.418741 76.752744 76.418741 76.733100 4.715387e+03
736596 76.585743 76.831336 76.585743 76.674160 1.026579e+05
736599 76.340149 76.340149 75.770371 75.790023 1.414616e+04
736600 75.898085 76.536629 75.898085 76.458037 2.082629e+04
736601 76.516977 76.516977 76.153497 76.320505 7.171318e+03
736602 76.340149 76.467854 75.750728 75.809667 5.795996e+03
736603 76.163322 76.821510 76.163322 76.595568 1.895979e+04
736606 76.507151 76.507151 76.133852 76.241914 1.719151e+04
736607 76.369620 76.683979 76.006147 76.182974 1.188670e+04
736608 76.320504 76.556272 76.320504 76.369619 6.581894e+03
736609 76.271384 76.536629 75.878434 76.507151 1.522677e+04
736610 76.664334 76.664334 76.124027 76.389271 4.322438e+03
736613 76.556272 76.625038 76.320505 76.320505 1.552148e+04
736614 76.202619 76.202619 75.544431 75.740902 5.108336e+03
736615 75.780197 76.526803 75.780197 76.310679 6.257711e+04
736616 75.770371 76.192792 75.593544 76.124026 4.420675e+03
736617 76.330324 76.330324 75.957025 75.957025 3.045354e+03
736620 75.495308 75.495308 75.171125 75.190776 1.866507e+03
736621 75.731076 75.731076 75.338133 75.436369 1.237789e+04
736622 75.524779 75.524779 75.112184 75.338133 1.051138e+04
736623 75.642666 75.642666 75.298837 75.564074 3.241829e+03
736624 75.210421 75.731076 75.210421 75.731076 4.911861e+03
736627 76.045442 76.438385 76.045442 76.438385 1.051138e+04
736628 76.084731 76.084731 75.672137 75.731076 3.045354e+03
736629 75.495308 75.731075 75.406898 75.603370 3.634777e+03
736630 75.731075 75.750728 75.082714 75.141654 6.680132e+03
736631 73.176909 73.609155 72.892020 73.393032 2.888175e+04
736634 73.501094 73.874392 73.501094 73.746687 1.031491e+04
736635 73.707392 73.707392 72.626783 72.921498 3.733015e+04
736636 72.852732 73.226031 72.852732 73.049204 1.139552e+04
736637 73.157265 73.284970 72.066832 72.194537 1.198494e+04
736638 72.066832 72.449956 71.860534 71.880178 9.037825e+03
736641 72.901846 73.687747 72.901846 73.618981 1.738799e+04
736642 72.783958 73.451972 72.675904 73.088499 1.837036e+04
736643 72.165067 74.257517 72.165067 74.188752 2.573815e+04
736644 74.837120 75.436368 74.542406 74.738885 1.679857e+04
736645 74.483466 74.876416 74.306638 74.778181 7.466029e+03
736648 75.043418 75.446194 74.856765 74.925531 2.288927e+04
736649 75.200602 75.367603 74.905887 75.338133 3.251652e+04
736650 75.367602 75.839137 75.367602 75.554256 1.296731e+04
736651 75.259541 76.291035 75.259541 76.291035 8.644876e+03
736652 76.291035 76.349975 76.045442 76.055260 7.564267e+03
736655 76.232088 76.516977 76.232088 76.516977 1.649403e+05
736656 76.811691 77.479705 76.811691 77.450227 4.017903e+04
736657 77.273408 77.509176 77.145695 77.460053 1.768270e+04
736659 77.892300 77.921770 77.499349 77.499349 1.326203e+04
736662 77.391287 77.391287 76.949223 77.076928 6.090708e+03
736663 77.155520 77.401114 77.017989 77.067103 8.448402e+03
736664 77.027815 77.027815 76.556272 76.566098 2.966764e+04
736665 76.232087 76.733100 76.065086 76.349975 5.010099e+03
736666 76.369619 76.742926 76.369619 76.418741 4.617150e+03
736669 76.683978 76.998337 76.487507 76.801865 5.599522e+03
736670 76.998336 77.037632 76.792039 76.939397 7.662504e+03
736671 76.900102 78.167363 76.831336 78.059301 1.876331e+04
736672 78.324545 78.393311 78.029830 78.137892 6.680131e+03
736673 78.206659 78.521017 78.088771 78.521017 4.106316e+04
736676 78.275424 78.383486 77.941413 78.088771 1.670033e+04
736677 78.245954 79.100613 78.245954 78.796080 1.699504e+04
736678 78.884497 78.963081 78.059301 78.147718 1.719151e+04
736679 78.157537 78.403130 77.970891 77.990535 5.894234e+03
736680 78.147718 78.216484 77.509175 77.686002 1.895979e+04
736683 77.739998 78.279999 77.379997 78.010002 4.140000e+04
736684 78.150002 78.550003 78.150002 78.410004 8.400000e+03
736685 78.360001 78.360001 78.139999 78.139999 2.900000e+03
736686 78.029999 78.029999 76.739998 76.900002 7.200000e+03
736687 76.879997 77.040001 76.739998 76.739998 4.500000e+03
736691 76.820000 77.379997 76.820000 77.129997 9.400000e+03
736692 77.290001 77.330002 76.610001 76.680000 5.600000e+03
736693 76.610001 76.760002 76.449997 76.529999 6.400000e+03
736694 76.510002 76.599998 75.790001 75.800003 4.900000e+03
736698 76.290001 76.300003 76.000000 76.279999 4.400000e+03
736699 77.059998 77.180000 76.540001 76.930000 1.190000e+04
736700 75.879997 76.580002 75.879997 76.580002 3.110000e+04
736701 76.529999 76.870003 76.370003 76.760002 1.870000e+04
736704 76.730003 76.830002 76.660004 76.760002 4.300000e+03
736705 76.669998 77.330002 76.660004 77.059998 1.120000e+04
736706 76.970001 77.059998 76.290001 76.790001 6.300000e+03
736707 76.639999 77.129997 76.629997 77.080002 7.900000e+03
736708 76.779999 77.389999 76.779999 77.169998 1.170000e+04
736712 76.989998 78.000000 76.989998 77.720001 1.100000e+04
736713 77.559998 77.559998 77.099998 77.410004 5.800000e+03
736714 77.239998 77.459999 76.730003 76.870003 2.014000e+05
736715 77.099998 77.099998 76.529999 76.669998 1.450000e+04
736718 76.360001 76.860001 76.360001 76.540001 2.020000e+04
736719 76.610001 77.089996 76.610001 77.029999 6.800000e+03
736720 77.480003 77.559998 77.260002 77.339996 1.250000e+04
736721 77.010002 77.169998 76.830002 76.830002 1.072000e+05
736722 76.919998 76.919998 75.910004 76.099998 8.600000e+04
736725 75.959999 76.379997 75.720001 76.360001 2.950000e+04
736726 76.099998 76.660004 75.980003 76.580002 1.380000e+04
736727 76.739998 76.739998 76.089996 76.279999 1.450000e+04
736728 76.379997 76.650002 76.379997 76.519997 6.200000e+03
736729 76.309998 77.209999 76.160004 76.360001 1.807000e+05
736732 76.410004 76.410004 76.059998 76.070000 1.210000e+04
736733 76.279999 76.540001 76.199997 76.290001 2.540000e+04
736734 76.379997 77.040001 76.379997 77.000000 4.270000e+04
736735 77.050003 77.839996 77.000000 77.690002 1.900000e+04
736736 77.769997 78.000000 77.709999 77.989998 8.200000e+03
736739 78.300003 78.300003 77.949997 78.059998 7.900000e+03
736740 77.980003 78.669998 77.980003 78.669998 1.570000e+04
736741 78.580002 79.389999 78.580002 79.379997 2.840000e+04
736742 79.279999 79.519997 79.040001 79.160004 1.610000e+04
736743 78.949997 79.440002 78.949997 79.440002 6.900000e+03
736747 80.050003 80.290001 79.989998 80.169998 2.750000e+04
736748 80.209999 80.209999 79.820000 80.010002 1.660000e+04
736749 80.129997 80.129997 79.480003 79.480003 7.220000e+04
736750 79.290001 80.120003 79.290001 80.089996 2.530000e+04
736753 80.029999 80.260002 79.980003 80.169998 3.500000e+04
736754 79.449997 79.449997 78.910004 79.050003 5.300000e+04
736755 79.820000 79.820000 79.510002 79.550003 1.320000e+04
736756 79.589996 79.809998 79.589996 79.610001 5.400000e+03
736757 79.470001 79.470001 78.900002 79.050003 1.010000e+04
736760 78.860001 78.860001 78.419998 78.430000 5.500000e+03
736761 78.209999 78.480003 78.080002 78.110001 7.000000e+03
736762 78.250000 78.739998 78.250000 78.540001 9.500000e+03
736763 78.500000 78.699997 78.330002 78.480003 4.300000e+03
736764 78.620003 78.800003 78.400002 78.449997 3.700000e+03
