736034 4.590000 4.750000 4.460000 4.460000 1.410000e+04
736035 4.790000 4.790000 4.460000 4.590000 1.650000e+04
736036 4.640000 4.640000 4.480000 4.500000 9.200000e+03
736039 4.490000 4.560000 4.310000 4.360000 2.040000e+04
736040 4.430000 4.430000 4.340000 4.380000 1.810000e+04
736041 4.410000 4.410000 4.210000 4.380000 1.440000e+04
736042 4.330000 4.370000 4.160000 4.290000 2.190000e+04
736043 4.270000 4.300000 4.090000 4.090000 1.750000e+04
736046 4.200000 4.370000 4.200000 4.300000 8.370000e+04
736047 4.270000 4.310000 4.150000 4.210000 4.090000e+04
736048 4.140000 4.150000 4.070000 4.110000 1.120000e+04
736049 4.120000 4.120000 3.940000 3.940000 1.630000e+04
736050 4.000000 4.240000 3.900000 4.110000 4.220000e+04
736053 4.100000 4.270000 4.100000 4.260000 1.200000e+04
736054 4.290000 4.300000 4.160000 4.200000 9.600000e+03
736055 4.230000 4.420000 4.200000 4.400000 3.950000e+04
736056 4.310000 4.310000 4.150000 4.300000 1.230000e+04
736060 4.300000 4.300000 4.170000 4.180000 8.700000e+03
736061 4.180000 4.400000 4.130000 4.180000 9.200000e+03
736062 4.200000 4.200000 3.980000 4.010000 4.770000e+04
736063 4.050000 4.210000 4.050000 4.120000 1.010000e+04
736064 4.170000 4.220000 4.110000 4.220000 7.500000e+03
736067 4.150000 4.270000 3.950000 3.970000 1.086000e+05
736068 4.000000 4.090000 3.980000 3.990000 2.820000e+04
736069 4.030000 4.030000 3.980000 4.000000 8.800000e+03
736070 4.010000 4.010000 3.990000 3.990000 9.200000e+03
736071 3.990000 4.080000 3.950000 4.060000 2.880000e+04
736074 4.060000 4.060000 3.950000 3.980000 5.280000e+04
736075 3.960000 4.000000 3.850000 3.880000 6.010000e+04
736076 3.950000 3.950000 3.830000 3.840000 3.050000e+04
736077 3.800000 3.950000 3.740000 3.770000 3.470000e+04
736078 3.820000 3.840000 3.710000 3.740000 4.920000e+04
736081 3.770000 3.770000 3.640000 3.640000 3.660000e+04
736082 3.650000 3.740000 3.600000 3.740000 6.990000e+04
736083 3.700000 3.800000 3.550000 3.800000 1.270000e+04
736084 3.830000 3.830000 3.580000 3.590000 5.170000e+04
736085 3.720000 3.730000 3.600000 3.730000 2.800000e+04
736088 3.710000 3.730000 3.680000 3.730000 3.670000e+04
736089 3.730000 3.730000 3.600000 3.650000 1.300000e+04
736090 3.690000 3.740000 3.590000 3.730000 2.247000e+05
736091 3.690000 3.720000 3.650000 3.660000 2.140000e+04
736092 3.850000 4.190000 3.850000 4.050000 2.805000e+05
736095 4.050000 4.080000 3.990000 4.030000 3.170000e+04
736096 4.060000 4.220000 4.030000 4.220000 3.590000e+04
736097 4.200000 4.340000 4.050000 4.140000 7.380000e+04
736098 4.200000 4.330000 4.100000 4.140000 1.120000e+04
736099 4.350000 4.790000 4.330000 4.460000 1.083000e+05
736102 4.400000 4.700000 4.300000 4.320000 1.114000e+05
736103 4.350000 4.500000 4.250000 4.410000 2.882000e+05
736104 4.480000 4.480000 4.310000 4.380000 8.400000e+03
736105 4.180000 4.420000 4.170000 4.210000 2.200000e+04
736106 4.300000 4.300000 4.180000 4.240000 3.100000e+03
736110 4.230000 4.300000 4.090000 4.190000 1.310000e+04
736111 4.140000 4.160000 3.900000 4.000000 4.240000e+04
736112 3.960000 4.190000 3.960000 4.150000 2.640000e+04
736113 4.250000 4.260000 4.150000 4.150000 1.970000e+04
736116 4.210000 4.390000 4.110000 4.320000 1.650000e+04
736117 4.320000 4.440000 4.190000 4.430000 2.970000e+04
736118 4.500000 4.500000 4.370000 4.410000 6.000000e+03
736119 4.360000 4.520000 4.130000 4.260000 1.270000e+04
736120 4.300000 4.460000 4.160000 4.190000 1.920000e+04
736123 4.250000 4.250000 4.020000 4.070000 1.970000e+04
736124 4.020000 4.050000 3.770000 3.780000 8.100000e+04
736125 3.950000 3.950000 3.630000 3.700000 3.540000e+04
736126 3.700000 4.000000 3.690000 3.930000 3.920000e+04
736127 3.850000 4.000000 3.850000 3.970000 4.030000e+04
736130 3.970000 3.980000 3.920000 3.970000 2.700000e+03
736131 3.950000 3.950000 3.930000 3.930000 1.000000e+03
736132 3.900000 3.920000 3.800000 3.850000 9.800000e+03
736133 3.840000 3.850000 3.730000 3.740000 1.820000e+04
736134 3.750000 3.880000 3.750000 3.880000 2.930000e+04
736137 3.880000 3.880000 3.850000 3.860000 1.790000e+04
736138 3.830000 3.860000 3.800000 3.810000 1.270000e+04
736139 3.780000 3.860000 3.730000 3.730000 1.400000e+04
736140 3.770000 3.820000 3.680000 3.680000 2.390000e+04
736141 3.770000 3.870000 3.730000 3.800000 3.870000e+04
736144 3.750000 3.880000 3.720000 3.720000 3.860000e+04
736145 3.730000 3.790000 3.720000 3.720000 1.680000e+04
736146 3.870000 3.970000 3.800000 3.890000 5.640000e+04
736147 3.950000 4.360000 3.950000 4.330000 6.070000e+04
736151 4.250000 4.440000 4.180000 4.240000 1.680000e+04
736152 4.270000 4.390000 3.720000 4.290000 1.550000e+04
736153 4.280000 4.340000 4.190000 4.250000 1.610000e+04
736154 4.280000 4.300000 4.240000 4.240000 4.700000e+03
736155 4.280000 4.280000 4.150000 4.180000 3.600000e+03
736158 4.150000 4.350000 4.150000 4.300000 6.900000e+04
736159 4.350000 4.370000 4.280000 4.350000 3.440000e+04
736160 4.380000 4.500000 4.230000 4.410000 6.790000e+04
736161 4.490000 4.490000 4.290000 4.390000 1.820000e+04
736162 4.340000 4.430000 4.170000 4.190000 1.810000e+04
736165 4.440000 4.440000 4.060000 4.240000 1.060000e+04
736166 4.310000 4.390000 4.120000 4.140000 1.500000e+04
736167 4.140000 4.190000 4.020000 4.090000 3.870000e+04
736168 4.120000 4.130000 4.000000 4.090000 2.190000e+04
736169 4.050000 4.190000 3.920000 3.920000 4.600000e+04
736172 4.000000 4.070000 3.800000 3.890000 1.661000e+05
736173 3.910000 3.990000 3.870000 3.920000 1.530000e+04
736174 3.950000 3.970000 3.800000 3.830000 6.480000e+04
736175 3.780000 3.840000 3.650000 3.690000 4.590000e+04
736176 3.650000 3.690000 3.580000 3.650000 8.960000e+04
736179 3.690000 3.720000 3.600000 3.680000 3.090000e+04
736180 3.680000 3.760000 3.650000 3.660000 5.790000e+04
736181 3.670000 3.750000 3.650000 3.660000 6.390000e+04
736182 3.700000 3.810000 3.650000 3.670000 5.320000e+04
736183 3.600000 3.600000 2.870000 3.000000 1.846000e+05
736186 3.050000 3.230000 2.960000 3.060000 2.354000e+05
736187 3.050000 3.050000 2.460000 2.680000 1.360000e+05
736188 2.870000 2.870000 2.670000 2.720000 7.190000e+04
736189 2.650000 2.950000 2.590000 2.710000 7.320000e+04
736190 2.670000 2.850000 2.670000 2.850000 2.000000e+04
736193 2.800000 3.000000 2.800000 3.000000 2.220000e+04
736194 2.970000 3.010000 2.930000 2.990000 4.210000e+04
736195 2.960000 3.070000 2.900000 3.030000 1.550000e+04
736196 3.000000 3.110000 3.000000 3.080000 1.190000e+04
736197 3.050000 3.100000 3.000000 3.010000 2.170000e+04
736200 3.000000 3.000000 2.700000 2.740000 5.180000e+04
736201 2.850000 2.870000 2.700000 2.770000 3.290000e+04
736202 2.810000 2.810000 2.660000 2.660000 5.390000e+04
736203 2.810000 2.810000 2.610000 2.780000 3.880000e+04
736204 2.790000 2.840000 2.780000 2.780000 1.950000e+04
736207 2.800000 2.810000 2.710000 2.710000 3.320000e+04
736208 2.670000 2.780000 2.640000 2.780000 2.030000e+04
736209 2.710000 2.780000 2.650000 2.730000 1.250000e+04
736210 2.760000 2.760000 2.700000 2.710000 2.800000e+03
736211 2.700000 2.770000 2.560000 2.570000 1.610000e+04
736215 2.640000 2.810000 2.630000 2.760000 1.550000e+04
736216 2.710000 2.840000 2.650000 2.800000 1.280000e+04
736217 2.860000 2.880000 2.630000 2.870000 1.440000e+04
736218 2.880000 2.950000 2.830000 2.910000 2.240000e+04
736221 2.850000 2.850000 2.610000 2.610000 3.620000e+04
736222 2.580000 2.710000 2.570000 2.710000 2.130000e+04
736223 2.720000 2.760000 2.540000 2.720000 1.300000e+04
736224 2.700000 2.770000 2.570000 2.770000 2.360000e+04
736225 2.740000 2.880000 2.730000 2.730000 3.710000e+04
736228 2.770000 2.820000 2.660000 2.660000 8.800000e+03
736229 2.720000 2.730000 2.550000 2.650000 2.880000e+04
736230 2.700000 2.890000 2.600000 2.890000 3.810000e+04
736231 2.860000 2.890000 2.760000 2.870000 2.350000e+04
736232 2.870000 2.870000 2.810000 2.830000 8.000000e+03
736235 2.860000 2.860000 2.610000 2.610000 6.300000e+03
736236 2.700000 2.700000 2.610000 2.610000 7.400000e+03
736237 2.670000 2.710000 2.610000 2.700000 8.800000e+03
736238 2.730000 2.760000 2.570000 2.620000 1.150000e+04
736239 2.580000 2.660000 2.580000 2.650000 7.300000e+03
736242 2.620000 2.770000 2.610000 2.680000 1.200000e+04
736243 2.680000 2.750000 2.680000 2.730000 8.400000e+03
736244 2.740000 2.750000 2.700000 2.720000 7.100000e+03
736245 2.660000 2.730000 2.510000 2.530000 2.420000e+04
736246 2.560000 2.750000 2.540000 2.730000 3.490000e+04
736249 2.750000 2.970000 2.650000 2.900000 1.170000e+04
736250 2.810000 2.900000 2.810000 2.890000 7.100000e+03
736251 2.830000 2.860000 2.760000 2.760000 2.510000e+04
736252 2.710000 2.850000 2.710000 2.780000 1.660000e+04
736253 2.750000 3.140000 2.750000 3.140000 2.830000e+04
736256 3.110000 3.220000 3.020000 3.190000 2.910000e+04
736257 3.120000 3.250000 3.080000 3.180000 2.130000e+04
736258 3.190000 3.320000 3.080000 3.120000 4.220000e+04
736259 3.100000 3.160000 3.050000 3.070000 1.900000e+04
736260 2.990000 3.100000 2.990000 3.020000 1.990000e+04
736263 3.080000 3.090000 2.950000 2.980000 3.860000e+04
736264 2.950000 3.000000 2.900000 2.950000 1.610000e+04
736265 3.020000 3.070000 2.880000 2.960000 2.750000e+04
736266 3.080000 3.080000 2.920000 2.990000 2.680000e+04
736267 3.000000 3.030000 2.950000 2.990000 2.860000e+04
736270 2.990000 2.990000 2.860000 2.900000 3.470000e+04
736271 2.860000 2.910000 2.830000 2.840000 9.500000e+03
736272 2.830000 2.880000 2.750000 2.750000 5.700000e+03
736273 2.760000 3.100000 2.760000 3.100000 3.140000e+04
736274 3.080000 3.080000 2.760000 2.990000 5.180000e+04
736277 2.850000 2.990000 2.840000 2.990000 1.420000e+04
736278 2.990000 2.990000 2.820000 2.840000 3.980000e+04
736279 2.850000 2.860000 2.570000 2.570000 5.190000e+04
736280 2.580000 2.830000 2.580000 2.600000 2.180000e+04
736281 2.620000 2.620000 2.550000 2.600000 2.740000e+04
736284 2.550000 2.750000 2.550000 2.550000 1.540000e+04
736285 2.580000 2.720000 2.550000 2.590000 1.490000e+04
736286 2.550000 2.670000 2.550000 2.560000 6.230000e+04
736287 2.550000 2.590000 2.500000 2.530000 6.340000e+04
736288 2.550000 2.550000 2.440000 2.500000 1.540000e+04
736291 2.470000 2.550000 2.450000 2.490000 1.080000e+04
736292 2.540000 2.550000 2.430000 2.450000 6.100000e+03
736293 2.450000 2.590000 2.390000 2.460000 4.360000e+04
736295 2.540000 2.540000 2.480000 2.520000 8.000000e+03
736298 2.500000 2.660000 2.450000 2.660000 3.190000e+04
736299 2.690000 2.750000 2.690000 2.750000 5.040000e+04
736300 2.510000 2.660000 2.510000 2.570000 1.600000e+03
736301 2.380000 2.660000 2.380000 2.650000 1.370000e+04
736302 2.760000 2.760000 2.530000 2.600000 9.600000e+03
736305 2.540000 2.840000 2.520000 2.610000 2.040000e+04
736306 2.640000 2.640000 2.420000 2.520000 1.540000e+04
736307 2.800000 2.800000 2.540000 2.550000 4.600000e+03
736308 2.720000 2.720000 2.480000 2.580000 3.660000e+04
736309 2.590000 2.670000 2.420000 2.560000 9.500000e+04
736312 2.540000 2.710000 2.380000 2.440000 1.690000e+04
736313 2.370000 2.700000 2.320000 2.490000 2.060000e+04
736314 2.440000 2.520000 2.400000 2.400000 9.200000e+03
736315 2.480000 2.520000 2.290000 2.440000 3.310000e+04
736316 2.460000 2.510000 2.300000 2.400000 7.350000e+04
736319 2.150000 2.500000 2.150000 2.470000 3.280000e+04
736320 2.210000 2.580000 2.210000 2.400000 9.100000e+03
736321 2.480000 2.640000 2.480000 2.510000 1.530000e+04
736322 2.560000 2.630000 2.540000 2.610000 1.190000e+04
736326 2.570000 2.620000 2.520000 2.520000 1.060000e+04
736327 2.450000 2.490000 2.410000 2.470000 1.390000e+04
736328 2.430000 2.440000 2.350000 2.400000 1.174000e+05
736329 2.420000 2.420000 2.150000 2.250000 1.050000e+05
736333 2.140000 2.300000 2.000000 2.040000 2.690000e+04
736334 1.960000 2.030000 1.800000 1.840000 1.220200e+06
736335 1.840000 1.880000 1.700000 1.820000 4.300000e+04
736336 1.900000 1.900000 1.710000 1.750000 1.310000e+04
736337 1.940000 1.940000 1.700000 1.720000 3.960000e+04
736340 1.950000 1.950000 1.710000 1.860000 4.500000e+03
736341 1.860000 1.860000 1.500000 1.600000 1.840000e+05
736342 1.450000 1.740000 1.450000 1.670000 1.770000e+04
736343 1.700000 1.800000 1.660000 1.800000 1.450000e+04
736344 1.650000 1.780000 1.640000 1.720000 8.200000e+03
736348 1.640000 1.800000 1.630000 1.650000 1.810000e+04
736349 1.550000 1.630000 1.550000 1.550000 8.800000e+04
736350 1.720000 1.720000 1.520000 1.520000 6.700000e+03
736351 1.510000 1.650000 1.360000 1.610000 4.400000e+04
736354 1.670000 1.730000 1.480000 1.480000 1.200000e+04
736355 1.510000 1.860000 1.510000 1.730000 1.020000e+04
736356 1.700000 1.700000 1.560000 1.610000 1.060000e+04
736357 1.660000 1.680000 1.510000 1.610000 8.700000e+03
736358 1.640000 1.960000 1.620000 1.760000 1.440000e+04
736361 1.960000 2.330000 1.760000 1.850000 2.120000e+04
736362 1.800000 1.830000 1.750000 1.790000 1.179000e+05
736363 1.790000 1.800000 1.580000 1.670000 6.430000e+04
736364 1.900000 1.900000 1.600000 1.710000 6.260000e+04
736365 1.760000 2.570000 1.520000 1.520000 1.142000e+05
736368 1.600000 1.600000 1.520000 1.530000 6.600000e+03
736369 1.900000 1.900000 1.510000 1.520000 1.450000e+04
736370 1.700000 1.700000 1.500000 1.500000 9.900000e+03
736371 1.720000 1.720000 1.450000 1.560000 4.150000e+04
736372 1.540000 1.580000 1.520000 1.580000 3.540000e+04
736376 1.610000 1.620000 1.500000 1.570000 4.300000e+03
736377 1.510000 1.600000 1.490000 1.600000 2.670000e+04
736378 1.570000 1.570000 1.520000 1.520000 9.000000e+03
736379 1.510000 1.610000 1.500000 1.500000 2.200000e+04
736382 1.560000 1.600000 1.560000 1.580000 5.800000e+03
736383 1.530000 1.630000 1.490000 1.490000 4.100000e+03
736384 1.470000 1.470000 1.260000 1.360000 9.440000e+04
736385 1.360000 1.520000 1.360000 1.420000 1.730000e+04
736386 1.460000 1.620000 1.460000 1.550000 7.900000e+03
736389 1.610000 1.940000 1.610000 1.820000 2.620000e+04
736390 1.860000 1.950000 1.560000 1.630000 4.360000e+04
736391 1.600000 1.890000 1.600000 1.750000 1.320000e+04
736392 1.890000 1.900000 1.700000 1.770000 3.040000e+04
736393 1.780000 1.900000 1.740000 1.810000 2.780000e+04
736396 1.760000 1.890000 1.760000 1.860000 8.800000e+03
736397 1.940000 1.950000 1.800000 1.920000 1.210000e+04
736398 1.940000 1.990000 1.940000 1.990000 5.500000e+03
736399 2.000000 2.650000 1.750000 2.090000 3.510000e+04
736400 1.750000 2.290000 1.750000 2.020000 1.510000e+04
736403 2.000000 2.180000 2.000000 2.070000 1.160000e+04
736404 2.050000 2.060000 1.800000 1.880000 1.500000e+04
736405 1.940000 1.940000 1.850000 1.870000 1.300000e+04
736406 1.880000 2.180000 1.860000 2.000000 9.500000e+03
736407 2.150000 2.200000 2.000000 2.190000 5.330000e+04
736410 2.190000 2.200000 2.020000 2.030000 1.690000e+04
736411 2.110000 2.160000 1.950000 2.100000 5.600000e+03
736412 2.100000 2.190000 1.920000 1.950000 2.510000e+04
736413 2.000000 2.020000 1.890000 1.980000 1.100000e+04
736417 2.000000 2.000000 1.950000 1.960000 1.010000e+04
736418 2.010000 2.020000 1.930000 1.930000 6.500000e+03
736419 1.920000 2.050000 1.880000 1.890000 1.670000e+04
736420 1.870000 2.130000 1.870000 1.920000 1.112000e+05
736421 1.870000 1.980000 1.870000 1.880000 3.440000e+04
736424 1.880000 1.920000 1.840000 1.840000 1.970000e+04
736425 1.840000 1.890000 1.800000 1.800000 9.500000e+03
736426 1.820000 1.830000 1.750000 1.770000 1.560000e+04
736427 1.860000 1.860000 1.770000 1.800000 5.200000e+03
736428 1.830000 1.860000 1.810000 1.810000 5.000000e+03
736431 1.880000 1.880000 1.820000 1.870000 6.900000e+03
736432 1.870000 1.900000 1.810000 1.830000 5.400000e+03
736433 1.880000 1.910000 1.780000 1.860000 5.900000e+03
736434 1.870000 1.900000 1.780000 1.830000 1.200000e+04
736435 1.870000 1.910000 1.790000 1.790000 1.000000e+04
736438 1.910000 1.910000 1.780000 1.780000 2.010000e+04
736439 1.780000 1.830000 1.780000 1.800000 2.100000e+03
736440 1.790000 1.830000 1.790000 1.820000 1.400000e+03
736441 1.840000 1.890000 1.830000 1.890000 3.400000e+03
736442 1.820000 1.870000 1.820000 1.840000 3.200000e+03
736445 1.850000 1.870000 1.800000 1.810000 3.800000e+03
736446 1.810000 1.820000 1.800000 1.820000 5.400000e+03
736447 1.810000 1.810000 1.710000 1.760000 3.340000e+04
736448 1.830000 1.830000 1.740000 1.780000 2.600000e+03
736449 1.750000 1.750000 1.580000 1.600000 1.350000e+04
736452 1.670000 1.750000 1.670000 1.710000 8.000000e+03
736453 1.710000 1.750000 1.710000 1.710000 3.300000e+03
736454 1.750000 1.750000 1.590000 1.600000 2.280000e+04
736455 1.680000 1.680000 1.650000 1.670000 1.700000e+03
736456 1.660000 1.710000 1.600000 1.630000 1.430000e+04
736459 1.650000 1.650000 1.620000 1.620000 3.600000e+03
736460 1.640000 1.650000 1.580000 1.580000 1.060000e+04
736461 1.580000 1.600000 1.510000 1.540000 2.090000e+04
736462 1.540000 1.630000 1.500000 1.510000 3.540000e+04
736463 1.550000 1.590000 1.400000 1.500000 1.320000e+04
736466 1.460000 1.510000 1.400000 1.480000 3.030000e+04
736467 1.440000 1.490000 1.410000 1.450000 1.120000e+04
736468 1.460000 1.510000 1.460000 1.510000 2.900000e+03
736469 1.540000 1.820000 1.540000 1.600000 1.140000e+04
736470 1.670000 1.810000 1.600000 1.600000 2.220000e+04
736473 1.600000 1.600000 1.500000 1.570000 4.800000e+03
736474 1.510000 1.740000 1.400000 1.670000 2.149000e+05
736475 1.660000 1.660000 1.520000 1.600000 1.910000e+04
736476 1.600000 1.600000 1.600000 1.600000 0.000000e+00
736477 1.600000 1.600000 1.570000 1.570000 1.400000e+03
736481 1.550000 1.690000 1.450000 1.670000 3.310000e+04
736482 1.680000 1.740000 1.450000 1.570000 5.330000e+04
736483 1.540000 1.610000 1.500000 1.500000 1.220000e+04
736484 1.590000 1.590000 1.500000 1.500000 1.030000e+04
736487 1.570000 1.600000 1.460000 1.500000 2.080000e+04
736488 1.570000 1.640000 1.450000 1.640000 1.630000e+04
736489 1.860000 1.860000 1.670000 1.690000 6.300000e+03
736490 1.670000 1.740000 1.570000 1.630000 2.060000e+04
736491 1.750000 1.750000 1.510000 1.630000 1.000000e+04
736494 1.570000 1.710000 1.520000 1.540000 5.800000e+03
736495 1.600000 1.630000 1.450000 1.500000 1.000000e+04
736496 1.530000 1.630000 1.470000 1.500000 1.110000e+04
736497 1.550000 1.550000 1.480000 1.490000 1.060000e+04
736498 1.460000 1.510000 1.450000 1.480000 3.030000e+04
736501 1.460000 1.480000 1.410000 1.470000 3.920000e+04
736502 1.440000 1.560000 1.440000 1.560000 2.100000e+03
736503 1.530000 1.530000 1.180000 1.400000 6.150000e+04
736504 1.400000 1.410000 1.300000 1.310000 9.000000e+04
736505 1.310000 1.360000 1.270000 1.270000 3.650000e+04
736508 1.330000 1.410000 1.200000 1.280000 4.830000e+04
736509 1.300000 1.390000 1.290000 1.330000 2.270000e+04
736510 1.390000 1.490000 1.350000 1.370000 7.980000e+04
736511 1.360000 1.860000 1.360000 1.520000 1.826000e+05
736512 1.580000 1.900000 1.580000 1.620000 1.519000e+05
736516 1.740000 1.760000 1.520000 1.550000 8.600000e+04
736517 1.550000 1.690000 1.500000 1.580000 4.310000e+04
736518 1.570000 1.640000 1.450000 1.500000 9.680000e+04
736519 1.490000 1.610000 1.480000 1.560000 6.630000e+04
736522 1.520000 1.630000 1.490000 1.500000 4.480000e+04
736523 1.520000 1.570000 1.490000 1.490000 3.420000e+04
736524 1.530000 1.700000 1.490000 1.690000 1.844000e+05
736525 1.710000 1.790000 1.530000 1.550000 3.409000e+05
736526 1.640000 1.700000 1.510000 1.670000 7.820000e+04
736529 1.710000 1.750000 1.630000 1.630000 5.540000e+04
736530 1.670000 1.740000 1.550000 1.620000 7.150000e+04
736531 1.680000 1.690000 1.560000 1.640000 1.960000e+04
736532 1.630000 1.650000 1.580000 1.650000 2.130000e+04
736533 1.580000 1.580000 1.520000 1.520000 4.210000e+04
736536 1.540000 1.540000 1.420000 1.420000 1.134000e+05
736537 1.480000 1.490000 1.280000 1.360000 2.065000e+05
736538 1.350000 1.350000 1.220000 1.250000 1.980000e+05
736539 1.240000 1.350000 1.200000 1.220000 7.320000e+04
736540 1.300000 1.300000 1.180000 1.200000 7.370000e+04
736543 1.210000 1.240000 1.160000 1.180000 6.770000e+04
736544 1.180000 1.180000 0.910000 1.110000 1.144000e+05
736545 1.120000 1.150000 1.020000 1.120000 3.610000e+04
736546 1.090000 1.200000 1.090000 1.100000 6.380000e+04
736547 1.200000 1.230000 1.100000 1.160000 1.125000e+05
736550 1.190000 1.270000 1.160000 1.260000 8.160000e+04
736551 1.250000 1.340000 1.160000 1.160000 9.800000e+04
736552 1.200000 1.240000 1.160000 1.210000 5.640000e+04
736553 1.200000 1.250000 1.160000 1.240000 5.050000e+04
736554 1.240000 1.260000 1.210000 1.250000 2.350000e+04
736557 1.210000 1.240000 1.200000 1.220000 5.840000e+04
736558 1.220000 1.250000 1.200000 1.220000 7.400000e+04
736559 1.250000 1.250000 1.160000 1.200000 6.400000e+04
736560 1.210000 1.360000 1.210000 1.270000 1.099000e+05
736561 1.220000 1.260000 1.170000 1.220000 8.840000e+04
736564 1.220000 1.280000 1.160000 1.200000 7.240000e+04
736565 1.170000 1.280000 1.150000 1.220000 4.680000e+04
736566 1.180000 1.250000 1.150000 1.240000 1.460000e+04
736567 1.240000 1.240000 1.190000 1.200000 4.700000e+03
736568 1.210000 1.220000 1.180000 1.200000 1.310000e+04
736571 1.230000 1.240000 1.190000 1.230000 8.280000e+04
736572 1.230000 1.230000 1.180000 1.180000 4.930000e+04
736573 1.200000 1.230000 1.180000 1.190000 7.240000e+04
736574 1.220000 1.220000 1.200000 1.210000 7.900000e+03
736575 1.210000 1.250000 1.210000 1.220000 1.320000e+04
736579 1.230000 1.260000 1.200000 1.200000 7.450000e+04
736580 1.210000 1.270000 1.210000 1.230000 4.510000e+04
736581 1.240000 1.260000 1.220000 1.260000 1.670000e+04
736582 1.270000 1.270000 1.250000 1.260000 8.200000e+03
736585 1.260000 1.260000 1.210000 1.210000 3.620000e+04
736586 1.210000 1.230000 1.140000 1.150000 1.355000e+05
736587 1.140000 1.140000 1.110000 1.120000 5.290000e+04
736588 1.100000 1.190000 1.100000 1.100000 3.390000e+04
736589 1.110000 1.190000 1.090000 1.190000 6.250000e+04
736592 1.190000 1.210000 1.140000 1.140000 5.340000e+04
736593 1.190000 1.250000 1.130000 1.250000 7.540000e+04
736594 1.250000 1.310000 1.240000 1.280000 4.420000e+04
736595 1.260000 1.290000 1.240000 1.240000 1.350000e+05
736596 1.260000 1.280000 1.240000 1.250000 5.390000e+04
736599 1.260000 1.270000 1.250000 1.250000 1.800000e+04
736600 1.280000 1.280000 1.250000 1.270000 3.590000e+04
736601 1.270000 1.280000 1.240000 1.250000 2.850000e+04
736602 1.270000 1.270000 1.150000 1.170000 4.396000e+05
736603 1.150000 1.200000 1.150000 1.160000 8.240000e+04
736606 1.160000 1.200000 1.130000 1.150000 2.780000e+04
736607 1.150000 1.220000 1.140000 1.180000 7.580000e+04
736608 1.150000 1.210000 1.150000 1.200000 1.175000e+05
736609 1.220000 1.220000 1.170000 1.200000 5.540000e+04
736610 1.200000 1.210000 1.200000 1.210000 1.020000e+04
736613 1.220000 1.220000 1.200000 1.200000 1.800000e+04
736614 1.210000 1.220000 1.160000 1.190000 3.560000e+04
736615 1.170000 1.200000 1.150000 1.180000 5.180000e+04
736616 1.170000 1.200000 1.130000 1.160000 2.700000e+04
736617 1.160000 1.220000 1.140000 1.150000 2.470000e+04
736620 1.170000 1.170000 1.140000 1.160000 1.930000e+04
736621 1.190000 1.190000 1.160000 1.160000 1.170000e+04
736622 1.180000 1.180000 1.170000 1.170000 3.200000e+03
736623 1.180000 1.180000 1.140000 1.140000 4.700000e+03
736624 1.140000 1.180000 1.140000 1.150000 2.100000e+03
736627 1.150000 1.190000 1.150000 1.160000 3.400000e+03
736628 1.170000 1.170000 1.130000 1.130000 1.280000e+04
736629 1.130000 1.150000 1.130000 1.130000 1.610000e+04
736630 1.170000 1.170000 1.080000 1.100000 6.140000e+04
736631 1.090000 1.120000 1.080000 1.080000 4.800000e+03
736634 1.080000 1.120000 1.080000 1.090000 5.960000e+04
736635 1.090000 1.110000 1.020000 1.050000 3.920000e+04
736636 1.080000 1.120000 1.010000 1.050000 1.130000e+05
736637 1.050000 1.110000 1.000000 1.020000 1.256000e+05
736638 1.000000 1.020000 0.900000 0.990000 6.630000e+04
736641 0.960000 1.000000 0.700000 0.890000 2.278000e+05
736642 0.870000 0.900000 0.820000 0.850000 5.220000e+04
736643 0.850000 0.860000 0.810000 0.850000 1.400000e+05
736644 0.880000 0.880000 0.790000 0.830000 3.844000e+05
736645 0.850000 1.020000 0.840000 1.010000 3.093000e+05
736648 1.000000 1.130000 0.970000 1.090000 1.143000e+05
736649 1.070000 1.120000 1.040000 1.060000 5.870000e+04
736650 1.060000 1.100000 1.050000 1.100000 4.460000e+04
736651 1.100000 1.110000 1.050000 1.090000 5.660000e+04
736652 1.100000 1.110000 1.070000 1.070000 6.870000e+04
736655 1.060000 1.230000 1.060000 1.200000 1.558000e+05
736656 1.180000 1.360000 1.170000 1.300000 6.400000e+04
736657 1.290000 1.320000 1.170000 1.300000 3.560000e+04
736659 1.290000 1.330000 1.150000 1.290000 1.530000e+04
736662 1.280000 1.300000 1.270000 1.290000 1.930000e+04
736663 1.270000 1.380000 1.270000 1.330000 1.045000e+05
736664 1.340000 1.400000 1.300000 1.400000 6.200000e+04
736665 1.400000 1.400000 1.260000 1.350000 2.340000e+04
736666 1.360000 1.380000 1.300000 1.300000 1.390000e+04
736669 1.370000 1.370000 1.310000 1.320000 1.250000e+04
736670 1.330000 1.380000 1.300000 1.370000 4.090000e+04
736671 1.360000 1.500000 1.330000 1.440000 6.210000e+04
736672 1.490000 1.500000 1.460000 1.460000 2.370000e+04
736673 1.490000 1.690000 1.480000 1.570000 5.540000e+04
736676 1.580000 1.680000 1.580000 1.640000 1.650000e+04
736677 1.630000 1.650000 1.520000 1.560000 5.870000e+04
736678 1.590000 1.590000 1.520000 1.530000 1.780000e+04
736679 1.510000 1.650000 1.380000 1.580000 5.710000e+04
736680 1.630000 1.630000 1.510000 1.520000 1.100000e+04
736683 1.490000 1.500000 1.360000 1.430000 8.270000e+04
736684 1.480000 1.490000 1.400000 1.480000 2.370000e+04
736685 1.470000 1.510000 1.470000 1.470000 6.700000e+03
736686 1.510000 1.510000 1.390000 1.400000 5.440000e+04
736687 1.450000 1.490000 1.400000 1.410000 3.610000e+04
736691 1.400000 1.420000 1.340000 1.350000 3.410000e+04
736692 1.290000 1.450000 1.280000 1.360000 4.370000e+04
736693 1.350000 1.380000 1.290000 1.320000 4.360000e+04
736694 1.320000 1.400000 1.320000 1.400000 4.170000e+04
736698 1.390000 1.430000 1.370000 1.400000 4.630000e+04
736699 1.400000 1.420000 1.320000 1.390000 4.250000e+04
736700 1.400000 1.420000 1.380000 1.410000 7.400000e+03
736701 1.410000 1.660000 1.410000 1.610000 3.470000e+04
736704 1.640000 1.650000 1.570000 1.590000 4.470000e+04
736705 1.560000 1.630000 1.540000 1.550000 2.170000e+04
736706 1.580000 1.640000 1.540000 1.610000 4.270000e+04
736707 1.600000 1.650000 1.590000 1.620000 1.110000e+04
736708 1.620000 1.670000 1.450000 1.550000 1.467000e+05
736712 1.590000 1.610000 1.460000 1.610000 6.960000e+04
736713 1.570000 1.600000 1.550000 1.600000 4.000000e+04
736714 1.600000 1.620000 1.550000 1.560000 1.970000e+04
736715 1.600000 1.610000 1.530000 1.570000 1.890000e+04
736718 1.540000 1.550000 1.500000 1.510000 3.030000e+04
736719 1.500000 1.530000 1.500000 1.510000 1.170000e+04
736720 1.550000 1.550000 1.500000 1.540000 1.200000e+04
736721 1.510000 1.520000 1.510000 1.510000 1.210000e+04
736722 1.520000 1.550000 1.490000 1.500000 2.700000e+04
736725 1.500000 1.510000 1.490000 1.500000 8.900000e+03
736726 1.480000 1.550000 1.480000 1.510000 2.820000e+04
736727 1.490000 1.530000 1.450000 1.510000 2.050000e+04
736728 1.520000 1.620000 1.520000 1.600000 1.290000e+05
736729 1.620000 1.700000 1.620000 1.620000 7.600000e+04
736732 1.630000 1.750000 1.630000 1.710000 1.980000e+04
736733 1.710000 1.780000 1.580000 1.660000 1.549000e+05
736734 1.640000 1.720000 1.630000 1.710000 2.180000e+04
736735 1.710000 1.890000 1.710000 1.750000 2.373000e+05
736736 1.740000 1.820000 1.710000 1.800000 2.730000e+04
736739 1.770000 1.820000 1.750000 1.780000 2.950000e+04
736740 1.780000 1.790000 1.750000 1.760000 1.860000e+04
736741 1.720000 1.780000 1.680000 1.710000 6.010000e+04
736742 1.770000 1.770000 1.680000 1.740000 4.450000e+04
736743 1.730000 1.780000 1.720000 1.780000 1.390000e+04
736747 1.780000 1.780000 1.700000 1.750000 7.070000e+04
736748 1.740000 1.780000 1.730000 1.750000 3.540000e+04
736749 1.810000 1.810000 1.750000 1.770000 6.200000e+04
736750 1.770000 1.830000 1.750000 1.750000 4.060000e+04
736753 1.950000 1.950000 1.800000 1.810000 1.162000e+05
736754 1.800000 1.860000 1.740000 1.800000 1.035000e+05
736755 1.750000 1.840000 1.750000 1.810000 3.480000e+04
736756 1.800000 1.850000 1.800000 1.820000 2.670000e+04
736757 1.800000 1.840000 1.780000 1.780000 3.510000e+04
736760 1.750000 1.810000 1.750000 1.760000 2.680000e+04
736761 1.780000 1.790000 1.740000 1.750000 1.172000e+05
736762 1.750000 1.790000 1.730000 1.780000 1.550000e+05
736763 1.820000 1.820000 1.750000 1.750000 3.660000e+04
736764 1.730000 1.860000 1.730000 1.810000 1.049000e+05
