736034 18.755596 19.098292 18.681500 18.681500 7.502238e+03
736035 18.829693 18.987147 18.524046 18.922313 2.269196e+04
736036 18.792007 18.950236 18.568625 18.801315 1.591596e+04
736039 18.801315 19.173617 18.643086 18.950236 8.842202e+03
736040 18.940927 19.313230 18.857159 19.145694 8.190671e+03
736041 19.248077 19.248077 18.522086 18.522086 9.493733e+03
736042 18.317320 18.857159 18.149783 18.261475 1.144832e+04
736043 18.149783 18.438317 17.824018 17.824018 2.364126e+04
736046 18.010170 18.866467 17.824018 18.289397 1.787056e+04
736047 18.131169 18.680316 18.103247 18.438318 1.061064e+04
736048 18.205628 18.550009 17.842633 18.112552 8.842202e+03
736049 18.140475 18.633777 18.103246 18.149783 4.839942e+03
736050 18.252167 18.419704 17.972938 18.354549 9.400657e+03
736053 18.308012 18.522086 17.377254 17.572712 1.749825e+04
736054 17.451714 17.758865 17.386561 17.684404 9.866036e+03
736055 17.740249 18.987466 17.414484 18.894389 2.317588e+04
736056 18.903696 19.313231 18.484857 18.726854 1.451983e+04
736060 18.857160 18.857160 17.740249 18.140476 1.498521e+04
736061 18.121859 18.475548 18.121859 18.187014 5.026094e+03
736062 18.149783 18.429010 17.963631 18.112552 5.863776e+03
736063 18.214936 18.363858 17.488946 17.647173 9.586809e+03
736064 17.693712 18.363858 17.684404 18.000862 7.725292e+03
736067 17.730941 18.345241 17.237640 18.214936 1.275139e+04
736068 18.252168 18.308012 17.824018 17.889170 1.628827e+04
736069 17.805403 18.605856 17.777481 18.196321 1.442675e+04
736070 18.345241 18.633777 18.177707 18.615162 7.446065e+03
736071 18.633777 18.633777 18.149783 18.298704 8.935278e+03
736074 18.242859 18.605854 17.982247 18.149783 1.191370e+04
736075 18.382473 18.559318 18.010170 18.112552 9.214505e+03
736076 18.093939 18.494165 18.093939 18.280089 6.422231e+03
736077 18.103246 18.503471 18.103246 18.335936 6.980686e+03
736078 18.410396 18.587239 18.252168 18.289397 1.088987e+04
736081 18.429010 18.503471 17.842634 17.926402 1.144833e+04
736082 17.814709 17.963630 16.939798 17.209717 1.787056e+04
736083 17.004951 17.200410 16.995643 17.060796 6.701458e+03
736084 17.181794 17.796096 17.181794 17.591328 9.959112e+03
736085 17.805402 17.889170 17.135257 17.358639 1.330984e+04
736088 17.265562 17.935709 17.107333 17.730941 1.340292e+04
736089 17.479639 17.842633 17.191102 17.405178 7.259913e+03
736090 17.237641 17.395871 17.032873 17.191102 5.119170e+03
736091 17.265563 17.321410 16.986336 17.144565 5.398397e+03
736092 17.172488 17.507559 17.004951 17.200410 5.398397e+03
736095 17.181793 17.470329 17.051488 17.098027 5.119169e+03
736096 17.107333 17.461022 17.051489 17.330717 6.515307e+03
736097 17.191101 17.507559 17.135257 17.395870 5.863776e+03
736098 17.479639 17.721636 17.256257 17.302794 7.073762e+03
736099 17.265562 17.730942 17.219025 17.498252 9.400657e+03
736102 17.423791 18.000862 17.237640 17.935709 8.749126e+03
736103 18.066015 18.429009 17.507559 18.187014 2.643353e+04
736104 18.075323 18.475549 16.344112 16.651262 2.997041e+04
736105 16.437188 16.902568 16.176575 16.669878 7.632217e+03
736106 16.325499 16.744339 16.111423 16.455804 1.172755e+04
736110 16.455803 16.604725 15.636735 16.241730 3.248346e+04
736111 16.232423 16.986336 16.232423 16.762954 8.749126e+03
736112 16.688492 17.451714 16.641953 16.893259 1.554366e+04
736113 16.762953 17.498251 16.576801 16.856030 8.376823e+03
736116 16.530264 16.530264 15.729812 15.869425 2.308280e+04
736117 15.646043 15.767043 15.357509 15.459893 1.284446e+04
736118 15.515738 16.018347 15.385433 15.943886 5.584549e+03
736119 15.701889 15.888040 15.376123 15.534353 8.842202e+03
736120 15.199281 15.515739 15.199281 15.487815 9.400658e+03
736123 15.376124 15.478507 15.189973 15.310972 6.049928e+03
736124 15.264433 15.487814 15.162050 15.348201 7.818368e+03
736125 15.310972 15.552967 15.310972 15.450585 7.259913e+03
736126 15.627430 15.822888 15.320278 15.478507 7.446065e+03
736127 15.412960 15.637695 15.225683 15.338049 6.648361e+03
736130 15.422324 16.077797 15.263138 15.815607 1.601225e+04
736131 15.918611 15.918611 15.216319 15.216319 2.696800e+04
736132 15.216318 15.450416 15.169500 15.244411 4.401027e+03
736133 15.384868 15.637694 15.160136 15.160136 1.769775e+04
736134 15.160136 15.431688 15.010314 15.431688 9.082972e+03
736137 15.291230 15.356778 14.130108 14.476572 1.666772e+04
736138 14.701305 15.441052 14.279930 15.010314 5.356144e+04
736139 15.075860 15.356777 14.982222 15.038404 5.618333e+03
736140 15.029039 15.029039 14.308021 14.308021 6.273805e+03
736141 14.308022 14.841763 14.148835 14.186291 3.033900e+04
736144 14.102017 14.364205 13.484000 13.811736 4.775583e+04
736145 14.045833 14.139472 13.764916 14.045833 1.498222e+04
736146 14.251839 14.514028 14.251839 14.392297 6.086528e+03
736147 14.448480 14.963494 14.429752 14.794944 7.397472e+03
736151 14.542119 14.832400 14.270567 14.832400 1.395219e+04
736152 14.841763 14.841763 14.233111 14.373569 7.397472e+03
736153 14.382933 14.514027 13.867919 13.924102 7.678388e+03
736154 14.214383 14.748124 14.176927 14.701305 1.048756e+04
736155 14.907310 14.972857 14.158199 14.158199 1.395219e+04
736158 14.392297 14.907311 14.289294 14.832400 8.802056e+03
736159 14.598302 14.823035 14.317385 14.813671 1.011300e+04
736160 14.766852 14.944766 14.382932 14.823035 1.030028e+04
736161 14.982221 15.956066 14.888582 15.553419 2.546978e+04
736162 15.712605 16.414897 15.216318 16.414897 1.376492e+04
736165 16.742632 18.053578 15.984158 16.162072 3.595733e+04
736166 15.843700 17.285738 15.843700 16.405533 3.061992e+04
736167 16.555355 16.555355 16.012249 16.199526 8.333861e+03
736168 16.489808 16.742632 16.162071 16.190164 1.460767e+04
736169 16.452352 16.667720 15.235046 15.431688 1.797867e+04
736172 15.412959 16.021614 15.412959 15.562783 2.612525e+04
736173 15.918611 15.918611 15.384869 15.384869 1.301581e+04
736174 15.515964 16.218256 15.263138 15.853064 6.442356e+04
736175 16.040340 16.452352 14.851127 15.244411 5.861794e+04
736176 15.338048 15.946703 14.879219 15.684513 3.249269e+04
736179 15.693877 15.693877 14.682577 14.804308 2.031964e+04
736180 14.804308 15.132044 14.720033 14.972858 1.432675e+04
736181 14.823036 15.103952 14.514028 14.560847 1.104939e+04
736182 14.673213 14.916675 14.205019 14.205019 1.123667e+04
736183 14.214383 14.551483 14.045833 14.251839 1.001936e+04
736186 14.382933 15.038404 14.289294 14.869855 3.267997e+04
736187 14.944766 15.216319 14.429752 14.429752 1.189214e+04
736188 14.420388 14.963494 14.392297 14.691941 5.056500e+03
736189 14.570210 14.888582 14.326749 14.673213 1.142394e+04
736190 14.682577 14.954130 14.542119 14.720033 1.329672e+04
736193 14.710669 15.263138 14.663850 14.972858 8.333861e+03
736194 15.066496 15.347412 14.982221 15.113315 8.146583e+03
736195 15.029041 15.544055 15.000950 15.506599 7.397472e+03
736196 15.450416 15.450416 14.982222 15.132044 7.584750e+03
736197 15.122680 15.122680 14.429752 14.588938 1.582497e+04
736200 14.420389 14.420389 14.139472 14.139472 1.985144e+04
736201 14.420389 14.485936 14.139472 14.139472 1.376492e+04
736202 14.148835 14.794944 14.139471 14.588938 1.048755e+04
736203 14.476571 15.300594 14.476571 14.514027 1.011300e+04
736204 14.420388 14.851127 14.420388 14.626394 8.427500e+03
736207 14.588938 15.019678 14.429752 14.785580 3.586369e+04
736208 14.476571 14.841763 14.467207 14.504663 1.900869e+04
736209 14.691941 14.691941 14.083288 14.148835 3.577005e+04
736210 14.092653 14.308022 14.092653 14.176928 1.161122e+04
736211 14.148836 14.242475 14.064561 14.064561 4.962861e+03
736215 14.064560 14.120744 13.212446 13.502727 2.865350e+04
736216 13.558910 13.558910 12.706796 12.706796 1.676136e+04
736217 12.641249 12.688069 11.938958 11.985777 2.022600e+04
736218 11.770409 12.154328 11.030661 11.058753 2.556342e+04
736221 11.096528 11.578165 11.049309 11.190967 2.115423e+04
736222 11.266517 11.974806 11.266517 11.682047 2.653723e+04
736223 11.682047 12.560326 11.030421 12.012582 1.017103e+05
736224 12.088133 12.475331 11.927587 12.277010 1.983209e+04
736225 12.088132 12.475330 11.379843 12.144795 2.927594e+04
736228 12.229790 12.824753 12.069245 12.305341 1.652674e+04
736229 12.097577 12.324229 11.710379 11.814261 2.464846e+04
736230 11.587608 12.022026 11.474282 11.937031 1.444910e+04
736231 11.682047 11.993694 11.625384 11.804817 1.407134e+04
736232 11.719823 11.927588 11.266518 11.389288 1.038824e+04
736235 11.493170 11.549833 11.285405 11.502614 4.910804e+03
736236 11.483726 11.634828 11.285405 11.360956 2.323188e+04
736237 11.606496 11.606496 11.266517 11.408175 4.816365e+03
736238 11.332624 11.568721 10.926539 11.096528 2.625391e+04
736239 11.238186 11.294849 11.030421 11.153191 1.152150e+04
736242 11.058752 12.031469 11.058752 11.965362 1.671562e+04
736243 11.880368 11.993694 11.757598 11.993694 7.743960e+03
736244 12.003138 12.720871 11.937031 12.333673 1.407134e+04
736245 12.409223 12.947523 12.390336 12.560325 1.586567e+04
736246 12.683095 12.777534 12.390336 12.569769 6.232943e+03
736249 12.579213 12.701983 12.201459 12.277010 1.388247e+04
736250 12.078688 12.078688 11.417619 11.785929 9.821608e+03
736251 11.700934 11.908699 11.540389 11.785929 8.782784e+03
736252 11.785929 11.785929 11.578164 11.757597 4.721927e+03
736253 11.682047 11.682047 11.379843 11.398731 1.369359e+04
736256 11.200411 11.663159 11.200411 11.625384 1.312696e+04
736257 11.530945 11.814261 11.398731 11.597052 9.538292e+03
736258 11.691491 12.003138 11.672603 11.672603 1.057712e+04
736259 11.729266 12.116464 11.729266 11.984250 2.266525e+03
736260 11.937031 11.937031 11.653715 11.653715 5.288558e+03
736263 11.700935 11.700935 11.427063 11.427063 4.910804e+03
736264 11.474282 11.578164 11.342068 11.342068 1.001048e+04
736265 11.342068 11.606496 11.342068 11.464838 7.177329e+03
736266 11.578164 11.578164 11.342068 11.342068 8.027275e+03
736267 11.427063 11.427063 11.285405 11.285405 6.799575e+03
736270 11.228742 11.228742 11.011533 11.153191 6.516259e+03
736271 11.134303 11.606496 11.105971 11.257073 1.359915e+04
736272 11.257074 11.332625 11.105972 11.115416 3.022033e+03
736273 11.105972 11.105972 10.850988 10.954870 1.322139e+04
736274 10.954870 10.954870 10.388239 10.426014 1.567680e+04
736277 10.407127 10.539341 9.963266 10.152143 2.370407e+04
736278 10.208805 10.444902 10.048260 10.104923 4.060857e+04
736279 10.104923 10.265469 10.048260 10.048260 6.894013e+03
736280 10.010484 10.133254 9.840495 9.840495 1.265476e+04
736281 9.840495 9.944378 9.500516 9.528848 1.766001e+04
736284 9.538292 10.227693 9.538292 9.897158 2.200418e+04
736285 9.906602 10.567672 9.906602 10.501565 1.426022e+04
736286 10.492121 10.898207 10.492121 10.492121 3.154247e+04
736287 10.548785 11.020977 10.293801 10.917095 1.189926e+04
736288 10.917095 11.228742 10.765993 10.822656 1.775444e+04
736291 10.822656 10.822656 10.388239 10.501565 1.860439e+04
736292 10.407127 10.907651 9.916046 10.784881 1.614899e+04
736293 10.813212 11.181522 10.444902 11.077640 2.275969e+04
736295 11.096528 11.105972 10.935982 10.954870 1.416578e+03
736298 10.775437 10.935982 10.256025 10.444902 1.086043e+04
736299 10.397682 10.699886 10.397682 10.548784 8.027275e+03
736300 10.501565 10.784881 10.397683 10.397683 2.370407e+04
736301 10.511009 10.511009 9.547736 9.698838 1.652674e+04
736302 9.698837 10.029372 9.698837 9.783832 9.632730e+03
736305 9.764945 9.972710 9.462742 9.566624 1.322140e+04
736306 9.443853 9.519404 8.905554 9.084987 1.624343e+04
736307 9.179425 10.388238 9.141650 10.350463 1.605455e+04
736308 10.388239 10.747106 9.717726 9.764945 2.087092e+04
736309 9.509961 9.764945 9.273865 9.453298 1.501573e+04
736312 9.300671 9.653619 9.071731 9.071731 2.690040e+04
736313 8.966800 9.205279 8.623391 8.623391 3.739347e+04
736314 8.585234 9.272053 8.547078 9.071731 4.740957e+04
736315 8.900027 9.338828 8.900027 9.300671 1.659812e+04
736316 9.300670 9.491453 9.157583 9.205279 1.755203e+04
736319 9.109887 9.443757 9.100348 9.367444 1.564420e+04
736320 9.443758 9.615463 9.348367 9.615463 1.774282e+04
736321 9.777628 9.901637 9.691776 9.825324 8.108277e+03
736322 9.739472 10.025646 9.672698 9.749011 7.917494e+03
736326 9.577305 9.825323 8.690164 8.804634 4.616948e+04
736327 8.880948 9.338827 8.880948 9.138505 3.271928e+04
736328 9.119426 9.472375 9.119426 9.367444 1.125620e+04
736329 9.443758 9.586845 9.272053 9.272053 7.631319e+03
736333 9.272054 9.644080 9.272054 9.558228 1.087463e+04
736334 9.520071 9.567767 9.176662 9.272053 1.526264e+04
736335 9.195740 9.500993 8.919105 8.919105 2.527875e+04
736336 8.919105 9.081271 8.594774 8.661548 2.041378e+04
736337 8.795095 9.014495 8.680625 8.728321 9.062191e+03
736340 8.728322 8.985879 8.728322 8.785557 5.628098e+03
736341 8.900026 8.919104 8.585234 8.652008 7.917494e+03
736342 8.747400 8.900026 8.222747 8.232286 8.394452e+03
736343 8.279982 8.547078 8.279982 8.432608 1.268707e+04
736344 8.461226 8.919105 8.461226 8.861870 1.163776e+04
736348 8.909565 8.909565 8.451686 8.461225 1.688429e+04
736349 8.308599 8.384912 8.012885 8.070120 2.060456e+04
736350 8.051043 8.365835 8.051043 8.318139 8.585235e+03
736351 8.365833 8.566156 8.327677 8.527999 1.039767e+04
736354 8.585234 8.728322 8.337217 8.489843 3.233772e+04
736355 8.632930 8.747399 8.442147 8.652008 1.535803e+04
736356 8.527999 8.776017 8.489843 8.699704 7.631319e+03
736357 8.814174 8.928644 8.747400 8.880948 7.631319e+03
736358 8.861870 9.310210 8.861870 9.186201 6.963579e+03
736361 9.157584 9.205279 8.785557 8.995418 2.232161e+04
736362 8.947722 9.119427 8.585235 8.661548 2.022300e+04
736363 8.661548 9.004958 8.423070 8.833253 1.936447e+04
736364 8.919104 9.224357 8.776017 9.148044 1.192394e+04
736365 8.957261 9.224357 8.909565 9.148044 6.009664e+03
736368 9.224357 9.224357 8.966800 8.966800 6.963579e+03
736369 8.833253 8.833253 8.537539 8.537539 4.006443e+03
736370 8.795096 8.795096 8.566156 8.632930 3.911051e+03
736371 8.547077 8.938182 8.260903 8.728321 2.117691e+04
736372 8.575695 8.871409 8.556617 8.747400 4.578792e+03
736376 8.823713 9.033575 8.776018 8.995418 9.634541e+03
736377 8.928644 8.976340 8.823714 8.842792 7.726711e+03
736378 8.995418 9.062192 8.871409 9.062192 7.440537e+03
736379 9.148044 9.148044 8.938183 9.014496 4.674183e+03
736382 9.109888 9.186201 8.880948 8.919105 9.443758e+03
736383 8.880948 8.880948 8.585234 8.766478 1.116080e+04
736384 8.699705 8.833253 8.699705 8.785557 3.052528e+03
736385 8.776018 8.823714 8.699705 8.718783 8.108277e+03
736386 8.814174 8.995418 8.814174 8.995418 1.526264e+03
736389 9.081270 9.157584 8.995418 8.995418 3.338702e+03
736390 8.995418 9.233897 8.985879 8.985879 3.911051e+03
736391 9.090809 9.100348 8.928643 9.090809 1.240089e+04
736392 9.205279 9.968411 9.167122 9.930254 2.422944e+04
736393 9.968411 10.340438 9.968411 10.101959 9.729932e+03
736396 10.082881 10.340438 10.082881 10.178272 1.345020e+04
736397 10.206889 10.235507 10.111498 10.121037 4.197226e+03
736398 10.140116 10.140116 9.729932 9.901637 8.489843e+03
736399 10.044724 10.101959 9.777628 9.977950 7.058970e+03
736400 9.977950 10.178272 9.977950 9.977950 1.659812e+04
736403 9.939426 9.939426 9.708276 9.823851 7.897606e+03
736404 9.660120 9.660120 9.255608 9.534914 1.271322e+04
736405 9.689014 9.804588 9.448233 9.746801 5.875048e+03
736406 9.939426 10.392094 9.727539 10.026107 2.590800e+04
736407 10.180206 10.401724 10.074263 10.343937 1.704727e+04
736410 10.228363 10.401725 10.055001 10.170576 6.549235e+03
736411 10.055001 10.237994 10.055001 10.160944 1.194272e+04
736412 10.180206 10.401724 9.910532 10.343937 2.735268e+04
736413 10.343938 10.343938 10.093526 10.189838 6.163985e+03
736417 10.189838 10.266888 9.987583 10.170576 1.743252e+04
736418 10.132050 10.218731 10.093526 10.112788 4.237740e+03
736419 10.209100 10.209100 10.026107 10.112788 7.993918e+03
736420 10.180207 10.189838 9.968320 9.968320 1.396528e+04
736421 9.977951 10.103157 9.823851 9.823851 2.793056e+03
736424 9.785326 9.939426 9.746801 9.746801 7.704981e+03
736425 9.737170 9.920163 9.679383 9.698645 1.030541e+04
736426 9.708277 9.775695 9.640858 9.679383 4.622989e+03
736427 9.843114 9.843114 9.544546 9.554177 5.200862e+03
736428 9.554177 9.727539 9.245977 9.400077 9.534914e+03
736431 9.506020 9.679382 9.506020 9.544545 5.200862e+03
736432 9.457864 9.611964 9.457864 9.525283 6.741859e+03
736433 9.544546 9.669752 9.486759 9.486759 6.549235e+03
736434 9.611965 9.611965 9.477128 9.486759 5.971361e+03
736435 9.756433 9.756433 9.448234 9.448234 6.741859e+03
736438 9.534914 9.554176 9.400077 9.419339 9.438601e+03
736439 9.554176 9.592701 9.486758 9.534914 9.053353e+03
736440 9.448233 9.563808 9.419340 9.515652 1.329109e+04
736441 9.592702 9.611964 9.554177 9.602333 1.358003e+04
736442 9.602333 9.631227 9.409709 9.631227 6.356610e+03
736445 9.660120 10.055000 9.660120 9.997213 1.078697e+04
736446 9.977951 10.228363 9.977951 10.170576 1.367634e+04
736447 10.132050 10.584718 10.016475 10.469143 3.322773e+04
736448 10.440250 10.960336 10.440250 10.440250 2.301863e+04
736449 10.440249 10.594349 10.411356 10.420987 5.586111e+03
736452 10.440250 10.989230 10.440250 10.565456 3.659866e+04
736453 10.546193 10.565455 10.411356 10.430618 8.571791e+03
736454 10.507668 10.517300 10.035738 10.064632 9.149665e+03
736455 10.247626 10.488406 10.160944 10.353569 4.622989e+03
736456 10.575087 10.575087 10.199469 10.324675 1.540996e+04
736459 10.257257 10.575087 10.170576 10.315044 1.280953e+04
736460 10.257256 10.353568 10.122419 10.266887 6.067672e+03
736461 10.324675 10.324675 10.112788 10.112788 4.719301e+03
736462 10.151313 10.151313 9.881639 9.900901 1.300216e+04
736463 9.891270 10.141682 9.862376 9.891270 1.203903e+04
736466 9.920163 10.141682 9.881639 9.987582 1.309847e+04
736467 10.132050 10.315044 9.804589 10.035738 1.810671e+04
736468 10.093526 10.093526 9.766064 9.939426 5.297175e+03
736469 9.939426 10.160944 9.939426 10.064632 4.334052e+03
736470 10.170575 10.478774 10.170575 10.420987 6.741859e+03
736473 10.498037 10.517299 10.266887 10.459512 1.184641e+04
736474 10.536562 10.690662 10.507669 10.517300 5.104550e+03
736475 10.632874 10.632874 10.517299 10.632874 2.889368e+03
736476 10.806237 10.931443 10.652137 10.931443 2.985680e+03
736477 10.941073 12.183501 10.883285 12.183501 2.841212e+04
736481 12.087189 12.087189 11.441897 11.701940 3.072361e+04
736482 11.711572 12.087190 11.567103 11.846409 1.165378e+04
736483 11.865671 12.039033 11.644153 11.981246 6.067673e+03
736484 12.029403 12.299077 11.759728 12.173871 1.492840e+04
736487 12.202764 12.376126 12.202764 12.289445 8.571792e+03
736488 12.337602 12.366496 12.087190 12.212396 1.165378e+04
736489 12.385757 12.414651 12.096821 12.366495 1.300216e+04
736490 12.241289 12.414651 12.212395 12.327970 3.563554e+03
736491 12.240606 12.512404 12.240606 12.492990 1.329868e+04
736494 12.347384 12.386212 12.192071 12.347384 4.853531e+03
736495 12.250313 12.463869 12.143536 12.211485 6.212520e+03
736496 12.483282 12.483282 12.153242 12.279434 2.426766e+03
736497 12.153243 12.347384 12.133829 12.201778 5.435955e+03
736498 12.192071 12.512404 12.182364 12.366798 1.155140e+04
736501 12.415333 12.415333 12.143536 12.201778 3.785755e+03
736502 12.201778 12.201778 12.085293 12.095000 6.794944e+03
736503 12.036758 12.240607 11.871738 11.988223 2.620907e+04
736504 12.104708 12.492990 12.104708 12.298849 1.145433e+04
736505 11.949395 12.153243 11.726132 12.007637 1.164848e+04
736508 12.065879 12.065879 11.551404 11.648475 1.203676e+04
736509 11.803789 11.832910 11.648476 11.658183 3.203331e+03
736510 11.755253 11.842617 11.405799 11.415506 1.640494e+04
736511 11.425213 11.667890 10.998102 11.561112 1.358989e+04
736512 11.561112 12.095000 11.561112 12.095000 1.028949e+04
736516 12.095000 12.347384 12.017344 12.046465 9.027568e+03
736517 11.988222 12.318263 11.920273 12.085293 6.503732e+03
736518 11.910567 12.075587 11.910567 11.978516 5.533026e+03
736519 12.104708 12.104708 11.929980 12.007637 4.465249e+03
736522 12.007637 12.221192 11.920273 11.929980 1.436645e+04
736523 12.036758 12.240606 11.997930 12.172657 8.639286e+03
736524 12.124121 12.357091 12.027051 12.240606 1.543423e+04
736525 12.260021 12.415334 12.260021 12.308556 6.309591e+03
736526 12.153243 12.298849 12.153243 12.269728 1.456059e+03
736529 12.201778 12.405626 12.201778 12.366798 5.144743e+03
736530 12.366798 12.366798 11.929980 11.939687 6.892014e+03
736531 12.027051 12.182364 11.910566 11.920273 4.659390e+03
736532 12.056172 12.056172 11.929980 11.959101 6.115449e+03
736533 12.065879 12.095000 11.959101 12.095000 8.736356e+02
736536 11.978515 12.143535 11.910566 11.929980 9.901204e+03
736537 12.172656 12.172656 11.803788 11.803788 6.697873e+03
736538 11.891152 11.891152 11.648475 11.764960 7.280297e+03
736539 11.716425 11.794082 11.667890 11.687304 1.650201e+03
736540 11.803789 11.988223 11.658183 11.658183 1.028949e+04
736543 11.687304 11.697011 11.658183 11.667890 1.213383e+04
736544 11.667889 11.667889 11.629061 11.648475 5.144743e+03
736545 11.638769 11.648476 11.561112 11.561112 2.815048e+03
736546 11.706717 11.706717 11.357263 11.357263 3.785754e+03
736547 11.386385 11.386385 11.075759 11.075759 3.785755e+03
736550 11.075758 11.221364 10.736011 10.745718 9.027568e+03
736551 10.697184 10.891325 10.697184 10.726305 3.106260e+03
736552 10.862203 10.910738 10.580698 10.687476 6.989085e+03
736553 10.794255 10.794255 10.483629 10.532164 1.242504e+04
736554 10.609820 10.765133 10.182709 10.289487 9.124639e+03
736557 10.250658 10.638941 10.182709 10.541870 1.533716e+04
736558 10.405971 10.881617 10.405971 10.881617 1.164847e+04
736559 10.901032 11.396092 10.901032 11.396092 3.106260e+03
736560 11.454334 11.871738 11.425213 11.774667 1.931705e+04
736561 11.716425 11.891153 11.599941 11.658183 3.300402e+03
736564 11.755253 11.755253 11.425213 11.444627 8.348074e+03
736565 11.405799 11.405799 11.114587 11.114587 1.261918e+03
736566 11.027224 11.211658 10.852497 11.056345 1.747271e+04
736567 11.114587 11.250486 10.736012 10.794254 1.659908e+04
736568 10.794254 10.891324 10.794254 10.823375 2.135554e+03
736571 10.803961 10.998102 10.726304 10.813668 8.445145e+03
736572 10.949566 11.017516 10.871910 10.871910 1.941412e+03
736573 10.774839 10.862203 10.765132 10.862203 4.271108e+03
736574 10.736011 10.891324 10.726304 10.823375 6.212520e+03
736575 10.842789 10.910738 10.396264 10.541870 1.019242e+04
736579 10.493335 10.677769 10.493335 10.541870 7.959791e+03
736580 10.609819 11.066051 10.483628 10.541870 1.339575e+04
736581 10.444799 10.687476 10.444799 10.590405 4.950602e+03
736582 10.570992 10.570992 10.405972 10.405972 2.135554e+03
736585 10.386557 10.464214 10.192416 10.202123 1.067777e+04
736586 10.260366 10.260366 9.755599 9.765306 7.571510e+03
736587 9.804134 9.988568 9.707063 9.716770 1.203676e+04
736588 9.775012 9.775012 9.483800 9.493507 1.601665e+04
736589 9.562159 9.738691 9.513123 9.611196 5.197892e+03
736592 9.611196 9.611196 9.101214 9.562159 1.451487e+04
736593 9.611196 9.768113 9.493507 9.768113 1.069000e+04
736594 9.650425 9.777921 9.444471 9.699462 7.355507e+03
736595 9.777921 9.954453 9.738692 9.866187 6.570920e+03
736596 9.866187 9.905416 9.866187 9.866187 2.451836e+03
736599 9.807342 9.944645 9.807342 9.826957 1.206303e+04
736600 9.758305 9.915222 9.719076 9.787727 8.630461e+03
736601 9.768114 9.875994 9.493508 9.866187 8.238168e+03
736602 9.954452 9.954452 9.758306 9.797535 3.236423e+03
736603 9.797535 9.797535 9.611195 9.630810 5.590185e+03
736606 9.758306 9.895608 9.738691 9.797535 9.905416e+03
736607 9.817149 9.964259 9.640617 9.640617 3.138349e+03
736608 9.709268 9.866186 9.709268 9.758305 4.903671e+03
736609 9.768113 9.885801 9.689654 9.689654 1.480909e+04
736610 9.689654 9.719076 9.611195 9.689654 2.255689e+03
736613 9.562158 9.562158 9.434663 9.464085 1.284762e+04
736614 9.562159 9.660233 9.366012 9.415049 7.649727e+03
736615 9.513122 9.660232 9.366012 9.464085 6.080552e+03
736616 9.611195 9.807341 9.562158 9.709268 2.549909e+03
736617 9.738691 9.905416 9.738691 9.856379 3.530643e+03
736620 9.758306 9.807342 9.513122 9.513122 6.472846e+03
736621 9.611195 9.660232 9.513122 9.513122 3.432570e+03
736622 9.464085 9.591580 9.415048 9.503314 2.549909e+03
736623 9.562159 9.856379 9.562159 9.856379 3.824863e+03
736624 9.611196 9.758306 9.611196 9.660233 9.807343e+02
736627 9.709269 9.758306 9.611196 9.611196 2.059542e+03
736628 9.611196 9.660232 9.366012 9.366012 8.042021e+03
736629 9.316974 9.316974 9.071791 9.218901 6.080552e+03
736630 9.267939 9.464085 9.248324 9.366012 3.628717e+03
736631 9.464086 9.464086 9.071792 9.071792 3.922937e+03
736634 8.973718 9.120828 8.973718 9.022755 7.943947e+03
736635 9.111022 9.120829 8.924682 8.924682 4.413304e+03
736636 9.022755 9.071792 8.875645 8.875645 2.451836e+03
736637 8.875645 8.914874 8.777572 8.875645 3.334496e+03
736638 9.022755 9.267938 9.022755 9.169865 4.413304e+03
736641 9.248324 9.248324 9.022755 9.071792 5.590185e+03
736642 8.924681 8.924681 8.728534 8.777571 7.061286e+03
736643 8.679497 8.826607 8.679497 8.728534 4.609451e+03
736644 8.826608 8.924681 8.601039 8.630461 1.912432e+04
736645 8.679498 9.650424 8.650076 9.522929 1.118037e+04
736648 9.513122 10.984223 9.513122 10.886150 3.177579e+04
736649 10.886150 11.229407 10.807691 10.984223 1.402450e+04
736650 11.131333 11.278443 10.150599 10.523278 9.022755e+03
736651 10.297709 10.297709 9.660232 9.758305 1.323991e+04
736652 9.709269 9.709269 9.366012 9.366012 1.333799e+04
736655 9.513122 9.709269 9.267939 9.562159 1.108230e+04
736656 9.709269 10.209443 9.709269 10.209443 2.039927e+04
736657 10.101563 10.297709 9.905416 10.199636 3.824863e+03
736659 10.699810 10.699810 10.699810 10.699810 2.942203e+02
736662 10.444820 10.454627 10.052526 10.052526 8.042021e+03
736663 9.905415 10.248672 8.777571 8.973718 8.650076e+04
736664 9.169864 9.856378 9.071791 9.709268 1.036636e+05
736665 9.611195 10.199636 9.611195 10.199636 7.551654e+03
736666 10.003489 10.346746 9.934838 10.052526 1.804551e+04
736669 10.003489 10.003489 9.366012 9.630810 2.530294e+04
736670 9.601388 9.758306 9.424856 9.513122 8.140094e+03
736671 9.807343 9.856380 9.316976 9.660233 3.756212e+04
736672 9.660233 10.003490 9.611196 9.660233 1.392643e+04
736673 9.611195 9.807342 9.415048 9.758305 4.226964e+04
736676 9.807342 10.003489 9.709269 9.807342 1.804551e+04
736677 9.709269 10.003489 9.679847 9.905416 6.374773e+03
736678 9.807343 9.807343 9.611196 9.611196 5.394039e+03
736679 9.660232 9.758306 9.415049 9.513122 7.257433e+03
736680 9.513122 9.760860 9.513122 9.612217 7.531222e+03
736683 9.562670 9.711313 9.364480 9.463575 9.513123e+03
736684 9.364480 9.443756 9.215837 9.314932 1.228778e+04
736685 9.314932 9.414027 9.314932 9.414027 4.459276e+03
736686 9.265385 9.562670 9.087013 9.116742 1.585520e+04
736687 9.057284 9.414027 9.057284 9.364479 2.873755e+03
736691 9.265384 9.612217 9.265384 9.414027 2.269276e+04
736692 9.612217 9.612217 9.384298 9.562669 7.432126e+03
736693 9.562670 9.562670 9.374389 9.503213 6.837557e+03
736694 9.463575 9.463575 9.215837 9.215837 6.441176e+03
736698 9.166290 9.503214 9.166290 9.473485 3.270136e+03
736699 9.513121 9.641945 9.423936 9.562669 6.342081e+03
736700 9.661764 9.760860 9.513122 9.711312 1.288235e+04
736701 9.760860 9.760860 9.661764 9.711312 2.080995e+03
736704 9.760859 10.157240 9.760859 9.909502 1.367511e+04
736705 9.968959 10.355430 9.909502 10.355430 8.125792e+03
736706 10.305883 10.305883 9.909502 9.959050 3.071946e+03
736707 9.919412 10.048236 9.859955 10.008598 4.261086e+03
736708 10.058144 10.147330 9.909501 10.058144 1.535973e+04
736712 10.058144 10.305882 10.058144 10.186968 5.945701e+03
736713 10.276154 10.404978 10.186968 10.355430 1.684615e+03
736714 10.355430 10.702263 10.206788 10.702263 1.377421e+04
736715 10.702262 10.870724 10.414887 10.850905 1.218869e+04
736718 10.850905 11.098643 10.652715 10.999548 2.041358e+04
736719 11.098642 11.445475 11.098642 11.445475 8.720362e+03
736720 11.594118 11.792309 10.900453 11.742761 1.744073e+04
736721 11.643666 11.643666 11.039186 11.039186 1.744072e+04
736722 11.049095 11.059004 10.523891 10.900452 9.314932e+03
736725 10.900452 11.049095 10.900452 10.900452 1.991810e+04
736726 10.801358 10.999548 10.622987 10.999548 9.711313e+03
736727 10.999547 11.148190 10.900452 11.049095 7.927602e+03
736728 11.098642 11.376108 11.098642 11.296832 8.918552e+03
736729 11.346380 11.395927 11.197737 11.296832 7.333031e+03
736732 11.445475 11.445475 10.850904 10.900452 5.450226e+03
736733 10.850905 10.900453 10.504072 10.652715 1.357602e+04
736734 10.652715 11.049096 10.652715 10.999548 1.278326e+04
736735 11.148190 11.445476 10.950000 11.395928 2.586380e+04
736736 11.346381 11.346381 11.148190 11.197738 7.134842e+03
736739 11.395927 11.445475 11.267104 11.405837 5.252036e+03
736740 11.267105 11.296833 10.950000 10.999548 3.765611e+03
736741 11.049095 11.148190 10.900452 10.900452 8.522172e+03
736742 10.801357 10.979728 10.801357 10.900452 9.810407e+03
736743 10.900452 10.979729 10.900452 10.950000 2.675566e+03
736747 10.801358 10.999548 10.801358 10.999548 8.224887e+03
736748 10.900453 11.049095 10.850905 10.850905 7.630317e+03
736749 10.989638 10.999548 10.900453 10.999548 6.936652e+03
736750 10.850904 10.950000 10.850904 10.900452 7.828506e+03
736753 10.801357 10.950000 10.801357 10.950000 6.936652e+03
736754 10.900452 10.930181 10.900452 10.900452 3.567421e+03
736755 10.950000 11.049095 10.900452 10.900452 9.612217e+03
736756 10.999547 11.177918 10.999547 11.177918 3.468326e+03
736757 11.049096 11.049096 10.900453 10.999548 6.342082e+03
736760 11.098642 11.098642 10.900452 10.900452 3.567421e+03
736761 10.900452 10.999547 10.900452 10.900452 1.684615e+03
736762 10.969819 11.227466 10.900452 10.900452 9.017647e+03
736763 10.850905 10.999548 10.850905 10.950000 4.261086e+03
736764 11.050000 11.150000 11.000000 11.150000 6.500000e+03
