736034 45.770000 47.450001 44.860001 46.900002 1.427100e+06
736035 43.240002 49.599998 42.080002 47.790001 2.864500e+06
736036 47.490002 49.480000 47.009998 48.500000 7.488000e+05
736039 48.599998 49.000000 46.180000 46.459999 5.637000e+05
736040 45.860001 46.700001 45.259998 45.849998 4.338000e+05
736041 46.259998 47.490002 44.950001 46.939999 4.293000e+05
736042 46.669998 47.980000 46.520000 47.570000 2.437000e+05
736043 47.980000 48.090000 45.250000 46.919998 7.639000e+05
736046 47.200001 49.250000 46.549999 49.250000 4.868000e+05
736047 48.959999 51.200001 48.009998 49.549999 9.364000e+05
736048 50.000000 50.799999 47.500000 47.860001 5.827000e+05
736049 47.860001 47.860001 47.009998 47.400002 4.211000e+05
736050 47.400002 49.000000 47.025002 49.000000 3.233000e+05
736053 48.500000 49.650002 47.500000 49.619999 4.531000e+05
736054 49.299999 50.500000 48.779999 50.049999 9.505000e+05
736055 49.799999 50.389999 47.500000 48.400002 7.133000e+05
736056 48.400002 48.980000 47.799999 48.240002 2.174000e+05
736060 48.509998 49.450001 48.389999 49.259998 2.402000e+05
736061 49.360001 50.500000 49.270000 50.480000 3.929000e+05
736062 50.200001 51.070000 49.500000 50.049999 3.393000e+05
736063 50.700001 50.980000 49.959999 50.459999 3.222000e+05
736064 50.150002 50.400002 49.029999 49.790001 2.232000e+05
736067 49.669998 53.900002 49.560001 53.689999 6.854000e+05
736068 53.000000 60.000000 52.150002 59.930000 1.392800e+06
736069 59.520000 59.560001 56.810001 57.470001 1.077100e+06
736070 58.419998 62.750000 58.209999 61.590000 1.802400e+06
736071 60.509998 62.250000 59.240002 61.669998 5.761000e+05
736074 62.150002 63.720001 60.700001 63.650002 5.892000e+05
736075 62.619999 62.650002 59.009998 60.000000 1.039000e+06
736076 59.900002 62.180000 59.200001 62.000000 5.040000e+05
736077 63.000000 63.250000 60.759998 62.730000 4.206000e+05
736078 63.070000 68.750000 63.020000 68.529999 8.905000e+05
736081 68.160004 71.669998 66.246002 69.360001 1.153300e+06
736082 69.699997 69.750000 67.500000 68.589996 4.379000e+05
736083 69.029999 71.099998 67.699997 69.040001 4.041000e+05
736084 68.540001 68.885002 66.000000 68.750000 5.188000e+05
736085 69.599998 72.000000 69.000000 70.750000 6.187000e+05
736088 71.400002 76.499001 71.400002 75.650002 7.110000e+05
736089 75.000000 79.000000 72.800003 78.360001 1.038800e+06
736090 78.300003 79.500000 75.000000 75.129997 7.094000e+05
736091 75.940002 75.940002 65.500000 66.040001 1.479400e+06
736092 65.989998 68.400002 61.500000 68.000000 1.916500e+06
736095 68.000000 68.180000 64.470001 65.300003 5.841000e+05
736096 64.930000 66.760002 64.500000 65.629997 4.691000e+05
736097 66.589996 69.500000 64.989998 68.360001 1.532900e+06
736098 75.339996 77.730003 64.779999 65.500000 3.219500e+06
736099 67.150002 72.550003 66.029999 69.389999 1.540800e+06
736102 71.650002 72.830002 69.400002 72.540001 7.594000e+05
736103 73.500000 78.870003 72.620003 76.449997 1.204200e+06
736104 78.320000 84.980003 76.010002 82.849998 1.673000e+06
736105 85.040001 90.519997 85.040001 89.870003 1.979600e+06
736106 94.389999 96.749001 90.120003 92.860001 2.832900e+06
736110 88.489998 90.379997 82.779999 85.760002 2.110500e+06
736111 82.779999 83.239998 73.129997 73.690002 3.303400e+06
736112 72.320000 78.150002 71.199997 76.010002 2.018200e+06
736113 79.190002 83.000000 78.347000 82.809998 1.915900e+06
736116 80.250000 80.739998 76.500000 78.690002 1.291800e+06
736117 80.879997 82.500000 78.600998 78.930000 8.047000e+05
736118 80.599998 80.599998 76.800003 77.500000 5.336000e+05
736119 78.400002 79.440002 74.500000 75.330002 7.271000e+05
736120 76.279999 77.334999 75.010002 77.010002 3.999000e+05
736123 77.099998 78.279999 76.330002 76.940002 1.959000e+05
736124 77.589996 77.589996 75.000000 76.599998 2.359000e+05
736125 76.120003 76.540001 73.000000 74.300003 5.731000e+05
736126 74.019997 78.000000 73.180000 77.440002 9.281000e+05
736127 78.739998 78.739998 75.010002 75.389999 3.800000e+05
736130 74.949997 76.150002 73.779999 74.860001 3.015000e+05
736131 74.529999 75.290001 73.583000 73.809998 3.373000e+05
736132 73.809998 74.279999 71.050003 72.300003 3.680000e+05
736133 72.480003 72.550003 68.000000 69.099998 8.541000e+05
736134 69.300003 71.874001 68.800003 69.339996 8.976000e+05
736137 69.489998 69.970001 65.504997 66.000000 5.594000e+05
736138 65.500000 66.949997 63.506001 63.840000 6.871000e+05
736139 63.500000 64.985001 62.200001 62.480000 5.459000e+05
736140 62.610001 65.820000 61.599998 63.930000 5.206000e+05
736141 63.930000 64.290001 62.070000 62.400002 2.852000e+05
736144 61.880001 64.487999 60.110001 60.459999 4.137000e+05
736145 60.520000 61.400002 59.720001 60.270000 3.504000e+05
736146 60.750000 62.660000 59.880001 60.040001 4.070000e+05
736147 59.889999 60.799999 57.590000 57.889999 5.389000e+05
736151 57.450001 60.500000 56.060001 59.000000 3.839000e+05
736152 55.869999 56.349998 52.500000 54.740002 1.203300e+06
736153 53.750000 53.990002 51.439999 51.730000 5.806000e+05
736154 51.750000 53.000000 50.099998 50.430000 5.077000e+05
736155 51.500000 52.209999 50.200001 50.500000 4.618000e+05
736158 51.279999 53.000000 50.643002 51.720001 4.734000e+05
736159 52.709999 53.340000 50.889999 50.910000 4.115000e+05
736160 51.200001 51.490002 48.250000 48.730000 5.656000e+05
736161 48.599998 50.340000 48.209999 49.419998 3.810000e+05
736162 49.759998 53.419998 49.400002 52.939999 8.798000e+05
736165 55.000000 56.669998 51.750000 54.790001 8.828000e+05
736166 52.990002 58.950001 51.500000 58.560001 1.042800e+06
736167 59.029999 60.889999 57.770000 58.080002 6.082000e+05
736168 58.090000 60.500000 57.270000 60.259998 4.124000e+05
736169 60.980000 61.000000 55.160000 56.549999 3.982000e+05
736172 56.410000 56.450001 52.500000 52.799999 5.075000e+05
736173 53.560001 55.299999 52.099998 52.639999 3.297000e+05
736174 54.419998 63.948002 53.509998 62.150002 1.372600e+06
736175 61.590000 64.900002 57.299999 60.610001 1.061800e+06
736176 61.060001 69.639999 60.369999 68.050003 1.407100e+06
736179 68.489998 74.378998 67.709999 69.970001 1.466800e+06
736180 73.000000 74.889000 69.500000 70.589996 7.452000e+05
736181 72.400002 72.650002 66.010002 68.980003 6.576000e+05
736182 67.430000 67.730003 62.853001 64.660004 4.556000e+05
736183 66.529999 72.000000 65.059998 71.639999 7.176000e+05
736186 72.669998 73.099998 66.709999 70.639999 2.028400e+06
736187 75.040001 75.900002 67.500000 68.559998 2.679300e+06
736188 65.519997 67.000000 62.200001 64.790001 1.530800e+06
736189 64.790001 64.790001 54.110001 54.490002 7.349900e+06
736190 55.619999 58.090000 54.500000 55.330002 2.783900e+06
736193 56.250000 58.200001 55.630001 55.959999 1.507700e+06
736194 55.849998 58.900002 55.599998 55.700001 1.342300e+06
736195 55.349998 55.377998 51.500000 53.150002 1.869200e+06
736196 52.410000 53.980000 50.500000 50.650002 1.359400e+06
736197 49.439999 50.000000 46.000000 47.500000 1.838600e+06
736200 42.000000 47.500000 41.500000 45.340000 1.443500e+06
736201 49.709999 49.720001 44.599998 44.889999 1.041900e+06
736202 46.529999 48.380001 44.959999 47.680000 8.687000e+05
736203 49.509998 51.349998 46.980000 50.450001 9.294000e+05
736204 50.000000 51.175999 49.340000 50.610001 5.136000e+05
736207 51.000000 51.000000 48.000000 49.939999 7.003000e+05
736208 48.189999 48.970001 47.160000 48.270000 4.622000e+05
736209 48.400002 49.250000 47.529999 48.700001 3.870000e+05
736210 49.009998 49.250000 47.250000 48.110001 3.944000e+05
736211 47.290001 48.580002 46.709999 47.810001 3.499000e+05
736215 48.500000 50.250000 48.419998 49.270000 5.438000e+05
736216 50.009998 51.000000 48.419998 48.500000 5.182000e+05
736217 48.509998 49.779999 48.051998 48.560001 2.965000e+05
736218 48.540001 56.689999 48.490002 55.139999 2.314300e+06
736221 53.779999 53.900002 49.700001 51.980000 1.152100e+06
736222 51.660000 54.459999 51.169998 52.180000 4.729000e+05
736223 52.110001 52.858002 50.770000 51.459999 4.854000e+05
736224 51.459999 55.919998 51.220001 53.790001 1.236300e+06
736225 53.209999 54.248001 51.169998 53.160000 6.796000e+05
736228 53.500000 55.770000 52.009998 52.599998 6.296000e+05
736229 51.660000 52.549999 49.970001 50.900002 3.553000e+05
736230 51.009998 52.509998 50.270000 50.380001 3.049000e+05
736231 50.000000 51.639999 49.400002 50.939999 5.606000e+05
736232 51.500000 51.869999 48.840000 49.400002 5.637000e+05
736235 49.450001 50.250000 47.400002 47.939999 4.065000e+05
736236 47.939999 48.849998 46.349998 46.900002 3.196000e+05
736237 47.770000 49.080002 46.799999 47.400002 4.884000e+05
736238 47.250000 48.250000 46.299999 47.169998 5.248000e+05
736239 46.779999 50.660000 46.599998 50.110001 6.328000e+05
736242 50.369999 51.250000 48.820000 49.400002 5.241000e+05
736243 49.400002 50.650002 48.849998 48.950001 2.005000e+05
736244 49.279999 49.630001 47.480000 48.480000 3.331000e+05
736245 44.700001 46.700001 43.099998 46.220001 1.052100e+06
736246 45.849998 46.000000 43.950001 44.049999 8.816000e+05
736249 44.540001 44.730000 42.049999 42.610001 5.993000e+05
736250 42.610001 44.980000 42.200001 43.060001 6.420000e+05
736251 43.049999 43.419998 41.299999 41.720001 5.656000e+05
736252 42.349998 42.888000 41.000000 42.450001 5.155000e+05
736253 42.509998 45.700001 41.619999 43.459999 9.982000e+05
736256 43.500000 44.840000 42.674999 44.290001 4.078000e+05
736257 44.709999 45.500000 43.799999 44.009998 5.285000e+05
736258 44.119999 44.240002 42.057999 42.330002 3.455000e+05
736259 43.160000 44.110001 42.250000 42.880001 2.509000e+05
736260 43.180000 45.650002 43.020000 45.020000 4.276000e+05
736263 45.279999 45.770000 44.410000 44.650002 2.646000e+05
736264 44.349998 44.880001 43.500000 44.049999 2.703000e+05
736265 44.299999 46.500000 44.119999 46.009998 4.211000e+05
736266 46.259998 46.849998 44.000000 44.320000 5.929000e+05
736267 44.520000 45.910000 44.139999 45.570000 3.380000e+05
736270 45.990002 48.540001 45.689999 47.939999 8.523000e+05
736271 47.630001 49.570000 47.459999 48.630001 8.383000e+05
736272 49.805000 49.939999 48.200001 48.919998 5.446000e+05
736273 50.639999 52.000000 48.700001 51.110001 2.862300e+06
736274 53.500000 53.500000 49.330002 49.990002 2.568100e+06
736277 50.000000 50.000000 46.419998 48.549999 1.078200e+06
736278 48.009998 48.500000 46.259998 46.680000 5.911000e+05
736279 47.040001 47.040001 43.650002 44.119999 7.087000e+05
736280 44.490002 45.180000 42.130001 42.470001 1.003100e+06
736281 42.000000 42.360001 39.910000 40.849998 1.249800e+06
736284 40.700001 43.799999 39.950001 43.419998 1.007600e+06
736285 43.000000 43.509998 41.570000 42.959999 6.995000e+05
736286 42.709999 43.855000 41.770000 42.480000 5.361000e+05
736287 42.160000 43.529999 41.529999 43.169998 4.942000e+05
736288 43.299999 43.570000 42.169998 42.529999 4.210000e+05
736291 42.720001 43.459999 42.056999 43.220001 4.110000e+05
736292 42.970001 43.619999 42.200001 43.400002 4.438000e+05
736293 43.680000 44.900002 43.389999 43.480000 3.276000e+05
736295 43.720001 44.700001 43.707001 44.119999 1.620000e+05
736298 44.150002 46.400002 44.150002 45.950001 6.713000e+05
736299 46.000000 47.000000 44.560001 45.700001 6.715000e+05
736300 45.500000 45.689999 45.020000 45.509998 5.701000e+05
736301 45.730000 45.993000 43.750000 44.630001 4.051000e+05
736302 44.869999 44.980000 43.423000 44.040001 4.297000e+05
736305 44.000000 44.730000 43.500000 43.770000 4.591000e+05
736306 43.619999 43.990002 42.500000 43.810001 5.736000e+05
736307 44.000000 45.070000 42.709999 44.160000 7.013000e+05
736308 44.099998 44.590000 42.610001 42.939999 7.947000e+05
736309 42.250000 43.000000 41.139999 41.189999 6.745000e+05
736312 41.299999 41.349998 40.029999 40.160000 6.334000e+05
736313 40.700001 41.720001 40.219002 41.580002 5.054000e+05
736314 42.029999 42.029999 39.500000 40.169998 7.563000e+05
736315 40.330002 40.849998 38.450001 38.540001 7.887000e+05
736316 39.250000 39.750000 38.000000 39.750000 1.506800e+06
736319 40.009998 40.250000 37.599998 38.189999 9.097000e+05
736320 38.189999 40.439999 37.924000 39.750000 7.871000e+05
736321 40.349998 40.830002 39.509998 39.840000 4.421000e+05
736322 39.500000 40.880001 39.459999 40.490002 2.002000e+05
736326 40.200001 41.680000 39.720001 39.849998 6.787000e+05
736327 40.240002 41.049999 39.825001 40.639999 4.472000e+05
736328 40.540001 40.980000 39.880001 39.959999 3.964000e+05
736329 39.869999 40.750000 39.549999 39.599998 4.078000e+05
736333 38.500000 39.099998 37.759998 38.549999 5.580000e+05
736334 38.560001 39.099998 38.091000 39.009998 2.824000e+05
736335 38.000000 38.411999 37.700001 38.330002 5.827000e+05
736336 37.540001 37.840000 36.200001 36.200001 8.557000e+05
736337 36.389999 37.000000 33.910000 34.900002 1.071300e+06
736340 35.080002 35.235001 33.599998 34.209999 5.668000e+05
736341 34.049999 35.500000 32.000000 32.860001 1.063700e+06
736342 32.860001 33.480000 31.309999 31.920000 5.289000e+05
736343 32.240002 33.340000 30.000000 32.240002 1.124300e+06
736344 31.010000 32.200001 30.420000 32.070000 8.331000e+05
736348 33.720001 34.970001 33.020000 33.500000 1.326100e+06
736349 32.439999 34.200001 31.100000 33.750000 9.404000e+05
736350 33.900002 36.930000 33.700001 35.090000 9.050000e+05
736351 36.020000 36.875000 35.000000 35.520000 1.093200e+06
736354 35.549999 35.750000 34.509998 34.759998 4.317000e+05
736355 35.000000 35.313999 34.500999 35.000000 5.068000e+05
736356 34.790001 35.000000 33.200001 33.389999 6.356000e+05
736357 33.619999 34.007999 32.619999 33.750000 6.731000e+05
736358 33.759998 34.580002 33.759998 34.580002 5.044000e+05
736361 34.029999 36.770000 34.029999 36.549999 5.128000e+05
736362 36.209999 36.540001 35.540001 35.709999 4.905000e+05
736363 36.000000 36.830002 34.799999 36.490002 4.366000e+05
736364 36.180000 38.400002 36.040001 38.299999 5.092000e+05
736365 37.470001 37.884998 33.959999 34.070000 6.328000e+05
736368 33.490002 33.900002 31.600000 32.790001 4.986000e+05
736369 31.809999 35.000000 31.740000 34.400002 5.486000e+05
736370 33.790001 35.500000 33.410000 33.750000 4.135000e+05
736371 33.189999 34.215000 32.840000 33.000000 2.749000e+05
736372 33.639999 34.806000 32.880001 34.080002 3.082000e+05
736376 34.560001 35.650002 33.639999 35.549999 3.072000e+05
736377 35.599998 38.160000 35.599998 37.860001 4.934000e+05
736378 37.849998 37.900002 36.750000 37.189999 3.077000e+05
736379 37.000000 38.709999 36.630001 38.450001 4.019000e+05
736382 39.000000 40.299999 38.865002 40.000000 8.281000e+05
736383 40.160000 41.689999 39.340000 41.639999 9.339000e+05
736384 40.639999 41.250000 38.560001 40.500000 6.880000e+05
736385 40.599998 40.900002 37.820000 38.200001 7.336000e+05
736386 38.500000 40.490002 38.439999 40.200001 5.510000e+05
736389 40.200001 42.910000 40.025002 41.630001 8.858000e+05
736390 42.250000 42.250000 39.299999 41.299999 1.082000e+06
736391 41.349998 41.680000 39.900002 40.270000 5.028000e+05
736392 40.470001 42.000000 40.200001 41.230000 6.208000e+05
736393 41.400002 43.990002 40.549999 41.990002 1.181100e+06
736396 42.400002 43.500000 40.799999 42.230000 2.778800e+06
736397 38.430000 39.450001 37.030998 37.230000 4.462200e+06
736398 37.580002 37.830002 35.400002 36.209999 1.788100e+06
736399 36.740002 36.740002 34.500000 35.020000 1.285800e+06
736400 35.459999 35.459999 34.220001 34.580002 1.070700e+06
736403 34.439999 35.590000 33.880001 35.250000 9.523000e+05
736404 35.090000 35.099998 33.750000 34.070000 9.438000e+05
736405 34.000000 34.080002 33.400002 33.490002 8.548000e+05
736406 33.880001 34.849998 33.099998 34.290001 9.811000e+05
736407 34.680000 35.150002 34.549999 34.840000 8.595000e+05
736410 34.759998 35.090000 33.410000 33.720001 6.969000e+05
736411 33.799999 33.990002 33.130001 33.770000 6.086000e+05
736412 33.590000 34.000000 32.750000 32.810001 6.605000e+05
736413 32.639999 32.919998 32.250000 32.889999 5.079000e+05
736417 33.150002 33.330002 32.470001 32.869999 5.715000e+05
736418 32.599998 35.520000 32.439999 34.889999 1.205500e+06
736419 36.330002 37.080002 35.009998 35.770000 1.783300e+06
736420 35.889999 37.630001 35.630001 37.320000 9.817000e+05
736421 36.849998 37.720001 36.280998 36.849998 5.073000e+05
736424 36.930000 37.000000 35.509998 36.090000 9.554000e+05
736425 35.990002 37.189999 35.230000 36.730000 6.240000e+05
736426 36.830002 37.830002 36.000000 37.660000 8.970000e+05
736427 37.480000 38.180000 36.070000 36.689999 8.996000e+05
736428 36.720001 37.470001 36.720001 37.029999 5.066000e+05
736431 37.200001 37.619999 36.540001 36.610001 4.527000e+05
736432 36.490002 37.340000 36.049999 37.290001 6.026000e+05
736433 37.500000 38.000000 37.283001 37.400002 4.561000e+05
736434 37.400002 37.849998 36.779999 37.470001 3.517000e+05
736435 37.549999 38.959999 37.404999 37.730000 7.370000e+05
736438 37.509998 37.529999 36.630001 36.689999 5.097000e+05
736439 36.590000 36.709999 35.590000 36.480000 7.272000e+05
736440 36.500000 37.540001 36.099998 37.150002 6.115000e+05
736441 37.150002 37.700001 36.759998 37.500000 4.974000e+05
736442 37.509998 38.102001 37.099998 37.779999 5.899000e+05
736445 37.669998 38.186001 36.880001 37.509998 7.209000e+05
736446 37.520000 38.490002 37.358002 38.430000 4.814000e+05
736447 38.189999 38.419998 37.430000 37.520000 4.906000e+05
736448 37.110001 37.990002 37.110001 37.529999 7.515000e+05
736449 37.330002 37.669998 36.029999 36.520000 7.626000e+05
736452 36.500000 36.799999 34.700001 35.139999 9.840000e+05
736453 34.880001 35.250000 34.509998 34.709999 5.580000e+05
736454 34.580002 34.700001 33.860001 34.400002 5.590000e+05
736455 34.240002 34.869999 33.930000 34.290001 4.653000e+05
736456 34.130001 34.880001 33.799999 34.330002 5.959000e+05
736459 34.070000 35.570000 33.750000 34.939999 9.126000e+05
736460 34.990002 36.009998 34.560001 35.919998 5.901000e+05
736461 35.900002 35.930000 34.080002 34.299999 1.098600e+06
736462 34.529999 34.980000 33.099998 34.259998 2.631700e+06
736463 36.860001 37.880001 35.060001 37.599998 4.578700e+06
736466 37.400002 37.630001 35.279999 35.750000 2.274600e+06
736467 35.790001 37.599998 35.622002 36.250000 1.720400e+06
736468 36.020000 36.240002 34.619999 34.930000 1.044300e+06
736469 34.750000 35.130001 34.169998 34.619999 8.172000e+05
736470 34.650002 35.080002 34.259998 34.990002 8.895000e+05
736473 34.990002 35.139999 34.380001 34.790001 9.241000e+05
736474 34.759998 35.340000 34.209999 35.230000 7.998000e+05
736475 35.380001 36.459999 34.700001 36.330002 1.114800e+06
736476 36.250000 37.410000 36.250000 36.599998 8.716000e+05
736477 36.779999 38.554001 36.580002 37.970001 1.233100e+06
736481 37.950001 38.430000 37.130001 38.299999 1.071000e+06
736482 38.000000 38.740002 37.660000 37.840000 1.065800e+06
736483 37.529999 38.400002 36.860001 38.369999 9.102000e+05
736484 38.029999 38.189999 36.509998 36.560001 9.617000e+05
736487 36.619999 37.209999 35.750000 37.119999 8.535000e+05
736488 37.110001 37.689999 36.598999 37.400002 9.404000e+05
736489 37.189999 37.660000 36.910000 37.380001 7.110000e+05
736490 37.389999 37.980000 37.244999 37.779999 7.697000e+05
736491 37.340000 37.535000 34.880001 34.950001 1.213500e+06
736494 34.689999 34.889999 33.360001 33.459999 1.185100e+06
736495 33.660000 34.680000 33.580002 34.610001 9.422000e+05
736496 34.639999 36.279999 34.639999 34.880001 1.280700e+06
736497 35.270000 37.000000 34.919998 36.709999 1.203600e+06
736498 36.840000 37.150002 35.779999 36.480000 1.288500e+06
736501 36.639999 37.099998 36.250000 36.889999 9.369000e+05
736502 36.639999 37.200001 36.029999 36.650002 5.685000e+05
736503 36.750000 37.529999 36.480000 36.910000 6.593000e+05
736504 37.029999 38.230000 36.680000 37.160000 9.378000e+05
736505 35.500000 36.750000 35.430000 35.549999 1.731900e+06
736508 35.250000 35.250000 33.340000 33.840000 1.106400e+06
736509 35.070000 35.380001 34.389999 35.290001 6.239000e+05
736510 35.730000 36.919998 35.459999 36.820000 7.121000e+05
736511 36.849998 36.849998 35.400002 36.430000 5.010000e+05
736512 36.310001 37.330002 36.020000 37.209999 6.424000e+05
736516 37.139999 37.259998 35.680000 35.720001 6.544000e+05
736517 35.619999 36.619999 35.502998 36.540001 5.985000e+05
736518 35.639999 36.240002 35.450001 36.020000 1.050700e+06
736519 36.000000 37.117001 35.720001 36.790001 7.021000e+05
736522 36.779999 37.740002 36.720001 37.490002 6.205000e+05
736523 37.700001 38.220001 37.400002 37.790001 8.304000e+05
736524 37.759998 40.000000 37.650002 38.560001 2.026900e+06
736525 39.130001 39.330002 37.770000 38.810001 1.046800e+06
736526 38.880001 39.279999 38.040001 38.099998 6.454000e+05
736529 38.060001 38.720001 37.799999 38.540001 4.051000e+05
736530 38.320000 39.320000 38.250000 38.570000 5.874000e+05
736531 38.910000 40.070000 38.771000 39.770000 9.736000e+05
736532 39.700001 39.970001 39.029999 39.590000 6.890000e+05
736533 39.529999 40.980000 39.150002 40.689999 9.341000e+05
736536 40.529999 41.479000 40.250000 40.939999 7.549000e+05
736537 40.639999 40.889999 39.750000 40.029999 9.666000e+05
736538 40.270000 40.779999 39.759998 40.349998 5.842000e+05
736539 40.340000 40.919998 39.930000 40.220001 5.529000e+05
736540 40.250000 40.490002 39.709999 40.009998 3.441000e+05
736543 40.020000 40.099998 39.290001 39.610001 7.710000e+05
736544 39.529999 39.740002 37.869999 37.990002 7.472000e+05
736545 37.820000 39.740002 37.720001 39.730000 8.356000e+05
736546 39.700001 40.058998 38.540001 38.799999 7.197000e+05
736547 39.310001 40.470001 39.009998 40.299999 7.670000e+05
736550 40.709999 41.750000 40.528999 41.380001 8.001000e+05
736551 41.590000 42.939999 41.041000 41.580002 1.435900e+06
736552 41.799999 41.799999 40.009998 40.869999 3.108300e+06
736553 38.360001 39.740002 37.410000 38.340000 5.808900e+06
736554 38.080002 38.480000 37.630001 37.959999 1.489900e+06
736557 38.000000 38.130001 37.490002 37.610001 1.567200e+06
736558 37.400002 37.610001 36.740002 36.790001 1.527800e+06
736559 36.759998 36.891998 35.930000 35.980000 1.140200e+06
736560 36.000000 36.349998 35.549999 35.799999 1.012600e+06
736561 35.590000 36.070000 35.400002 35.830002 7.696000e+05
736564 35.830002 35.980000 35.509998 35.680000 6.207000e+05
736565 35.740002 36.610001 35.610001 35.930000 7.511000e+05
736566 35.939999 36.869999 35.520000 35.639999 1.445600e+06
736567 35.720001 36.250000 35.500000 35.750000 7.053000e+05
736568 36.000000 36.014000 34.950001 35.189999 8.125000e+05
736571 35.189999 35.500000 34.930000 35.400002 5.338000e+05
736572 35.259998 35.840000 35.259998 35.410000 5.767000e+05
736573 35.259998 35.509998 35.040001 35.299999 4.291000e+05
736574 35.299999 35.830002 35.189999 35.570000 5.867000e+05
736575 35.529999 35.799999 34.910000 35.029999 1.070100e+06
736579 35.099998 36.400002 35.029999 36.209999 1.333400e+06
736580 36.259998 37.150002 35.700001 36.740002 1.424300e+06
736581 36.560001 36.740002 35.759998 35.799999 7.267000e+05
736582 35.470001 35.665001 34.349998 34.349998 8.327000e+05
736585 34.000000 34.959999 33.869999 34.700001 8.193000e+05
736586 34.459999 34.500000 33.759998 34.279999 6.884000e+05
736587 34.169998 34.689999 34.110001 34.520000 4.852000e+05
736588 34.270000 34.830002 34.270000 34.599998 5.679000e+05
736589 34.590000 35.369999 34.459999 34.950001 1.394700e+06
736592 35.040001 35.110001 34.529999 34.790001 7.592000e+05
736593 34.880001 34.950001 33.830002 34.099998 7.122000e+05
736594 34.270000 34.500000 33.790001 34.349998 7.961000e+05
736595 34.860001 35.119999 34.349998 35.099998 6.332000e+05
736596 35.040001 35.570000 34.959999 35.259998 5.813000e+05
736599 35.250000 35.529999 34.930000 35.360001 3.844000e+05
736600 35.430000 35.639999 35.240002 35.590000 6.735000e+05
736601 35.360001 35.439999 34.610001 35.290001 9.120000e+05
736602 35.150002 35.380001 34.930000 34.970001 5.319000e+05
736603 34.930000 35.009998 34.529999 34.669998 5.609000e+05
736606 34.669998 34.970001 34.279999 34.450001 3.997000e+05
736607 34.490002 34.933998 33.529999 33.599998 6.718000e+05
736608 33.759998 34.770000 33.759998 34.360001 7.456000e+05
736609 34.110001 34.180000 33.220001 33.240002 7.703000e+05
736610 33.270000 33.459999 32.610001 32.990002 6.203000e+05
736613 33.250000 33.630001 33.040001 33.150002 7.003000e+05
736614 33.189999 33.340000 32.044998 32.139999 7.243000e+05
736615 32.230000 32.369999 31.860001 31.910000 4.863000e+05
736616 31.700001 32.459999 31.500000 32.209999 3.512000e+05
736617 32.250000 32.759998 32.209999 32.299999 3.698000e+05
736620 32.250000 32.290001 31.719999 31.850000 3.482000e+05
736621 32.000000 32.549999 31.910000 31.950001 2.900000e+05
736622 31.950001 32.919998 31.895000 32.830002 4.838000e+05
736623 32.540001 32.770000 32.020000 32.400002 3.594000e+05
736624 32.360001 32.950001 32.029999 32.540001 3.515000e+05
736627 32.889999 33.040001 32.459999 32.880001 5.529000e+05
736628 32.360001 32.630001 31.830000 32.470001 5.633000e+05
736629 32.110001 32.349998 30.903000 31.400000 7.305000e+05
736630 31.650000 31.809999 31.299000 31.540001 3.438000e+05
736631 31.400000 31.969999 31.070000 31.940001 4.733000e+05
736634 32.060001 32.150002 31.690001 31.889999 3.820000e+05
736635 31.889999 33.000000 31.590000 31.600000 8.802000e+05
736636 31.510000 32.700001 31.500999 32.450001 7.950000e+05
736637 32.290001 32.480000 31.760000 31.930000 8.634000e+05
736638 31.910000 32.349998 31.719999 31.750000 4.575000e+05
736641 32.299999 32.730000 32.030998 32.299999 5.384000e+05
736642 32.240002 33.000000 31.900000 32.560001 6.068000e+05
736643 31.900000 33.680000 31.900000 33.259998 1.242000e+06
736644 35.930000 38.970001 35.750000 36.810001 4.449900e+06
736645 36.540001 38.169998 36.200001 37.709999 1.676800e+06
736648 37.950001 39.509998 37.720001 38.200001 1.455300e+06
736649 38.230000 38.950001 37.610001 38.029999 5.711000e+05
736650 37.750000 37.770000 36.099998 36.279999 1.108300e+06
736651 36.299999 36.660000 35.860001 36.410000 6.075000e+05
736652 36.500000 37.200001 36.060001 36.889999 6.057000e+05
736655 37.169998 37.430000 36.680000 37.279999 3.606000e+05
736656 37.349998 37.730000 37.180000 37.439999 3.432000e+05
736657 37.509998 37.630001 36.930000 37.480000 4.630000e+05
736659 37.500000 38.090000 37.270000 37.939999 2.382000e+05
736662 37.849998 37.939999 36.840000 37.029999 3.741000e+05
736663 37.099998 37.450001 36.700001 36.779999 3.300000e+05
736664 36.930000 37.500000 36.410999 36.880001 4.406000e+05
736665 36.830002 37.730000 35.959999 36.169998 8.340000e+05
736666 36.310001 36.310001 34.869999 35.799999 7.040000e+05
736669 36.000000 36.146000 35.340000 35.700001 6.994000e+05
736670 35.630001 35.750000 34.764999 35.610001 9.814000e+05
736671 35.560001 36.150002 34.900002 36.090000 8.442000e+05
736672 36.230000 37.490002 35.991001 37.259998 9.195000e+05
736673 37.209999 38.459999 37.090000 38.080002 1.178500e+06
736676 38.040001 38.040001 37.279999 37.639999 4.256000e+05
736677 37.720001 38.500000 37.099998 38.400002 7.040000e+05
736678 38.270000 39.020000 37.910000 38.209999 7.794000e+05
736679 38.150002 38.636002 37.650002 38.020000 4.238000e+05
736680 38.040001 38.639999 37.931000 38.349998 4.905000e+05
736683 38.290001 38.580002 38.009998 38.160000 2.928000e+05
736684 38.160000 39.369999 37.849998 37.980000 9.360000e+05
736685 37.810001 37.810001 36.709999 37.270000 5.967000e+05
736686 37.299999 37.520000 36.779999 36.880001 2.637000e+05
736687 36.860001 37.500000 36.860001 37.060001 1.326000e+05
736691 37.160000 37.709999 37.130001 37.520000 2.953000e+05
736692 37.590000 37.849998 36.650002 36.830002 2.868000e+05
736693 36.799999 37.185001 35.840000 36.049999 4.358000e+05
736694 36.040001 36.222000 35.599998 35.790001 4.013000e+05
736698 36.160000 36.740002 35.720001 36.130001 5.364000e+05
736699 37.849998 39.119999 37.549999 38.900002 4.437600e+06
736700 38.849998 39.700001 38.520000 39.450001 1.320100e+06
736701 37.919998 38.296001 36.330002 36.590000 2.999000e+06
736704 36.380001 36.500000 35.130001 35.340000 1.687800e+06
736705 35.500000 35.860001 34.759998 35.060001 1.194700e+06
736706 35.090000 35.570000 34.860001 35.509998 7.166000e+05
736707 35.619999 35.779999 35.220001 35.590000 6.929000e+05
736708 35.740002 35.839001 35.080002 35.430000 5.086000e+05
736712 35.200001 35.680000 34.910000 35.150002 5.452000e+05
736713 35.099998 35.169998 34.285000 34.759998 8.597000e+05
736714 34.700001 35.090000 34.360001 34.619999 4.976000e+05
736715 34.630001 34.889999 34.477001 34.759998 3.022000e+05
736718 34.830002 34.950001 34.259998 34.490002 5.304000e+05
736719 34.660000 34.880001 34.549999 34.740002 3.067000e+05
736720 34.900002 35.220001 34.750000 35.090000 4.691000e+05
736721 35.150002 35.400002 34.720001 34.840000 3.505000e+05
736722 35.000000 35.299999 34.759998 35.049999 5.184000e+05
736725 34.700001 35.000000 34.320000 35.000000 5.658000e+05
736726 34.889999 35.450001 34.595001 35.310001 4.855000e+05
736727 35.340000 35.360001 34.570000 34.750000 5.219000e+05
736728 34.959999 35.099998 34.389999 34.779999 4.265000e+05
736729 35.360001 35.520000 35.009998 35.400002 3.890000e+05
736732 35.220001 35.439999 34.639999 34.849998 4.771000e+05
736733 34.950001 35.250000 34.450001 34.869999 4.527000e+05
736734 34.750000 35.480000 34.480000 35.389999 5.035000e+05
736735 35.400002 36.449001 35.301998 36.029999 7.611000e+05
736736 36.070000 36.720001 36.070000 36.570000 5.199000e+05
736739 36.790001 36.860001 35.700001 36.150002 5.291000e+05
736740 36.090000 36.490002 35.756001 35.900002 3.713000e+05
736741 35.730000 36.430000 35.540001 36.340000 3.626000e+05
736742 36.250000 36.869999 35.953999 36.869999 5.884000e+05
736743 36.849998 37.299999 36.540001 37.209999 6.192000e+05
736747 37.330002 37.650002 37.299999 37.480000 6.461000e+05
736748 37.119999 37.430000 36.828999 37.009998 4.936000e+05
736749 37.029999 37.330002 36.270000 36.610001 7.958000e+05
736750 36.439999 36.825001 35.730000 35.919998 1.109800e+06
736753 35.810001 36.770000 35.639999 36.750000 6.939000e+05
736754 36.669998 36.669998 35.770000 35.830002 6.538000e+05
736755 36.099998 36.750000 35.230000 36.119999 1.794000e+06
736756 34.750000 35.990002 34.389999 35.169998 2.706900e+06
736757 34.900002 35.000000 32.779999 32.970001 2.026900e+06
736760 32.689999 32.790001 31.860001 32.189999 1.294000e+06
736761 32.090000 32.595001 31.420000 32.570000 1.315500e+06
736762 32.389999 32.410000 31.670000 31.700001 8.578000e+05
736763 31.700001 31.740000 31.160000 31.370001 6.981000e+05
736764 31.650000 31.780001 31.090000 31.420000 5.447000e+05
