736034 8.785638 8.932883 8.785638 8.795454 1.668780e+04
736035 8.903434 9.040863 8.903434 8.981965 2.120333e+04
736036 8.932882 9.099760 8.932882 9.060495 2.159598e+04
736039 8.952516 9.119394 8.766005 8.923067 2.306844e+04
736040 8.854352 9.011414 8.834720 8.844536 1.766944e+04
736041 8.785638 8.932884 8.785638 8.805271 1.462637e+04
736042 8.756189 9.080129 8.736557 9.050680 1.112193e+05
736043 8.991781 9.178292 8.746372 9.178292 2.069288e+05
736046 9.188108 9.188108 8.903434 9.011414 8.245738e+03
736047 8.972148 9.217557 8.883801 9.080128 5.693486e+03
736048 9.021230 9.021230 8.854352 8.903434 1.020901e+04
736049 8.864168 9.217557 8.854352 8.991781 5.497159e+03
736050 8.942699 9.021230 8.883801 8.913250 2.552252e+03
736053 8.913251 9.178292 8.913251 8.972149 1.128881e+04
736054 9.109578 9.129210 8.864169 9.011414 1.030717e+04
736055 9.080129 9.109578 9.031047 9.031047 1.374290e+03
736056 9.031047 9.031047 8.903434 9.031047 3.337561e+03
736060 8.991781 9.031046 8.952516 8.991781 7.558593e+03
736061 9.011414 9.011414 9.011414 9.011414 9.816355e+01
736062 9.031046 9.031046 9.021230 9.021230 1.177963e+03
736063 8.942699 8.942699 8.942699 8.942699 1.963271e+02
736064 8.932883 8.991781 8.932883 8.991781 1.668780e+03
736067 9.129210 9.129210 9.031047 9.040863 1.374290e+03
736068 8.962332 8.962332 8.913250 8.962332 1.158330e+04
736069 8.923068 9.001598 8.923068 8.932884 1.050350e+04
736070 8.942699 8.942699 8.932883 8.942699 1.668780e+03
736071 8.942700 8.972149 8.844537 8.854353 4.908178e+03
736074 9.040863 9.040863 8.903434 8.903434 1.766944e+03
736075 8.962332 9.109577 8.962332 8.962332 7.460430e+03
736076 9.080129 9.080129 9.001598 9.001598 1.668780e+04
736077 9.031047 9.031047 8.952516 8.972149 1.344841e+04
736078 8.932883 9.080128 8.932883 9.080128 5.791649e+03
736081 9.129210 9.178292 8.991781 9.021230 1.924006e+04
736082 9.021230 9.070312 8.942699 8.991781 5.300832e+03
736083 8.942700 9.080129 8.932883 8.981965 8.569678e+04
736084 9.168476 9.178292 9.040863 9.040863 7.754920e+03
736085 9.031046 9.089944 8.981965 9.021230 2.306843e+04
736088 9.080128 9.482599 9.070312 9.178292 1.315392e+04
736089 9.178292 9.178292 9.040863 9.040863 9.620028e+03
736090 9.040863 9.237190 9.021231 9.031047 5.104505e+03
736091 9.119394 9.119394 9.040863 9.040863 2.257762e+03
736092 9.119394 9.119394 9.031047 9.119394 2.257762e+03
736095 9.119394 9.119394 9.011414 9.040863 5.006341e+03
736096 9.119394 9.266639 9.060496 9.089945 1.423372e+04
736097 9.354987 9.423701 9.305905 9.423701 8.245738e+03
736098 9.423701 9.423701 9.217557 9.315721 5.791650e+03
736099 9.453150 9.757457 9.237190 9.757457 6.282467e+03
736102 9.502232 9.570946 9.256823 9.404068 1.698229e+04
736103 9.394251 9.521864 9.394251 9.521864 3.043070e+03
736104 9.492416 9.492416 9.413885 9.413885 1.570617e+03
736105 9.423701 9.423701 9.394252 9.423701 6.184304e+03
736106 9.433517 9.433517 9.354987 9.423701 9.031047e+03
736110 9.561130 9.561130 9.345170 9.394252 1.187779e+04
736111 9.590579 9.590579 9.148843 9.148843 1.099432e+04
736112 9.462967 9.462967 9.129211 9.139027 2.198864e+04
736113 9.158659 9.247006 9.129210 9.129210 1.374290e+03
736116 9.080128 9.237190 8.981965 9.129210 2.444272e+04
736117 9.129210 9.129210 9.129210 9.129210 0.000000e+00
736118 9.050679 9.089944 9.050679 9.080128 4.319196e+03
736119 9.080128 9.168475 9.080128 9.109577 5.978160e+04
736120 9.276456 9.276456 9.119394 9.148843 2.748579e+03
736123 9.148843 9.148843 9.119394 9.119394 5.889813e+02
736124 9.129210 9.139027 9.119394 9.119394 1.276126e+03
736125 9.080129 9.315721 9.031047 9.089945 4.535156e+04
736126 9.080128 9.325537 9.080128 9.080128 6.115589e+04
736127 9.080129 9.139027 9.031047 9.089945 6.380631e+04
736130 9.129209 9.305904 9.040862 9.060495 5.595322e+03
736131 9.031046 9.109577 9.031046 9.080128 4.908177e+03
736132 9.119394 9.119394 9.060496 9.070312 9.031047e+03
736133 9.080128 9.178292 9.001598 9.178292 1.109248e+04
736134 9.168476 9.590579 9.129210 9.590579 1.865107e+04
736137 9.453150 9.610212 9.139027 9.561130 3.337561e+03
736138 9.286272 9.502232 9.286272 9.502232 8.834720e+02
736139 9.541497 9.620028 9.453150 9.521864 8.442065e+03
736140 9.521864 9.570946 9.492415 9.521864 4.908177e+03
736141 9.423701 9.423701 9.423701 9.423701 1.963271e+02
736144 9.286272 9.394251 9.286272 9.354986 7.067775e+03
736145 9.374619 9.374619 9.256823 9.256823 6.871449e+02
736146 9.188108 9.325537 9.188108 9.237190 2.355925e+03
736147 9.207741 9.305904 9.158659 9.158659 3.337561e+03
736151 9.227374 9.305905 9.129211 9.139027 5.889813e+03
736152 9.129210 9.276455 9.129210 9.276455 2.267578e+04
736153 9.256823 9.296089 9.139027 9.139027 7.853084e+02
736154 9.139027 9.139027 9.139027 9.139027 0.000000e+00
736155 9.139027 9.139027 9.080129 9.089945 1.472453e+03
736158 9.080129 9.286272 9.080129 9.286272 5.987977e+03
736159 9.227374 9.276456 9.178292 9.178292 2.139965e+04
736160 9.227374 9.325537 9.227374 9.286272 1.177963e+03
736161 9.148843 9.148843 9.139027 9.139027 4.908178e+02
736162 9.129210 9.168476 9.129210 9.148843 7.165939e+03
736165 9.129210 9.237190 9.129210 9.148843 9.816355e+03
736166 9.129210 9.305905 9.129210 9.148843 8.245738e+03
736167 9.256822 9.620028 9.256822 9.521864 3.170683e+04
736168 9.188109 9.462967 9.178293 9.462967 2.454089e+03
736169 9.462967 9.462967 9.462967 9.462967 0.000000e+00
736172 9.561130 9.639660 9.423701 9.570946 1.963271e+04
736173 9.570946 9.669110 9.453150 9.453150 1.924006e+04
736174 9.325537 9.443333 9.325537 9.354986 2.679865e+04
736175 9.325538 9.364804 9.286273 9.345171 9.423702e+03
736176 9.502231 9.502231 9.325537 9.325537 8.049411e+03
736179 9.178291 9.649476 9.148842 9.276455 4.810014e+03
736180 9.276455 9.620027 9.276455 9.276455 6.871448e+02
736181 9.512048 9.512048 9.492415 9.492415 4.908177e+02
736182 9.512048 9.512048 9.286272 9.374619 1.177963e+03
736183 9.315722 9.345171 9.315722 9.345171 1.570617e+03
736186 9.325537 9.620028 9.286272 9.404068 1.914189e+04
736187 9.335354 9.492416 9.325538 9.335354 1.354657e+04
736188 9.335354 9.394252 9.325538 9.384436 3.141234e+03
736189 9.600848 9.630359 9.522153 9.610685 1.278801e+03
736190 9.354925 9.354925 9.354925 9.354925 6.885854e+02
736193 9.472967 9.620521 9.394272 9.394272 6.787484e+03
736194 9.364761 9.531988 9.325413 9.453293 1.819833e+04
736195 9.345087 9.345087 9.345087 9.345087 4.918467e+02
736196 9.345087 9.600847 9.345087 9.374598 3.934774e+03
736197 9.325413 9.531989 9.325413 9.512315 1.180432e+03
736200 9.099164 9.187696 9.099164 9.099164 2.557603e+03
736201 9.364761 9.364761 9.059816 9.099164 1.784420e+05
736202 9.099164 9.335250 8.981121 9.059816 4.652870e+04
736203 9.109001 9.374598 9.099164 9.374598 1.160758e+04
736204 9.345088 9.630359 9.345088 9.443457 5.803791e+03
736207 9.541827 9.591012 9.443458 9.522153 1.141084e+04
736208 9.207371 9.561500 9.069654 9.305740 1.672279e+04
736209 9.394272 9.413946 9.148349 9.246718 4.623359e+03
736210 9.207371 9.394273 9.148349 9.364762 3.934774e+03
736211 9.345088 9.512316 9.305740 9.364762 9.836935e+02
736215 9.325413 9.541826 9.177859 9.217207 7.180962e+03
736216 9.531989 9.551663 9.138512 9.433620 2.164126e+03
736217 9.266392 9.453294 9.256555 9.256555 3.934774e+03
736218 9.276230 9.364762 9.069654 9.364762 2.557603e+03
736221 9.315577 9.453294 9.315577 9.423783 1.082063e+03
736222 9.522152 9.581173 9.413946 9.492641 1.377171e+03
736223 9.433620 9.600848 9.433620 9.541826 9.836934e+02
736224 9.148349 9.600848 9.148349 9.600848 2.360864e+03
736225 9.099165 9.482805 9.099165 9.197534 1.475540e+04
736228 9.236881 9.640195 9.197533 9.256555 4.357762e+04
736229 9.227045 9.581175 9.158187 9.236882 4.131513e+03
736230 9.276229 9.295903 9.197534 9.197534 8.558133e+03
736231 9.217208 9.472968 9.197534 9.197534 3.049450e+03
736232 9.295902 9.404109 9.207370 9.217207 8.263024e+03
736235 9.217207 9.630358 9.197533 9.246718 1.288638e+04
736236 9.325413 9.325413 9.148349 9.246718 7.082593e+03
736237 9.217207 9.561500 9.217207 9.561500 1.436192e+04
736238 9.650032 9.650032 9.384435 9.384435 1.967387e+03
736239 9.345088 9.541827 9.168023 9.197534 1.288638e+04
736242 9.315577 9.433620 9.256555 9.256555 1.475540e+03
736243 9.295903 9.472968 9.295903 9.472968 1.475540e+03
736244 9.502478 9.640195 9.482804 9.541826 2.724831e+04
736245 9.433621 9.689381 9.433621 9.689381 1.662442e+04
736246 9.689381 9.738565 9.620522 9.630359 3.718361e+04
736249 9.689381 9.738565 9.640196 9.640196 4.033143e+03
736250 9.640196 9.640196 9.591011 9.600848 1.082063e+03
736251 9.591011 9.591011 9.591011 9.591011 1.967387e+02
736252 9.492642 9.630359 9.443457 9.630359 6.000530e+03
736253 9.630359 9.630359 9.345088 9.600848 6.689115e+03
736256 9.482805 9.679543 9.364761 9.433620 7.180962e+03
736257 9.522152 9.591011 9.256555 9.394272 5.213575e+03
736258 9.335250 9.620521 9.335250 9.345087 1.347660e+04
736259 9.531989 9.551663 9.443456 9.512315 1.082063e+03
736260 9.394273 9.640196 9.384436 9.630359 5.004049e+05
736263 9.689380 10.043510 9.689380 9.895956 1.554236e+04
736264 9.984488 10.171390 9.699217 9.836934 1.023041e+04
736265 9.768075 9.836934 9.768075 9.836934 6.098899e+03
736266 9.738565 9.935304 9.679543 9.876282 2.154289e+04
736267 9.895956 9.895956 9.748402 9.748402 3.639666e+03
736270 9.748402 9.895956 9.748402 9.836934 4.426620e+03
736271 9.886119 9.915630 9.836935 9.915630 5.607053e+03
736272 9.984488 9.984488 9.817260 9.836934 3.344558e+03
736273 9.836934 9.954977 9.827097 9.836934 3.639666e+03
736274 9.846771 9.974651 9.846771 9.886119 8.558133e+03
736277 9.836934 9.974651 9.836934 9.964814 4.328251e+03
736278 9.984487 10.063183 9.905792 9.905792 9.049979e+03
736279 9.905792 9.905792 9.905792 9.905792 0.000000e+00
736280 9.905794 10.043785 9.797372 9.876224 8.180904e+03
736281 9.846653 10.132492 9.846653 9.964931 1.281346e+03
736284 9.935363 10.063497 9.866367 9.866367 1.084216e+03
736285 9.866367 9.866367 9.826940 9.856510 1.251777e+04
736286 9.826941 9.876223 9.817084 9.817084 7.983773e+03
736287 9.856510 9.895936 9.836797 9.895936 2.464127e+03
736288 9.856510 10.191632 9.856510 9.984645 4.829690e+03
736291 9.955076 10.053641 9.856511 9.955076 2.503554e+04
736292 9.955076 10.181776 9.935363 9.955076 3.844039e+04
736293 10.053640 10.063497 9.964931 10.014214 1.251777e+04
736295 10.162061 10.191631 10.033927 10.171918 1.478476e+03
736298 10.250770 10.585892 10.201488 10.457757 6.209601e+03
736299 10.576035 10.585892 10.359192 10.497183 2.069867e+03
736300 10.546466 10.546466 10.418331 10.497183 1.567185e+04
736301 10.595749 10.595749 10.349336 10.349336 5.223951e+03
736302 10.576035 10.645031 10.359192 10.585892 6.012471e+03
736305 10.467613 10.526753 10.349335 10.497183 2.947096e+04
736306 10.349335 10.526753 10.349335 10.418331 7.293817e+03
736307 10.428188 10.654887 10.349335 10.359192 1.705176e+04
736308 10.822448 10.822448 10.447901 10.684457 6.308166e+03
736309 10.556323 10.802735 10.359192 10.546466 7.973917e+04
736312 10.625318 10.773166 10.280340 10.388762 6.613719e+04
736313 10.349335 10.438044 10.112779 10.211344 9.560814e+03
736314 10.329623 10.349336 10.132492 10.300053 3.518774e+04
736315 10.359192 10.359192 10.201487 10.250770 1.330629e+04
736316 10.349336 10.447901 10.270484 10.408475 7.757074e+04
736319 10.447901 10.723883 10.359192 10.438044 1.537616e+04
736320 10.467614 10.664744 10.418331 10.585892 3.942604e+03
736321 10.487327 10.842161 10.487327 10.842161 9.757945e+03
736322 10.812592 10.842161 10.487327 10.487327 6.012471e+03
736326 10.438044 10.743596 10.369048 10.378905 1.054647e+04
736327 10.250770 10.516896 10.250770 10.457757 1.232064e+04
736328 10.438044 10.664744 10.438044 10.645031 4.435430e+03
736329 10.694313 10.842161 10.487327 10.723883 3.942604e+03
736333 10.526753 10.694314 10.388762 10.645031 1.379911e+04
736334 10.714027 11.019579 10.714027 11.019579 1.754459e+04
736335 10.901299 11.088573 10.901299 11.068860 6.800991e+03
736336 10.940725 11.068860 10.842160 11.029434 4.139734e+03
736337 11.088574 11.088574 10.990008 10.999865 2.562693e+03
736340 11.078717 11.078717 10.438044 10.792878 1.577042e+04
736341 10.832304 10.832304 10.694313 10.792878 1.281346e+03
736342 10.792878 10.950583 10.704170 10.842161 1.586898e+04
736343 10.891444 10.891444 10.211345 10.654888 1.991015e+04
736344 10.487327 10.546466 10.359192 10.526753 8.476599e+03
736348 10.664744 10.812592 10.556322 10.743596 6.603862e+03
736349 10.704170 10.704170 10.359192 10.635174 1.508046e+04
736350 10.418331 10.783022 10.349336 10.507040 8.082338e+03
736351 10.743596 10.743596 10.359192 10.457757 2.562693e+03
736354 10.546465 10.852017 10.497183 10.556322 3.942604e+03
736355 10.674600 10.822448 10.595748 10.674600 1.005364e+04
736356 10.861874 10.861874 10.733739 10.822448 5.223950e+03
736357 10.891444 11.088575 10.832305 11.019579 1.636181e+04
736358 11.009722 11.275848 10.881588 11.256135 1.429194e+04
736361 11.315274 11.334987 11.177283 11.334987 1.330629e+04
736362 11.325130 11.325130 11.226565 11.226565 5.716776e+03
736363 11.226564 11.325130 11.196995 11.236421 1.251777e+04
736364 11.265991 11.265991 11.196995 11.236421 5.421080e+03
736365 11.196996 11.295561 11.196996 11.216709 2.759823e+03
736368 11.196995 11.246278 11.128000 11.246278 1.261633e+04
736369 11.147713 11.275848 11.088574 11.088574 6.209601e+03
736370 10.871151 11.315879 10.772322 11.128105 5.929718e+03
736371 10.930448 11.207168 10.851385 11.009511 2.371887e+03
736372 11.187403 11.256583 11.019395 11.137989 5.040261e+03
736376 11.118222 11.167637 11.098457 11.147871 3.953146e+03
736377 11.266465 11.266465 10.969979 11.108339 4.447289e+03
736378 11.167637 11.296114 10.683377 10.801971 1.857979e+04
736379 10.801971 10.861268 10.722908 10.722908 4.051974e+03
736382 10.979863 11.266466 10.772323 11.256583 1.452781e+04
736383 11.187402 11.187402 10.881033 11.128105 3.755488e+03
736384 11.058925 11.256583 10.821736 10.930448 1.512078e+04
736385 11.226934 11.266465 10.950213 11.197285 1.373718e+04
736386 11.256583 11.256583 11.167637 11.167637 1.502195e+04
736389 11.226935 11.266466 11.118223 11.137989 1.838213e+04
736390 11.236817 11.246700 11.128105 11.236817 7.115662e+03
736391 11.256583 11.266466 11.118223 11.246700 8.202778e+03
736392 11.147871 11.236817 11.118222 11.207168 7.016834e+03
736393 11.167636 11.256582 10.881033 10.910682 1.126647e+04
736396 10.999628 11.217051 10.900799 11.217051 4.160686e+04
736397 11.226934 11.266466 10.900800 11.167637 3.409588e+04
736398 11.197286 11.266466 11.167637 11.256583 3.893849e+04
736399 11.296114 11.968149 11.256582 11.948383 4.387992e+04
736400 11.889086 12.106509 11.562951 11.958266 6.641285e+04
736403 12.096627 12.442527 11.454240 11.918735 6.245971e+04
736404 11.790257 11.958266 11.681546 11.889086 2.767202e+04
736405 11.889086 12.086743 11.780374 11.859437 1.857978e+04
736406 11.908852 11.908852 11.266465 11.375177 1.025841e+05
736407 11.474006 11.898969 11.236817 11.829789 3.642824e+05
736410 11.908852 11.918735 11.829789 11.889086 4.852486e+04
736411 11.918734 11.918734 11.671663 11.800140 4.556000e+04
736412 11.642014 11.859437 11.642014 11.800140 3.953146e+04
736413 11.780374 11.859437 11.760608 11.849554 3.350291e+04
736417 11.859437 12.007680 11.790257 11.859437 9.023055e+04
736418 11.859437 11.889085 11.819905 11.849554 4.269397e+04
736419 11.810023 11.958266 11.810023 11.908852 5.168738e+04
736420 11.829788 11.938500 11.810022 11.839671 7.006951e+04
736421 11.889086 12.007681 11.790258 11.997798 4.239749e+04
736424 11.898969 12.314050 11.898969 12.205338 6.147142e+04
736425 12.205337 12.333814 12.076860 12.294283 5.000729e+04
736426 12.284400 12.353580 12.165806 12.304166 1.076244e+05
736427 12.294284 12.353581 12.195455 12.205338 2.124816e+04
736428 12.294284 12.294284 12.126275 12.185572 5.415810e+04
736431 12.185572 12.254752 12.126274 12.225103 2.332356e+04
736432 12.136157 12.205337 12.086743 12.165806 2.302707e+04
736433 12.175689 12.195455 11.948383 12.106509 2.559662e+04
736434 12.106509 12.155923 12.057095 12.096626 1.946924e+04
736435 12.146040 12.175689 12.017563 12.086743 2.006221e+04
736438 11.889086 12.076861 11.780375 11.898969 2.539896e+04
736439 11.790257 11.908851 11.691428 11.859437 2.134699e+04
736440 11.859437 11.859437 11.730960 11.859437 1.610907e+04
736441 11.859437 11.948383 11.780374 11.859437 1.808564e+04
736442 11.780374 11.780374 11.434474 11.523420 1.848096e+04
736445 11.483888 11.810022 11.414708 11.770491 3.004391e+04
736446 11.790257 11.829788 11.602482 11.770491 2.085284e+04
736447 11.819906 11.849554 11.543185 11.790257 2.085284e+04
736448 11.790257 11.790257 11.474006 11.513537 1.344070e+04
736449 11.543186 11.612366 11.513537 11.602483 8.894578e+03
736452 11.612366 11.740843 11.543186 11.701312 4.348461e+04
736453 11.681545 11.681545 11.572833 11.681545 1.907393e+04
736454 11.651896 11.721076 11.533302 11.681545 1.403367e+04
736455 11.740844 11.760609 11.543186 11.711195 1.927159e+04
736456 11.681545 11.800139 11.681545 11.760608 1.986456e+04
736459 11.711194 11.819905 11.681545 11.770491 6.364564e+04
736460 11.750726 11.770492 11.701312 11.711195 1.061420e+05
736461 11.711194 11.760608 11.681545 11.681545 9.882864e+03
736462 11.740995 11.740995 11.671639 11.691455 1.832982e+04
736463 11.691454 11.691454 11.314950 11.542834 6.142967e+03
736466 11.513110 11.790534 11.513110 11.641914 2.100499e+04
736467 11.641914 11.641914 11.513110 11.562650 1.892430e+04
736468 11.513110 11.641914 11.513110 11.592374 6.985148e+04
736469 11.572558 11.582466 11.483386 11.542834 1.367306e+04
736470 11.582466 11.582466 11.414030 11.473478 1.971694e+04
736473 11.463570 11.523018 11.275318 11.364490 1.862706e+04
736474 11.324858 11.443754 11.245594 11.285226 1.446570e+04
736475 11.255502 11.443754 11.205962 11.285226 1.773534e+04
736476 10.898813 11.334765 10.135896 11.126697 1.803258e+04
736477 11.017710 11.156422 10.948354 11.106882 7.728250e+03
736481 11.057342 11.245594 10.878998 10.918630 8.818131e+03
736482 10.928538 11.096974 10.878998 10.908722 1.000709e+04
736483 10.978077 10.978077 10.651113 10.740285 2.595899e+04
736484 10.750193 10.948353 10.284516 10.859181 3.418264e+04
736487 10.839366 11.096974 10.244885 10.948354 4.775662e+04
736488 10.898813 11.295133 10.651113 11.017709 2.011326e+04
736489 10.978078 11.096974 10.938446 11.067250 1.585282e+04
736490 11.017710 11.067250 10.997894 11.067250 1.347490e+04
736491 11.077157 11.077157 10.958261 11.047433 1.109697e+04
736494 11.047433 11.374397 10.948353 11.057341 5.915083e+04
736495 10.968169 11.037525 10.938445 11.017709 2.150039e+04
736496 11.067250 11.067250 10.918630 10.997894 1.317766e+04
736497 10.968169 11.136605 10.948353 11.096973 1.077001e+05
736498 11.096974 11.096974 10.928538 10.987986 2.566175e+04
736501 11.136605 11.265409 11.096973 11.096973 5.934899e+04
736502 11.077157 11.087065 10.809641 10.859181 4.894558e+04
736503 10.928537 11.196053 10.859181 11.096973 7.658893e+04
736504 11.067249 11.661729 11.067249 11.255501 1.282097e+05
736505 11.106881 11.404122 10.690745 10.799733 1.151509e+06
736508 10.918629 11.186145 10.918629 11.057341 6.113243e+04
736509 11.067249 11.423937 11.047433 11.334765 9.105462e+04
736510 11.572558 11.740994 11.404122 11.523018 2.912956e+04
736511 11.632006 11.681546 11.622098 11.641914 2.992220e+04
736512 11.414030 12.058050 11.354582 11.750902 3.626332e+04
736516 11.641915 11.840075 11.265410 11.740995 3.784861e+04
736517 11.681546 11.770718 11.542834 11.641914 3.289460e+04
736518 11.503202 11.661730 11.503202 11.582466 1.228593e+04
736519 11.602282 11.651822 11.572558 11.592374 3.566884e+04
736522 11.523018 11.721178 11.523018 11.572558 7.549905e+04
736523 11.760810 11.760810 11.523018 11.562650 5.637659e+04
736524 11.602282 11.691454 11.423938 11.483386 1.941970e+04
736525 11.096974 11.592374 11.096974 11.423938 5.152166e+04
736526 11.473478 11.592374 11.265410 11.324858 3.170564e+04
736529 11.245593 11.324857 10.968169 11.215869 2.368015e+04
736530 11.215870 11.295134 11.166330 11.275318 1.496110e+04
736531 11.265410 11.324858 11.186146 11.285226 1.882522e+04
736532 11.225778 11.324858 11.106882 11.314950 2.189671e+04
736533 11.146514 11.651822 11.146514 11.443754 2.546359e+04
736536 11.542834 11.820258 11.542834 11.760810 5.003546e+04
736537 11.602283 11.840075 11.602283 11.770719 1.961786e+04
736538 11.671639 11.820259 11.513111 11.770719 2.516635e+04
736539 11.711270 11.780626 11.592374 11.681546 2.060866e+04
736540 11.562651 11.760811 11.354583 11.651823 4.874742e+04
736543 11.552742 11.632006 11.463570 11.582466 9.313531e+03
736544 11.612190 11.731086 11.423938 11.602282 1.149329e+04
736545 11.612191 11.691455 11.473479 11.661731 1.555558e+04
736546 11.641914 11.671638 11.404122 11.562650 7.431009e+03
736547 11.602282 11.691454 11.493294 11.671638 1.971694e+04
736550 11.523018 11.671638 11.453662 11.641914 1.506018e+04
736551 11.562650 11.651822 11.523018 11.592374 1.595190e+04
736552 11.592374 11.602282 11.374398 11.493294 1.535742e+04
736553 11.354222 11.691968 11.354222 11.513161 2.572829e+04
736554 11.503228 11.622432 11.463493 11.523095 1.589392e+04
736557 11.443625 11.533028 11.393956 11.473426 2.086077e+04
736558 11.473427 11.672101 11.364156 11.602565 1.857602e+04
736559 11.652233 11.751570 11.433691 11.572763 1.996674e+04
736560 11.612498 11.751570 11.572763 11.701901 1.609260e+04
736561 11.741636 11.741636 11.582697 11.622432 2.225149e+04
736564 11.741636 11.741636 11.523094 11.701901 1.400652e+04
736565 11.771437 11.811172 11.572763 11.662166 1.688729e+04
736566 11.602564 11.791305 11.562829 11.711835 2.831105e+04
736567 11.602565 11.731703 11.602565 11.691968 9.238343e+03
736568 11.751570 11.801238 11.602564 11.682034 8.940332e+03
736571 11.562830 11.711836 11.533029 11.602565 9.933703e+03
736572 11.662166 11.791304 11.493293 11.672100 1.460254e+04
736573 11.731703 11.801239 11.393957 11.552896 4.052951e+04
736574 11.592630 11.672100 11.364155 11.503227 1.440387e+04
736575 11.513162 11.761504 11.423758 11.602565 1.549658e+04
736579 11.602564 11.761503 11.523094 11.672100 1.609260e+04
736580 11.552896 11.811172 11.503227 11.741636 2.334420e+04
736581 11.701902 11.801239 11.602565 11.801239 1.817868e+04
736582 11.731703 11.731703 11.423758 11.562830 2.145680e+04
736585 11.592630 11.592630 11.344288 11.473426 3.725138e+04
736586 11.523095 11.642299 11.374089 11.542962 1.887403e+04
736587 11.523095 11.811172 11.513161 11.592631 1.122508e+04
736588 11.443625 11.662166 11.384023 11.503227 2.543028e+04
736589 11.592630 11.612498 11.443625 11.572763 2.005614e+05
736592 11.701902 11.811173 11.691968 11.771438 4.370829e+04
736593 11.811173 11.831040 11.652233 11.761504 2.334420e+04
736594 11.831039 11.910509 11.821105 11.870774 2.274818e+04
736595 11.890641 11.920443 11.821105 11.870774 1.778133e+04
736596 11.880708 11.900576 11.721769 11.751570 9.337680e+03
736599 11.652233 11.761503 11.562829 11.672100 1.629127e+04
736600 11.711835 11.751570 11.562829 11.701901 1.102641e+04
736601 11.662166 11.721769 11.513161 11.711835 1.259593e+05
736602 11.602565 11.652233 11.542962 11.552896 9.039669e+03
736603 11.612498 11.811172 11.612498 11.701901 1.390718e+04
736606 11.582697 11.672101 11.552896 11.592631 2.880774e+04
736607 11.682034 11.691967 11.523094 11.572763 9.735028e+03
736608 11.582697 11.821106 11.582697 11.781371 1.301315e+04
736609 11.701902 11.771438 11.691968 11.721769 1.301315e+04
736610 11.721769 11.751570 11.701901 11.711835 1.639061e+04
736613 11.721769 11.771437 11.721769 11.751570 9.933702e+03
736614 11.741636 11.761504 11.731703 11.751570 7.549614e+03
736615 11.711835 11.741636 11.711835 11.721769 9.139006e+03
736616 11.701901 11.890642 11.483360 11.513161 1.311249e+04
736617 11.572763 11.652233 11.523095 11.582697 7.152266e+03
736620 11.582697 11.701902 11.582697 11.691968 4.768177e+03
736621 11.721769 11.721769 11.701901 11.711835 4.261558e+04
736622 11.781371 11.821106 11.572764 11.761504 1.927138e+04
736623 11.860841 12.228388 11.821106 12.148918 1.599326e+04
736624 11.453558 12.536332 11.453558 12.536332 4.708575e+04
736627 12.625735 12.884011 12.556199 12.854210 1.629127e+04
736628 12.874079 12.963482 12.794609 12.804543 2.115879e+04
736629 12.715139 12.804542 12.655536 12.735006 1.321182e+04
736630 12.794609 12.913814 12.784676 12.804543 1.529790e+04
736631 12.824409 12.903879 12.635669 12.705205 5.364199e+03
736634 12.665471 12.774741 12.665471 12.685338 1.182111e+04
736635 12.725073 12.725073 12.238322 12.268123 1.122508e+04
736636 12.317791 12.436996 11.413824 12.287990 3.943680e+04
736637 12.367460 12.546267 12.168786 12.436996 1.172177e+04
736638 12.436995 12.725073 12.417128 12.576067 2.751636e+04
736641 12.735007 13.033018 12.635670 13.003217 4.370829e+04
736642 12.893945 13.301227 12.893945 13.231691 1.221845e+04
736643 13.231692 13.650480 11.496715 13.461028 2.363158e+04
736644 13.510883 14.697448 13.161893 14.657563 2.253476e+04
736645 14.657563 14.847014 14.228804 14.358429 7.159272e+04
736648 14.517968 14.517968 13.740219 14.159007 2.592494e+04
736649 13.560739 13.989498 13.421143 13.790075 2.393072e+04
736650 13.800046 13.909729 13.780104 13.859873 1.854630e+04
736651 13.899758 13.899758 13.740220 13.889787 1.535554e+04
736652 13.859874 13.919700 13.790076 13.889787 3.061138e+04
736655 13.879815 14.178949 13.670422 14.079238 1.734977e+04
736656 14.059296 14.208863 13.211750 14.059296 4.088164e+04
736657 14.149036 14.188920 13.829960 14.009440 2.923536e+05
736659 14.129094 16.631848 13.939642 13.979527 2.582523e+04
736662 14.039353 14.537910 13.929671 13.949613 3.420098e+04
736663 14.039353 14.039353 13.810017 13.899757 2.841772e+04
736664 13.959585 13.959585 13.261605 13.909729 1.099816e+05
736665 13.909728 13.959584 13.859873 13.949613 4.467067e+04
736666 13.899757 14.358430 13.899757 14.168978 1.573445e+05
736669 14.288632 14.936756 14.248748 14.886900 4.167933e+04
736670 14.876928 15.574907 14.797159 15.544994 4.845970e+04
736671 15.495139 16.223031 15.495139 15.814215 2.512725e+04
736672 15.215948 16.203090 15.215948 15.923898 3.459983e+04
736673 15.993696 16.851213 15.864071 16.492253 4.935710e+04
736676 16.302801 16.681704 15.704533 15.734446 3.061137e+04
736677 15.824186 16.282858 15.694561 15.903955 4.776172e+04
736678 15.903955 15.903955 15.365514 15.395427 4.546836e+04
736679 15.395427 15.804244 15.385456 15.684590 2.432956e+04
736680 15.754388 15.794272 15.425340 15.624763 5.882968e+04
736683 15.684590 15.774330 15.604821 15.754388 2.692206e+04
736684 15.824186 16.133291 15.744417 15.993696 2.373129e+04
736685 16.063495 16.063495 14.747304 15.714504 2.073995e+04
736686 15.704532 15.943839 15.535023 15.864070 3.400156e+04
736687 15.933869 15.953811 15.933869 15.953811 8.475462e+03
736691 15.884012 16.023608 15.634734 15.784301 2.532667e+04
736692 15.714503 15.714503 15.445283 15.455254 2.702177e+04
736693 15.395427 15.544994 15.205976 15.235889 2.054053e+04
736694 15.315658 15.405399 15.056409 15.205976 3.918655e+04
736698 15.355542 15.594849 15.265802 15.435311 8.834422e+04
736699 15.395427 15.554965 15.395427 15.445283 2.064024e+04
736700 15.505110 15.505110 14.966669 15.176063 2.432956e+04
736701 15.205976 15.205976 14.966669 14.986611 1.027027e+04
736704 14.916812 15.245860 14.597736 15.186033 1.864602e+04
736705 15.265803 15.554966 15.265803 15.475197 1.276305e+04
736706 15.465226 15.983726 14.896871 15.714504 3.260560e+04
736707 15.664648 15.824186 15.415370 15.515081 1.545525e+04
736708 15.614792 15.854099 15.485167 15.774330 1.645237e+04
736712 15.584879 15.594850 15.425341 15.455254 2.662292e+04
736713 15.535024 15.724475 15.505110 15.714504 1.266334e+04
736714 15.525052 15.644706 15.375485 15.455254 8.375751e+03
736715 15.455254 15.933869 15.445283 15.505110 3.579636e+04
736718 15.654676 15.654676 15.445283 15.544994 1.814746e+04
736719 15.684590 15.854099 15.515081 15.824186 2.871686e+04
736720 15.844128 16.083434 15.744417 15.933868 2.064024e+04
736721 15.973753 15.993696 15.704532 15.993696 2.313303e+04
736722 15.963783 16.053523 15.923898 15.923898 1.914457e+04
736725 15.913927 15.953811 15.684591 15.844129 1.385987e+04
736726 15.754388 16.093406 15.754388 16.043551 1.142692e+05
736727 16.103377 16.651791 16.103377 16.522165 5.264757e+04
736728 16.342684 16.532136 16.342684 16.372598 2.233533e+04
736729 16.492253 16.741531 16.462339 16.711617 3.599579e+04
736732 16.611905 17.120433 16.522165 16.601934 1.077879e+05
736733 16.681703 16.851212 16.601934 16.831269 2.771975e+04
736734 16.761472 16.861184 16.581991 16.781415 2.921542e+04
736735 16.671731 17.020722 16.671731 16.960895 2.921542e+04
736736 17.030693 17.429539 16.940953 17.000779 4.626605e+04
736739 17.180261 17.250058 17.080548 17.210174 9.053788e+04
736740 17.200202 17.349769 17.200202 17.270000 4.995537e+04
736741 17.299999 17.370001 17.250000 17.299999 5.130000e+04
736742 17.260000 17.400000 17.260000 17.320000 5.020000e+04
736743 17.309999 17.370001 17.190001 17.320000 4.050000e+04
736747 17.430000 17.430000 17.260000 17.330000 3.770000e+04
736748 17.420000 17.420000 17.260000 17.370001 2.900000e+04
736749 17.500000 17.540001 17.240000 17.510000 2.600000e+04
736750 17.389999 17.469999 16.969999 17.420000 2.390000e+04
736753 17.379999 17.379999 17.040001 17.320000 3.470000e+04
736754 17.360001 17.410000 17.280001 17.370001 7.700000e+04
736755 17.530001 17.920000 17.360001 17.760000 5.150000e+04
736756 17.760000 17.760000 17.250000 17.270000 5.640000e+04
736757 17.280001 17.350000 16.959999 17.000000 2.040000e+04
736760 16.969999 17.190001 16.389999 16.770000 3.060000e+04
736761 16.680000 16.770000 16.219999 16.709999 6.330000e+04
736762 16.770000 17.000000 16.770000 16.900000 3.500000e+04
736763 16.900000 16.900000 16.549999 16.600000 1.800000e+04
736764 16.700001 16.700001 16.309999 16.490000 2.570000e+04
