736034 26.615942 27.050686 26.451705 26.992721 4.120399e+05
736035 27.272888 27.968478 26.992721 27.958817 2.507985e+05
736036 28.016782 28.074747 27.591699 27.746274 2.899254e+05
736039 27.910510 28.480508 27.755936 28.219661 2.063581e+05
736040 28.219662 28.432204 27.958818 28.345255 1.960209e+05
736041 28.248644 28.731692 28.200340 28.722031 1.739939e+05
736042 28.693050 28.693050 28.316271 28.461185 1.384415e+05
736043 28.567456 28.799318 28.461185 28.644744 3.633487e+05
736046 28.712369 29.079486 28.664065 28.924912 1.607584e+05
736047 28.808980 28.847625 28.499829 28.567456 1.751532e+05
736048 28.007121 28.490169 27.524073 27.929833 2.953355e+05
736049 27.910511 28.007122 27.717294 27.910511 1.480059e+05
736050 27.920172 28.152034 27.582038 27.978137 1.834616e+05
736053 28.142373 28.519152 28.113391 28.200341 2.081937e+05
736054 28.142374 28.142374 27.920173 28.065086 1.689702e+05
736055 27.968477 28.364576 27.833222 28.238983 1.481025e+05
736056 28.296950 28.596439 28.181018 28.374238 1.145790e+05
736060 28.316271 28.509491 28.161696 28.277628 1.600821e+05
736061 28.296951 28.499830 27.717293 27.726954 2.656764e+05
736062 27.784919 28.055427 27.765597 27.813903 1.968904e+05
736063 27.842885 27.920172 27.514412 27.726954 2.827763e+05
736064 27.852546 27.871868 27.475769 27.533734 2.282885e+05
736067 27.485430 28.007121 27.446786 27.833223 1.817226e+05
736068 27.920172 27.920172 27.572379 27.746274 1.229840e+05
736069 27.746274 28.084408 27.688309 27.688309 3.253811e+05
736070 27.688309 27.987798 27.553055 27.881529 2.183377e+05
736071 27.707631 27.862206 26.867126 26.954076 2.007547e+05
736074 27.379158 27.668986 27.098989 27.437124 2.835492e+05
736075 27.620683 27.736614 26.992722 27.137635 1.490686e+05
736076 27.079670 27.495089 26.731874 27.301871 1.378619e+05
736077 27.311531 27.562717 27.234244 27.321193 1.355433e+05
736078 27.292210 27.495089 27.147295 27.234245 1.089756e+05
736081 27.379159 27.591699 26.934753 27.031364 1.239501e+05
736082 27.079670 27.379159 26.954076 27.050686 2.629713e+05
736083 26.876788 27.021702 26.683570 26.712552 1.054977e+05
736084 26.973398 27.591698 25.649846 26.026625 3.755215e+05
736085 26.094251 26.345436 25.843066 26.287469 1.786311e+05
736088 26.239165 26.596622 26.103912 26.326114 2.411375e+05
736089 26.306792 26.490350 25.910692 26.229504 1.808532e+05
736090 26.345436 26.345436 26.065268 26.297130 1.192162e+05
736091 26.239166 26.557978 26.181200 26.451706 8.955709e+04
736092 26.731874 26.731874 26.277810 26.306792 9.931466e+04
736095 26.326114 27.118313 26.190862 26.818823 3.466352e+05
736096 26.838145 26.944414 26.161877 26.229504 2.074208e+05
736097 26.394591 26.462568 25.938172 26.064416 1.140075e+05
736098 26.229504 26.472280 26.064417 26.433435 1.075983e+05
736099 26.472280 26.481991 26.035282 26.229504 1.446944e+05
736102 26.103259 26.549968 26.044994 26.540257 1.165324e+05
736103 26.481991 26.540257 26.180948 26.316903 1.326527e+05
736104 26.414014 26.414014 26.180948 26.316903 7.341542e+04
736105 26.326615 26.326615 26.112970 26.316903 1.144931e+05
736106 26.316902 26.423723 25.928462 25.967305 1.107058e+05
736110 25.918751 25.967305 25.520598 25.714818 1.355660e+05
736111 25.821641 26.210082 25.617708 26.180948 1.410042e+05
736112 26.132393 26.627656 26.083839 26.579102 2.621008e+05
736113 26.520834 26.656790 26.258638 26.326615 1.994646e+05
736116 26.491702 26.491702 26.044993 26.210081 1.691662e+05
736117 26.074127 26.530546 25.918752 26.316903 1.509095e+05
736118 26.501414 26.977255 26.355747 26.753899 2.034462e+05
736119 26.559679 26.860721 26.287770 26.404303 1.959687e+05
736120 26.346035 26.647079 26.112970 26.307192 2.487967e+05
736123 26.248927 26.481990 25.870194 26.064416 3.507626e+05
736124 26.015862 26.278058 25.831351 26.132393 8.555421e+04
736125 26.326615 26.841297 26.229503 26.734478 1.587754e+05
736126 26.831586 27.142341 26.666499 27.093785 1.209024e+05
736127 27.093786 27.200607 26.860721 27.074363 1.364400e+05
736130 26.812167 27.016098 26.443147 26.783033 1.485788e+05
736131 26.695632 27.239449 26.530545 27.132630 1.445002e+05
736132 27.288006 27.288006 27.006385 27.016097 1.062387e+05
736133 27.122918 27.472516 26.870431 27.375406 1.749928e+05
736134 27.453094 27.453094 27.171474 27.258873 4.053386e+05
736137 27.423961 27.530783 27.258874 27.355984 1.970369e+05
736138 27.423961 27.734713 27.239450 27.734713 1.653789e+05
736139 27.637603 27.967778 27.404538 27.725002 2.193723e+05
736140 27.540494 27.919223 27.414249 27.618182 1.452771e+05
736141 27.618182 27.841535 27.579337 27.831824 4.269942e+05
736144 27.608471 27.754136 27.045231 27.103497 2.031548e+05
736145 27.355983 27.579337 27.045230 27.239450 1.571245e+05
736146 27.666737 28.288242 27.288007 27.890090 2.341330e+05
736147 27.919223 28.123154 27.530782 27.792981 1.506181e+05
736151 27.569625 28.084311 27.394827 28.055177 2.073306e+05
736152 28.006623 28.142577 27.666737 28.074600 1.477048e+05
736153 27.860959 28.288242 27.860959 28.171711 2.200520e+05
736154 28.346511 28.463041 28.162000 28.375642 2.340359e+05
736155 28.696106 28.870905 28.424198 28.783505 9.206061e+04
736158 28.987437 29.123391 28.715528 29.006860 8.623398e+04
736159 29.026280 29.133103 28.870905 28.977726 8.924440e+04
736160 28.997149 29.133103 28.773794 29.133103 9.196350e+04
736161 29.133102 29.754608 28.948592 29.599232 2.222856e+05
736162 29.686632 29.686632 29.337034 29.550678 1.265348e+05
736165 29.647789 29.725477 29.288479 29.453567 1.046849e+05
736166 29.395301 29.550677 29.103969 29.201080 1.636309e+05
736167 29.201080 29.405012 29.133102 29.317613 1.315845e+05
736168 29.317613 29.317613 28.793216 28.938881 1.312932e+05
736169 28.851481 28.997149 28.744661 28.764084 1.605234e+05
736172 28.589286 29.123392 28.482464 29.055415 1.503268e+05
736173 29.249636 29.443856 28.686396 28.715528 1.569303e+05
736174 28.802927 28.861192 28.521308 28.550440 4.467076e+05
736175 28.453330 30.007096 28.162000 29.638077 2.502534e+05
736176 29.657500 30.327560 29.657500 29.919696 3.293012e+05
736179 29.919695 30.094495 29.638076 30.065361 1.498413e+05
736180 30.055652 30.492648 29.948830 30.482936 1.542112e+05
736181 30.696581 30.939357 30.356694 30.473225 1.187660e+05
736182 30.346982 30.657736 29.793453 29.939119 1.243984e+05
736183 29.832296 30.249872 29.628366 30.026518 1.765466e+05
736186 30.240159 30.482935 29.968252 30.414959 2.759876e+05
736187 30.269294 30.667446 30.191605 30.628603 9.701323e+04
736188 30.735901 31.038285 30.014080 30.735901 2.424927e+05
736189 30.911480 30.950497 30.248185 30.696883 2.870700e+05
736190 30.531059 31.330914 30.394499 31.330914 2.112788e+05
736193 31.213863 31.584529 30.833445 31.408951 1.698229e+05
736194 31.457722 31.535759 30.843200 31.272391 1.315859e+05
736195 31.106565 31.174846 30.774918 30.979760 9.871384e+04
736196 30.726146 31.116319 30.453024 30.462779 1.327565e+05
736197 29.887273 30.365235 29.858012 29.975063 2.073771e+05
736200 28.746016 28.999630 27.526724 28.658227 3.053106e+05
736201 29.467836 29.467836 28.394862 28.404616 2.114739e+05
736202 29.067909 29.067909 28.151004 28.892333 2.332261e+05
736203 29.165454 29.282506 28.667982 29.194717 3.636415e+05
736204 29.155698 29.740959 29.028892 29.136191 3.252094e+05
736207 29.058156 29.604398 29.028892 29.575135 2.026950e+05
736208 29.087418 29.350785 28.687491 28.755771 1.739197e+05
736209 29.155698 29.662924 29.116682 29.653170 2.218135e+05
736210 29.789731 30.033590 29.077663 29.253242 2.941907e+05
736211 28.941104 29.477591 28.941104 29.389802 1.801625e+05
736215 29.945801 30.443270 29.789732 30.287201 2.085476e+05
736216 30.589587 30.657866 29.994572 30.033590 2.589775e+05
736217 30.062853 30.296956 30.062853 30.131132 1.052492e+05
736218 29.877518 30.384744 29.799483 30.345728 1.742124e+05
736221 30.384745 30.521307 30.248185 30.492043 9.598263e+04
736222 30.540813 30.989513 30.433517 30.950496 1.352926e+05
736223 30.862707 31.145583 30.784672 30.930987 9.237353e+04
736224 31.009023 31.555263 30.911480 31.116320 1.310007e+05
736225 30.560323 31.087058 30.394500 30.492043 3.463763e+05
736228 30.726147 31.087058 30.579832 30.940741 1.811380e+05
736229 30.716393 30.950497 30.501797 30.609094 1.037861e+05
736230 30.667622 30.940741 30.589587 30.823690 8.154622e+04
736231 30.570078 31.301653 30.570078 31.272391 1.518750e+05
736232 31.633300 31.701580 30.784672 30.911480 3.434500e+05
736235 30.735900 30.901724 30.306710 30.345728 1.693352e+05
736236 30.501797 30.501797 29.945801 30.170150 2.147904e+05
736237 30.472535 30.667623 30.082362 30.296956 3.142846e+05
736238 30.218922 30.492044 29.867767 30.296956 2.125469e+05
736239 30.023835 30.648112 29.614153 30.599341 1.844544e+05
736242 30.979759 31.701579 30.930986 31.691827 2.747795e+05
736243 31.623544 31.760107 31.018776 31.048040 1.408526e+05
736244 31.135828 31.955190 31.087058 31.916176 4.254840e+05
736245 31.994209 32.833082 31.916176 32.823330 2.902889e+05
736246 33.037923 33.223257 32.833083 32.979399 2.242521e+05
736249 32.881853 33.740235 32.881853 33.730483 1.695303e+05
736250 33.662198 34.042621 33.418340 33.837777 2.696097e+05
736251 33.808516 33.945076 33.115959 33.135468 3.509609e+05
736252 33.184238 34.042621 33.067188 34.042621 1.685549e+05
736253 34.062126 34.208443 33.652446 34.120654 2.472723e+05
736256 34.062126 34.403530 33.964585 34.296232 1.835765e+05
736257 34.481563 34.852229 34.188934 34.666898 9.900647e+04
736258 34.774197 35.125349 34.462058 34.481563 1.212464e+05
736259 34.764439 35.388717 34.471810 34.637632 2.398590e+05
736260 35.037560 35.642332 34.442549 35.613066 2.002564e+05
736263 35.603313 35.915451 35.261913 35.466753 1.372435e+05
736264 35.369207 35.525276 34.803458 34.988789 2.806321e+05
736265 35.105844 36.373906 34.979037 36.334888 2.268858e+05
736266 36.910394 36.978674 34.530338 35.515524 4.733777e+05
736267 35.837418 36.559237 35.476505 35.593560 3.351589e+05
736270 35.876433 36.315379 34.627880 35.047316 3.486198e+05
736271 35.047316 35.242403 34.530338 34.940018 4.314341e+05
736272 35.183877 35.291174 34.744931 34.930265 1.123699e+05
736273 35.076578 35.281418 34.920508 35.086334 1.180274e+05
736274 35.135104 35.232647 34.900999 35.096087 2.079624e+05
736277 35.164367 35.193633 33.935323 34.013356 2.858019e+05
736278 33.993763 34.875443 33.993763 34.679517 3.936223e+05
736279 34.689312 34.836260 34.385619 34.503180 1.204966e+05
736280 34.405214 34.473789 33.670478 33.807628 1.354852e+05
736281 33.592108 33.729257 32.524292 33.699870 2.460874e+05
736284 33.523533 33.631295 32.876966 33.484346 3.098625e+05
736285 33.513735 33.876207 33.210047 33.513735 2.214003e+05
736286 33.611701 33.621496 33.141471 33.425566 2.526510e+05
736287 33.366789 33.464753 33.141471 33.347196 1.980847e+05
736288 33.582310 34.140708 33.445159 34.062338 3.356272e+05
736291 33.934983 34.297451 33.934983 34.023152 1.822144e+05
736292 33.934983 34.179894 33.533328 34.111320 1.506698e+05
736293 34.091726 34.317045 33.425566 33.690071 1.125615e+05
736295 33.621497 33.925188 33.611701 33.856613 6.132592e+04
736298 33.876207 34.091727 33.631295 33.807628 2.049422e+05
736299 33.484346 34.581550 33.484346 34.522774 2.581371e+05
736300 34.601145 34.934225 34.581551 34.797074 2.142489e+05
736301 34.875443 35.002799 34.297451 34.356232 2.400136e+05
736302 34.375825 35.012598 34.375825 34.944019 1.104063e+05
736305 34.855854 35.316285 34.463993 34.650125 1.114839e+05
736306 34.434606 34.757888 34.062338 34.228877 1.041365e+05
736307 34.150507 34.375825 33.454959 33.484346 1.365628e+05
736308 33.376585 33.660683 33.190453 33.278621 1.421468e+05
736309 32.641849 33.151265 32.387141 32.524292 2.041585e+05
736312 32.455717 33.827221 32.328362 33.386383 2.643088e+05
736313 33.660684 34.287657 33.474548 33.876207 1.304890e+05
736314 34.111320 34.326843 33.719459 34.238675 2.225759e+05
736315 34.307250 34.473789 33.298215 33.298215 3.193650e+05
736316 33.298215 33.396178 32.485105 32.494900 8.761966e+05
736319 32.857372 33.650883 32.377343 32.798592 1.650706e+05
736320 32.818185 33.552921 32.377343 33.180654 1.335259e+05
736321 33.396177 33.396177 32.994522 33.180654 9.982606e+04
736322 33.072892 33.748852 33.072892 33.523533 5.074573e+04
736326 33.327603 33.582310 33.121878 33.513735 8.983366e+04
736327 33.494141 34.170100 33.092486 34.072133 1.229457e+05
736328 34.121119 34.140708 33.631295 33.670478 8.532728e+04
736329 33.592108 33.934982 32.867167 32.896559 1.516494e+05
736333 32.249989 32.583069 31.358510 31.760165 2.892899e+05
736334 31.769963 32.396938 31.554440 32.240194 1.910312e+05
736335 31.809150 32.269583 31.809150 32.112839 1.777080e+05
736336 31.485865 32.014875 31.162581 31.162581 2.974209e+05
736337 31.299734 31.574034 30.320087 30.388661 2.518673e+05
736340 30.506217 30.878484 30.035988 30.623776 2.031789e+05
736341 30.898079 31.133194 30.506218 31.113600 2.835099e+05
736342 31.172377 31.172377 29.771481 29.859650 2.238494e+05
736343 29.830263 31.319325 29.546164 30.045784 1.490044e+05
736344 29.173898 29.849853 28.899596 29.751890 2.410912e+05
736348 30.006597 30.555201 29.497182 30.006597 2.857631e+05
736349 29.742094 30.212324 29.056340 29.840057 3.243612e+05
736350 29.800873 30.124156 29.095527 29.105322 1.596825e+05
736351 29.262067 29.555960 28.801632 29.369827 2.548063e+05
736354 29.281658 30.202528 28.997561 29.134712 1.379343e+05
736355 29.242473 29.634332 28.977969 29.360030 2.019053e+05
736356 29.271861 29.467791 28.674277 28.968171 1.634052e+05
736357 29.144509 29.369827 28.821225 29.340439 1.512576e+05
736358 29.389421 30.721742 29.281659 30.672758 3.129973e+05
736361 30.623775 30.682554 29.849853 30.241714 1.958315e+05
736362 29.987005 30.280898 29.908633 30.231917 1.401875e+05
736363 30.437643 30.888282 30.094766 30.574793 2.308049e+05
736364 30.516015 30.878485 30.261306 30.741333 2.438342e+05
736365 32.328362 33.072892 31.613219 32.563479 4.254608e+05
736368 31.730776 32.749610 31.544645 32.475311 4.225219e+05
736369 31.985488 32.965135 31.720982 32.445919 2.709705e+05
736370 32.504699 33.200247 32.377344 32.445919 1.951458e+05
736371 31.894822 32.721470 30.851672 32.288465 3.308559e+05
736372 32.721469 33.459547 32.268782 32.947813 3.592965e+05
736376 33.115112 33.439865 32.869086 33.321773 2.886378e+05
736377 33.459548 33.676052 31.983391 33.223361 1.880623e+05
736378 33.252886 33.410343 32.800199 33.390660 1.893417e+05
736379 33.331613 33.548117 33.046226 33.223361 1.728087e+05
736382 33.518594 33.666208 33.154474 33.400500 2.602956e+05
736383 33.233203 33.823664 33.105268 33.282408 2.243758e+05
736384 33.124952 33.597321 32.898608 33.577639 1.453522e+05
736385 33.617005 34.059853 33.498913 33.922078 9.358832e+04
736386 34.079534 34.443652 33.420182 33.607165 1.445649e+05
736389 33.430025 33.754777 33.026542 33.046225 2.689557e+05
736390 33.154474 33.803982 33.036383 33.744939 2.146332e+05
736391 33.744938 33.863030 33.321773 33.666208 2.108936e+05
736392 33.646527 34.217309 33.548118 34.050009 2.081381e+05
736393 34.217308 34.335399 33.666208 33.833508 1.777292e+05
736396 33.813826 34.256673 33.233204 34.010647 1.711357e+05
736397 33.882712 34.719199 33.882712 33.941760 2.321502e+05
736398 34.000805 34.177944 33.803983 33.882713 9.181694e+04
736399 33.931917 34.345243 33.243043 33.528434 1.577519e+05
736400 33.715413 34.305878 33.715413 34.276356 1.457459e+05
736403 34.276356 34.443652 33.813826 34.236991 1.239971e+05
736404 34.158260 34.276356 33.872869 34.069691 1.180925e+05
736405 33.833508 34.325560 33.833508 34.138578 1.365937e+05
736406 34.069692 35.171892 33.961439 35.034113 1.786149e+05
736407 35.329347 35.516325 34.866816 35.162047 5.248228e+05
736410 35.083322 35.506487 35.083322 35.112843 1.675930e+05
736411 34.856973 35.467121 34.748725 35.083321 1.489934e+05
736412 35.073478 35.368709 34.610948 34.935704 2.716128e+05
736413 34.689677 34.689677 33.646526 34.355082 1.611963e+05
736417 34.561743 35.073477 34.561743 35.043956 1.707421e+05
736418 34.876657 35.978856 34.601109 35.969013 2.441563e+05
736419 35.998539 36.333130 35.860761 36.077265 1.210448e+05
736420 35.998538 36.195356 35.900125 36.028060 1.715294e+05
736421 35.821400 36.451226 35.713148 36.431543 1.050039e+05
736424 36.549634 36.687409 35.467122 35.565530 1.312795e+05
736425 35.339187 35.614735 34.916022 34.935704 1.479109e+05
736426 34.856973 35.211252 34.551904 35.053795 1.048071e+05
736427 34.797930 35.112842 34.345243 34.551904 1.599170e+05
736428 34.689678 34.975069 34.059852 34.325560 1.568662e+05
736431 34.433813 34.699517 34.030330 34.030330 1.395460e+05
736432 34.138578 34.837295 33.990965 34.719200 1.785165e+05
736433 34.955386 35.309664 34.453491 35.004591 1.490918e+05
736434 34.886499 35.181730 34.286195 34.315717 1.651327e+05
736435 34.138578 34.581425 33.981121 34.394447 2.035128e+05
736438 34.325560 34.384605 34.089373 34.256673 1.597201e+05
736439 34.414129 34.551904 34.266512 34.423969 3.249512e+05
736440 34.364922 34.640474 34.089373 34.246830 8.542026e+04
736441 34.266513 34.384605 33.321774 33.331613 1.815673e+05
736442 33.302091 34.069691 33.065904 33.764621 1.734976e+05
736445 33.705574 33.764621 33.361139 33.764621 1.357080e+05
736446 33.823665 34.079534 33.459548 33.971282 1.677898e+05
736447 33.971282 34.384605 33.656370 34.128739 1.504696e+05
736448 33.961438 34.207464 33.764620 33.902395 1.114006e+05
736449 33.813826 34.187787 33.557956 34.158261 2.633463e+05
736452 34.433813 34.837296 34.236991 34.610948 1.904242e+05
736453 34.305879 34.620791 33.971282 34.581426 1.343302e+05
736454 33.685892 34.256673 33.548117 34.158261 2.520291e+05
736455 34.551904 35.762351 34.423969 34.847134 2.134522e+05
736456 34.778248 34.994752 34.256674 34.994752 3.025137e+05
736459 34.955387 35.132526 34.010647 35.034113 1.868814e+05
736460 35.132526 35.329348 34.896339 35.181730 1.256701e+05
736461 35.112843 35.555691 34.748725 35.171891 1.276383e+05
736462 35.171888 35.873546 35.082945 35.853781 2.055564e+05
736463 35.804370 35.873547 35.409071 35.596837 1.427036e+05
736466 35.577072 35.853782 35.349774 35.596837 1.611839e+05
736467 35.428832 35.596837 34.499877 34.806236 2.634680e+05
736468 34.628351 35.349774 34.173756 35.142242 1.728453e+05
736469 35.053299 35.349774 34.381288 34.727174 1.507084e+05
736470 34.984122 35.478248 34.608584 35.250946 1.387506e+05
736473 35.023649 35.359655 34.341756 35.152123 1.854949e+05
736474 35.211419 36.644385 35.211419 36.604854 3.003298e+05
736475 36.594970 36.930975 36.338025 36.604854 2.117824e+05
736476 36.604854 36.901329 35.666014 36.347907 8.894268e+04
736477 36.486261 36.762975 36.367672 36.575204 1.052488e+05
736481 36.466500 36.802506 36.278729 36.713563 1.991328e+05
736482 36.565323 37.148392 36.229317 37.138511 2.281874e+05
736483 37.316393 38.215702 36.812386 37.148392 3.003298e+05
736484 37.039685 37.039685 36.239199 36.723444 3.117935e+05
736487 37.039685 37.227451 36.535677 36.703678 1.917209e+05
736488 36.664146 36.940860 36.486261 36.792621 1.492260e+05
736489 36.693797 37.197804 36.476381 37.089096 1.394424e+05
736490 36.950741 37.286747 36.555443 37.187923 1.091030e+05
736491 36.772855 37.316393 36.654266 37.108861 1.515979e+05
736494 36.832151 37.118745 36.594970 36.693797 1.430989e+05
736495 36.545559 36.940860 36.525792 36.802506 1.425059e+05
736496 36.861798 37.128627 36.179906 36.249083 1.032723e+05
736497 36.011901 36.624620 35.913077 36.594970 9.684869e+04
736498 36.614735 36.703678 35.972374 36.268849 3.252337e+05
736501 36.703678 36.782740 36.357791 36.426969 2.054576e+05
736502 36.436850 36.861798 36.338026 36.762975 1.458660e+05
736503 36.861798 37.276866 36.565323 37.128627 2.162295e+05
736504 37.434986 37.988405 37.286747 37.968639 2.097071e+05
736505 36.515911 37.128626 36.347906 36.397322 3.627873e+05
736508 35.982255 36.347907 35.517776 35.735192 2.472606e+05
736509 35.883430 36.308379 35.725311 36.071197 1.872737e+05
736510 36.407203 36.674032 36.189787 36.654266 1.674099e+05
736511 36.861798 37.770991 36.229317 37.761107 2.618868e+05
736512 37.770992 37.770992 37.029803 37.207689 2.422206e+05
736516 36.693798 37.425102 35.478249 37.118746 1.366753e+05
736517 37.039684 37.296632 36.723444 36.940860 1.650381e+05
736518 37.059449 37.336158 36.604854 36.851917 7.915898e+04
736519 37.039685 37.642518 36.891449 37.504164 2.168225e+05
736522 37.751227 38.116879 37.425102 37.899462 1.563415e+05
736523 38.067466 38.976657 38.067466 38.591239 2.571432e+05
736524 38.848187 39.006307 38.522063 38.907480 2.536843e+05
736525 39.194073 39.292897 38.907479 39.016188 1.583180e+05
736526 39.233605 39.421371 38.769126 39.006307 1.320305e+05
736529 38.986542 39.124897 38.561593 38.561593 1.398377e+05
736530 38.611005 38.956891 38.472650 38.551708 1.364776e+05
736531 38.551708 39.035954 37.859935 38.699948 1.532779e+05
736532 38.690067 38.976658 38.186056 38.680182 2.290768e+05
736533 38.828421 39.312663 38.640650 39.203954 1.656310e+05
736536 39.055719 39.184193 37.454752 38.927245 8.578027e+04
736537 38.897599 39.105131 38.660416 39.075484 1.393435e+05
736538 39.055718 39.421370 38.927244 39.203954 1.271880e+05
736539 39.638788 40.281149 39.006307 39.648669 2.094106e+05
736540 39.480668 39.520199 38.630770 38.699948 2.544749e+05
736543 38.858068 38.917364 38.284884 38.650536 3.917431e+05
736544 38.541827 38.571474 38.186055 38.235468 2.555620e+05
736545 38.324411 38.492415 38.037821 38.255233 1.260021e+05
736546 38.344175 38.620889 38.047701 38.126763 8.429789e+04
736547 38.255233 38.640651 38.106998 38.591239 1.688923e+05
736550 38.522063 39.026073 38.443004 39.006307 1.345011e+05
736551 39.105131 39.362078 38.966775 39.263251 1.910291e+05
736552 38.294764 39.302781 38.186056 38.897599 3.023063e+05
736553 39.096006 39.244812 38.709114 38.778556 1.510866e+05
736554 38.451184 38.877759 38.421425 38.609909 1.099172e+05
736557 38.609909 38.996805 38.520630 38.609909 1.098180e+05
736558 38.599991 38.629751 38.203176 38.332141 1.102148e+05
736559 38.272622 38.342064 37.826206 38.103974 9.305266e+04
736560 38.014690 38.550389 38.014690 38.550389 1.366029e+05
736561 38.252780 38.550390 37.994850 38.451184 1.838237e+05
736564 38.272621 38.461105 38.004771 38.094055 2.306476e+05
736565 38.094056 38.590072 38.014691 38.014691 1.547571e+05
736566 38.094056 38.371823 37.865885 38.242858 1.371981e+05
736567 38.292458 38.709114 36.913534 38.679355 1.591220e+05
736568 38.649592 38.996805 38.262700 38.540467 7.460086e+04
736571 38.669433 39.155530 38.669433 39.135689 1.550547e+05
736572 38.937281 39.373775 38.847998 39.353933 1.122981e+05
736573 39.334096 39.681305 39.205130 39.582104 1.839228e+05
736574 39.582105 39.879714 39.294414 39.859872 2.332269e+05
736575 39.919396 40.217004 39.641623 40.207082 1.491025e+05
736579 40.226923 40.276523 39.820189 40.266605 2.066404e+05
736580 40.107880 40.772540 40.058279 40.752703 2.028707e+05
736581 40.683257 40.970947 40.345965 40.455090 1.543603e+05
736582 40.147563 40.147563 39.572182 39.572182 1.804507e+05
736585 39.373774 40.097957 37.052417 40.078120 2.448337e+05
736586 39.909473 40.068198 39.681306 39.810271 1.821372e+05
736587 39.840031 40.107880 39.026564 39.076165 1.159686e+05
736588 39.076164 39.383697 38.897599 39.304332 1.048578e+05
736589 39.284491 39.284491 38.838080 38.976964 3.666553e+05
736592 39.036483 39.264654 38.451184 39.036483 8.878692e+04
736593 39.185290 39.274573 38.887681 38.976964 1.030722e+05
736594 39.016646 39.770589 39.016646 39.701147 1.607093e+05
736595 39.780506 40.772539 39.592022 40.653497 2.615990e+05
736596 40.514613 40.673339 40.157482 40.167404 2.458257e+05
736599 40.137640 40.137640 38.262699 39.443216 2.049539e+05
736600 39.423379 39.621783 39.145607 39.621783 1.693400e+05
736601 39.691223 40.107879 39.492820 40.078120 1.400750e+05
736602 39.949155 39.998756 39.393615 39.502740 7.589050e+04
736603 39.572181 39.840031 39.453138 39.542422 2.353101e+05
736606 39.403538 39.800349 38.728956 38.996805 2.395759e+05
736607 38.907521 38.907521 38.282539 38.639672 1.921567e+05
736608 38.639672 38.937281 38.530548 38.599990 2.382862e+05
736609 38.510707 38.530548 38.024613 38.391664 1.818396e+05
736610 38.322222 39.105925 38.322222 38.867839 3.240971e+05
736613 39.036482 39.532499 38.659513 38.937281 2.082277e+05
736614 38.957122 38.976964 38.550390 38.738874 1.741017e+05
736615 38.689273 39.353933 38.510707 39.135689 1.110085e+05
736616 39.066247 39.939233 39.026565 39.770589 2.061444e+05
736617 39.879713 40.256687 39.879713 40.107880 2.413615e+05
736620 40.127721 40.276523 39.879713 40.127721 1.142822e+05
736621 40.474930 40.524531 39.681305 39.830112 2.221161e+05
736622 39.830113 40.326129 39.830113 40.177322 1.442415e+05
736623 40.028515 40.028515 39.433297 39.582104 2.742970e+05
736624 39.234890 39.582105 38.838080 39.532499 3.059429e+05
736627 39.631705 40.226923 39.631705 40.177322 1.829308e+05
736628 40.028516 40.028516 39.383698 39.482899 1.968193e+05
736629 39.532499 39.830113 39.086088 39.135689 1.254921e+05
736630 38.441265 38.441265 35.713176 36.060385 6.941252e+05
736631 35.911582 36.606006 35.861982 36.606006 5.519670e+05
736634 36.606006 36.804409 36.407599 36.655607 3.708218e+05
736635 36.804409 37.102023 35.564368 35.713175 4.562358e+05
736636 35.713176 35.713176 34.671543 35.068353 2.740986e+05
736637 35.266761 35.465168 34.949311 35.068353 2.827293e+05
736638 35.266759 35.713175 35.266759 35.465167 2.346157e+05
736641 36.060385 36.159591 35.564368 35.762776 3.109030e+05
736642 35.564368 36.556401 35.564368 36.357998 1.652726e+05
736643 36.457200 37.350032 36.258793 37.052418 3.175497e+05
736644 37.809609 38.706276 37.411086 38.407387 4.037010e+05
736645 38.556832 39.553133 38.556832 39.503319 4.355826e+05
736648 40.001471 40.928030 39.702577 40.399988 4.163540e+05
736649 40.200726 40.200726 39.403687 39.901837 1.816256e+05
736650 39.901837 40.300359 39.602948 40.300359 2.314406e+05
736651 40.399987 40.848323 40.051284 40.101098 2.767723e+05
736652 40.399987 40.649062 39.901837 40.499620 3.109454e+05
736655 40.649062 40.798509 40.250545 40.549434 1.251354e+05
736656 40.499620 41.296659 39.702575 41.246845 1.926845e+05
736657 41.296661 41.944253 40.748696 41.894439 2.244665e+05
736659 41.844624 42.243146 41.844624 42.093699 7.412476e+04
736662 42.193327 42.392588 41.744996 41.744996 2.199832e+05
736663 41.844624 42.143513 41.446102 41.595549 1.692715e+05
736664 41.695177 41.994072 40.748696 40.947952 1.705667e+05
736665 41.246846 41.844624 40.798510 41.097399 1.818249e+05
736666 41.296661 41.446103 40.300360 40.399988 1.413751e+05
736669 40.649063 40.748696 40.250546 40.449802 3.312699e+05
736670 40.449802 40.698877 39.702576 40.599249 3.710223e+05
736671 40.300359 41.446102 40.200726 41.396288 3.760038e+05
736672 41.495921 42.392589 41.495921 42.392589 3.550815e+05
736673 41.894438 41.894438 40.350173 41.545735 4.079851e+05
736676 41.346475 42.193328 41.346475 41.944253 3.164251e+05
736677 42.342775 42.840925 42.193328 42.691478 3.077573e+05
736678 42.741296 43.090000 41.994071 42.093699 2.117139e+05
736679 42.043885 42.870812 41.695177 42.492221 4.663683e+05
736680 42.741297 43.588150 42.691478 43.040186 1.126816e+06
736683 43.289261 43.339075 42.591850 43.139814 2.631230e+05
736684 43.239447 43.837225 42.691478 43.289261 2.261602e+05
736685 43.090000 43.438703 42.890739 42.940553 1.431684e+05
736686 43.090000 43.438703 42.641664 43.388889 1.909908e+05
736687 43.339075 43.687778 43.090000 43.488522 1.329065e+05
736691 43.687778 43.837225 43.189628 43.239447 9.534597e+04
736692 43.339075 43.339075 42.741297 42.791111 1.351980e+05
736693 42.940553 43.189628 42.791111 43.040186 8.867075e+04
736694 43.139814 43.239447 42.691478 42.890739 1.491462e+05
736698 43.139814 43.239447 42.641664 43.239447 1.961716e+05
736699 43.139815 43.787412 42.870814 43.687779 1.972675e+05
736700 43.637964 43.787411 42.791111 43.289261 1.623970e+05
736701 43.438704 43.787412 43.040187 43.637965 1.844152e+05
736704 43.388890 43.488523 42.243147 42.342775 3.131373e+05
736705 42.243147 42.542036 39.762356 42.442403 2.608315e+05
736706 42.292961 43.189629 42.093700 43.189629 3.003846e+05
736707 43.090000 43.090000 41.396288 41.545735 1.948764e+05
736708 41.744997 42.143514 41.346475 41.894439 2.182895e+05
736712 41.545734 41.744995 41.147212 41.246845 1.509395e+05
736713 41.197027 41.844624 40.360134 41.794810 1.811274e+05
736714 41.844625 41.944253 41.097400 41.446103 1.289213e+05
736715 41.346474 41.994071 41.346474 41.994071 1.652863e+05
736718 41.794810 41.844624 41.077473 41.545735 1.667807e+05
736719 41.695177 42.243146 41.695177 42.043885 2.603333e+05
736720 42.292961 42.791111 42.263069 42.392589 1.253346e+05
736721 42.542035 42.542035 42.133552 42.243146 1.514377e+05
736722 42.292960 42.342774 41.974144 42.093699 1.283235e+05
736725 41.844624 41.844624 40.997771 41.396288 2.323373e+05
736726 41.296660 41.744996 41.147213 41.545735 2.411047e+05
736727 41.794811 42.292961 41.396289 41.446103 1.498436e+05
736728 41.545735 42.043885 41.047585 41.645363 1.589099e+05
736729 39.852023 44.185928 38.357572 43.488522 4.377745e+05
736732 43.189629 43.687779 42.890740 43.189629 2.716912e+05
736733 43.189628 43.687778 43.040186 43.538336 2.527615e+05
736734 43.139814 43.339075 42.691478 42.890739 2.169943e+05
736735 42.741297 43.339075 42.741297 42.940553 2.241676e+05
736736 43.189628 43.339075 42.840925 43.090000 2.049390e+05
736739 43.200001 43.599998 43.049999 43.349998 1.494000e+05
736740 43.299999 43.400002 42.900002 43.200001 2.833000e+05
736741 42.849998 43.799999 42.799999 43.799999 1.743000e+05
736742 43.750000 44.049999 43.549999 43.950001 1.575000e+05
736743 44.000000 44.000000 43.099998 43.549999 2.544000e+05
736747 43.650002 43.950001 43.450001 43.650002 1.905000e+05
736748 43.549999 44.099998 43.549999 43.950001 1.692000e+05
736749 43.950001 44.250000 43.599998 44.099998 1.171000e+05
736750 44.049999 44.200001 43.750000 44.049999 1.714000e+05
736753 44.049999 44.200001 43.799999 44.200001 2.379000e+05
736754 44.099998 44.450001 43.509998 44.299999 2.548000e+05
736755 44.799999 45.650002 44.000000 45.599998 2.358000e+05
736756 45.349998 45.599998 44.470001 45.349998 2.935000e+05
736757 45.250000 46.000000 45.049999 45.900002 3.458000e+05
736760 45.500000 46.450001 45.029999 46.250000 4.851000e+05
736761 46.049999 47.150002 45.849998 46.900002 5.256000e+05
736762 47.200001 47.349998 46.799999 46.950001 2.817000e+05
736763 47.049999 47.200001 46.700001 46.849998 2.591000e+05
736764 47.000000 47.400002 46.529999 47.250000 3.564000e+05
