736034 1.600000 1.600000 1.510000 1.580000 2.390000e+04
736035 1.580000 1.580000 1.510000 1.510000 1.970000e+04
736036 1.560000 1.560000 1.500000 1.550000 1.090000e+04
736039 1.540000 1.560000 1.500000 1.510000 3.000000e+04
736040 1.480000 1.550000 1.470000 1.470000 1.920000e+04
736041 1.540000 1.540000 1.450000 1.490000 1.940000e+04
736042 1.480000 1.540000 1.470000 1.480000 7.600000e+03
736043 1.510000 1.540000 1.470000 1.500000 1.320000e+04
736046 1.540000 1.560000 1.500000 1.540000 1.170000e+04
736047 1.510000 1.530000 1.500000 1.530000 9.300000e+03
736048 1.560000 1.570000 1.500000 1.500000 3.930000e+04
736049 1.500000 1.500000 1.480000 1.490000 1.570000e+04
736050 1.480000 1.500000 1.470000 1.500000 9.400000e+03
736053 1.480000 1.490000 1.410000 1.410000 4.490000e+04
736054 1.420000 1.470000 1.410000 1.440000 4.290000e+04
736055 1.440000 1.440000 1.330000 1.350000 9.570000e+04
736056 1.350000 1.470000 1.350000 1.440000 1.240000e+04
736060 1.460000 1.480000 1.410000 1.410000 2.400000e+04
736061 1.440000 1.460000 1.370000 1.450000 3.840000e+04
736062 1.450000 1.480000 1.410000 1.470000 1.390000e+04
736063 1.450000 1.480000 1.390000 1.410000 1.090000e+04
736064 1.440000 1.450000 1.400000 1.410000 3.060000e+04
736067 1.450000 1.730000 1.450000 1.530000 2.814000e+05
736068 1.500000 1.550000 1.410000 1.430000 1.026000e+05
736069 1.410000 1.480000 1.380000 1.430000 5.730000e+04
736070 1.400000 1.480000 1.400000 1.420000 1.820000e+04
736071 1.400000 1.470000 1.400000 1.450000 3.330000e+04
736074 1.460000 1.460000 1.430000 1.430000 1.500000e+04
736075 1.420000 1.450000 1.400000 1.410000 5.500000e+03
736076 1.450000 1.450000 1.400000 1.400000 1.930000e+04
736077 1.400000 1.450000 1.400000 1.450000 2.370000e+04
736078 1.440000 1.610000 1.440000 1.520000 1.198000e+05
736081 1.550000 1.680000 1.500000 1.580000 1.078000e+05
736082 1.590000 1.590000 1.500000 1.580000 1.790000e+04
736083 1.520000 1.610000 1.450000 1.540000 1.970000e+04
736084 1.510000 1.520000 1.490000 1.510000 3.300000e+03
736085 1.530000 1.540000 1.500000 1.540000 4.700000e+03
736088 1.500000 1.560000 1.480000 1.480000 2.500000e+03
736089 1.500000 1.540000 1.470000 1.500000 9.800000e+03
736090 1.510000 1.540000 1.480000 1.510000 1.360000e+04
736091 1.480000 1.560000 1.470000 1.470000 5.300000e+03
736092 1.490000 1.510000 1.490000 1.490000 3.250000e+04
736095 1.500000 1.550000 1.480000 1.550000 9.900000e+03
736096 1.560000 1.580000 1.520000 1.520000 1.610000e+04
736097 1.510000 1.570000 1.490000 1.550000 9.400000e+03
736098 1.560000 1.850000 1.530000 1.590000 9.220000e+04
736099 1.650000 1.650000 1.560000 1.600000 8.300000e+03
736102 1.630000 1.690000 1.570000 1.570000 2.110000e+04
736103 1.620000 1.710000 1.600000 1.650000 7.100000e+03
736104 1.600000 1.680000 1.590000 1.620000 4.200000e+03
736105 1.570000 1.600000 1.560000 1.580000 3.800000e+03
736106 1.610000 1.660000 1.560000 1.660000 1.060000e+04
736110 1.640000 1.660000 1.580000 1.650000 4.120000e+04
736111 1.610000 1.640000 1.590000 1.590000 1.800000e+03
736112 1.560000 1.580000 1.460000 1.510000 1.620000e+04
736113 1.480000 1.580000 1.460000 1.540000 1.760000e+04
736116 1.480000 1.510000 1.460000 1.470000 7.800000e+03
736117 1.460000 1.540000 1.460000 1.510000 9.100000e+03
736118 1.500000 1.520000 1.500000 1.510000 7.700000e+03
736119 1.460000 1.570000 1.450000 1.540000 1.930000e+04
736120 1.530000 1.580000 1.510000 1.560000 1.700000e+03
736123 1.550000 1.550000 1.480000 1.490000 2.030000e+04
736124 1.520000 1.570000 1.480000 1.480000 9.680000e+04
736125 1.470000 1.520000 1.460000 1.490000 4.280000e+04
736126 1.470000 1.520000 1.430000 1.460000 5.320000e+04
736127 1.430000 1.470000 1.400000 1.400000 6.180000e+04
736130 1.410000 1.480000 1.400000 1.430000 3.670000e+04
736131 1.400000 1.450000 1.320000 1.380000 5.810000e+04
736132 1.440000 1.440000 1.370000 1.420000 1.020000e+04
736133 1.400000 1.420000 1.400000 1.420000 1.100000e+03
736134 1.440000 1.440000 1.340000 1.390000 1.340000e+04
736137 1.390000 1.390000 1.320000 1.380000 2.790000e+04
736138 1.420000 1.420000 1.380000 1.380000 2.600000e+03
736139 1.420000 1.420000 1.380000 1.410000 1.360000e+04
736140 1.420000 1.420000 1.380000 1.400000 4.600000e+03
736141 1.420000 1.670000 1.380000 1.420000 4.105000e+05
736144 1.450000 1.470000 1.360000 1.470000 4.640000e+04
736145 1.470000 1.550000 1.410000 1.520000 5.930000e+04
736146 1.490000 1.490000 1.420000 1.440000 4.300000e+03
736147 1.450000 1.450000 1.430000 1.430000 1.430000e+04
736151 1.430000 1.430000 1.420000 1.430000 2.200000e+03
736152 1.350000 1.450000 1.350000 1.430000 1.770000e+04
736153 1.400000 1.400000 1.370000 1.380000 1.580000e+04
736154 1.400000 1.470000 1.390000 1.470000 4.300000e+03
736155 1.450000 1.450000 1.390000 1.420000 1.100000e+04
736158 1.450000 1.450000 1.400000 1.410000 9.600000e+03
736159 1.400000 1.460000 1.390000 1.390000 4.800000e+03
736160 1.440000 1.470000 1.380000 1.410000 3.030000e+04
736161 1.460000 1.600000 1.440000 1.500000 1.293000e+05
736162 1.540000 1.600000 1.410000 1.420000 6.470000e+04
736165 1.460000 1.500000 1.430000 1.440000 3.760000e+04
736166 1.470000 1.470000 1.400000 1.400000 5.700000e+03
736167 1.410000 1.430000 1.400000 1.430000 6.800000e+03
736168 1.430000 1.440000 1.410000 1.410000 2.700000e+03
736169 1.410000 1.410000 1.410000 1.410000 1.500000e+03
736172 1.410000 1.410000 1.350000 1.350000 1.140000e+04
736173 1.350000 1.480000 1.350000 1.410000 2.800000e+03
736174 1.370000 1.380000 1.350000 1.380000 1.540000e+04
736175 1.390000 1.390000 1.350000 1.360000 7.800000e+03
736176 1.350000 1.390000 1.350000 1.350000 3.500000e+03
736179 1.350000 1.390000 1.310000 1.310000 1.230000e+04
736180 1.310000 1.340000 1.310000 1.310000 1.240000e+04
736181 1.310000 1.370000 1.310000 1.330000 2.100000e+04
736182 1.260000 1.380000 1.260000 1.270000 4.500000e+03
736183 1.250000 1.310000 1.250000 1.290000 5.200000e+03
736186 1.270000 1.430000 1.190000 1.310000 1.152000e+05
736187 1.370000 1.370000 1.250000 1.310000 2.600000e+03
736188 1.280000 1.360000 1.260000 1.270000 3.900000e+03
736189 1.210000 1.270000 1.170000 1.210000 4.470000e+04
736190 1.150000 1.180000 1.150000 1.170000 2.100000e+03
736193 1.190000 1.210000 1.180000 1.210000 5.500000e+03
736194 1.200000 1.200000 1.200000 1.200000 2.700000e+03
736195 1.250000 1.250000 1.190000 1.200000 2.300000e+03
736196 1.190000 1.190000 1.110000 1.150000 2.250000e+04
736197 1.140000 1.140000 1.100000 1.130000 5.700000e+03
736200 1.020000 1.130000 1.020000 1.100000 2.910000e+04
736201 1.100000 1.290000 1.100000 1.190000 9.100000e+03
736202 1.140000 1.170000 1.100000 1.110000 3.080000e+04
736203 1.120000 1.160000 1.120000 1.130000 3.100000e+03
736204 1.160000 1.170000 1.140000 1.140000 5.800000e+03
736207 1.180000 1.180000 1.120000 1.150000 6.600000e+03
736208 1.180000 1.180000 1.160000 1.160000 4.000000e+02
736209 1.110000 1.120000 1.100000 1.100000 1.170000e+04
736210 1.120000 1.160000 1.120000 1.160000 1.500000e+03
736211 1.180000 1.260000 1.180000 1.180000 6.500000e+03
736215 1.200000 1.310000 1.160000 1.210000 1.230000e+04
736216 1.230000 1.290000 1.220000 1.250000 1.500000e+03
736217 1.180000 1.240000 1.150000 1.170000 4.600000e+03
736218 1.230000 1.230000 1.190000 1.190000 4.000000e+02
736221 1.150000 1.200000 1.130000 1.150000 7.800000e+03
736222 1.150000 1.160000 1.150000 1.160000 6.000000e+02
736223 1.190000 1.200000 1.180000 1.200000 3.300000e+03
736224 1.190000 1.310000 1.170000 1.220000 4.800000e+03
736225 1.280000 1.320000 1.040000 1.060000 1.071000e+05
736228 1.060000 1.140000 1.000000 1.060000 1.290000e+04
736229 1.090000 1.100000 1.000000 1.040000 6.000000e+03
736230 1.120000 1.120000 1.040000 1.040000 5.200000e+03
736231 1.060000 1.060000 1.000000 1.030000 3.500000e+03
736232 1.000000 1.090000 0.990000 1.000000 6.600000e+03
736235 0.990000 1.060000 0.870000 0.930000 1.970000e+04
736236 0.830000 0.950000 0.830000 0.850000 1.540000e+04
736237 0.810000 0.830000 0.810000 0.830000 4.000000e+02
736238 0.720000 0.720000 0.700000 0.720000 2.500000e+03
736239 0.720000 0.840000 0.690000 0.780000 8.300000e+03
736242 0.780000 0.870000 0.780000 0.870000 8.900000e+03
736243 0.870000 0.880000 0.870000 0.870000 1.000000e+03
736244 0.860000 0.880000 0.830000 0.880000 1.100000e+03
736245 0.780000 0.810000 0.780000 0.810000 1.200000e+03
736246 0.830000 0.850000 0.830000 0.840000 2.000000e+03
736249 0.850000 0.900000 0.850000 0.900000 1.230000e+04
736250 0.900000 0.900000 0.850000 0.860000 5.600000e+03
736251 0.810000 0.880000 0.750000 0.880000 1.380000e+04
736252 0.800000 0.880000 0.760000 0.870000 1.340000e+04
736253 0.800000 0.870000 0.800000 0.800000 2.370000e+04
736256 0.800000 0.870000 0.800000 0.830000 3.600000e+03
736257 0.850000 0.850000 0.830000 0.830000 2.100000e+03
736258 0.820000 0.830000 0.820000 0.830000 3.600000e+03
736259 0.840000 0.850000 0.840000 0.850000 3.200000e+03
736260 0.820000 0.850000 0.820000 0.820000 2.060000e+04
736263 0.840000 0.850000 0.810000 0.810000 6.600000e+03
736264 0.810000 0.830000 0.790000 0.830000 3.860000e+04
736265 0.830000 0.840000 0.800000 0.830000 3.500000e+03
736266 0.830000 0.830000 0.830000 0.830000 0.000000e+00
736267 0.770000 0.820000 0.770000 0.820000 3.800000e+03
736270 0.830000 0.840000 0.820000 0.840000 2.600000e+03
736271 0.840000 0.850000 0.840000 0.850000 5.700000e+03
736272 0.800000 0.830000 0.800000 0.830000 2.100000e+03
736273 0.790000 0.850000 0.780000 0.850000 3.400000e+03
736274 0.800000 0.800000 0.800000 0.800000 3.000000e+02
736277 0.800000 0.840000 0.790000 0.790000 4.400000e+03
736278 0.840000 0.840000 0.800000 0.800000 3.500000e+03
736279 0.820000 0.830000 0.780000 0.820000 9.700000e+03
736280 0.830000 0.840000 0.830000 0.840000 3.700000e+03
736281 0.850000 0.850000 0.820000 0.850000 4.400000e+03
736284 0.750000 0.850000 0.750000 0.850000 6.300000e+03
736285 0.850000 0.850000 0.850000 0.850000 0.000000e+00
736286 0.780000 0.780000 0.780000 0.780000 5.000000e+02
736287 0.830000 0.850000 0.830000 0.850000 8.400000e+03
736288 0.850000 0.850000 0.850000 0.850000 1.000000e+02
736291 0.860000 0.890000 0.860000 0.890000 2.500000e+03
736292 0.900000 0.900000 0.860000 0.860000 1.180000e+04
736293 0.860000 0.860000 0.860000 0.860000 2.000000e+02
736295 0.900000 0.900000 0.900000 0.900000 1.000000e+02
736298 0.980000 0.980000 0.860000 0.860000 1.500000e+03
736299 0.860000 0.960000 0.860000 0.960000 1.250000e+04
736300 0.910000 1.000000 0.910000 0.960000 5.200000e+03
736301 0.990000 1.290000 0.960000 1.150000 5.900000e+04
736302 1.180000 1.250000 1.000000 1.100000 1.960000e+04
736305 1.090000 1.090000 1.010000 1.030000 7.700000e+03
736306 1.020000 1.030000 1.010000 1.010000 4.300000e+03
736307 1.030000 1.030000 0.950000 1.020000 7.400000e+03
736308 1.000000 1.030000 1.000000 1.000000 1.500000e+03
736309 1.000000 1.000000 0.880000 0.900000 1.860000e+04
736312 0.860000 0.930000 0.860000 0.930000 8.900000e+03
736313 0.930000 0.980000 0.930000 0.980000 3.700000e+03
736314 0.920000 1.030000 0.920000 1.030000 5.100000e+03
736315 1.000000 1.000000 0.900000 0.900000 1.220000e+04
736316 0.890000 0.970000 0.870000 0.970000 6.000000e+03
736319 0.880000 0.970000 0.860000 0.960000 6.200000e+03
736320 0.880000 0.960000 0.880000 0.960000 1.300000e+04
736321 0.900000 0.900000 0.900000 0.900000 2.000000e+02
736322 0.870000 0.870000 0.850000 0.860000 6.500000e+03
736326 0.850000 0.930000 0.820000 0.900000 5.900000e+03
736327 0.840000 0.840000 0.820000 0.820000 1.600000e+03
736328 0.820000 0.900000 0.820000 0.900000 1.380000e+04
736329 0.900000 0.900000 0.900000 0.900000 0.000000e+00
736333 0.880000 0.880000 0.800000 0.880000 3.000000e+03
736334 0.800000 0.800000 0.650000 0.690000 1.040000e+04
736335 0.740000 0.750000 0.710000 0.710000 1.150000e+04
736336 0.750000 0.750000 0.720000 0.720000 2.040000e+04
736337 0.750000 0.750000 0.750000 0.750000 5.000000e+02
736340 0.700000 0.700000 0.700000 0.700000 3.200000e+03
736341 0.700000 0.700000 0.620000 0.620000 1.000000e+03
736342 0.530000 0.660000 0.500000 0.580000 1.700000e+04
736343 0.520000 0.580000 0.420000 0.520000 2.190000e+04
736344 0.430000 0.500000 0.430000 0.470000 1.800000e+03
736348 0.470000 0.470000 0.440000 0.460000 2.200000e+03
736349 0.490000 0.500000 0.490000 0.500000 4.000000e+02
736350 0.450000 0.560000 0.450000 0.560000 1.200000e+03
736351 0.470000 0.560000 0.470000 0.560000 7.000000e+02
736354 0.560000 0.560000 0.560000 0.560000 0.000000e+00
736355 0.560000 0.560000 0.560000 0.560000 0.000000e+00
736356 0.530000 0.580000 0.530000 0.560000 1.800000e+03
736357 0.570000 0.680000 0.570000 0.640000 2.100000e+03
736358 0.620000 0.620000 0.610000 0.610000 3.200000e+03
736361 0.590000 0.590000 0.550000 0.550000 1.700000e+03
736362 0.550000 0.550000 0.550000 0.550000 0.000000e+00
736363 0.460000 0.580000 0.460000 0.580000 9.000000e+02
736364 0.550000 0.580000 0.550000 0.550000 2.400000e+03
736365 0.600000 0.600000 0.600000 0.600000 1.000000e+02
736368 0.580000 0.580000 0.580000 0.580000 1.000000e+02
736369 0.590000 0.590000 0.570000 0.570000 1.200000e+03
736370 0.550000 0.550000 0.530000 0.530000 1.060000e+04
736371 0.500000 0.530000 0.500000 0.530000 2.000000e+03
736372 0.530000 0.530000 0.530000 0.530000 0.000000e+00
736376 0.460000 0.510000 0.430000 0.450000 9.100000e+03
736377 0.450000 0.530000 0.450000 0.530000 2.050000e+04
736378 0.450000 0.530000 0.410000 0.470000 4.290000e+04
736379 0.460000 0.470000 0.400000 0.470000 1.300000e+03
736382 0.400000 0.500000 0.400000 0.470000 1.830000e+04
736383 0.470000 0.470000 0.470000 0.470000 0.000000e+00
736384 0.450000 0.460000 0.450000 0.460000 4.100000e+03
736385 0.510000 0.510000 0.510000 0.510000 2.000000e+02
736386 0.430000 0.510000 0.430000 0.480000 9.300000e+03
736389 0.510000 0.510000 0.510000 0.510000 1.440000e+04
736390 0.560000 0.560000 0.510000 0.540000 1.480000e+04
736391 0.610000 0.610000 0.610000 0.610000 8.000000e+02
736392 0.600000 0.600000 0.540000 0.550000 5.500000e+03
736393 0.470000 0.590000 0.470000 0.590000 5.300000e+04
736396 0.590000 0.740000 0.590000 0.680000 2.440000e+04
736397 0.690000 0.800000 0.630000 0.730000 2.920000e+04
736398 0.640000 0.720000 0.640000 0.690000 9.700000e+03
736399 0.700000 0.700000 0.590000 0.690000 1.230000e+04
736400 0.730000 0.750000 0.600000 0.730000 9.800000e+03
736403 0.660000 0.660000 0.660000 0.660000 1.000000e+02
736404 0.660000 0.660000 0.660000 0.660000 0.000000e+00
736405 0.610000 0.680000 0.610000 0.640000 4.800000e+03
736406 0.590000 0.630000 0.590000 0.610000 5.700000e+03
736407 0.590000 0.590000 0.590000 0.590000 2.000000e+02
736410 0.550000 0.610000 0.550000 0.610000 1.500000e+03
736411 0.610000 0.610000 0.610000 0.610000 0.000000e+00
736412 0.540000 0.540000 0.500000 0.500000 2.300000e+03
736413 0.500000 0.500000 0.500000 0.500000 0.000000e+00
736417 0.500000 0.700000 0.500000 0.650000 1.540000e+04
736418 0.650000 0.670000 0.650000 0.650000 2.300000e+03
736419 0.650000 0.650000 0.590000 0.590000 2.900000e+03
736420 0.630000 0.650000 0.630000 0.650000 8.000000e+02
736421 0.580000 0.610000 0.580000 0.590000 1.300000e+03
736424 0.580000 0.610000 0.580000 0.580000 3.600000e+03
736425 0.650000 0.750000 0.630000 0.710000 1.330000e+04
736426 0.730000 0.750000 0.710000 0.720000 4.400000e+03
736427 0.710000 0.750000 0.710000 0.710000 4.500000e+03
736428 0.740000 0.740000 0.620000 0.640000 4.200000e+03
736431 0.640000 0.640000 0.640000 0.640000 0.000000e+00
736432 0.640000 0.650000 0.620000 0.650000 3.000000e+02
736433 0.700000 0.740000 0.630000 0.740000 2.240000e+04
736434 0.750000 0.750000 0.740000 0.740000 5.000000e+02
736435 0.620000 0.660000 0.620000 0.650000 1.200000e+04
736438 0.660000 0.660000 0.660000 0.660000 6.000000e+02
736439 0.680000 0.790000 0.650000 0.770000 5.720000e+04
736440 0.690000 0.770000 0.690000 0.770000 9.300000e+03
736441 0.750000 0.760000 0.730000 0.750000 8.100000e+03
736442 0.750000 0.750000 0.710000 0.740000 3.100000e+03
736445 0.680000 0.680000 0.680000 0.680000 3.000000e+02
736446 0.700000 0.710000 0.680000 0.710000 1.850000e+04
736447 0.710000 0.740000 0.620000 0.670000 1.440000e+04
736448 0.710000 1.330000 0.710000 0.980000 4.456000e+05
736449 1.070000 1.170000 0.820000 0.930000 1.541000e+05
736452 0.900000 0.910000 0.810000 0.820000 2.690000e+04
736453 0.880000 0.950000 0.800000 0.850000 4.620000e+04
736454 0.840000 0.840000 0.830000 0.830000 1.400000e+03
736455 0.910000 0.910000 0.800000 0.820000 2.300000e+03
736456 0.800000 0.800000 0.700000 0.780000 7.100000e+03
736459 0.760000 0.820000 0.760000 0.790000 1.290000e+04
736460 0.800000 0.840000 0.690000 0.780000 2.560000e+04
736461 0.840000 0.840000 0.670000 0.770000 1.720000e+04
736462 0.660000 0.760000 0.650000 0.760000 2.200000e+03
736463 0.670000 0.800000 0.630000 0.770000 1.430000e+04
736466 0.810000 0.810000 0.650000 0.720000 2.100000e+04
736467 0.650000 0.650000 0.650000 0.650000 1.000000e+02
736468 0.690000 0.690000 0.650000 0.650000 6.000000e+02
736469 0.650000 0.720000 0.650000 0.720000 2.140000e+04
736470 0.720000 0.720000 0.620000 0.640000 5.400000e+03
736473 0.620000 0.690000 0.620000 0.640000 7.800000e+03
736474 0.640000 0.700000 0.630000 0.700000 4.600000e+03
736475 0.620000 0.700000 0.620000 0.690000 6.800000e+03
736476 0.630000 0.690000 0.620000 0.690000 4.800000e+03
736477 0.670000 0.700000 0.670000 0.700000 9.000000e+02
736481 0.710000 0.850000 0.700000 0.770000 2.520000e+04
736482 0.750000 0.790000 0.720000 0.780000 3.300000e+03
736483 0.760000 0.860000 0.720000 0.860000 6.790000e+04
736484 0.720000 0.890000 0.720000 0.880000 5.330000e+04
736487 0.930000 1.000000 0.690000 0.930000 2.910000e+04
736488 0.910000 0.930000 0.850000 0.870000 6.000000e+03
736489 0.870000 0.870000 0.870000 0.870000 0.000000e+00
736490 0.790000 0.860000 0.790000 0.850000 4.800000e+03
736491 0.810000 0.980000 0.800000 0.900000 7.400000e+03
736494 0.900000 1.000000 0.800000 0.880000 9.900000e+03
736495 0.920000 0.920000 0.820000 0.820000 6.300000e+03
736496 0.820000 0.820000 0.690000 0.690000 2.400000e+04
736497 0.660000 0.780000 0.660000 0.750000 5.400000e+03
736498 0.700000 0.810000 0.700000 0.720000 4.500000e+03
736501 0.650000 0.720000 0.620000 0.720000 7.800000e+03
736502 0.700000 0.730000 0.700000 0.730000 1.600000e+03
736503 0.720000 0.720000 0.700000 0.700000 2.000000e+03
736504 0.750000 0.750000 0.750000 0.750000 2.000000e+02
736505 0.750000 0.750000 0.670000 0.680000 1.380000e+04
736508 0.700000 0.740000 0.700000 0.700000 9.900000e+03
736509 0.700000 0.740000 0.670000 0.670000 9.000000e+02
736510 0.680000 0.680000 0.660000 0.660000 5.500000e+03
736511 0.650000 0.680000 0.650000 0.680000 1.130000e+04
736512 0.680000 0.680000 0.680000 0.680000 2.000000e+03
736516 0.710000 0.710000 0.660000 0.690000 4.400000e+03
736517 0.710000 0.710000 0.650000 0.650000 9.100000e+03
736518 0.650000 0.650000 0.650000 0.650000 0.000000e+00
736519 0.620000 0.680000 0.620000 0.660000 6.000000e+02
736522 0.660000 0.690000 0.640000 0.640000 1.270000e+04
736523 0.690000 0.800000 0.670000 0.760000 1.570000e+04
736524 0.700000 0.700000 0.700000 0.700000 1.000000e+02
736525 0.770000 0.880000 0.720000 0.800000 1.670000e+04
736526 0.800000 0.950000 0.750000 0.860000 3.539000e+05
736529 0.820000 0.890000 0.710000 0.810000 9.900000e+04
736530 0.790000 0.860000 0.680000 0.790000 7.400000e+04
736531 0.810000 1.040000 0.810000 0.850000 2.630000e+05
736532 0.950000 1.690000 0.950000 1.120000 3.129100e+06
736533 1.060000 1.300000 1.050000 1.130000 3.767000e+05
736536 1.120000 1.130000 1.060000 1.090000 9.100000e+04
736537 1.080000 1.240000 1.020000 1.050000 7.000000e+04
736538 1.510000 1.700000 1.150000 1.220000 1.078000e+06
736539 1.210000 1.210000 1.000000 1.070000 2.030000e+05
736540 1.140000 1.170000 1.050000 1.130000 7.270000e+04
736543 1.310000 1.830000 1.210000 1.510000 2.155900e+06
736544 2.290000 2.840000 2.090000 2.240000 1.102210e+07
736545 2.240000 2.260000 1.770000 1.840000 1.092300e+06
736546 1.860000 1.860000 1.560000 1.590000 4.857000e+05
736547 1.570000 3.000000 1.510000 2.020000 1.011930e+07
736550 2.200000 2.450000 1.930000 2.050000 1.860500e+06
736551 2.020000 2.110000 1.870000 2.030000 4.876000e+05
736552 2.050000 2.190000 1.950000 2.010000 8.763000e+05
736553 1.960000 2.070000 1.950000 2.040000 1.996000e+05
736554 2.040000 2.040000 1.950000 1.960000 1.502000e+05
736557 1.960000 1.960000 1.760000 1.840000 3.345000e+05
736558 1.820000 1.820000 1.690000 1.760000 1.373000e+05
736559 1.720000 1.770000 1.610000 1.680000 1.149000e+05
736560 1.610000 1.870000 1.610000 1.790000 1.837000e+05
736561 1.740000 1.850000 1.740000 1.750000 7.090000e+04
736564 1.730000 1.780000 1.670000 1.670000 9.710000e+04
736565 1.670000 1.710000 1.570000 1.570000 1.013000e+05
736566 1.610000 1.750000 1.510000 1.530000 3.132000e+05
736567 1.530000 1.880000 1.530000 1.670000 1.045700e+06
736568 1.630000 1.750000 1.520000 1.530000 6.968000e+05
736571 1.550000 1.570000 1.420000 1.490000 1.825000e+05
736572 1.500000 1.540000 1.400000 1.400000 1.286000e+05
736573 1.840000 1.920000 1.590000 1.620000 4.431300e+06
736574 1.590000 1.650000 1.460000 1.480000 6.888000e+05
736575 1.460000 1.580000 1.460000 1.530000 1.646000e+05
736579 1.510000 1.560000 1.470000 1.510000 1.587000e+05
736580 1.480000 1.600000 1.480000 1.560000 1.740000e+05
736581 1.540000 1.660000 1.540000 1.590000 2.510000e+05
736582 1.620000 1.630000 1.550000 1.620000 1.095000e+05
736585 1.590000 1.640000 1.540000 1.640000 6.790000e+04
736586 1.630000 1.660000 1.510000 1.570000 5.170000e+04
736587 1.530000 1.630000 1.500000 1.520000 1.067000e+05
736588 1.560000 1.580000 1.520000 1.540000 4.450000e+04
736589 1.570000 1.570000 1.480000 1.510000 8.630000e+04
736592 1.480000 1.560000 1.410000 1.440000 1.210000e+05
736593 1.420000 1.490000 1.380000 1.410000 1.188000e+05
736594 1.390000 1.460000 1.370000 1.390000 1.463000e+05
736595 1.380000 1.540000 1.380000 1.460000 1.842000e+05
736596 1.490000 1.530000 1.430000 1.450000 4.600000e+04
736599 1.390000 1.490000 1.380000 1.410000 9.980000e+04
736600 1.420000 1.490000 1.330000 1.370000 5.930000e+04
736601 1.370000 1.380000 1.300000 1.300000 8.290000e+04
736602 1.290000 1.440000 1.270000 1.320000 1.153000e+05
736603 1.320000 1.380000 1.280000 1.290000 4.840000e+04
736606 1.350000 1.380000 1.220000 1.290000 2.350000e+04
736607 1.280000 1.300000 1.200000 1.200000 3.910000e+04
736608 1.210000 1.290000 1.150000 1.210000 4.940000e+04
736609 1.260000 1.300000 1.190000 1.210000 4.210000e+04
736610 1.230000 1.270000 1.170000 1.170000 4.440000e+04
736613 1.220000 1.240000 1.150000 1.170000 4.170000e+04
736614 1.150000 1.250000 1.150000 1.170000 2.140000e+04
736615 1.180000 1.200000 1.140000 1.160000 4.350000e+04
736616 1.150000 1.170000 1.060000 1.060000 7.050000e+04
736617 1.120000 1.150000 1.070000 1.080000 3.870000e+04
736620 1.110000 1.120000 1.030000 1.050000 1.110000e+04
736621 1.040000 1.110000 1.030000 1.070000 2.210000e+04
736622 1.080000 1.100000 1.070000 1.090000 3.170000e+04
736623 1.030000 1.150000 1.030000 1.100000 1.072000e+05
736624 1.070000 1.100000 1.070000 1.100000 2.500000e+04
736627 1.100000 1.110000 1.050000 1.100000 9.900000e+03
736628 1.090000 1.120000 1.060000 1.100000 4.080000e+04
736629 1.010000 1.120000 0.960000 1.080000 4.460000e+04
736630 1.100000 1.150000 1.090000 1.110000 5.150000e+04
736631 1.100000 1.120000 1.050000 1.100000 3.640000e+04
736634 1.100000 1.120000 1.050000 1.060000 1.240000e+04
736635 1.060000 1.090000 1.000000 1.010000 3.790000e+04
736636 1.020000 1.090000 1.010000 1.020000 3.230000e+04
736637 1.040000 1.040000 0.880000 0.970000 6.360000e+04
736638 1.000000 1.000000 0.760000 1.000000 5.310000e+04
736641 1.000000 1.130000 0.990000 1.130000 1.279000e+05
736642 1.150000 1.170000 0.930000 1.050000 1.550000e+05
736643 1.000000 1.070000 0.920000 1.030000 1.970000e+05
736644 1.020000 1.330000 0.950000 1.160000 5.972000e+05
736645 1.130000 1.930000 1.090000 1.460000 3.164200e+06
736648 1.550000 1.820000 1.440000 1.790000 2.940500e+06
736649 2.090000 2.500000 1.620000 2.420000 6.362800e+06
736650 3.490000 7.870000 3.450000 6.730000 4.152170e+07
736651 13.350000 14.200000 4.360000 4.950000 2.598430e+07
736652 5.460000 6.740000 4.000000 4.800000 8.057500e+06
736655 4.870000 5.080000 3.680000 3.890000 2.238800e+06
736656 3.670000 3.800000 2.960000 3.230000 1.893700e+06
736657 3.430000 5.450000 3.230000 4.200000 9.283600e+06
736659 4.030000 4.380000 3.810000 3.830000 1.070400e+06
736662 3.510000 4.730000 3.400000 4.250000 4.233000e+06
736663 3.860000 4.480000 3.850000 4.160000 2.685700e+06
736664 4.030000 4.560000 3.620000 3.930000 2.514300e+06
736665 4.220000 4.220000 3.660000 3.760000 9.055000e+05
736666 3.610000 3.980000 3.560000 3.840000 6.575000e+05
736669 3.680000 3.830000 3.570000 3.740000 4.220000e+05
736670 3.910000 4.100000 3.610000 3.870000 7.963000e+05
736671 3.870000 3.870000 3.640000 3.700000 1.772000e+05
736672 3.610000 3.660000 3.390000 3.540000 4.812000e+05
736673 3.550000 3.580000 3.350000 3.480000 1.922000e+05
736676 3.480000 3.490000 3.100000 3.200000 3.042000e+05
736677 3.200000 3.210000 3.030000 3.060000 1.904000e+05
736678 3.020000 3.100000 2.810000 2.820000 2.614000e+05
736679 2.950000 3.960000 2.850000 3.960000 2.154300e+06
736680 4.060000 4.170000 3.280000 3.460000 2.034000e+06
736683 3.460000 3.600000 3.180000 3.290000 5.394000e+05
736684 3.190000 3.340000 3.110000 3.320000 2.324000e+05
736685 3.430000 3.460000 3.250000 3.350000 2.353000e+05
736686 3.470000 3.870000 3.280000 3.390000 1.484800e+06
736687 3.310000 3.350000 3.020000 3.150000 3.340000e+05
736691 3.120000 3.270000 3.030000 3.130000 1.649000e+05
736692 3.550000 3.550000 3.070000 3.170000 7.367000e+05
736693 3.090000 3.230000 3.000000 3.060000 2.990000e+05
736694 3.080000 3.120000 3.000000 3.100000 1.671000e+05
736698 3.140000 3.280000 3.000000 3.210000 1.951000e+05
736699 3.190000 3.440000 3.110000 3.410000 2.624000e+05
736700 3.370000 3.680000 3.350000 3.550000 4.195000e+05
736701 3.520000 3.580000 3.400000 3.400000 1.624000e+05
736704 3.630000 3.890000 3.500000 3.700000 8.915000e+05
736705 3.650000 3.670000 2.730000 3.060000 9.775000e+05
736706 3.160000 3.290000 3.020000 3.080000 3.497000e+05
736707 3.190000 3.250000 3.000000 3.060000 2.755000e+05
736708 3.060000 3.700000 3.000000 3.210000 1.103800e+06
736712 3.160000 3.200000 3.000000 3.090000 2.688000e+05
736713 3.050000 3.440000 3.040000 3.260000 6.964000e+05
736714 3.220000 3.310000 3.060000 3.120000 2.178000e+05
736715 3.310000 3.530000 3.100000 3.190000 3.847000e+05
736718 3.200000 3.230000 3.070000 3.180000 1.399000e+05
736719 3.100000 3.160000 3.030000 3.130000 1.742000e+05
736720 3.080000 3.110000 2.950000 3.000000 2.311000e+05
736721 2.990000 3.020000 2.770000 2.850000 2.543000e+05
736722 2.850000 2.910000 2.620000 2.670000 2.805000e+05
736725 2.650000 2.650000 2.450000 2.510000 2.802000e+05
736726 2.730000 2.940000 2.450000 2.740000 1.366900e+06
736727 2.990000 3.000000 2.560000 2.650000 6.270000e+05
736728 2.610000 2.700000 2.520000 2.650000 1.591000e+05
736729 2.720000 2.730000 2.570000 2.730000 1.563000e+05
736732 2.680000 2.890000 2.660000 2.780000 4.185000e+05
736733 2.800000 2.900000 2.700000 2.710000 3.593000e+05
736734 2.670000 2.720000 2.610000 2.630000 9.480000e+04
736735 2.600000 2.720000 2.600000 2.670000 5.000000e+04
736736 2.650000 2.810000 2.650000 2.720000 5.740000e+04
736739 3.520000 5.100000 3.190000 4.700000 1.880320e+07
736740 5.200000 5.500000 4.270000 4.410000 8.043600e+06
736741 3.700000 3.750000 3.210000 3.330000 4.456700e+06
736742 3.330000 3.370000 3.150000 3.150000 8.765000e+05
736743 3.300000 3.300000 2.980000 3.130000 1.031200e+06
736747 3.150000 3.180000 2.920000 2.980000 9.044000e+05
736748 2.980000 2.980000 2.800000 2.850000 6.603000e+05
736749 2.840000 2.880000 2.710000 2.770000 3.960000e+05
736750 2.800000 2.870000 2.630000 2.680000 6.821000e+05
736753 2.650000 2.700000 2.560000 2.680000 2.832000e+05
736754 2.670000 2.750000 2.550000 2.590000 4.738000e+05
736755 2.640000 2.690000 2.570000 2.610000 1.763000e+05
736756 2.600000 2.600000 2.500000 2.540000 1.936000e+05
736757 2.510000 2.530000 2.370000 2.420000 3.827000e+05
736760 2.420000 2.490000 2.230000 2.340000 2.771000e+05
736761 2.320000 2.660000 2.320000 2.560000 9.107000e+05
736762 2.640000 2.660000 2.430000 2.480000 3.304000e+05
736763 2.460000 2.580000 2.390000 2.540000 4.218000e+05
736764 2.550000 2.780000 2.450000 2.600000 7.137000e+05
