736034 15.400000 15.400000 15.050000 15.250000 1.190000e+05
736035 15.410000 15.410000 15.240000 15.310000 3.920000e+04
736036 15.370000 15.370000 15.230000 15.340000 5.770000e+04
736039 15.450000 15.450000 15.270000 15.400000 6.010000e+04
736040 15.200000 15.470000 15.170000 15.320000 1.393000e+05
736041 15.300000 15.790000 15.240000 15.770000 1.103000e+05
736042 15.670000 15.910000 15.650000 15.880000 5.500000e+04
736043 16.049999 16.610001 16.030001 16.440001 1.423000e+05
736046 16.530001 16.809999 16.530001 16.750000 1.192000e+05
736047 16.650000 16.730000 16.530001 16.730000 6.640000e+04
736048 16.850000 16.850000 16.660000 16.690001 3.130000e+04
736049 16.790001 16.870001 16.730000 16.770000 5.320000e+04
736050 16.840000 16.840000 16.580000 16.680000 5.820000e+04
736053 16.500000 16.520000 16.370001 16.440001 8.320000e+04
736054 16.400000 16.559999 16.290001 16.360001 5.840000e+04
736055 16.430000 16.799999 16.430000 16.670000 5.790000e+04
736056 16.520000 16.559999 16.309999 16.469999 6.200000e+04
736060 16.889999 17.010000 16.700001 16.709999 9.300000e+04
736061 16.620001 16.620001 16.520000 16.580000 3.760000e+04
736062 16.510000 16.540001 16.129999 16.230000 8.260000e+04
736063 15.940000 15.990000 15.880000 15.940000 5.790000e+04
736064 16.309999 16.370001 16.129999 16.209999 5.580000e+04
736067 16.090000 16.090000 16.020000 16.040001 4.500000e+04
736068 15.990000 16.070000 15.920000 15.940000 6.430000e+04
736069 15.960000 16.120001 15.910000 16.070000 6.080000e+04
736070 16.110001 16.150000 15.880000 16.000000 3.960000e+04
736071 16.049999 16.070000 15.970000 16.000000 4.460000e+04
736074 15.800000 15.800000 15.620000 15.690000 9.560000e+04
736075 15.730000 15.810000 15.670000 15.730000 6.850000e+04
736076 15.640000 15.690000 15.440000 15.530000 9.050000e+04
736077 15.500000 15.660000 15.500000 15.620000 5.410000e+04
736078 15.530000 15.570000 15.350000 15.460000 9.400000e+04
736081 15.710000 16.200001 15.710000 16.090000 1.483000e+05
736082 16.120001 16.400000 16.120001 16.350000 6.470000e+04
736083 16.379999 16.440001 16.230000 16.240000 6.290000e+04
736084 15.730000 15.880000 15.590000 15.840000 1.184000e+05
736085 15.780000 15.920000 15.710000 15.920000 5.530000e+04
736088 16.350000 16.389999 16.110001 16.150000 7.750000e+04
736089 16.379999 16.400000 16.230000 16.240000 1.026000e+05
736090 16.350000 16.370001 16.160000 16.219999 5.070000e+04
736091 16.219999 16.219999 16.020000 16.020000 2.520000e+04
736092 16.200001 16.219999 16.070000 16.190001 3.810000e+04
736095 16.190001 16.250000 15.950000 16.010000 4.420000e+04
736096 16.070000 16.309999 16.070000 16.250000 3.640000e+04
736097 16.750000 16.930000 16.709999 16.809999 1.612000e+05
736098 17.139999 17.270000 17.080000 17.120001 1.361000e+05
736099 17.200001 17.270000 17.129999 17.209999 1.148000e+05
736102 17.410000 17.440001 17.290001 17.379999 1.776000e+05
736103 17.129999 17.129999 16.629999 16.840000 1.187000e+05
736104 16.920000 16.980000 16.799999 16.820000 5.040000e+04
736105 16.820000 16.900000 16.799999 16.850000 2.730000e+04
736106 16.809999 16.870001 16.760000 16.770000 6.210000e+04
736110 16.469999 16.590000 16.450001 16.469999 5.760000e+04
736111 16.420000 16.440001 16.350000 16.410000 3.290000e+04
736112 16.420000 16.440001 16.280001 16.430000 6.380000e+04
736113 16.450001 16.500000 16.420000 16.440001 4.490000e+04
736116 16.700001 16.870001 16.400000 16.469999 1.383000e+05
736117 16.450001 16.540001 16.450001 16.510000 3.220000e+04
736118 16.340000 16.340000 16.139999 16.240000 5.730000e+04
736119 16.010000 16.030001 15.860000 15.900000 1.361000e+05
736120 15.750000 15.900000 15.710000 15.830000 5.870000e+04
736123 15.810000 15.810000 15.670000 15.760000 4.970000e+04
736124 15.770000 15.810000 15.700000 15.700000 3.880000e+04
736125 15.890000 15.900000 15.710000 15.760000 5.650000e+04
736126 15.760000 15.800000 15.620000 15.760000 5.250000e+04
736127 15.660000 15.720000 15.600000 15.700000 6.730000e+04
736130 15.750000 15.990000 15.750000 15.860000 6.780000e+04
736131 15.710000 15.770000 15.630000 15.750000 3.900000e+04
736132 15.790000 16.000000 15.700000 15.890000 5.810000e+04
736133 16.129999 16.139999 15.880000 15.920000 7.540000e+04
736134 15.910000 15.920000 15.650000 15.830000 5.480000e+04
736137 15.770000 15.980000 15.770000 15.930000 7.700000e+04
736138 15.600000 15.660000 15.500000 15.560000 1.965000e+05
736139 15.610000 15.660000 15.570000 15.640000 3.310000e+04
736140 15.560000 15.620000 15.540000 15.600000 2.420000e+04
736141 15.500000 15.550000 15.440000 15.540000 6.840000e+04
736144 15.560000 15.560000 15.430000 15.450000 7.760000e+04
736145 15.360000 15.600000 15.230000 15.450000 1.108000e+05
736146 15.350000 15.410000 15.290000 15.340000 8.900000e+04
736147 15.430000 15.430000 15.340000 15.380000 4.950000e+04
736151 15.340000 15.570000 15.300000 15.410000 5.770000e+04
736152 14.980000 15.000000 14.420000 14.860000 3.530000e+05
736153 14.930000 15.000000 14.810000 14.880000 1.132000e+05
736154 15.210000 15.260000 15.080000 15.190000 8.330000e+04
736155 15.240000 15.380000 15.170000 15.360000 8.110000e+04
736158 15.080000 15.260000 15.070000 15.240000 4.120000e+04
736159 15.210000 15.210000 15.060000 15.120000 4.360000e+04
736160 14.800000 14.880000 14.770000 14.840000 1.213000e+05
736161 14.760000 14.920000 14.740000 14.780000 5.770000e+04
736162 14.700000 14.700000 14.590000 14.660000 1.553000e+05
736165 14.560000 14.710000 14.440000 14.460000 1.406000e+05
736166 14.590000 14.700000 14.520000 14.560000 1.001000e+05
736167 14.420000 14.630000 14.420000 14.540000 9.320000e+04
736168 14.550000 14.560000 14.320000 14.390000 6.310000e+04
736169 14.210000 14.470000 14.110000 14.420000 1.062000e+05
736172 14.430000 14.460000 14.300000 14.310000 6.000000e+04
736173 14.400000 14.450000 14.400000 14.430000 6.400000e+04
736174 14.460000 14.640000 14.400000 14.560000 4.290000e+04
736175 14.500000 14.560000 14.450000 14.480000 4.760000e+04
736176 14.690000 14.750000 14.450000 14.460000 5.300000e+04
736179 14.470000 14.470000 14.190000 14.270000 9.560000e+04
736180 14.300000 14.390000 14.250000 14.320000 3.950000e+04
736181 14.390000 14.440000 14.280000 14.340000 3.860000e+04
736182 14.330000 14.500000 14.330000 14.370000 9.500000e+04
736183 14.520000 14.770000 14.500000 14.520000 9.820000e+04
736186 14.640000 15.130000 14.640000 14.990000 1.472000e+05
736187 15.020000 15.080000 14.960000 15.050000 3.890000e+04
736188 15.120000 15.310000 15.120000 15.240000 9.600000e+04
736189 15.150000 15.210000 15.100000 15.120000 4.490000e+04
736190 15.220000 15.330000 14.920000 14.960000 7.230000e+04
736193 15.150000 15.150000 15.040000 15.050000 2.250000e+04
736194 14.560000 14.660000 14.470000 14.610000 1.710000e+05
736195 14.800000 15.050000 14.800000 14.990000 7.280000e+04
736196 15.280000 15.320000 15.190000 15.200000 1.069000e+05
736197 15.150000 15.150000 14.870000 15.010000 8.000000e+04
736200 14.470000 14.850000 14.430000 14.540000 3.130000e+05
736201 14.560000 14.560000 14.310000 14.380000 9.560000e+04
736202 13.980000 13.980000 13.730000 13.940000 1.794000e+05
736203 13.950000 14.350000 13.920000 14.190000 5.310000e+04
736204 14.260000 14.400000 14.220000 14.330000 4.160000e+04
736207 14.270000 14.400000 14.170000 14.370000 5.320000e+04
736208 14.410000 14.410000 14.280000 14.340000 4.370000e+04
736209 14.460000 14.570000 14.200000 14.420000 6.600000e+04
736210 14.410000 14.670000 14.360000 14.430000 4.270000e+04
736211 14.320000 14.360000 14.270000 14.320000 6.300000e+04
736215 14.450000 14.640000 14.340000 14.520000 5.450000e+04
736216 14.430000 14.460000 14.320000 14.340000 4.390000e+04
736217 14.560000 14.570000 14.380000 14.390000 4.220000e+04
736218 14.190000 14.380000 14.050000 14.350000 6.960000e+04
736221 14.140000 14.210000 14.100000 14.170000 4.570000e+04
736222 14.080000 14.180000 14.070000 14.180000 4.810000e+04
736223 14.490000 14.700000 14.450000 14.640000 1.116000e+05
736224 14.650000 14.990000 14.640000 14.850000 6.950000e+04
736225 15.000000 15.050000 14.830000 14.890000 1.884000e+05
736228 14.910000 14.980000 14.900000 14.930000 8.750000e+04
736229 14.590000 14.590000 14.490000 14.530000 4.230000e+04
736230 14.640000 14.640000 14.510000 14.530000 2.970000e+04
736231 14.640000 14.890000 14.640000 14.860000 3.530000e+04
736232 14.880000 14.910000 14.790000 14.820000 2.520000e+04
736235 14.350000 14.400000 14.240000 14.330000 9.460000e+04
736236 14.330000 14.470000 14.330000 14.370000 2.440000e+04
736237 14.300000 14.480000 14.220000 14.260000 6.140000e+04
736238 14.360000 14.430000 14.240000 14.270000 3.330000e+04
736239 14.600000 15.040000 14.600000 14.980000 1.332000e+05
736242 15.360000 15.440000 15.220000 15.330000 1.215000e+05
736243 15.570000 15.790000 15.510000 15.520000 1.352000e+05
736244 15.610000 15.800000 15.600000 15.720000 1.360000e+05
736245 15.340000 15.530000 15.320000 15.410000 1.339000e+05
736246 15.550000 15.610000 15.450000 15.550000 6.680000e+04
736249 15.750000 15.750000 15.510000 15.550000 8.680000e+04
736250 15.620000 15.700000 15.580000 15.600000 4.810000e+04
736251 15.800000 15.900000 15.740000 15.880000 5.620000e+04
736252 15.810000 15.890000 15.750000 15.830000 6.160000e+04
736253 15.780000 15.840000 15.720000 15.780000 4.200000e+04
736256 15.650000 15.660000 15.470000 15.550000 6.800000e+04
736257 15.580000 15.660000 15.470000 15.630000 5.960000e+04
736258 15.470000 15.470000 15.350000 15.420000 4.930000e+04
736259 15.470000 15.620000 15.470000 15.550000 3.370000e+04
736260 15.550000 15.580000 15.460000 15.550000 3.680000e+04
736263 15.610000 15.670000 15.550000 15.580000 4.690000e+04
736264 15.560000 15.650000 15.520000 15.560000 3.370000e+04
736265 15.790000 16.049999 15.450000 15.700000 1.312000e+05
736266 15.400000 15.470000 15.280000 15.310000 6.930000e+04
736267 15.300000 15.300000 15.220000 15.240000 2.320000e+04
736270 15.100000 15.160000 14.990000 15.140000 6.650000e+04
736271 15.000000 15.040000 14.940000 14.990000 4.270000e+04
736272 14.950000 15.000000 14.800000 14.810000 4.770000e+04
736273 14.720000 14.770000 14.640000 14.730000 4.140000e+04
736274 14.540000 14.540000 14.450000 14.490000 1.465000e+05
736277 14.400000 14.400000 14.190000 14.300000 1.646000e+05
736278 14.070000 14.170000 14.060000 14.140000 5.570000e+04
736279 14.080000 14.120000 14.000000 14.040000 8.260000e+04
736280 14.030000 14.210000 13.940000 14.030000 8.840000e+04
736281 13.990000 13.990000 13.940000 13.970000 8.800000e+04
736284 13.980000 14.020000 13.950000 14.010000 9.450000e+04
736285 14.040000 14.040000 13.860000 13.930000 1.038000e+05
736286 13.900000 13.930000 13.800000 13.920000 6.840000e+04
736287 14.020000 14.120000 13.980000 13.990000 3.750000e+04
736288 14.000000 14.000000 13.840000 13.880000 6.600000e+04
736291 13.810000 13.920000 13.810000 13.860000 3.920000e+04
736292 13.930000 14.020000 13.900000 13.900000 5.120000e+04
736293 13.850000 13.960000 13.810000 13.910000 5.380000e+04
736295 13.740000 13.900000 13.730000 13.830000 2.232000e+05
736298 13.840000 13.890000 13.800000 13.830000 1.625000e+05
736299 13.900000 13.920000 13.820000 13.920000 6.060000e+04
736300 13.860000 13.860000 13.680000 13.760000 9.520000e+04
736301 13.840000 13.890000 13.710000 13.870000 5.860000e+04
736302 14.070000 14.340000 14.040000 14.280000 1.250000e+05
736305 14.210000 14.210000 13.970000 14.020000 4.850000e+04
736306 14.030000 14.030000 13.860000 13.890000 6.360000e+04
736307 14.070000 14.070000 13.880000 13.880000 7.180000e+04
736308 13.890000 13.910000 13.830000 13.830000 1.126000e+05
736309 13.650000 13.720000 13.550000 13.680000 1.530000e+05
736312 13.590000 13.590000 13.430000 13.430000 1.000000e+05
736313 13.490000 13.570000 13.430000 13.490000 6.400000e+04
736314 13.820000 14.010000 13.800000 13.820000 2.562000e+05
736315 13.540000 13.540000 13.430000 13.480000 8.390000e+04
736316 13.660000 13.910000 13.630000 13.820000 1.299000e+05
736319 14.030000 14.060000 13.940000 14.040000 1.148000e+05
736320 14.040000 14.060000 13.980000 13.980000 6.580000e+04
736321 14.010000 14.060000 13.960000 14.040000 7.220000e+04
736322 14.060000 14.130000 14.060000 14.060000 3.470000e+04
736326 13.800000 13.800000 13.610000 13.630000 1.274000e+05
736327 13.740000 13.790000 13.650000 13.680000 1.759000e+05
736328 13.560000 13.610000 13.550000 13.590000 2.335000e+05
736329 13.570000 13.640000 13.550000 13.560000 1.141000e+05
736333 13.850000 13.920000 13.560000 13.560000 7.100000e+04
736334 13.710000 13.760000 13.650000 13.710000 5.560000e+04
736335 13.810000 13.880000 13.680000 13.760000 3.830000e+04
736336 13.880000 14.110000 13.800000 14.030000 8.980000e+04
736337 13.830000 13.830000 13.650000 13.700000 7.600000e+04
736340 13.800000 13.800000 13.590000 13.610000 4.380000e+04
736341 13.580000 13.580000 13.500000 13.550000 6.160000e+04
736342 13.680000 13.920000 13.680000 13.900000 9.240000e+04
736343 13.600000 13.610000 13.500000 13.590000 6.510000e+04
736344 13.730000 13.820000 13.540000 13.540000 7.740000e+04
736348 13.830000 13.870000 13.750000 13.870000 6.940000e+04
736349 13.810000 13.920000 13.790000 13.890000 6.630000e+04
736350 13.700000 13.870000 13.620000 13.810000 7.420000e+04
736351 13.880000 14.060000 13.750000 13.780000 7.130000e+04
736354 13.930000 13.980000 13.920000 13.980000 5.890000e+04
736355 14.090000 14.290000 14.070000 14.230000 9.770000e+04
736356 14.210000 14.280000 14.100000 14.130000 4.410000e+04
736357 13.940000 14.020000 13.940000 13.970000 4.060000e+04
736358 13.950000 14.020000 13.920000 13.980000 3.730000e+04
736361 14.000000 14.130000 13.980000 14.040000 1.490000e+04
736362 14.080000 14.100000 13.970000 14.030000 7.600000e+04
736363 14.150000 14.510000 14.150000 14.360000 1.313000e+05
736364 14.560000 14.610000 14.500000 14.580000 8.200000e+04
736365 14.420000 14.770000 14.380000 14.760000 7.790000e+04
736368 14.940000 15.150000 14.920000 15.090000 1.687000e+05
736369 15.050000 15.150000 14.880000 14.970000 9.250000e+04
736370 14.960000 15.030000 14.800000 15.030000 7.440000e+04
736371 15.400000 15.650000 15.260000 15.510000 1.747000e+05
736372 15.360000 15.470000 15.330000 15.460000 8.710000e+04
736376 15.080000 15.100000 14.930000 14.930000 8.230000e+04
736377 14.970000 15.080000 14.900000 14.900000 4.690000e+04
736378 14.920000 15.250000 14.920000 15.110000 7.670000e+04
736379 15.020000 15.140000 15.020000 15.060000 5.560000e+04
736382 14.820000 14.940000 14.760000 14.790000 5.380000e+04
736383 14.920000 15.000000 14.920000 14.960000 3.430000e+04
736384 15.180000 15.290000 14.900000 14.950000 8.300000e+04
736385 14.840000 14.920000 14.770000 14.920000 8.120000e+04
736386 14.780000 14.780000 14.400000 14.440000 1.255000e+05
736389 14.450000 14.630000 14.450000 14.630000 3.890000e+04
736390 14.640000 14.640000 14.450000 14.580000 6.430000e+04
736391 14.580000 14.730000 14.580000 14.680000 4.270000e+04
736392 14.710000 15.020000 14.710000 14.880000 7.870000e+04
736393 15.100000 15.490000 15.100000 15.200000 1.892000e+05
736396 15.270000 15.420000 15.200000 15.350000 1.997000e+05
736397 15.300000 15.300000 15.040000 15.060000 6.700000e+04
736398 14.970000 15.110000 14.910000 14.970000 4.060000e+04
736399 15.130000 15.300000 15.130000 15.270000 7.330000e+04
736400 15.340000 15.340000 15.160000 15.170000 1.407000e+05
736403 15.470000 15.480000 14.980000 14.980000 6.730000e+04
736404 14.960000 15.010000 14.920000 14.970000 4.900000e+04
736405 14.960000 15.370000 14.920000 15.340000 8.010000e+04
736406 15.550000 15.750000 15.450000 15.600000 1.208000e+05
736407 15.500000 15.580000 15.420000 15.420000 6.340000e+04
736410 15.510000 15.560000 15.450000 15.500000 5.830000e+04
736411 15.550000 15.640000 15.470000 15.620000 9.790000e+04
736412 15.090000 15.100000 14.920000 14.950000 2.145000e+05
736413 14.960000 15.020000 14.870000 14.870000 6.950000e+04
736417 14.980000 15.030000 14.870000 14.910000 4.440000e+04
736418 14.950000 15.050000 14.810000 15.050000 9.760000e+04
736419 15.060000 15.120000 14.890000 14.910000 5.810000e+04
736420 15.130000 15.170000 15.040000 15.120000 1.628000e+05
736421 14.670000 14.790000 14.520000 14.760000 1.432000e+05
736424 14.780000 14.780000 14.630000 14.640000 5.490000e+04
736425 14.840000 14.870000 14.780000 14.840000 5.870000e+04
736426 14.750000 14.880000 14.710000 14.770000 3.750000e+04
736427 14.990000 15.050000 14.890000 14.930000 4.740000e+04
736428 14.930000 15.080000 14.920000 15.060000 6.860000e+04
736431 15.390000 15.650000 15.380000 15.550000 1.391000e+05
736432 15.720000 15.900000 15.690000 15.870000 1.289000e+05
736433 15.980000 15.980000 15.760000 15.810000 1.113000e+05
736434 15.840000 15.900000 15.750000 15.820000 6.870000e+04
736435 15.910000 16.059999 15.800000 15.930000 9.380000e+04
736438 15.930000 16.010000 15.880000 15.880000 1.090000e+05
736439 16.680000 16.690001 16.530001 16.639999 1.795000e+05
736440 16.709999 16.850000 16.600000 16.600000 1.331000e+05
736441 16.930000 16.940001 16.420000 16.700001 1.303000e+05
736442 16.870001 16.990000 16.510000 16.639999 1.323000e+05
736445 16.670000 16.770000 16.600000 16.650000 6.570000e+04
736446 16.750000 16.799999 16.650000 16.780001 4.780000e+04
736447 16.879999 16.950001 16.750000 16.879999 1.106000e+05
736448 17.000000 17.299999 16.959999 17.260000 1.410000e+05
736449 17.500000 17.600000 17.379999 17.490000 1.623000e+05
736452 17.459999 17.459999 17.139999 17.160000 1.121000e+05
736453 17.250000 17.250000 16.950001 17.100000 8.690000e+04
736454 17.000000 17.100000 16.900000 17.000000 1.382000e+05
736455 17.209999 17.240000 16.920000 16.920000 8.800000e+04
736456 16.969999 17.230000 16.969999 17.209999 4.720000e+04
736459 16.770000 16.770000 16.559999 16.620001 1.090000e+05
736460 16.730000 16.799999 16.680000 16.760000 4.300000e+04
736461 17.120001 17.170000 16.930000 17.040001 1.632000e+05
736462 17.030001 17.059999 16.700001 16.730000 1.033000e+05
736463 16.700001 16.780001 16.580000 16.770000 8.650000e+04
736466 16.980000 17.040001 16.770000 16.809999 7.200000e+04
736467 16.840000 17.000000 16.809999 16.900000 6.700000e+04
736468 16.670000 16.889999 16.400000 16.500000 1.319000e+05
736469 16.059999 16.200001 16.000000 16.150000 1.810000e+05
736470 16.299999 16.299999 16.090000 16.170000 7.820000e+04
736473 16.010000 16.120001 15.990000 16.090000 9.480000e+04
736474 15.980000 16.080000 15.880000 15.890000 9.770000e+04
736475 15.950000 16.030001 15.920000 15.980000 5.660000e+04
736476 16.180000 16.200001 15.970000 15.990000 5.770000e+04
736477 15.960000 15.960000 15.810000 15.870000 4.310000e+04
736481 15.710000 15.750000 15.650000 15.670000 1.023000e+05
736482 15.650000 15.710000 15.510000 15.660000 1.039000e+05
736483 15.660000 15.720000 15.630000 15.680000 3.570000e+04
736484 16.049999 16.100000 15.990000 16.090000 9.320000e+04
736487 16.100000 16.150000 16.049999 16.139999 6.500000e+04
736488 16.040001 16.129999 16.030001 16.090000 7.300000e+04
736489 16.670000 16.740000 16.570000 16.700001 1.646000e+05
736490 16.730000 16.980000 16.730000 16.969999 1.633000e+05
736491 16.959999 17.020000 16.860001 16.990000 1.065000e+05
736494 17.020000 17.090000 16.959999 17.080000 1.110000e+05
736495 17.100000 17.100000 16.959999 17.049999 8.890000e+04
736496 17.120001 17.230000 17.090000 17.190001 8.870000e+04
736497 17.389999 17.430000 16.790001 16.809999 1.346000e+05
736498 17.110001 17.110001 16.910000 17.110001 5.960000e+04
736501 17.020000 17.170000 17.000000 17.160000 5.430000e+04
736502 16.969999 16.980000 16.870001 16.889999 5.100000e+04
736503 16.900000 16.980000 16.900000 16.920000 5.840000e+04
736504 16.959999 17.020000 16.940001 17.000000 7.960000e+04
736505 17.530001 17.570000 17.330000 17.389999 2.328000e+05
736508 17.420000 17.450001 17.299999 17.400000 1.318000e+05
736509 17.420000 17.459999 17.370001 17.430000 5.940000e+04
736510 17.860001 18.049999 17.830000 17.889999 1.712000e+05
736511 18.049999 18.420000 17.959999 18.410000 1.489000e+05
736512 18.830000 19.500000 18.830000 19.290001 2.223000e+05
736516 19.450001 19.650000 19.200001 19.540001 2.953000e+05
736517 19.570000 19.830000 19.459999 19.690001 2.059000e+05
736518 19.469999 19.469999 19.049999 19.290001 3.354000e+05
736519 19.440001 19.790001 19.299999 19.780001 1.446000e+05
736522 19.840000 20.040001 19.809999 19.870001 2.703000e+05
736523 19.940001 20.010000 19.570000 19.680000 1.975000e+05
736524 19.900000 19.990000 19.770000 19.969999 1.292000e+05
736525 19.709999 19.879999 19.690001 19.840000 1.252000e+05
736526 19.680000 19.760000 19.600000 19.670000 1.219000e+05
736529 19.500000 19.690001 19.500000 19.680000 1.211000e+05
736530 19.500000 19.570000 19.480000 19.510000 7.920000e+04
736531 19.040001 19.180000 18.959999 18.980000 1.665000e+05
736532 18.930000 19.469999 18.920000 19.450001 1.037000e+05
736533 19.240000 19.299999 19.170000 19.230000 4.150000e+04
736536 19.049999 19.299999 18.900000 19.120001 8.660000e+04
736537 19.230000 19.270000 19.200001 19.230000 5.180000e+04
736538 19.600000 19.980000 19.400000 19.959999 1.246000e+05
736539 19.879999 19.930000 19.700001 19.809999 1.026000e+05
736540 19.850000 19.980000 19.680000 19.940001 1.026000e+05
736543 20.040001 20.129999 19.950001 20.020000 1.193000e+05
736544 20.250000 20.299999 20.160000 20.180000 1.238000e+05
736545 20.120001 20.120001 19.940001 19.990000 1.329000e+05
736546 19.879999 20.040001 19.879999 19.940001 6.860000e+04
736547 19.510000 19.510000 19.290001 19.290001 1.461000e+05
736550 19.340000 19.440001 19.309999 19.320000 1.031000e+05
736551 19.440001 19.459999 19.370001 19.450001 4.450000e+04
736552 19.879999 19.910000 19.719999 19.760000 7.510000e+04
736553 19.750000 19.830000 19.530001 19.530001 7.590000e+04
736554 19.750000 19.760000 19.260000 19.299999 1.120000e+05
736557 19.350000 19.459999 19.340000 19.410000 1.248000e+05
736558 19.350000 19.520000 19.299999 19.379999 6.710000e+04
736559 19.290001 19.379999 18.980000 19.260000 1.782000e+05
736560 19.360001 19.420000 19.299999 19.330000 1.385000e+05
736561 18.959999 19.040001 18.900000 18.920000 9.280000e+04
736564 18.570000 18.570000 18.469999 18.510000 2.188000e+05
736565 18.600000 18.629999 18.469999 18.500000 9.840000e+04
736566 18.320000 18.320000 18.150000 18.160000 2.254000e+05
736567 18.160000 18.230000 18.150000 18.180000 5.360000e+04
736568 18.340000 18.660000 18.190001 18.270000 8.840000e+04
736571 18.240000 18.480000 18.209999 18.450001 5.180000e+04
736572 18.360001 18.389999 18.200001 18.230000 7.590000e+04
736573 18.240000 18.330000 18.230000 18.270000 4.870000e+04
736574 18.280001 18.520000 18.240000 18.490000 7.320000e+04
736575 18.820000 19.000000 18.730000 19.000000 8.930000e+04
736579 19.250000 19.709999 19.209999 19.629999 1.616000e+05
736580 19.559999 19.559999 19.320000 19.360001 9.930000e+04
736581 19.360001 19.440001 19.150000 19.209999 7.820000e+04
736582 19.059999 19.059999 18.670000 18.690001 8.420000e+04
736585 18.480000 18.770000 18.430000 18.730000 1.041000e+05
736586 18.650000 18.650000 18.410000 18.480000 7.280000e+04
736587 18.610001 18.690001 18.570000 18.590000 4.590000e+04
736588 18.580000 18.719999 18.450001 18.610001 5.210000e+04
736589 18.340000 18.420000 18.309999 18.400000 5.860000e+04
736592 18.850000 18.870001 18.750000 18.770000 1.281000e+05
736593 18.719999 18.850000 18.700001 18.840000 2.940000e+04
736594 19.190001 19.459999 19.180000 19.420000 1.850000e+05
736595 19.549999 19.629999 19.440001 19.469999 1.192000e+05
736596 19.389999 19.430000 19.170000 19.250000 7.840000e+04
736599 19.219999 19.240000 18.940001 18.990000 9.380000e+04
736600 18.840000 18.870001 18.570000 18.740000 1.635000e+05
736601 18.629999 18.780001 18.510000 18.760000 5.650000e+04
736602 18.690001 18.770000 18.620001 18.670000 7.460000e+04
736603 19.230000 19.250000 18.709999 18.760000 9.670000e+04
736606 18.660000 18.660000 18.309999 18.410000 1.668000e+05
736607 18.129999 18.129999 17.340000 17.480000 3.944000e+05
736608 17.530001 17.530001 17.180000 17.379999 1.619000e+05
736609 17.020000 17.070000 16.760000 16.950001 2.165000e+05
736610 17.230000 17.260000 16.730000 17.120001 2.183000e+05
736613 17.250000 17.330000 17.240000 17.240000 6.730000e+04
736614 17.209999 17.240000 17.070000 17.090000 9.570000e+04
736615 17.129999 17.200001 17.040001 17.170000 7.470000e+04
736616 17.120001 17.150000 17.049999 17.129999 6.050000e+04
736617 17.070000 17.200001 17.010000 17.070000 6.640000e+04
736620 17.040001 17.090000 17.020000 17.070000 3.920000e+04
736621 17.200001 17.320000 17.150000 17.250000 5.590000e+04
736622 17.309999 17.370001 17.230000 17.299999 5.950000e+04
736623 17.330000 17.340000 17.080000 17.150000 9.930000e+04
736624 17.160000 17.170000 17.090000 17.160000 2.980000e+04
736627 17.490000 17.510000 17.180000 17.230000 1.620000e+05
736628 17.320000 17.430000 17.290001 17.389999 4.880000e+04
736629 17.340000 17.370001 17.209999 17.250000 4.700000e+04
736630 17.260000 17.290001 17.200001 17.250000 4.070000e+04
736631 17.340000 17.540001 17.260000 17.400000 5.220000e+04
736634 17.450001 17.540001 17.400000 17.500000 7.130000e+04
736635 17.900000 18.100000 17.860001 17.959999 1.417000e+05
736636 18.180000 18.340000 18.100000 18.110001 1.375000e+05
736637 17.799999 18.020000 17.780001 17.959999 1.454000e+05
736638 18.010000 18.070000 17.940001 18.000000 8.010000e+04
736641 17.850000 17.870001 17.629999 17.820000 1.124000e+05
736642 17.910000 18.250000 17.900000 17.940001 9.000000e+04
736643 18.420000 18.420000 17.950001 18.000000 2.046000e+05
736644 18.200001 18.350000 18.020000 18.120001 2.460000e+05
736645 18.030001 18.030001 16.830000 16.980000 4.059000e+05
736648 16.709999 16.719999 16.290001 16.480000 3.695000e+05
736649 16.530001 16.770000 16.510000 16.700001 1.447000e+05
736650 16.700001 16.700001 16.500000 16.590000 8.810000e+04
736651 16.629999 16.670000 16.230000 16.340000 1.035000e+05
736652 16.280001 16.350000 16.090000 16.219999 1.984000e+05
736655 16.260000 16.350000 16.160000 16.230000 5.330000e+04
736656 16.370001 16.400000 16.190001 16.280001 9.050000e+04
736657 16.000000 16.090000 15.840000 16.000000 1.938000e+05
736659 16.180000 16.209999 16.100000 16.110001 3.590000e+04
736662 16.209999 16.320000 16.139999 16.250000 2.075000e+05
736663 16.070000 16.340000 16.070000 16.260000 1.699000e+05
736664 16.270000 16.280001 16.059999 16.129999 1.536000e+05
736665 16.000000 16.309999 15.940000 16.150000 1.413000e+05
736666 16.190001 16.440001 16.180000 16.320000 9.160000e+04
736669 16.250000 16.490000 16.190001 16.370001 1.046000e+05
736670 16.350000 16.510000 16.330000 16.350000 4.290000e+04
736671 16.690001 16.850000 16.690001 16.750000 1.001000e+05
736672 16.660000 16.709999 16.600000 16.639999 8.430000e+04
736673 16.660000 16.680000 16.420000 16.480000 1.096000e+05
736676 16.750000 16.799999 16.680000 16.690001 1.165000e+05
736677 16.680000 16.740000 16.400000 16.530001 8.550000e+04
736678 16.750000 16.840000 16.389999 16.440001 1.585000e+05
736679 15.740000 15.770000 15.530000 15.650000 3.113000e+05
736680 15.700000 15.890000 15.600000 15.750000 2.129000e+05
736683 15.730000 15.730000 15.560000 15.650000 1.048000e+05
736684 15.330000 15.710000 15.310000 15.710000 5.484000e+05
736685 15.740000 15.790000 15.560000 15.600000 9.470000e+04
736686 15.520000 15.670000 15.430000 15.460000 9.470000e+04
736687 15.430000 15.450000 15.350000 15.380000 1.379000e+05
736691 15.480000 15.610000 15.450000 15.590000 2.162000e+05
736692 15.550000 15.690000 15.520000 15.660000 1.931000e+05
736693 15.690000 15.880000 15.660000 15.800000 2.377000e+05
736694 15.850000 15.890000 15.500000 15.590000 2.018000e+05
736698 15.730000 16.139999 15.680000 15.940000 3.775000e+05
736699 16.090000 16.170000 15.990000 16.080000 1.136000e+05
736700 16.230000 16.350000 16.160000 16.250000 1.384000e+05
736701 16.040001 16.190001 15.980000 16.120001 7.810000e+04
736704 16.190001 16.299999 16.150000 16.209999 7.170000e+04
736705 16.320000 16.530001 16.320000 16.420000 6.880000e+04
736706 16.270000 16.459999 16.170000 16.360001 6.680000e+04
736707 16.490000 16.570000 16.360001 16.420000 6.330000e+04
736708 16.309999 16.450001 16.240000 16.430000 5.500000e+04
736712 16.709999 16.820000 16.690001 16.790001 9.480000e+04
736713 16.799999 16.930000 16.670000 16.700001 9.790000e+04
736714 16.450001 16.650000 16.379999 16.629999 8.270000e+04
736715 16.620001 16.780001 16.530001 16.700001 5.400000e+04
736718 16.740000 16.799999 16.709999 16.790001 9.540000e+04
736719 16.790001 16.879999 16.639999 16.730000 5.510000e+04
736720 16.459999 16.639999 16.410000 16.620001 9.380000e+05
736721 16.450001 16.510000 16.330000 16.440001 6.650000e+04
736722 16.410000 16.850000 16.360001 16.730000 1.318000e+05
736725 16.799999 16.879999 16.700001 16.750000 5.389000e+05
736726 17.100000 17.209999 17.030001 17.180000 2.215000e+05
736727 17.049999 17.230000 16.990000 17.139999 9.990000e+04
736728 17.250000 17.270000 17.030001 17.080000 8.760000e+04
736729 17.010000 17.139999 16.990000 17.070000 1.567000e+05
736732 17.230000 17.360001 17.180000 17.360001 2.606000e+05
736733 17.290001 17.389999 17.290001 17.320000 1.158000e+05
736734 17.420000 17.469999 17.290001 17.370001 8.680000e+04
736735 17.420000 17.450001 17.240000 17.290001 1.344000e+05
736736 17.280001 17.610001 17.280001 17.559999 3.045000e+05
736739 17.500000 17.520000 17.370001 17.430000 1.507000e+05
736740 17.650000 17.660000 17.350000 17.540001 1.677000e+05
736741 17.430000 17.580000 17.430000 17.580000 8.070000e+04
736742 17.650000 17.719999 17.629999 17.670000 1.025000e+05
736743 17.600000 17.670000 17.580000 17.610001 7.850000e+04
736747 17.500000 17.670000 17.440001 17.580000 1.037000e+05
736748 17.600000 17.650000 17.530001 17.650000 6.370000e+04
736749 17.780001 17.809999 17.660000 17.770000 1.000000e+05
736750 17.920000 18.000000 17.840000 17.950001 1.478000e+05
736753 17.959999 18.080000 17.820000 17.820000 1.446000e+05
736754 17.980000 18.049999 17.900000 17.920000 1.457000e+05
736755 17.879999 18.049999 17.879999 17.990000 1.068000e+05
736756 17.900000 17.959999 17.280001 17.360001 4.134000e+05
736757 17.340000 17.570000 17.270000 17.540001 9.210000e+04
736760 17.469999 17.469999 17.309999 17.379999 1.207000e+05
736761 17.180000 17.209999 17.070000 17.090000 1.231000e+05
736762 16.940001 16.959999 16.840000 16.850000 2.292000e+05
736763 16.840000 16.860001 16.559999 16.580000 1.821000e+05
736764 16.600000 16.660000 16.510000 16.660000 1.373000e+05
