736034 7.750000 7.810000 7.740000 7.770000 1.424300e+06
736035 7.900000 7.960000 7.900000 7.960000 1.126500e+06
736036 7.910000 7.960000 7.890000 7.950000 2.032800e+06
736039 8.090000 8.180000 8.080000 8.110000 1.965600e+06
736040 8.030000 8.080000 7.990000 8.060000 1.552500e+06
736041 8.080000 8.240000 8.060000 8.200000 1.238300e+06
736042 8.060000 8.060000 8.000000 8.040000 1.644800e+06
736043 8.140000 8.240000 8.120000 8.220000 1.310300e+06
736046 8.190000 8.240000 8.190000 8.200000 1.078500e+06
736047 8.140000 8.190000 8.110000 8.140000 1.138100e+06
736048 8.150000 8.170000 8.090000 8.100000 1.354000e+06
736049 7.900000 7.950000 7.840000 7.870000 4.011000e+06
736050 7.900000 7.940000 7.860000 7.930000 3.041600e+06
736053 7.920000 7.950000 7.910000 7.910000 2.608500e+06
736054 7.750000 7.760000 7.700000 7.740000 2.931500e+06
736055 7.770000 7.800000 7.740000 7.790000 1.191400e+06
736056 7.900000 7.960000 7.890000 7.930000 2.367200e+06
736060 7.840000 7.940000 7.830000 7.880000 3.681700e+06
736061 7.890000 7.960000 7.880000 7.890000 2.994000e+06
736062 7.960000 7.990000 7.930000 7.940000 1.731500e+06
736063 7.900000 7.900000 7.830000 7.880000 1.715100e+06
736064 7.940000 7.950000 7.880000 7.920000 8.588000e+05
736067 7.950000 7.970000 7.920000 7.930000 1.646800e+06
736068 7.990000 8.020000 7.980000 8.010000 1.285800e+06
736069 8.000000 8.040000 7.970000 8.010000 1.799800e+06
736070 8.250000 8.320000 8.190000 8.260000 2.383800e+06
736071 8.240000 8.370000 8.240000 8.340000 2.135500e+06
736074 8.340000 8.400000 8.330000 8.330000 3.422000e+06
736075 8.500000 8.540000 8.480000 8.500000 2.282700e+06
736076 8.780000 8.840000 8.750000 8.790000 1.684800e+06
736077 8.710000 8.780000 8.680000 8.760000 1.498700e+06
736078 8.830000 8.860000 8.780000 8.800000 1.088400e+06
736081 8.860000 8.930000 8.840000 8.870000 1.470000e+06
736082 8.920000 8.960000 8.860000 8.950000 1.774800e+06
736083 8.890000 8.910000 8.820000 8.870000 1.556000e+06
736084 8.840000 8.860000 8.780000 8.790000 1.674500e+06
736085 8.690000 8.760000 8.650000 8.760000 1.346100e+06
736088 8.770000 8.870000 8.760000 8.860000 1.004700e+06
736089 8.840000 8.840000 8.720000 8.750000 1.730800e+06
736090 8.700000 8.750000 8.620000 8.650000 2.411200e+06
736091 8.620000 8.670000 8.580000 8.630000 2.800900e+06
736092 8.940000 9.110000 8.860000 9.090000 4.205000e+06
736095 9.000000 9.050000 8.940000 8.990000 1.954700e+06
736096 8.980000 9.000000 8.920000 8.970000 2.160200e+06
736097 8.860000 8.890000 8.700000 8.760000 2.553100e+06
736098 8.660000 8.690000 8.600000 8.650000 2.100600e+06
736099 8.650000 8.690000 8.580000 8.660000 9.463900e+06
736102 8.850000 8.870000 8.790000 8.850000 7.651300e+06
736103 8.840000 8.920000 8.820000 8.840000 3.312800e+06
736104 8.860000 8.910000 8.830000 8.870000 1.179700e+06
736105 8.930000 8.990000 8.930000 8.990000 1.042900e+06
736106 8.950000 8.990000 8.930000 8.950000 9.024000e+05
736110 8.920000 8.990000 8.790000 8.830000 4.738800e+06
736111 8.950000 9.020000 8.940000 8.990000 1.316400e+06
736112 9.090000 9.150000 9.060000 9.150000 1.742700e+06
736113 9.080000 9.100000 9.030000 9.080000 1.133000e+06
736116 9.240000 9.250000 9.160000 9.190000 1.479800e+06
736117 8.990000 9.060000 8.960000 9.030000 1.647500e+06
736118 9.010000 9.100000 9.010000 9.060000 1.240200e+06
736119 9.080000 9.160000 9.070000 9.120000 8.994000e+05
736120 8.990000 9.030000 8.920000 9.010000 1.045500e+06
736123 8.940000 9.000000 8.900000 8.950000 1.191300e+06
736124 8.900000 8.930000 8.840000 8.890000 7.874000e+05
736125 9.000000 9.080000 8.960000 9.050000 1.975200e+06
736126 9.000000 9.030000 8.960000 8.990000 1.679000e+06
736127 8.950000 8.990000 8.900000 8.960000 1.052000e+06
736130 8.910000 9.010000 8.910000 8.980000 8.427000e+05
736131 8.530000 8.630000 8.530000 8.570000 2.028310e+07
736132 8.500000 8.530000 8.400000 8.490000 5.256500e+06
736133 8.500000 8.580000 8.500000 8.530000 1.312000e+06
736134 8.480000 8.480000 8.390000 8.440000 5.701800e+06
736137 8.720000 8.840000 8.720000 8.770000 2.443900e+06
736138 8.830000 8.890000 8.820000 8.870000 1.124200e+06
736139 8.830000 8.880000 8.810000 8.810000 1.411900e+06
736140 8.900000 8.970000 8.870000 8.900000 1.205500e+06
736141 8.950000 9.020000 8.950000 9.000000 8.757000e+05
736144 8.820000 8.870000 8.730000 8.750000 1.701400e+06
736145 8.920000 8.920000 8.840000 8.890000 1.408300e+06
736146 8.880000 8.920000 8.810000 8.870000 1.435700e+06
736147 8.850000 8.870000 8.780000 8.840000 6.511000e+05
736151 8.760000 8.900000 8.760000 8.870000 9.928000e+05
736152 8.840000 8.870000 8.730000 8.860000 1.632100e+06
736153 8.590000 8.590000 8.410000 8.430000 2.034400e+06
736154 8.570000 8.600000 8.470000 8.480000 1.349100e+06
736155 8.630000 8.730000 8.630000 8.710000 8.727000e+05
736158 8.780000 8.830000 8.760000 8.820000 9.490000e+05
736159 8.810000 8.910000 8.790000 8.900000 8.125000e+05
736160 8.860000 8.900000 8.810000 8.840000 9.156000e+05
736161 8.910000 8.930000 8.870000 8.900000 1.036700e+06
736162 8.950000 8.980000 8.910000 8.980000 6.881000e+05
736165 8.980000 9.020000 8.940000 8.980000 8.414000e+05
736166 8.950000 8.960000 8.900000 8.960000 6.883000e+05
736167 8.840000 8.880000 8.810000 8.850000 8.389000e+05
736168 8.880000 8.930000 8.840000 8.860000 1.017300e+06
736169 8.790000 8.790000 8.650000 8.680000 1.069600e+06
736172 8.690000 8.720000 8.640000 8.680000 6.567000e+05
736173 8.670000 8.700000 8.590000 8.680000 5.273000e+05
736174 8.670000 8.810000 8.670000 8.780000 7.031000e+05
736175 8.810000 8.870000 8.790000 8.840000 6.819000e+05
736176 9.000000 9.280000 8.980000 9.260000 1.646400e+06
736179 8.890000 8.970000 8.810000 8.850000 1.782500e+06
736180 8.870000 8.980000 8.870000 8.940000 2.254500e+06
736181 8.940000 9.010000 8.940000 8.960000 1.493900e+06
736182 8.970000 9.010000 8.910000 8.950000 9.102000e+05
736183 9.000000 9.090000 9.000000 9.080000 9.591000e+05
736186 9.150000 9.230000 9.140000 9.210000 7.979000e+05
736187 9.040000 9.050000 8.990000 9.030000 8.924000e+05
736188 8.860000 8.900000 8.760000 8.880000 1.063600e+06
736189 8.730000 8.810000 8.690000 8.760000 1.583500e+06
736190 8.740000 8.820000 8.710000 8.800000 9.369000e+05
736193 8.740000 8.810000 8.710000 8.780000 5.656000e+05
736194 8.790000 8.830000 8.760000 8.770000 7.268000e+05
736195 8.780000 8.820000 8.710000 8.720000 9.317000e+05
736196 8.530000 8.530000 8.400000 8.420000 1.041900e+06
736197 8.240000 8.240000 7.940000 7.940000 1.971800e+06
736200 7.340000 8.020000 7.260000 7.620000 3.762000e+06
736201 7.950000 8.000000 7.720000 7.720000 2.994800e+06
736202 7.950000 8.010000 7.810000 8.000000 2.878700e+06
736203 8.170000 8.310000 8.140000 8.240000 1.730100e+06
736204 8.260000 8.350000 8.260000 8.330000 1.416400e+06
736207 8.190000 8.240000 8.160000 8.200000 1.290800e+06
736208 7.880000 7.940000 7.800000 7.840000 2.362900e+06
736209 8.020000 8.030000 7.890000 8.020000 8.054000e+05
736210 7.950000 8.050000 7.950000 7.990000 7.624000e+05
736211 7.710000 7.720000 7.610000 7.670000 1.295100e+06
736215 7.820000 7.880000 7.790000 7.860000 1.402100e+06
736216 7.960000 8.000000 7.820000 7.830000 9.091000e+05
736217 7.810000 7.890000 7.780000 7.860000 1.430800e+06
736218 7.860000 7.920000 7.840000 7.910000 1.141700e+06
736221 7.870000 7.880000 7.800000 7.860000 1.430700e+06
736222 7.870000 7.970000 7.830000 7.960000 1.318300e+06
736223 8.010000 8.100000 8.000000 8.070000 1.233600e+06
736224 8.030000 8.170000 8.010000 8.040000 9.419000e+05
736225 7.780000 7.790000 7.690000 7.710000 1.261200e+06
736228 7.700000 7.800000 7.700000 7.750000 7.787000e+05
736229 7.620000 7.670000 7.580000 7.660000 6.072000e+05
736230 7.650000 7.660000 7.580000 7.600000 6.190000e+05
736231 7.550000 7.570000 7.410000 7.550000 1.400800e+06
736232 7.830000 7.840000 7.670000 7.690000 7.696000e+05
736235 7.720000 7.730000 7.540000 7.550000 8.908000e+05
736236 7.470000 7.520000 7.440000 7.520000 9.104000e+05
736237 7.550000 7.630000 7.520000 7.630000 8.916000e+05
736238 7.760000 7.800000 7.700000 7.780000 8.259000e+05
736239 7.730000 7.860000 7.630000 7.860000 1.692700e+06
736242 7.960000 8.050000 7.940000 8.020000 1.032300e+06
736243 7.980000 8.020000 7.920000 7.960000 1.061200e+06
736244 8.020000 8.090000 7.950000 8.020000 2.182000e+06
736245 8.040000 8.150000 8.010000 8.130000 7.501000e+05
736246 8.060000 8.090000 8.030000 8.050000 7.798000e+05
736249 8.070000 8.100000 8.040000 8.070000 6.190000e+05
736250 7.900000 7.970000 7.870000 7.900000 7.063000e+05
736251 7.750000 7.780000 7.650000 7.670000 8.348000e+05
736252 7.760000 7.860000 7.730000 7.830000 8.798000e+05
736253 7.800000 7.920000 7.800000 7.900000 1.391400e+06
736256 7.770000 7.830000 7.750000 7.810000 1.286200e+06
736257 7.890000 7.940000 7.880000 7.900000 1.719900e+06
736258 8.000000 8.030000 7.890000 7.900000 1.472100e+06
736259 7.950000 8.050000 7.940000 8.010000 1.234400e+06
736260 8.050000 8.140000 8.050000 8.130000 1.048600e+06
736263 8.140000 8.180000 8.080000 8.130000 7.920000e+05
736264 8.030000 8.070000 8.010000 8.070000 6.338000e+05
736265 8.100000 8.200000 8.100000 8.190000 1.487600e+06
736266 8.050000 8.060000 8.020000 8.030000 8.257000e+05
736267 8.020000 8.040000 7.940000 7.980000 8.084000e+05
736270 7.880000 7.980000 7.870000 7.950000 9.113000e+05
736271 7.930000 8.000000 7.920000 7.960000 1.261000e+06
736272 7.970000 8.030000 7.950000 7.970000 8.116000e+05
736273 8.090000 8.140000 8.050000 8.110000 7.430000e+05
736274 8.090000 8.160000 8.060000 8.140000 9.420000e+05
736277 8.250000 8.310000 8.180000 8.260000 1.258300e+06
736278 8.330000 8.400000 8.310000 8.370000 9.487000e+05
736279 8.490000 8.490000 8.420000 8.430000 5.693200e+06
736280 8.170000 8.200000 8.150000 8.160000 8.662000e+05
736281 8.140000 8.150000 8.010000 8.080000 8.882000e+05
736284 8.070000 8.190000 8.060000 8.170000 1.180700e+06
736285 8.140000 8.140000 8.030000 8.070000 1.007700e+06
736286 8.010000 8.070000 7.980000 8.040000 1.876000e+06
736287 8.050000 8.100000 8.030000 8.070000 8.913000e+05
736288 8.070000 8.070000 8.000000 8.020000 8.749000e+05
736291 8.030000 8.040000 7.990000 8.020000 8.285000e+05
736292 7.970000 8.000000 7.950000 7.960000 9.812000e+05
736293 7.870000 7.890000 7.820000 7.840000 7.956000e+05
736295 7.830000 7.830000 7.770000 7.770000 4.602000e+05
736298 7.700000 7.710000 7.650000 7.650000 1.217900e+06
736299 7.730000 7.820000 7.730000 7.820000 9.009000e+05
736300 7.820000 7.840000 7.690000 7.700000 1.095700e+06
736301 7.770000 7.780000 7.620000 7.640000 9.963000e+05
736302 7.640000 7.750000 7.620000 7.740000 1.162200e+06
736305 7.710000 7.720000 7.630000 7.690000 1.328200e+06
736306 7.580000 7.580000 7.510000 7.550000 1.359500e+06
736307 7.600000 7.690000 7.530000 7.560000 1.316500e+06
736308 7.610000 7.730000 7.600000 7.660000 1.191300e+06
736309 7.520000 7.520000 7.440000 7.460000 1.126500e+06
736312 7.530000 7.560000 7.420000 7.520000 1.600300e+06
736313 7.510000 7.540000 7.440000 7.490000 2.225900e+06
736314 7.610000 7.730000 7.590000 7.710000 2.144500e+06
736315 7.660000 7.690000 7.600000 7.620000 1.244200e+06
736316 7.420000 7.460000 7.400000 7.420000 1.289100e+06
736319 7.480000 7.510000 7.410000 7.460000 1.099200e+06
736320 7.480000 7.530000 7.430000 7.510000 1.137000e+06
736321 7.570000 7.660000 7.550000 7.650000 1.532200e+06
736322 7.600000 7.690000 7.590000 7.650000 1.119800e+06
736326 7.580000 7.620000 7.550000 7.620000 1.338400e+06
736327 7.720000 7.740000 7.640000 7.690000 1.592300e+06
736328 7.630000 7.680000 7.610000 7.650000 8.680000e+05
736329 7.600000 7.650000 7.590000 7.590000 7.407000e+05
736333 7.500000 7.590000 7.470000 7.560000 1.756800e+06
736334 7.650000 7.690000 7.600000 7.650000 1.089100e+06
736335 7.460000 7.500000 7.420000 7.450000 9.749000e+05
736336 7.320000 7.400000 7.300000 7.300000 1.195100e+06
736337 7.310000 7.320000 7.130000 7.130000 1.285000e+06
736340 7.200000 7.270000 7.150000 7.260000 1.562300e+06
736341 7.220000 7.220000 7.070000 7.160000 2.220000e+06
736342 7.250000 7.300000 7.060000 7.100000 5.852700e+06
736343 7.140000 7.290000 7.060000 7.250000 2.156000e+06
736344 6.980000 7.040000 6.890000 6.980000 2.099100e+06
736348 6.960000 6.970000 6.830000 6.880000 2.151000e+06
736349 6.670000 6.740000 6.530000 6.680000 2.268500e+06
736350 6.550000 6.680000 6.520000 6.620000 2.170100e+06
736351 6.720000 6.840000 6.710000 6.770000 4.185500e+06
736354 6.660000 6.690000 6.620000 6.620000 2.387700e+06
736355 6.670000 6.790000 6.660000 6.780000 1.730400e+06
736356 6.930000 7.020000 6.840000 6.840000 4.912800e+06
736357 6.900000 6.910000 6.760000 6.780000 3.403500e+06
736358 6.590000 6.590000 6.500000 6.580000 3.736000e+06
736361 6.040000 6.110000 5.970000 6.080000 3.750000e+06
736362 6.020000 6.040000 5.910000 5.950000 2.325900e+06
736363 5.950000 5.950000 5.740000 5.890000 3.325300e+06
736364 5.910000 5.940000 5.820000 5.870000 1.880200e+06
736365 5.820000 5.840000 5.700000 5.710000 1.982800e+06
736368 5.660000 5.660000 5.510000 5.560000 6.508400e+06
736369 5.300000 5.380000 5.210000 5.260000 8.838700e+06
736370 5.210000 5.290000 5.150000 5.160000 5.553300e+06
736371 5.060000 5.120000 5.010000 5.060000 3.239900e+06
736372 5.120000 5.220000 5.110000 5.210000 4.879200e+06
736376 5.540000 5.570000 5.460000 5.470000 1.295150e+07
736377 5.540000 5.550000 5.450000 5.480000 1.956080e+07
736378 5.480000 5.580000 5.460000 5.490000 1.661420e+07
736379 5.420000 5.430000 5.360000 5.380000 4.247400e+06
736382 5.370000 5.380000 5.290000 5.350000 9.017400e+06
736383 5.400000 5.410000 5.310000 5.330000 9.996500e+06
736384 5.410000 5.440000 5.340000 5.420000 1.357640e+07
736385 5.550000 5.600000 5.520000 5.590000 9.639600e+06
736386 5.650000 5.680000 5.590000 5.610000 5.412900e+06
736389 5.580000 5.600000 5.540000 5.550000 3.308400e+06
736390 5.630000 5.710000 5.600000 5.700000 3.826100e+06
736391 5.750000 5.820000 5.730000 5.820000 6.216600e+06
736392 6.250000 6.320000 6.220000 6.310000 3.358700e+06
736393 6.330000 6.390000 6.270000 6.320000 2.756700e+06
736396 6.280000 6.360000 6.260000 6.360000 2.219100e+06
736397 6.220000 6.240000 6.120000 6.140000 3.029500e+06
736398 6.150000 6.160000 6.090000 6.140000 1.584100e+06
736399 6.190000 6.220000 6.030000 6.100000 1.587500e+06
736400 6.380000 6.470000 6.380000 6.440000 1.405700e+06
736403 6.460000 6.490000 6.440000 6.480000 2.335800e+06
736404 6.430000 6.440000 6.360000 6.420000 3.946700e+06
736405 6.280000 6.320000 6.220000 6.290000 2.250700e+06
736406 6.320000 6.400000 6.280000 6.380000 2.539900e+06
736407 6.380000 6.450000 6.360000 6.430000 1.107700e+06
736410 6.420000 6.460000 6.340000 6.460000 3.066900e+06
736411 6.370000 6.410000 6.310000 6.340000 2.454900e+06
736412 6.320000 6.330000 6.240000 6.250000 2.402100e+06
736413 6.080000 6.090000 6.020000 6.060000 2.307800e+06
736417 6.100000 6.120000 6.040000 6.110000 3.166400e+06
736418 6.030000 6.100000 5.980000 6.070000 3.212300e+06
736419 5.960000 6.040000 5.960000 5.960000 2.797600e+06
736420 6.000000 6.050000 5.980000 6.010000 2.127600e+06
736421 5.850000 5.890000 5.810000 5.850000 1.572200e+06
736424 5.880000 5.890000 5.780000 5.810000 6.454500e+06
736425 5.650000 5.660000 5.590000 5.600000 3.180600e+06
736426 5.660000 5.730000 5.630000 5.730000 2.106400e+06
736427 5.640000 5.670000 5.570000 5.600000 1.200800e+06
736428 5.840000 5.900000 5.800000 5.800000 1.475300e+06
736431 5.830000 5.830000 5.750000 5.750000 1.623400e+06
736432 6.060000 6.180000 6.020000 6.140000 2.676500e+06
736433 6.330000 6.380000 6.310000 6.370000 2.463500e+06
736434 6.370000 6.450000 6.360000 6.400000 1.660300e+06
736435 6.340000 6.360000 6.280000 6.300000 1.118200e+06
736438 6.280000 6.400000 6.270000 6.370000 1.617200e+06
736439 6.600000 6.630000 6.570000 6.600000 1.481400e+06
736440 6.600000 6.710000 6.590000 6.700000 1.841700e+06
736441 6.590000 6.630000 6.530000 6.530000 1.068500e+06
736442 6.850000 6.880000 6.800000 6.860000 1.328700e+06
736445 6.780000 6.790000 6.700000 6.740000 1.092100e+06
736446 6.610000 6.660000 6.580000 6.650000 1.905400e+06
736447 6.570000 6.620000 6.550000 6.600000 1.372200e+06
736448 6.330000 6.380000 6.160000 6.170000 3.876800e+06
736449 6.120000 6.190000 6.040000 6.090000 4.098200e+06
736452 6.180000 6.180000 6.060000 6.090000 1.829400e+06
736453 6.020000 6.020000 5.940000 6.000000 1.125100e+06
736454 5.930000 6.000000 5.920000 5.950000 1.241300e+06
736455 5.980000 6.010000 5.940000 5.970000 1.292500e+06
736456 5.980000 6.070000 5.960000 6.040000 2.501700e+06
736459 6.070000 6.090000 6.000000 6.010000 1.303400e+06
736460 6.110000 6.210000 6.100000 6.190000 1.195400e+06
736461 6.120000 6.130000 6.020000 6.040000 1.070000e+06
736462 6.150000 6.150000 6.040000 6.080000 9.307000e+05
736463 6.040000 6.080000 5.860000 5.890000 8.884000e+05
736466 6.010000 6.060000 6.000000 6.020000 8.287000e+05
736467 6.060000 6.100000 6.020000 6.050000 1.047800e+06
736468 6.230000 6.290000 6.210000 6.250000 1.482500e+06
736469 6.210000 6.220000 6.130000 6.200000 1.122500e+06
736470 6.200000 6.220000 6.120000 6.150000 8.152000e+05
736473 6.240000 6.260000 6.200000 6.210000 9.101000e+05
736474 6.240000 6.300000 6.210000 6.290000 1.654400e+06
736475 6.310000 6.320000 6.270000 6.290000 2.060400e+06
736476 6.270000 6.310000 6.250000 6.300000 2.902900e+06
736477 6.320000 6.350000 6.300000 6.340000 6.185000e+05
736481 6.430000 6.440000 6.350000 6.400000 1.663600e+06
736482 6.360000 6.360000 6.300000 6.350000 1.508300e+06
736483 6.290000 6.290000 6.160000 6.220000 1.573000e+06
736484 6.210000 6.220000 6.150000 6.190000 7.886000e+05
736487 6.200000 6.270000 6.190000 6.270000 8.292000e+05
736488 6.250000 6.310000 6.230000 6.250000 1.148800e+06
736489 6.290000 6.360000 6.280000 6.290000 3.127500e+06
736490 6.150000 6.150000 6.060000 6.100000 1.222300e+06
736491 6.020000 6.020000 5.900000 5.940000 1.256100e+06
736494 5.870000 5.890000 5.800000 5.820000 1.687000e+06
736495 5.780000 5.790000 5.650000 5.700000 2.934900e+06
736496 5.760000 5.890000 5.760000 5.800000 4.373500e+06
736497 5.830000 5.890000 5.760000 5.870000 3.051100e+06
736498 5.850000 5.920000 5.800000 5.860000 2.537800e+06
736501 6.060000 6.100000 6.010000 6.020000 1.229200e+06
736502 6.150000 6.180000 6.100000 6.150000 1.280400e+06
736503 6.080000 6.120000 6.020000 6.020000 1.025500e+06
736504 6.200000 6.220000 6.130000 6.220000 1.965600e+06
736505 5.840000 5.970000 5.840000 5.860000 2.242300e+06
736508 5.690000 5.690000 5.510000 5.580000 2.404500e+06
736509 5.670000 5.680000 5.570000 5.670000 1.651600e+06
736510 5.710000 5.750000 5.680000 5.720000 1.205100e+06
736511 5.670000 5.720000 5.620000 5.720000 7.602000e+05
736512 5.680000 5.720000 5.650000 5.690000 7.052000e+05
736516 5.580000 5.580000 5.480000 5.510000 6.811000e+05
736517 5.490000 5.540000 5.430000 5.540000 1.191900e+06
736518 5.560000 5.600000 5.510000 5.550000 1.207300e+06
736519 5.530000 5.600000 5.510000 5.580000 6.367000e+05
736522 5.640000 5.740000 5.630000 5.710000 1.814700e+06
736523 5.880000 5.950000 5.860000 5.940000 2.944700e+06
736524 6.000000 6.040000 5.980000 6.020000 1.168100e+06
736525 6.010000 6.020000 5.950000 5.990000 7.946000e+05
736526 6.080000 6.150000 6.060000 6.140000 1.052100e+06
736529 6.130000 6.190000 6.090000 6.190000 1.017500e+06
736530 6.060000 6.100000 6.050000 6.070000 1.916100e+06
736531 6.030000 6.060000 6.010000 6.050000 2.145400e+06
736532 6.040000 6.040000 5.990000 6.000000 8.149000e+05
736533 6.010000 6.040000 5.980000 6.030000 1.945100e+06
736536 6.020000 6.020000 5.960000 5.970000 9.721000e+05
736537 5.970000 6.010000 5.950000 6.010000 1.176800e+06
736538 6.000000 6.000000 5.900000 5.960000 7.277000e+05
736539 5.870000 5.890000 5.820000 5.890000 1.837500e+06
736540 6.320000 6.380000 6.290000 6.360000 2.347400e+06
736543 6.450000 6.610000 6.450000 6.550000 1.666000e+06
736544 6.370000 6.370000 6.250000 6.320000 1.307800e+06
736545 6.180000 6.210000 6.150000 6.200000 9.194000e+05
736546 6.280000 6.340000 6.270000 6.320000 6.208000e+05
736547 6.360000 6.380000 6.330000 6.370000 7.487000e+05
736550 6.550000 6.590000 6.520000 6.580000 1.001600e+06
736551 6.590000 6.620000 6.570000 6.620000 9.060000e+05
736552 6.640000 6.660000 6.590000 6.600000 5.095000e+05
736553 6.650000 6.690000 6.620000 6.670000 5.960000e+05
736554 6.600000 6.620000 6.550000 6.600000 8.151000e+05
736557 6.580000 6.650000 6.580000 6.620000 6.169000e+05
736558 6.580000 6.650000 6.580000 6.620000 6.307000e+05
736559 6.710000 6.800000 6.690000 6.790000 1.679200e+06
736560 6.730000 6.790000 6.700000 6.760000 1.136000e+06
736561 6.760000 6.790000 6.740000 6.770000 9.259000e+05
736564 6.740000 6.780000 6.720000 6.780000 1.028500e+06
736565 6.800000 6.800000 6.710000 6.720000 4.378000e+05
736566 6.730000 6.750000 6.700000 6.710000 3.228000e+05
736567 6.740000 6.740000 6.680000 6.720000 3.088000e+05
736568 6.720000 6.750000 6.620000 6.690000 6.749000e+05
736571 6.680000 6.710000 6.670000 6.710000 4.375000e+05
736572 6.740000 6.780000 6.720000 6.750000 1.111300e+06
736573 6.900000 6.950000 6.860000 6.950000 1.138300e+06
736574 7.060000 7.100000 6.990000 7.090000 1.471900e+06
736575 7.130000 7.180000 7.110000 7.170000 1.083500e+06
736579 7.160000 7.170000 7.100000 7.150000 5.307000e+05
736580 7.120000 7.140000 7.040000 7.060000 5.002500e+06
736581 7.040000 7.040000 6.970000 7.010000 1.512300e+06
736582 6.960000 6.980000 6.900000 6.910000 6.961000e+05
736585 6.860000 6.940000 6.840000 6.920000 5.110000e+05
736586 6.730000 6.730000 6.600000 6.620000 1.133700e+06
736587 6.600000 6.620000 6.550000 6.560000 5.995000e+05
736588 6.500000 6.580000 6.480000 6.570000 5.911000e+05
736589 6.580000 6.600000 6.540000 6.600000 8.353000e+05
736592 6.650000 6.670000 6.590000 6.610000 8.084000e+05
736593 6.730000 6.730000 6.650000 6.690000 8.734000e+05
736594 7.160000 7.190000 7.100000 7.180000 1.341800e+06
736595 7.320000 7.330000 7.260000 7.310000 1.372500e+06
736596 7.110000 7.170000 7.100000 7.100000 5.191000e+05
736599 7.010000 7.040000 6.980000 7.010000 7.959000e+05
736600 6.890000 6.910000 6.820000 6.860000 8.500000e+05
736601 6.750000 6.780000 6.700000 6.780000 6.525000e+05
736602 6.730000 6.760000 6.640000 6.640000 9.208000e+05
736603 6.650000 6.770000 6.640000 6.750000 9.814000e+05
736606 6.650000 6.670000 6.620000 6.650000 4.020000e+05
736607 6.690000 6.720000 6.650000 6.690000 5.952000e+05
736608 6.710000 6.770000 6.710000 6.750000 4.667000e+05
736609 6.740000 6.750000 6.700000 6.730000 3.188000e+05
736610 6.670000 6.700000 6.630000 6.690000 3.070000e+05
736613 6.730000 6.760000 6.700000 6.700000 2.600000e+05
736614 6.620000 6.630000 6.530000 6.550000 8.493000e+05
736615 6.510000 6.510000 6.470000 6.490000 6.907000e+05
736616 6.420000 6.450000 6.390000 6.420000 1.620900e+06
736617 6.480000 6.500000 6.450000 6.470000 5.640000e+05
736620 6.450000 6.500000 6.440000 6.450000 5.307000e+05
736621 6.510000 6.520000 6.480000 6.520000 4.781000e+05
736622 6.560000 6.610000 6.550000 6.580000 3.379000e+05
736623 6.610000 6.680000 6.590000 6.650000 7.294000e+05
736624 6.660000 6.690000 6.650000 6.690000 3.798000e+05
736627 6.700000 6.700000 6.640000 6.680000 3.213000e+05
736628 6.680000 6.720000 6.680000 6.700000 3.241000e+05
736629 6.690000 6.760000 6.690000 6.760000 3.315000e+05
736630 6.750000 6.790000 6.710000 6.780000 4.162000e+05
736631 6.820000 6.830000 6.770000 6.820000 4.450000e+05
736634 6.880000 6.910000 6.850000 6.880000 5.867000e+05
736635 6.870000 6.880000 6.780000 6.850000 7.451000e+05
736636 6.780000 6.820000 6.690000 6.720000 7.603000e+05
736637 6.750000 6.790000 6.710000 6.740000 3.982000e+05
736638 6.690000 6.770000 6.680000 6.720000 7.797000e+05
736641 6.770000 6.800000 6.740000 6.780000 6.084000e+05
736642 6.760000 6.880000 6.740000 6.850000 9.195000e+05
736643 6.630000 6.840000 6.610000 6.790000 1.064900e+06
736644 6.900000 6.950000 6.870000 6.930000 1.795400e+06
736645 7.060000 7.140000 7.020000 7.120000 9.750000e+05
736648 7.200000 7.320000 7.100000 7.290000 7.045000e+05
736649 7.310000 7.370000 7.250000 7.370000 7.777600e+06
736650 7.590000 7.600000 7.470000 7.480000 1.325900e+06
736651 7.540000 7.570000 7.480000 7.570000 8.481000e+05
736652 7.510000 7.520000 7.340000 7.370000 8.793000e+05
736655 7.550000 7.570000 7.480000 7.540000 5.880000e+05
736656 7.640000 7.640000 7.550000 7.590000 7.558000e+05
736657 7.570000 7.700000 7.530000 7.700000 1.013100e+06
736659 7.370000 7.390000 7.330000 7.380000 7.111000e+05
736662 7.500000 7.530000 7.460000 7.480000 1.043100e+06
736663 7.540000 7.630000 7.540000 7.560000 2.407300e+06
736664 7.510000 7.580000 7.500000 7.530000 1.753400e+06
736665 7.600000 7.710000 7.590000 7.630000 1.277800e+06
736666 7.800000 7.830000 7.730000 7.770000 1.058100e+06
736669 7.850000 7.880000 7.800000 7.850000 7.632000e+05
736670 7.890000 8.030000 7.880000 8.000000 1.376600e+06
736671 8.000000 8.140000 7.990000 8.110000 7.011000e+05
736672 8.180000 8.290000 8.150000 8.250000 1.644600e+06
736673 8.260000 8.300000 8.230000 8.280000 7.986000e+05
736676 8.150000 8.150000 8.030000 8.030000 8.074000e+05
736677 8.070000 8.100000 8.000000 8.050000 8.537000e+05
736678 8.070000 8.170000 8.040000 8.080000 1.299900e+06
736679 8.020000 8.100000 7.980000 8.080000 1.256900e+06
736680 8.030000 8.050000 7.940000 7.950000 1.208800e+06
736683 7.960000 8.050000 7.940000 8.010000 1.004100e+06
736684 7.920000 7.980000 7.880000 7.950000 1.252500e+06
736685 7.900000 7.920000 7.850000 7.870000 1.046500e+06
736686 7.860000 7.860000 7.780000 7.850000 2.557600e+06
736687 7.830000 7.880000 7.820000 7.860000 3.551000e+05
736691 7.860000 7.880000 7.830000 7.870000 5.930000e+05
736692 7.800000 7.810000 7.750000 7.750000 4.726000e+05
736693 7.640000 7.680000 7.600000 7.620000 5.432000e+05
736694 7.620000 7.660000 7.610000 7.640000 6.575000e+05
736698 7.680000 7.750000 7.670000 7.720000 7.818000e+05
736699 7.760000 7.840000 7.740000 7.830000 8.931000e+05
736700 7.850000 7.920000 7.850000 7.890000 2.366500e+06
736701 7.890000 7.930000 7.840000 7.880000 9.788000e+05
736704 7.860000 7.880000 7.830000 7.850000 6.547000e+05
736705 7.840000 7.880000 7.810000 7.830000 6.958000e+05
736706 7.910000 7.970000 7.900000 7.950000 5.705000e+05
736707 7.920000 7.940000 7.820000 7.890000 1.152900e+06
736708 7.920000 7.970000 7.910000 7.960000 7.110000e+05
736712 7.830000 7.850000 7.770000 7.800000 1.158400e+06
736713 7.800000 7.830000 7.760000 7.810000 1.129100e+06
736714 7.810000 7.840000 7.750000 7.780000 6.449000e+05
736715 7.830000 7.880000 7.810000 7.840000 5.238000e+05
736718 7.850000 7.920000 7.850000 7.900000 7.315000e+05
736719 7.790000 7.820000 7.750000 7.790000 1.362100e+06
736720 7.800000 7.870000 7.770000 7.850000 1.098800e+06
736721 7.990000 8.030000 7.970000 8.010000 8.225000e+05
736722 7.990000 7.990000 7.860000 7.890000 9.099000e+05
736725 7.870000 7.920000 7.720000 7.790000 1.748800e+06
736726 7.820000 7.830000 7.740000 7.820000 7.705000e+05
736727 7.810000 7.830000 7.720000 7.720000 2.615600e+06
736728 7.720000 7.750000 7.670000 7.750000 6.664000e+05
736729 7.840000 7.980000 7.830000 7.970000 8.641000e+05
736732 7.890000 7.970000 7.890000 7.930000 6.291000e+05
736733 7.980000 8.000000 7.930000 7.970000 4.422000e+05
736734 7.950000 7.970000 7.900000 7.970000 7.081000e+05
736735 7.970000 7.970000 7.880000 7.960000 9.317000e+05
736736 7.960000 7.970000 7.910000 7.930000 7.307000e+05
736739 7.980000 8.080000 7.980000 8.080000 1.046600e+06
736740 7.960000 8.040000 7.950000 8.030000 9.885000e+05
736741 8.010000 8.060000 8.000000 8.020000 6.592000e+05
736742 8.010000 8.060000 8.000000 8.040000 5.541000e+05
736743 7.940000 7.980000 7.910000 7.980000 5.559000e+05
736747 8.010000 8.090000 8.010000 8.090000 4.906000e+05
736748 8.030000 8.040000 7.980000 8.010000 4.570000e+05
736749 7.990000 7.990000 7.890000 7.920000 5.313000e+05
736750 7.860000 7.890000 7.840000 7.870000 4.742000e+05
736753 7.810000 7.840000 7.780000 7.830000 4.852000e+05
736754 7.800000 7.820000 7.760000 7.800000 4.615000e+05
736755 7.850000 8.000000 7.850000 7.970000 7.562000e+05
736756 7.870000 7.890000 7.790000 7.820000 8.231000e+05
736757 7.740000 7.770000 7.580000 7.590000 2.762300e+06
736760 7.610000 7.660000 7.570000 7.630000 2.017600e+06
736761 7.580000 7.590000 7.550000 7.580000 5.153000e+05
736762 7.590000 7.640000 7.550000 7.560000 5.716000e+05
736763 7.550000 7.590000 7.530000 7.540000 4.573000e+05
736764 7.610000 7.640000 7.550000 7.600000 7.870000e+05
