736034 27.260942 27.260942 27.260942 27.260942 0.000000e+00
736035 32.716507 32.716507 32.716507 32.716507 0.000000e+00
736036 33.358339 33.396946 33.358339 33.358339 6.756119e+02
736039 33.358339 33.358339 33.358339 33.358339 0.000000e+00
736040 33.910891 33.910891 33.910891 33.910891 0.000000e+00
736041 33.910891 33.910891 33.910891 33.910891 0.000000e+00
736042 34.557550 34.557550 34.557550 34.557550 0.000000e+00
736043 34.002583 34.002583 34.002583 34.002583 0.000000e+00
736046 35.459976 35.459976 35.459976 35.459976 0.000000e+00
736047 34.675784 34.675784 34.675784 34.675784 0.000000e+00
736048 32.487282 32.487282 32.487282 32.487282 0.000000e+00
736049 33.430727 33.430727 33.430727 33.430727 0.000000e+00
736050 32.899889 32.899889 32.899889 32.899889 0.000000e+00
736053 32.899889 32.899889 32.899889 32.899889 0.000000e+00
736054 32.899889 32.899889 32.899889 32.899889 0.000000e+00
736055 32.899889 32.899889 32.899889 32.899889 0.000000e+00
736056 32.899889 32.899889 32.899889 32.899889 0.000000e+00
736060 32.899889 32.899889 32.899889 32.899889 0.000000e+00
736061 32.899889 32.899889 32.899889 32.899889 0.000000e+00
736062 32.899889 32.899889 32.899889 32.899889 0.000000e+00
736063 32.899889 32.899889 32.899889 32.899889 0.000000e+00
736064 32.899889 32.899889 32.899889 32.899889 0.000000e+00
736067 32.899889 32.899889 32.899889 32.899889 0.000000e+00
736068 32.899889 32.899889 32.899889 32.899889 0.000000e+00
736069 32.899889 32.899889 32.899889 32.899889 0.000000e+00
736070 35.903949 35.903949 35.903949 35.903949 0.000000e+00
736071 35.903949 35.903949 35.903949 35.903949 0.000000e+00
736074 35.903949 35.903949 35.903949 35.903949 0.000000e+00
736075 35.539599 35.636117 35.373112 35.583033 5.501411e+03
736076 35.450323 35.450323 35.377935 35.377935 1.930320e+02
736077 35.377935 35.377935 35.377935 35.377935 0.000000e+00
736078 35.377935 35.377935 35.377935 35.377935 0.000000e+00
736081 35.889472 35.889472 35.616813 35.616813 4.922315e+03
736082 35.616813 35.616813 35.616813 35.616813 0.000000e+00
736083 33.877111 33.877111 33.877111 33.877111 1.930320e+02
736084 33.877111 33.877111 33.877111 33.877111 0.000000e+00
736085 33.877111 33.877111 33.877111 33.877111 0.000000e+00
736088 33.877111 33.877111 33.877111 33.877111 0.000000e+00
736089 32.723745 32.755114 32.723745 32.755114 9.651599e+02
736090 32.755114 32.755114 32.755114 32.755114 0.000000e+00
736091 32.202561 32.202561 32.202561 32.202561 0.000000e+00
736092 32.202561 32.202561 32.202561 32.202561 0.000000e+00
736095 32.202561 32.202561 32.202561 32.202561 0.000000e+00
736096 32.202561 32.202561 32.202561 32.202561 0.000000e+00
736097 32.202561 32.202561 32.202561 32.202561 0.000000e+00
736098 32.202561 32.202561 32.202561 32.202561 0.000000e+00
736099 32.202561 32.202561 32.202561 32.202561 0.000000e+00
736102 32.202561 32.202561 32.202561 32.202561 0.000000e+00
736103 32.202561 32.202561 32.202561 32.202561 0.000000e+00
736104 35.160775 35.162704 34.813317 35.162704 8.686439e+03
736105 35.334504 35.353808 35.054607 35.054607 7.335215e+03
736106 35.025653 35.025653 35.025653 35.025653 1.930320e+02
736110 35.025653 35.025653 35.025653 35.025653 0.000000e+00
736111 35.025653 35.025653 35.025653 35.025653 0.000000e+00
736112 35.025653 35.025653 35.025653 35.025653 0.000000e+00
736113 35.025653 35.025653 35.025653 35.025653 0.000000e+00
736116 35.025653 35.025653 35.025653 35.025653 0.000000e+00
736117 35.025653 35.025653 35.025653 35.025653 0.000000e+00
736118 35.025653 35.025653 35.025653 35.025653 0.000000e+00
736119 35.025653 35.025653 35.025653 35.025653 0.000000e+00
736120 35.025653 35.025653 35.025653 35.025653 0.000000e+00
736123 35.025653 35.025653 35.025653 35.025653 0.000000e+00
736124 35.025653 35.025653 35.025653 35.025653 0.000000e+00
736125 35.025653 35.025653 35.025653 35.025653 0.000000e+00
736126 35.025653 35.025653 35.025653 35.025653 0.000000e+00
736127 35.025653 35.025653 35.025653 35.025653 0.000000e+00
736130 35.025653 35.025653 35.025653 35.025653 0.000000e+00
736131 35.276593 35.730219 35.247639 35.633701 1.061676e+04
736132 35.701266 35.701266 35.585444 35.585444 2.123352e+03
736133 36.309315 36.512001 36.290010 36.512001 3.764124e+03
736134 36.512001 36.512001 36.512001 36.512001 9.651599e+01
736137 36.512001 36.512001 36.512001 36.512001 0.000000e+00
736138 36.512001 36.512001 36.512001 36.512001 0.000000e+00
736139 36.512001 36.512001 36.512001 36.512001 0.000000e+00
736140 36.527442 36.527442 36.527442 36.527442 9.651599e+01
736141 36.527442 36.527442 36.527442 36.527442 0.000000e+00
736144 34.627040 34.627040 34.627040 34.627040 1.930320e+02
736145 34.627040 34.627040 34.627040 34.627040 0.000000e+00
736146 34.627040 34.627040 34.627040 34.627040 0.000000e+00
736147 34.627040 34.627040 34.627040 34.627040 0.000000e+00
736151 33.606867 33.606867 33.606867 33.606867 0.000000e+00
736152 33.790246 33.925372 33.558609 33.925372 9.651599e+02
736153 33.877111 33.877111 33.288367 33.317320 1.061676e+03
736154 33.809550 33.809550 33.732339 33.732339 2.509416e+03
736155 33.732339 33.732339 33.732339 33.732339 0.000000e+00
736158 35.112518 35.112518 35.112518 35.112518 2.895480e+02
736159 35.739871 35.739871 35.730220 35.730220 9.651599e+02
736160 35.807430 35.807430 35.199382 35.199382 2.026836e+03
736161 35.730220 35.730220 35.720566 35.720566 1.061676e+03
736162 35.720566 35.720566 35.720566 35.720566 0.000000e+00
736165 35.151121 35.180079 35.151121 35.180079 1.061676e+03
736166 34.678195 34.678195 34.649242 34.649242 1.042373e+04
736167 34.649242 34.649242 34.649242 34.649242 0.000000e+00
736168 34.649242 34.649242 34.649242 34.649242 0.000000e+00
736169 33.114637 33.114637 33.114637 33.114637 4.825799e+02
736172 33.114637 33.114637 33.114637 33.114637 0.000000e+00
736173 33.114637 33.114637 33.114637 33.114637 0.000000e+00
736174 33.066377 33.066377 32.622404 32.622404 8.686439e+02
736175 33.439894 33.439894 33.439894 33.439894 1.930320e+02
736176 33.462092 33.462092 33.462092 33.462092 9.651599e+01
736179 33.462092 33.462092 33.462092 33.462092 0.000000e+00
736180 33.462092 33.462092 33.462092 33.462092 0.000000e+00
736181 33.481395 33.481395 33.481395 33.481395 1.351224e+03
736182 33.481395 33.481395 33.481395 33.481395 0.000000e+00
736183 33.481395 33.481395 33.481395 33.481395 0.000000e+00
736186 33.481395 33.481395 33.481395 33.481395 0.000000e+00
736187 33.481395 33.481395 33.481395 33.481395 0.000000e+00
736188 32.188081 32.188081 32.188081 32.188081 1.930320e+02
736189 32.188081 32.188081 32.188081 32.188081 0.000000e+00
736190 32.188081 32.188081 32.188081 32.188081 0.000000e+00
736193 32.188081 32.188081 32.188081 32.188081 0.000000e+00
736194 32.747875 32.747875 32.747875 32.747875 9.651599e+01
736195 32.747875 32.747875 32.747875 32.747875 0.000000e+00
736196 31.110965 31.110965 31.110965 31.110965 9.651599e+01
736197 31.110965 31.110965 31.110965 31.110965 0.000000e+00
736200 31.110965 31.110965 31.110965 31.110965 0.000000e+00
736201 31.110965 31.110965 31.110965 31.110965 0.000000e+00
736202 31.110965 31.110965 31.110965 31.110965 0.000000e+00
736203 31.110965 31.110965 31.110965 31.110965 0.000000e+00
736204 31.110965 31.110965 31.110965 31.110965 0.000000e+00
736207 29.504938 29.504938 29.437377 29.437377 1.930320e+02
736208 29.437377 29.437377 29.437377 29.437377 0.000000e+00
736209 28.028244 28.037894 28.028244 28.037894 2.895480e+02
736210 28.916189 28.916189 28.781068 28.781068 2.895480e+02
736211 28.153714 28.153714 28.153714 28.153714 7.721279e+02
736215 28.153714 28.153714 28.153714 28.153714 0.000000e+00
736216 28.153714 28.153714 28.153714 28.153714 0.000000e+00
736217 28.153714 28.153714 28.153714 28.153714 0.000000e+00
736218 28.153714 28.153714 28.153714 28.153714 0.000000e+00
736221 29.244343 29.244343 29.229867 29.229867 1.930320e+02
736222 29.842743 29.871699 29.833092 29.871699 2.895480e+02
736223 29.871699 29.871699 29.871699 29.871699 0.000000e+00
736224 30.788601 31.029893 30.788601 30.981631 9.651599e+02
736225 30.981631 30.981631 30.981631 30.981631 0.000000e+00
736228 30.238459 30.344628 30.074382 30.074382 2.895480e+02
736229 30.074382 30.074382 30.074382 30.074382 0.000000e+00
736230 28.074570 28.074570 28.074570 28.074570 1.930320e+02
736231 28.074570 28.074570 28.074570 28.074570 0.000000e+00
736232 28.074570 28.074570 28.074570 28.074570 0.000000e+00
736235 28.074570 28.074570 28.074570 28.074570 0.000000e+00
736236 25.779420 25.982105 25.779420 25.904892 3.860640e+02
736237 25.904892 25.904892 25.904892 25.904892 0.000000e+00
736238 26.319911 26.319911 26.319911 26.319911 1.930320e+02
736239 26.319911 26.319911 26.319911 26.319911 0.000000e+00
736242 26.319911 26.319911 26.319911 26.319911 0.000000e+00
736243 26.319911 26.319911 26.319911 26.319911 0.000000e+00
736244 26.319911 26.319911 26.319911 26.319911 0.000000e+00
736245 27.989636 29.225042 27.989636 29.225042 1.351224e+03
736246 29.466332 29.466332 29.466332 29.466332 3.860640e+02
736249 29.466332 29.466332 29.466332 29.466332 0.000000e+00
736250 29.466332 29.466332 29.466332 29.466332 0.000000e+00
736251 29.466332 29.466332 29.466332 29.466332 0.000000e+00
736252 29.466332 29.466332 29.466332 29.466332 0.000000e+00
736253 29.466332 29.466332 29.466332 29.466332 0.000000e+00
736256 29.466332 29.466332 29.466332 29.466332 0.000000e+00
736257 29.308045 29.308045 29.308045 29.308045 4.825800e+02
736258 29.308045 29.308045 29.308045 29.308045 0.000000e+00
736259 28.954797 28.954797 28.954797 28.954797 9.651599e+01
736260 28.954797 28.954797 28.954797 28.954797 0.000000e+00
736263 28.954797 28.954797 28.954797 28.954797 0.000000e+00
736264 28.954797 28.954797 28.954797 28.954797 0.000000e+00
736265 28.954797 28.954797 28.954797 28.954797 0.000000e+00
736266 28.954797 28.954797 28.954797 28.954797 0.000000e+00
736267 28.954797 28.954797 28.954797 28.954797 0.000000e+00
736270 28.954797 28.954797 28.954797 28.954797 9.651599e+01
736271 28.954797 28.954797 28.954797 28.954797 0.000000e+00
736272 30.749995 30.749995 30.585918 30.585918 4.825799e+02
736273 30.585918 30.585918 30.585918 30.585918 0.000000e+00
736274 30.585918 30.585918 30.585918 30.585918 0.000000e+00
736277 30.585918 30.585918 30.585918 30.585918 0.000000e+00
736278 30.585918 30.585918 30.585918 30.585918 0.000000e+00
736279 30.585918 30.585918 30.585918 30.585918 0.000000e+00
736280 30.585918 30.585918 30.585918 30.585918 0.000000e+00
736281 30.585918 30.585918 30.585918 30.585918 0.000000e+00
736284 30.585918 30.585918 30.585918 30.585918 0.000000e+00
736285 30.585918 30.585918 30.585918 30.585918 0.000000e+00
736286 30.585918 30.585918 30.585918 30.585918 0.000000e+00
736287 30.585918 30.585918 30.585918 30.585918 0.000000e+00
736288 30.585918 30.585918 30.585918 30.585918 0.000000e+00
736291 30.585918 30.585918 30.585918 30.585918 0.000000e+00
736292 30.585918 30.585918 30.585918 30.585918 0.000000e+00
736293 30.585918 30.585918 30.585918 30.585918 0.000000e+00
736295 29.746228 29.746228 29.746228 29.746228 0.000000e+00
736298 29.746228 29.746228 29.746228 29.746228 0.000000e+00
736299 29.746228 29.746228 29.746228 29.746228 0.000000e+00
736300 29.746228 29.746228 29.746228 29.746228 0.000000e+00
736301 29.746228 29.746228 29.746228 29.746228 0.000000e+00
736302 29.746228 29.746228 29.746228 29.746228 0.000000e+00
736305 29.746228 29.746228 29.746228 29.746228 0.000000e+00
736306 29.746228 29.746228 29.746228 29.746228 0.000000e+00
736307 29.746228 29.746228 29.746228 29.746228 0.000000e+00
736308 28.346747 28.346747 28.346747 28.346747 9.651599e+01
736309 28.346747 28.346747 28.346747 28.346747 0.000000e+00
736312 28.346747 28.346747 28.346747 28.346747 0.000000e+00
736313 28.346747 28.346747 28.346747 28.346747 0.000000e+00
736314 28.346747 28.346747 28.346747 28.346747 0.000000e+00
736315 28.346747 28.346747 28.346747 28.346747 0.000000e+00
736316 28.346747 28.346747 28.346747 28.346747 0.000000e+00
736319 28.346747 28.346747 28.346747 28.346747 0.000000e+00
736320 28.346747 28.346747 28.346747 28.346747 0.000000e+00
736321 28.346747 28.346747 28.346747 28.346747 0.000000e+00
736322 28.346747 28.346747 28.346747 28.346747 0.000000e+00
736326 28.346747 28.346747 28.346747 28.346747 0.000000e+00
736327 28.346747 28.346747 28.346747 28.346747 0.000000e+00
736328 28.346747 28.346747 28.346747 28.346747 0.000000e+00
736329 28.346747 28.346747 28.346747 28.346747 0.000000e+00
736333 28.346747 28.346747 28.346747 28.346747 0.000000e+00
736334 28.346747 28.346747 28.346747 28.346747 0.000000e+00
736335 28.346747 28.346747 28.346747 28.346747 0.000000e+00
736336 28.346747 28.346747 28.346747 28.346747 0.000000e+00
736337 28.346747 28.346747 28.346747 28.346747 0.000000e+00
736340 28.346747 28.346747 28.346747 28.346747 0.000000e+00
736341 28.346747 28.346747 28.346747 28.346747 0.000000e+00
736342 28.346747 28.346747 28.346747 28.346747 0.000000e+00
736343 22.157177 22.781634 21.648537 22.768122 9.555083e+03
736344 21.330034 21.330034 21.330034 21.330034 1.930320e+02
736348 21.494111 21.494111 21.108048 21.108048 1.930320e+02
736349 21.436200 21.436200 21.436200 21.436200 2.895480e+02
736350 21.436200 21.436200 21.436200 21.436200 0.000000e+00
736351 21.436200 21.436200 21.436200 21.436200 0.000000e+00
736354 21.436200 21.436200 21.436200 21.436200 0.000000e+00
736355 21.436200 21.436200 21.436200 21.436200 0.000000e+00
736356 21.436200 21.436200 21.436200 21.436200 0.000000e+00
736357 21.436200 21.436200 21.436200 21.436200 0.000000e+00
736358 22.439968 22.439968 22.425491 22.430316 3.860640e+02
736361 22.430316 22.430316 22.430316 22.430316 0.000000e+00
736362 22.430316 22.430316 22.430316 22.430316 0.000000e+00
736363 22.430316 22.430316 22.430316 22.430316 0.000000e+00
736364 22.430316 22.430316 22.430316 22.430316 0.000000e+00
736365 21.696794 21.696794 21.696794 21.696794 9.651599e+01
736368 21.696794 21.696794 21.696794 21.696794 0.000000e+00
736369 19.785778 19.785778 19.785778 19.785778 2.895480e+02
736370 19.785778 19.785778 19.785778 19.785778 0.000000e+00
736371 19.119817 19.119817 19.119817 19.119817 2.895480e+02
736372 19.119817 19.119817 19.119817 19.119817 0.000000e+00
736376 19.119817 19.119817 19.119817 19.119817 0.000000e+00
736377 19.119817 19.119817 19.119817 19.119817 0.000000e+00
736378 19.119817 19.119817 19.119817 19.119817 0.000000e+00
736379 19.119817 19.119817 19.119817 19.119817 0.000000e+00
736382 19.119817 19.119817 19.119817 19.119817 0.000000e+00
736383 22.053903 22.439967 22.024949 22.027844 1.447740e+03
736384 22.027844 22.027844 22.027844 22.027844 0.000000e+00
736385 22.633000 22.633000 22.633000 22.633000 3.860639e+02
736386 22.633000 22.633000 22.633000 22.633000 0.000000e+00
736389 22.633000 22.633000 22.633000 22.633000 9.651599e+01
736390 22.633000 22.633000 22.633000 22.633000 9.651599e+01
736391 22.633000 22.633000 22.633000 22.633000 0.000000e+00
736392 22.633000 22.633000 22.633000 22.633000 9.651599e+01
736393 22.633000 22.633000 22.633000 22.633000 0.000000e+00
736396 25.489872 25.537165 25.489872 25.537165 1.447740e+03
736397 25.537165 25.537165 25.537165 25.537165 0.000000e+00
736398 25.537165 25.537165 25.537165 25.537165 0.000000e+00
736399 25.537165 25.537165 25.537165 25.537165 0.000000e+00
736400 25.537165 25.537165 25.537165 25.537165 0.000000e+00
736403 25.267887 25.267887 25.113461 25.113461 1.447740e+03
736404 25.113461 25.113461 25.113461 25.113461 0.000000e+00
736405 24.312378 24.312378 24.312378 24.312378 1.930320e+02
736406 24.312378 24.312378 24.312378 24.312378 0.000000e+00
736407 24.312378 24.312378 24.312378 24.312378 0.000000e+00
736410 24.312378 24.312378 24.312378 24.312378 0.000000e+00
736411 24.312378 24.312378 24.312378 24.312378 0.000000e+00
736412 25.026596 25.026596 25.026596 25.026596 1.930320e+02
736413 25.026596 25.026596 25.026596 25.026596 0.000000e+00
736417 24.563320 24.563320 24.563320 24.563320 8.686439e+02
736418 24.563320 24.563320 24.563320 24.563320 0.000000e+00
736419 26.524525 26.524525 26.524525 26.524525 9.651599e+01
736420 26.524525 26.524525 26.524525 26.524525 0.000000e+00
736421 26.524525 26.524525 26.524525 26.524525 0.000000e+00
736424 26.541897 26.541897 26.532245 26.532245 9.651599e+02
736425 26.532245 26.532245 26.532245 26.532245 0.000000e+00
736426 26.129774 26.129774 26.117226 26.127843 1.833804e+03
736427 25.290084 25.290084 25.290084 25.290084 9.651599e+01
736428 25.290084 25.290084 25.290084 25.290084 0.000000e+00
736431 25.290084 25.290084 25.290084 25.290084 0.000000e+00
736432 25.290084 25.290084 25.290084 25.290084 0.000000e+00
736433 25.290084 25.290084 25.290084 25.290084 0.000000e+00
736434 25.290084 25.290084 25.290084 25.290084 0.000000e+00
736435 25.290084 25.290084 25.290084 25.290084 0.000000e+00
736438 25.290084 25.290084 25.290084 25.290084 0.000000e+00
736439 25.290084 25.290084 25.290084 25.290084 0.000000e+00
736440 25.290084 25.290084 25.290084 25.290084 0.000000e+00
736441 25.290084 25.290084 25.290084 25.290084 0.000000e+00
736442 25.290084 25.290084 25.290084 25.290084 0.000000e+00
736445 25.290084 25.290084 25.290084 25.290084 0.000000e+00
736446 25.290084 25.290084 25.290084 25.290084 0.000000e+00
736447 25.290084 25.290084 25.290084 25.290084 0.000000e+00
736448 25.290084 25.290084 25.290084 25.290084 0.000000e+00
736449 25.290084 25.290084 25.290084 25.290084 0.000000e+00
736452 25.290084 25.290084 25.290084 25.290084 0.000000e+00
736453 25.290084 25.290084 25.290084 25.290084 0.000000e+00
736454 25.290084 25.290084 25.290084 25.290084 0.000000e+00
736455 25.290084 25.290084 25.290084 25.290084 0.000000e+00
736456 25.290084 25.290084 25.290084 25.290084 0.000000e+00
736459 26.794768 26.794768 26.794768 26.794768 9.651599e+01
736460 26.783187 26.783187 26.783187 26.783187 5.790959e+02
736461 26.783187 26.783187 26.783187 26.783187 0.000000e+00
736462 26.783187 26.783187 26.783187 26.783187 0.000000e+00
736463 26.783187 26.783187 26.783187 26.783187 0.000000e+00
736466 26.783187 26.783187 26.783187 26.783187 0.000000e+00
736467 26.783187 26.783187 26.783187 26.783187 0.000000e+00
736468 26.161625 26.250418 25.856634 25.856634 8.686439e+02
736469 25.856634 25.856634 25.856634 25.856634 0.000000e+00
736470 26.262000 26.262000 26.262000 26.262000 3.860640e+02
736473 26.262000 26.262000 26.262000 26.262000 0.000000e+00
736474 26.262000 26.262000 26.262000 26.262000 0.000000e+00
736475 26.262000 26.262000 26.262000 26.262000 0.000000e+00
736476 26.262000 26.262000 26.262000 26.262000 0.000000e+00
736477 26.262000 26.262000 26.262000 26.262000 0.000000e+00
736481 26.262000 26.262000 26.262000 26.262000 0.000000e+00
736482 26.262000 26.262000 26.262000 26.262000 0.000000e+00
736483 26.262000 26.262000 26.262000 26.262000 0.000000e+00
736484 26.262000 26.262000 26.262000 26.262000 0.000000e+00
736487 26.262000 26.262000 26.262000 26.262000 0.000000e+00
736488 26.262000 26.262000 26.262000 26.262000 0.000000e+00
736489 26.262000 26.262000 26.262000 26.262000 0.000000e+00
736490 26.262000 26.262000 26.262000 26.262000 0.000000e+00
736491 26.262000 26.262000 26.262000 26.262000 0.000000e+00
736494 26.262000 26.262000 26.262000 26.262000 0.000000e+00
736495 26.262000 26.262000 26.262000 26.262000 0.000000e+00
736496 26.262000 26.262000 26.262000 26.262000 0.000000e+00
736497 26.262000 26.262000 26.262000 26.262000 0.000000e+00
736498 26.262000 26.262000 26.262000 26.262000 0.000000e+00
736501 26.262000 26.262000 26.262000 26.262000 0.000000e+00
736502 27.209999 27.209999 27.209999 27.209999 0.000000e+00
736503 27.209999 27.209999 27.209999 27.209999 0.000000e+00
736504 27.209999 27.209999 27.209999 27.209999 0.000000e+00
736505 27.209999 27.209999 27.209999 27.209999 0.000000e+00
736508 25.745001 25.745001 25.745001 25.745001 1.000000e+02
736509 25.745001 25.745001 25.745001 25.745001 0.000000e+00
736510 25.745001 25.745001 25.745001 25.745001 0.000000e+00
736511 25.745001 25.745001 25.745001 25.745001 0.000000e+00
736512 28.370001 28.370001 28.370001 28.370001 2.000000e+02
736516 28.370001 28.370001 28.370001 28.370001 0.000000e+00
736517 28.370001 28.370001 28.370001 28.370001 0.000000e+00
736518 28.370001 28.370001 28.370001 28.370001 0.000000e+00
736519 28.370001 28.370001 28.370001 28.370001 0.000000e+00
736522 28.370001 28.370001 28.370001 28.370001 0.000000e+00
736523 28.370001 28.370001 28.370001 28.370001 0.000000e+00
736524 28.370001 28.370001 28.370001 28.370001 0.000000e+00
736525 28.370001 28.370001 28.370001 28.370001 0.000000e+00
736526 28.370001 28.370001 28.370001 28.370001 0.000000e+00
736529 28.370001 28.370001 28.370001 28.370001 0.000000e+00
736530 28.370001 28.370001 28.370001 28.370001 0.000000e+00
736531 28.370001 28.370001 28.370001 28.370001 0.000000e+00
736532 28.370001 28.370001 28.370001 28.370001 0.000000e+00
736533 28.370001 28.370001 28.370001 28.370001 0.000000e+00
736536 28.370001 28.370001 28.370001 28.370001 0.000000e+00
736537 28.370001 28.370001 28.370001 28.370001 0.000000e+00
736538 28.370001 28.370001 28.370001 28.370001 0.000000e+00
736539 28.370001 28.370001 28.370001 28.370001 0.000000e+00
736540 28.370001 28.370001 28.370001 28.370001 0.000000e+00
736543 31.649000 31.649000 31.649000 31.649000 3.000000e+02
736544 31.649000 31.649000 31.649000 31.649000 0.000000e+00
736545 31.649000 31.649000 31.649000 31.649000 0.000000e+00
736546 31.649000 31.649000 31.649000 31.649000 0.000000e+00
736547 31.649000 31.649000 31.649000 31.649000 0.000000e+00
736550 32.320000 32.389999 32.320000 32.346001 7.000000e+02
736551 32.346001 32.346001 32.346001 32.346001 0.000000e+00
736552 32.346001 32.346001 32.346001 32.346001 0.000000e+00
736553 32.346001 32.346001 32.346001 32.346001 0.000000e+00
736554 32.346001 32.346001 32.346001 32.346001 0.000000e+00
736557 32.346001 32.346001 32.346001 32.346001 0.000000e+00
736558 32.346001 32.346001 32.346001 32.346001 0.000000e+00
736559 32.346001 32.346001 32.346001 32.346001 0.000000e+00
736560 32.346001 32.346001 32.346001 32.346001 0.000000e+00
736561 32.346001 32.346001 32.346001 32.346001 0.000000e+00
736564 32.639999 32.639999 32.452999 32.452999 3.000000e+02
736565 32.452999 32.452999 32.452999 32.452999 0.000000e+00
736566 32.452999 32.452999 32.452999 32.452999 0.000000e+00
736567 32.840000 32.840000 32.840000 32.840000 1.000000e+02
736568 32.840000 32.840000 32.840000 32.840000 0.000000e+00
736571 32.840000 32.840000 32.840000 32.840000 0.000000e+00
736572 32.840000 32.840000 32.840000 32.840000 0.000000e+00
736573 32.504002 32.504002 32.504002 32.504002 1.000000e+02
736574 32.480000 32.480000 32.480000 32.480000 2.000000e+02
736575 32.480000 32.480000 32.480000 32.480000 1.000000e+02
736579 32.480000 32.480000 32.480000 32.480000 0.000000e+00
736580 32.480000 32.480000 32.480000 32.480000 0.000000e+00
736581 32.480000 32.480000 32.480000 32.480000 0.000000e+00
736582 32.480000 32.480000 32.480000 32.480000 0.000000e+00
736585 31.747999 31.747999 31.736000 31.736000 2.000000e+02
736586 31.736000 31.736000 31.736000 31.736000 0.000000e+00
736587 31.736000 31.736000 31.736000 31.736000 0.000000e+00
736588 31.736000 31.736000 31.736000 31.736000 0.000000e+00
736589 31.736000 31.736000 31.736000 31.736000 0.000000e+00
736592 31.736000 31.736000 31.736000 31.736000 0.000000e+00
736593 31.736000 31.736000 31.736000 31.736000 0.000000e+00
736594 31.736000 31.736000 31.736000 31.736000 0.000000e+00
736595 31.736000 31.736000 31.736000 31.736000 0.000000e+00
736596 31.736000 31.736000 31.736000 31.736000 0.000000e+00
736599 31.736000 31.736000 31.736000 31.736000 0.000000e+00
736600 31.736000 31.736000 31.736000 31.736000 0.000000e+00
736601 31.736000 31.736000 31.736000 31.736000 0.000000e+00
736602 31.736000 31.736000 31.736000 31.736000 0.000000e+00
736603 31.736000 31.736000 31.736000 31.736000 0.000000e+00
736606 31.736000 31.736000 31.736000 31.736000 0.000000e+00
736607 31.736000 31.736000 31.736000 31.736000 0.000000e+00
736608 31.736000 31.736000 31.736000 31.736000 0.000000e+00
736609 31.736000 31.736000 31.736000 31.736000 0.000000e+00
736610 31.736000 31.736000 31.736000 31.736000 0.000000e+00
736613 31.736000 31.736000 31.736000 31.736000 0.000000e+00
736614 31.736000 31.736000 31.736000 31.736000 0.000000e+00
736615 31.736000 31.736000 31.736000 31.736000 0.000000e+00
736616 31.736000 31.736000 31.736000 31.736000 0.000000e+00
736617 31.736000 31.736000 31.736000 31.736000 0.000000e+00
736620 31.736000 31.736000 31.736000 31.736000 0.000000e+00
736621 31.736000 31.736000 31.736000 31.736000 0.000000e+00
736622 31.736000 31.736000 31.736000 31.736000 0.000000e+00
736623 31.736000 31.736000 31.736000 31.736000 0.000000e+00
736624 31.736000 31.736000 31.736000 31.736000 0.000000e+00
736627 31.736000 31.736000 31.736000 31.736000 0.000000e+00
736628 31.540001 31.540001 31.540001 31.540001 5.000000e+02
736629 31.540001 31.540001 31.540001 31.540001 0.000000e+00
736630 31.540001 31.540001 31.540001 31.540001 0.000000e+00
736631 31.540001 31.540001 31.540001 31.540001 0.000000e+00
736634 31.540001 31.540001 31.540001 31.540001 0.000000e+00
736635 29.170000 29.410000 29.170000 29.410000 3.000000e+02
736636 29.410000 29.410000 29.410000 29.410000 0.000000e+00
736637 29.410000 29.410000 29.410000 29.410000 0.000000e+00
736638 29.410000 29.410000 29.410000 29.410000 0.000000e+00
736641 30.219999 30.219999 30.219999 30.219999 1.000000e+02
736642 30.620001 30.639999 30.430000 30.430000 6.000000e+02
736643 31.980000 32.256001 31.980000 32.256001 4.000000e+02
736644 33.360001 33.360001 33.360001 33.360001 1.000000e+02
736645 33.560001 33.560001 33.560001 33.560001 9.000000e+02
736648 33.560001 33.560001 33.560001 33.560001 0.000000e+00
736649 33.560001 33.560001 33.560001 33.560001 0.000000e+00
736650 33.560001 33.560001 33.560001 33.560001 0.000000e+00
736651 33.560001 33.560001 33.560001 33.560001 0.000000e+00
736652 37.009998 37.009998 36.950001 36.950001 2.300000e+03
736655 37.230000 37.325001 36.869999 36.869999 9.000000e+02
736656 36.869999 36.869999 36.869999 36.869999 0.000000e+00
736657 37.930000 38.320000 37.930000 38.189999 1.100000e+03
736659 38.189999 38.189999 38.189999 38.189999 0.000000e+00
736662 38.112000 38.112000 38.112000 38.112000 1.000000e+02
736663 37.950001 37.950001 37.950001 37.950001 2.000000e+02
736664 37.799999 37.834999 37.770000 37.826000 1.900000e+03
736665 37.826000 37.826000 37.826000 37.826000 0.000000e+00
736666 37.826000 37.826000 37.826000 37.826000 0.000000e+00
736669 37.610001 38.099998 37.610001 38.099998 4.000000e+02
736670 38.820000 39.060001 38.122002 39.040001 6.200000e+03
736671 39.080002 39.250000 39.080002 39.160000 2.300000e+03
736672 41.145000 41.515999 41.029999 41.029999 3.200000e+03
736673 39.099998 41.438000 39.099998 41.438000 7.000000e+02
736676 41.189999 41.490002 40.509998 40.639999 4.000000e+03
736677 41.060001 41.060001 40.450001 40.660000 2.200000e+03
736678 40.310001 40.310001 39.935001 39.935001 1.100000e+03
736679 39.459999 40.430000 39.410000 40.430000 7.800000e+03
736680 40.400002 41.360001 39.900002 39.900002 1.300000e+03
736683 40.380001 40.380001 40.060001 40.201000 2.400000e+03
736684 40.570000 41.270000 40.570000 41.110001 6.100000e+03
736685 41.110001 41.110001 41.110001 41.110001 0.000000e+00
736686 40.578999 40.639999 40.578999 40.580002 5.000000e+02
736687 39.860001 40.450001 39.860001 40.450001 2.300000e+03
736691 41.060001 41.099998 40.959999 41.000000 1.100000e+03
736692 41.000000 41.000000 41.000000 41.000000 0.000000e+00
736693 41.000000 41.000000 41.000000 41.000000 0.000000e+00
736694 39.589001 39.639999 39.360001 39.639999 3.700000e+03
736698 40.337002 40.337002 40.337002 40.337002 2.000000e+02
736699 41.498001 41.498001 41.498001 41.498001 5.000000e+02
736700 41.498001 41.498001 41.498001 41.498001 0.000000e+00
736701 40.189999 40.189999 40.189999 40.189999 5.000000e+02
736704 39.919998 39.930000 39.806999 39.806999 1.500000e+03
736705 40.369999 40.369999 40.369999 40.369999 3.000000e+02
736706 40.369999 40.369999 40.369999 40.369999 0.000000e+00
736707 39.099998 39.099998 39.099998 39.099998 2.000000e+02
736708 40.480000 40.633999 40.480000 40.633999 1.200000e+03
736712 40.633999 40.633999 40.633999 40.633999 0.000000e+00
736713 40.633999 40.633999 40.633999 40.633999 0.000000e+00
736714 40.633999 40.633999 40.633999 40.633999 0.000000e+00
736715 40.633999 40.633999 40.633999 40.633999 0.000000e+00
736718 39.389000 39.389000 38.869999 38.869999 4.000000e+02
736719 38.869999 38.869999 38.869999 38.869999 0.000000e+00
736720 41.000000 41.150002 40.900002 40.900002 1.700000e+03
736721 40.900002 40.900002 40.900002 40.900002 0.000000e+00
736722 40.310001 40.310001 40.276001 40.276001 5.000000e+02
736725 39.080002 39.080002 39.080002 39.080002 1.000000e+02
736726 39.230000 39.250000 39.130001 39.130001 7.000000e+02
736727 39.639000 39.750000 39.639000 39.750000 3.000000e+02
736728 39.750000 39.750000 39.750000 39.750000 0.000000e+00
736729 40.270000 40.540001 40.270000 40.540001 5.800000e+03
736732 40.540001 40.540001 40.540001 40.540001 0.000000e+00
736733 40.540001 40.540001 40.540001 40.540001 0.000000e+00
736734 40.540001 40.540001 40.540001 40.540001 0.000000e+00
736735 40.669998 40.669998 40.669998 40.669998 3.000000e+02
736736 41.099998 41.099998 41.099998 41.099998 3.000000e+02
736739 41.799999 41.799999 41.759998 41.770000 7.000000e+02
736740 41.639000 41.639000 41.639000 41.639000 2.000000e+02
736741 41.369999 42.279999 41.369999 42.270000 1.200000e+03
736742 42.270000 42.270000 42.270000 42.270000 0.000000e+00
736743 41.889999 41.889999 41.889999 41.889999 1.000000e+02
736747 41.889999 41.889999 41.889999 41.889999 0.000000e+00
736748 41.889999 41.889999 41.889999 41.889999 0.000000e+00
736749 41.889999 41.889999 41.889999 41.889999 0.000000e+00
736750 41.523998 41.523998 41.523998 41.523998 2.000000e+02
736753 41.580002 41.580002 41.580002 41.580002 4.000000e+02
736754 41.580002 41.580002 41.580002 41.580002 0.000000e+00
736755 42.820000 42.820000 42.820000 42.820000 4.000000e+02
736756 42.820000 42.820000 42.820000 42.820000 0.000000e+00
736757 42.820000 42.820000 42.820000 42.820000 0.000000e+00
736760 40.799999 40.799999 40.790001 40.790001 1.100000e+03
736761 40.790001 40.790001 40.790001 40.790001 0.000000e+00
736762 40.700001 40.700001 40.700001 40.700001 2.000000e+02
736763 40.700001 40.700001 40.700001 40.700001 0.000000e+00
736764 40.040001 40.139999 39.610001 39.610001 4.200000e+03
