736034 21.000000 21.500000 19.400000 19.900000 1.200000e+05
736035 20.600000 21.000000 19.500000 19.500000 1.150000e+05
736036 19.500001 19.500001 18.500001 18.600001 1.040000e+05
736039 18.500000 18.900000 17.600000 17.800000 7.300000e+04
736040 17.800000 17.800000 17.100000 17.400000 9.800000e+04
736041 16.700001 17.700001 15.300001 15.900001 1.990000e+05
736042 15.800000 16.400000 15.100000 16.400000 1.120000e+05
736043 16.999999 17.499999 16.499999 16.799999 5.400000e+04
736046 16.500000 18.500000 16.500000 18.000000 7.700000e+04
736047 18.000000 19.000000 17.200000 17.500000 8.600000e+04
736048 18.499999 18.499999 16.499999 16.799999 4.500000e+04
736049 17.300001 17.700001 16.500001 16.600001 7.500000e+04
736050 17.200000 17.400000 16.500000 16.500000 4.800000e+04
736053 16.500000 18.000000 16.000000 17.400000 1.010000e+05
736054 17.000002 17.300002 16.500002 16.900002 5.800001e+04
736055 16.999999 16.999999 14.799999 16.799999 1.430000e+05
736056 18.400000 18.400000 15.000000 16.000000 3.800000e+04
736060 16.400000 16.500000 15.500000 15.800000 4.400000e+04
736061 15.500000 16.100000 15.200000 15.800000 5.600000e+04
736062 15.800001 16.000001 15.500001 15.900001 3.800000e+04
736063 15.900000 15.900000 14.800000 15.000000 8.100000e+04
736064 14.999999 15.499999 14.599999 15.499999 4.800000e+04
736067 15.500000 15.500000 14.800000 15.300000 8.500000e+04
736068 15.099999 17.399999 15.099999 16.699999 1.130000e+05
736069 16.900000 17.900000 15.100000 17.900000 1.490000e+05
736070 18.700001 19.400001 17.900001 18.300001 2.800000e+05
736071 18.700000 18.900000 18.000000 18.500000 1.170000e+05
736074 18.800000 19.300000 18.500000 19.000000 8.800000e+04
736075 18.999999 18.999999 17.999999 18.099999 9.799999e+04
736076 18.300001 18.500001 18.100001 18.200001 3.000000e+04
736077 18.200001 18.800001 18.000001 18.300001 4.200000e+04
736078 18.500000 18.800000 18.300000 18.800000 4.800000e+04
736081 18.900000 18.900000 17.500000 17.500000 5.600000e+04
736082 17.500001 18.900001 17.400001 17.600001 1.040000e+05
736083 17.500000 18.000000 17.100000 17.900000 3.300000e+04
736084 17.900000 17.900000 15.500000 17.000000 1.190000e+05
736085 17.200001 17.500001 16.500001 16.600001 3.500000e+04
736088 16.600000 17.500000 16.600000 17.500000 1.000000e+04
736089 17.500001 17.500001 15.100001 15.700001 8.300001e+04
736090 15.700000 15.700000 15.000000 15.000000 4.500000e+04
736091 15.000000 15.700000 15.000000 15.600000 3.700000e+04
736092 15.999999 16.299999 14.499999 15.499999 1.040000e+05
736095 15.800001 15.800001 14.900001 15.100001 6.600000e+04
736096 15.800001 15.800001 13.600001 14.500001 9.600001e+04
736097 14.400000 15.400000 14.100000 15.400000 5.200000e+04
736098 15.099999 15.599999 14.599999 15.499999 3.600000e+04
736099 15.800000 15.800000 14.900000 15.000000 3.800000e+04
736102 14.900000 15.000000 13.600000 15.000000 1.140000e+05
736103 14.900000 15.600000 14.400000 15.600000 8.900000e+04
736104 14.800000 15.600000 14.600000 14.900000 4.800000e+04
736105 15.600002 17.200002 15.300002 16.900002 3.480000e+05
736106 17.300001 18.400001 16.600001 17.200001 2.430000e+05
736110 18.000000 18.000000 17.000000 17.000000 9.000000e+04
736111 17.300001 17.700001 17.000001 17.700001 4.600000e+04
736112 17.900000 18.000000 16.500000 16.500000 1.190000e+05
736113 16.600000 16.600000 15.500000 16.000000 1.040000e+05
736116 16.000000 16.500000 16.000000 16.400000 1.700000e+04
736117 16.500001 17.700001 16.400001 17.600001 5.100000e+04
736118 17.600000 17.800000 17.000000 17.500000 3.400000e+04
736119 16.999999 17.099999 16.799999 16.799999 2.000000e+04
736120 17.500000 17.500000 16.000000 16.400000 4.500000e+04
736123 17.000001 17.000001 15.900001 16.600001 1.400000e+04
736124 16.500001 17.000001 16.000001 16.700001 2.200000e+04
736125 16.700001 16.800001 16.100001 16.700001 1.100000e+04
736126 16.700000 16.800000 15.500000 15.800000 2.600000e+04
736127 16.000001 16.500001 16.000001 16.200001 1.800000e+04
736130 16.200000 16.200000 15.600000 16.000000 2.400000e+04
736131 16.000000 16.000000 15.500000 15.900000 8.000000e+04
736132 15.900000 16.200000 15.700000 16.000000 4.700000e+04
736133 15.800001 16.300001 15.100001 15.100001 9.300001e+04
736134 15.700001 16.800001 15.700001 16.600001 7.700000e+04
736137 16.799999 17.399999 16.099999 17.299999 8.600000e+04
736138 17.000000 19.000000 17.000000 18.900000 6.270000e+05
736139 18.800000 29.500000 18.800000 25.000000 2.640000e+06
736140 26.200000 27.300000 23.100000 24.000000 1.115000e+06
736141 24.000000 24.800000 21.600000 24.500000 5.510000e+05
736144 24.500000 24.500000 22.600000 23.000000 4.180000e+05
736145 23.500000 23.800000 22.200000 23.500000 3.510000e+05
736146 23.500000 24.800000 22.800000 23.000000 2.770000e+05
736147 22.800000 23.700000 22.200000 23.000000 2.710000e+05
736151 22.500000 22.500000 18.900000 19.400000 3.760000e+05
736152 19.500000 19.800000 18.000000 19.400000 2.830000e+05
736153 19.700000 19.700000 17.800000 18.900000 3.300000e+05
736154 18.400000 19.300000 18.300000 19.000000 1.430000e+05
736155 18.500000 19.500000 18.300000 18.900000 1.180000e+05
736158 19.400000 22.600000 18.900000 22.400000 2.750000e+05
736159 22.400000 23.200000 21.500000 22.300000 1.950000e+05
736160 22.300001 22.800001 21.600001 21.600001 7.900000e+04
736161 21.700001 21.800001 20.000001 20.200001 1.950000e+05
736162 20.100000 20.300000 20.100000 20.300000 3.200000e+04
736165 20.000000 20.300000 19.100000 20.000000 9.900000e+04
736166 20.100001 20.200001 19.300001 19.700001 4.100000e+04
736167 19.500000 19.600000 18.500000 18.900000 9.400000e+04
736168 20.900000 20.900000 19.400000 19.900000 7.100000e+04
736169 19.500001 19.700001 18.500001 18.600001 7.600000e+04
736172 18.700001 18.700001 17.100001 17.600001 2.680000e+05
736173 17.600001 18.000001 16.600001 17.200001 9.800001e+04
736174 17.400000 18.000000 16.000000 16.400000 1.890000e+05
736175 16.300000 16.400000 15.000000 16.000000 1.940000e+05
736176 16.499999 16.999999 16.299999 16.299999 4.900000e+04
736179 15.600000 16.300000 14.000000 14.900000 4.130000e+05
736180 15.700000 17.200000 14.000000 15.700000 3.300000e+05
736181 15.700001 15.700001 12.600001 14.100001 6.050000e+05
736182 13.600000 13.900000 12.800000 13.000000 2.260000e+05
736183 12.500001 14.100001 12.500001 13.600001 1.090000e+05
736186 13.700000 14.800000 13.600000 14.700000 1.150000e+05
736187 14.800000 14.900000 13.500000 13.800000 8.700000e+04
736188 13.600000 14.500000 11.300000 12.400000 6.000000e+05
736189 11.200001 13.400001 11.200001 12.600001 2.270000e+05
736190 12.600000 13.200000 12.600000 13.200000 4.700000e+04
736193 12.600000 12.800000 11.000000 12.400000 1.580000e+05
736194 12.100000 12.400000 12.100000 12.300000 9.500000e+04
736195 12.500000 12.700000 12.200000 12.300000 9.800000e+04
736196 12.300000 12.500000 11.600000 11.700000 1.430000e+05
736197 11.600000 11.800000 11.600000 11.800000 5.900000e+04
736200 10.900000 12.300000 10.900000 12.300000 1.480000e+05
736201 12.300000 13.000000 12.000000 12.300000 4.100000e+04
736202 12.200000 12.300000 12.000000 12.300000 3.400000e+04
736203 12.700000 13.600000 12.400000 12.500000 6.000000e+04
736204 12.900000 13.400000 12.300000 13.200000 6.900000e+04
736207 13.400000 14.900000 13.400000 14.300000 1.680000e+05
736208 14.000000 14.300000 13.400000 13.400000 8.700000e+04
736209 13.500000 13.500000 12.500000 12.500000 7.900000e+04
736210 12.500000 13.900000 12.500000 12.500000 2.600000e+04
736211 12.300000 13.000000 12.100000 12.400000 4.200000e+04
736215 12.100000 12.400000 11.800000 12.300000 9.400000e+04
736216 12.200000 12.500000 11.700000 12.400000 4.600000e+04
736217 12.300000 13.400000 12.100000 13.400000 7.200000e+04
736218 13.200000 13.400000 12.400000 12.700000 5.700000e+04
736221 13.300001 13.300001 12.600001 13.100001 1.300000e+04
736222 12.600000 12.800000 12.500000 12.800000 2.300000e+04
736223 13.200000 13.200000 12.500000 12.800000 2.900000e+04
736224 12.100000 12.800000 11.800000 12.000000 2.560000e+05
736225 11.800000 12.100000 10.900000 11.300000 5.320000e+05
736228 11.400000 11.400000 10.500000 10.800000 1.830000e+05
736229 10.500001 10.700001 10.000001 10.100001 2.200000e+05
736230 10.400000 10.600000 10.100000 10.500000 9.600000e+04
736231 10.800000 12.100000 10.300000 12.000000 1.620000e+05
736232 12.300001 12.500001 10.600001 10.600001 2.460000e+05
736235 11.800001 11.800001 9.100001 9.100001 3.110000e+05
736236 9.900000 11.200000 9.600000 10.700000 1.380000e+05
736237 10.900000 11.200000 9.800000 10.700000 1.220000e+05
736238 10.300000 10.400000 9.400000 10.200000 1.070000e+05
736239 9.300000 10.900000 9.200000 10.800000 1.140000e+05
736242 9.300000 10.900000 9.300000 9.900000 1.190000e+05
736243 10.100000 10.500000 9.800000 10.000000 6.600000e+04
736244 10.000001 10.800001 10.000001 10.600001 5.900001e+04
736245 10.800000 10.900000 10.500000 10.500000 3.600000e+04
736246 10.500000 11.000000 10.400000 10.700000 4.100000e+04
736249 11.000000 11.100000 10.700000 10.900000 2.900000e+04
736250 10.800000 11.200000 10.600000 10.900000 8.000000e+03
736251 11.000000 11.100000 10.600000 10.900000 1.000000e+04
736252 11.000000 11.400000 10.400000 11.000000 7.000000e+04
736253 11.000001 11.200001 11.000001 11.100001 4.600000e+04
736256 11.100000 12.000000 10.400000 11.300000 5.700000e+04
736257 11.200000 11.500000 10.600000 11.000000 7.400000e+04
736258 10.800000 10.800000 10.300000 10.700000 3.300000e+04
736259 10.300000 10.600000 10.200000 10.300000 2.900000e+04
736260 10.700001 10.800001 10.300001 10.600001 4.700000e+04
736263 10.500000 10.600000 10.200000 10.400000 3.600000e+04
736264 10.300000 10.500000 10.100000 10.300000 3.900000e+04
736265 10.300000 10.400000 9.500000 10.000000 3.500000e+04
736266 10.400001 10.400001 10.000001 10.100001 2.100000e+04
736267 10.300000 10.300000 9.800000 9.800000 5.900000e+04
736270 9.800000 10.400000 9.800000 10.400000 6.900000e+04
736271 10.200000 10.400000 10.000000 10.200000 3.100000e+04
736272 10.300000 10.800000 10.100000 10.400000 7.800000e+04
736273 10.600000 10.600000 10.200000 10.500000 5.700000e+04
736274 10.500000 10.800000 10.200000 10.300000 7.800000e+04
736277 10.400000 10.500000 10.100000 10.500000 2.500000e+04
736278 10.100000 10.600000 10.100000 10.500000 4.400000e+04
736279 10.500000 10.500000 9.900000 10.400000 7.600000e+04
736280 10.100000 10.500000 9.600000 10.200000 2.100000e+04
736281 10.000000 10.400000 9.500000 10.400000 3.800000e+04
736284 9.800000 10.000000 9.500000 10.000000 1.000000e+04
736285 10.100001 10.100001 9.600001 9.600001 2.600000e+04
736286 10.000000 10.100000 9.500000 9.700000 6.800000e+04
736287 9.700000 10.500000 9.600000 10.300000 1.620000e+05
736288 10.500000 10.500000 10.000000 10.300000 8.000000e+04
736291 10.300000 10.300000 10.000000 10.000000 4.300000e+04
736292 10.000001 10.100001 9.900001 10.100001 4.400000e+04
736293 9.500000 10.200000 9.500000 10.000000 2.300000e+04
736295 9.700000 10.000000 9.500000 9.700000 3.600000e+04
736298 9.900000 10.200000 9.600000 9.700000 1.100000e+05
736299 9.900000 11.300000 9.700000 11.000000 2.670000e+05
736300 11.000001 11.000001 8.700001 9.100001 6.400001e+05
736301 9.100000 9.100000 5.500000 5.600000 2.037000e+06
736302 5.800000 7.500000 5.800000 7.000000 1.905000e+06
736305 7.200000 7.500000 7.000000 7.100000 8.330000e+05
736306 7.000000 7.000000 6.100000 6.800000 4.450000e+05
736307 6.900000 6.900000 6.000000 6.500000 2.570000e+05
736308 6.500000 6.500000 4.900000 5.400000 6.380000e+05
736309 5.800000 5.800000 4.400000 5.200000 5.750000e+05
736312 5.300000 5.700000 5.000000 5.500000 1.530000e+05
736313 5.600000 6.000000 5.500000 5.700000 1.125000e+06
736314 7.000000 9.400000 6.900000 9.400000 1.289000e+06
736315 9.400001 10.700001 8.200001 8.600001 8.530001e+05
736316 9.000000 11.300000 9.000000 11.000000 6.030000e+05
736319 11.600000 14.400000 11.400000 13.400000 1.013000e+06
736320 13.900000 14.100000 11.300000 12.500000 3.800000e+05
736321 12.700000 12.900000 11.200000 11.400000 3.280000e+05
736322 11.400000 13.000000 11.200000 13.000000 2.010000e+05
736326 12.900000 13.000000 11.600000 12.700000 1.290000e+05
736327 12.300000 12.600000 11.200000 12.200000 1.850000e+05
736328 11.800000 12.400000 11.400000 11.800000 9.300000e+04
736329 11.900000 11.900000 10.900000 11.300000 1.970000e+05
736333 11.000000 12.500000 10.600000 11.500000 1.210000e+05
736334 11.800000 12.200000 11.400000 11.900000 6.100000e+04
736335 11.900001 11.900001 11.100001 11.600001 9.300001e+04
736336 11.400001 11.400001 10.400001 11.100001 2.690000e+05
736337 10.900000 11.000000 10.500000 10.500000 6.200000e+04
736340 10.800000 10.800000 9.300000 9.400000 1.110000e+05
736341 9.400000 10.000000 7.900000 8.400000 3.650000e+05
736342 8.200000 8.800000 8.200000 8.500000 1.850000e+05
736343 8.500000 8.900000 8.100000 8.800000 2.330000e+05
736344 8.500000 10.400000 8.400000 9.900000 1.190000e+05
736348 10.200000 11.300000 9.000000 10.200000 1.390000e+05
736349 9.000000 10.000000 9.000000 10.000000 7.000000e+04
736350 10.000001 10.800001 9.100001 10.100001 8.800001e+04
736351 10.000000 10.400000 10.000000 10.300000 8.900000e+04
736354 10.500001 10.900001 10.100001 10.100001 6.900001e+04
736355 10.500000 10.600000 9.500000 10.500000 8.700000e+04
736356 9.900000 10.400000 9.500000 9.800000 3.900000e+04
736357 9.600000 9.700000 8.700000 9.400000 6.800000e+04
736358 9.100000 9.500000 8.500000 8.800000 1.010000e+05
736361 9.100000 9.200000 8.600000 8.800000 5.800000e+04
736362 9.100001 9.100001 8.100001 9.100001 1.040000e+05
736363 8.700000 9.100000 8.300000 9.000000 4.100000e+04
736364 8.300000 9.000000 8.200000 9.000000 2.200000e+04
736365 9.000000 9.200000 8.500000 9.000000 4.000000e+04
736368 8.500000 9.000000 8.500000 8.800000 3.100000e+04
736369 8.600000 9.100000 8.400000 8.500000 3.000000e+04
736370 9.100000 9.100000 8.500000 8.700000 2.700000e+04
736371 8.500000 8.600000 8.200000 8.500000 2.700000e+04
736372 8.400000 9.600000 7.500000 8.400000 8.300000e+04
736376 9.000000 9.000000 8.100000 8.900000 3.200000e+04
736377 8.000001 8.800001 8.000001 8.600001 3.400000e+04
736378 8.500000 8.800000 8.500000 8.500000 1.300000e+04
736379 8.500000 8.800000 8.300000 8.400000 1.900000e+04
736382 8.400000 8.800000 8.400000 8.800000 1.300000e+04
736383 8.600000 8.900000 8.500000 8.500000 2.200000e+04
736384 8.500001 8.800001 7.800001 8.100001 4.300001e+04
736385 8.500001 9.000001 7.900001 8.600001 4.600001e+04
736386 9.000000 9.000000 8.300000 8.700000 5.700000e+04
736389 8.700000 8.800000 8.500000 8.800000 5.000000e+04
736390 8.600001 8.800001 8.300001 8.600001 2.100000e+04
736391 8.600000 8.800000 8.400000 8.800000 2.600000e+04
736392 8.800000 8.800000 8.600000 8.800000 1.800000e+04
736393 8.800000 8.800000 8.400000 8.700000 2.800000e+04
736396 8.500000 8.700000 8.400000 8.700000 6.300000e+04
736397 8.700000 8.700000 8.300000 8.700000 4.000000e+04
736398 8.500001 8.600001 8.300001 8.600001 4.800001e+04
736399 8.500000 8.500000 6.200000 8.300000 3.300000e+05
736400 8.200000 8.500000 8.000000 8.500000 9.300000e+04
736403 8.000000 8.500000 8.000000 8.400000 2.900000e+04
736404 8.300000 8.300000 7.900000 8.200000 4.100000e+04
736405 8.000000 8.500000 7.300000 8.300000 5.000000e+04
736406 7.800000 8.500000 7.700000 8.500000 5.900000e+04
736407 8.500000 8.500000 7.800000 8.200000 5.500000e+04
736410 8.300000 8.500000 7.800000 8.500000 9.600000e+04
736411 7.900001 8.400001 7.600001 8.100001 4.200001e+04
736412 8.100000 8.400000 7.800000 8.400000 6.700000e+04
736413 8.400000 8.500000 8.300000 8.500000 2.300000e+04
736417 8.000000 8.300000 7.900000 8.300000 1.600000e+04
736418 8.500000 8.500000 7.700000 8.500000 6.500000e+04
736419 8.100000 8.200000 8.000000 8.200000 2.700000e+04
736420 8.000000 8.400000 7.600000 8.400000 1.500000e+04
736421 8.300000 8.500000 8.000000 8.300000 2.800000e+04
736424 8.000000 8.300000 7.600000 8.300000 3.700000e+04
736425 8.000000 8.000000 7.700000 7.700000 4.600000e+04
736426 8.500000 8.500000 7.700000 7.700000 3.700000e+04
736427 8.000000 8.000000 7.600000 7.900000 8.500000e+04
736428 8.300000 8.400000 7.800000 7.900000 2.600000e+04
736431 7.900000 8.000000 7.400000 7.600000 7.400000e+04
736432 7.600000 7.600000 6.900000 7.200000 2.460000e+05
736433 7.200000 7.500000 7.000000 7.500000 3.100000e+04
736434 6.700000 7.500000 6.700000 7.400000 4.000000e+04
736435 7.500000 7.500000 7.100000 7.200000 4.200000e+04
736438 7.200000 7.500000 6.900000 7.200000 1.030000e+05
736439 7.800000 7.800000 7.100000 7.200000 1.010000e+05
736440 7.600000 8.300000 7.500000 8.000000 1.170000e+05
736441 8.000000 8.400000 7.000000 8.400000 5.600000e+04
736442 8.500000 8.500000 7.900000 8.300000 2.200000e+04
736445 8.200000 8.200000 7.600000 7.600000 3.500000e+04
736446 7.900000 7.900000 7.500000 7.800000 3.900000e+04
736447 7.700000 7.700000 7.200000 7.400000 5.900000e+04
736448 7.700000 7.800000 7.300000 7.800000 4.800000e+04
736449 7.800000 7.800000 7.000000 7.700000 6.700000e+04
736452 8.100000 8.900000 7.700000 8.700000 1.720000e+05
736453 8.000001 9.000001 8.000001 8.600001 3.000000e+04
736454 8.500000 9.000000 8.100000 8.200000 2.700000e+04
736455 8.300000 8.500000 7.900000 8.400000 3.800000e+04
736456 7.900000 8.500000 7.600000 8.400000 6.700000e+04
736459 8.400000 8.400000 7.700000 8.200000 1.700000e+04
736460 7.500001 8.100001 7.500001 8.100001 3.600000e+04
736461 7.600000 8.000000 7.400000 7.700000 6.100000e+04
736462 7.900000 7.900000 7.300000 7.500000 3.600000e+04
736463 7.500000 7.900000 7.300000 7.600000 3.700000e+04
736466 7.300000 7.600000 7.000000 7.200000 6.100000e+04
736467 7.000000 7.200000 6.400000 6.800000 1.130000e+05
736468 6.700000 6.800000 6.700000 6.800000 2.100000e+04
736469 6.800000 6.900000 6.300000 6.800000 2.900000e+04
736470 6.300000 6.900000 6.300000 6.900000 5.500000e+04
736473 7.000000 7.000000 6.500000 6.900000 3.200000e+04
736474 6.600000 7.000000 6.600000 6.900000 2.600000e+04
736475 6.900000 7.000000 6.800000 6.800000 1.500000e+04
736476 6.800000 7.000000 6.800000 6.900000 1.070000e+05
736477 6.100000 7.000000 6.100000 7.000000 7.200000e+04
736481 8.000000 8.000000 6.800000 7.300000 1.440000e+05
736482 7.400000 7.400000 7.000000 7.400000 6.100000e+04
736483 7.400000 7.400000 6.800000 7.200000 7.400000e+04
736484 6.900000 7.000000 6.600000 6.800000 1.150000e+05
736487 6.800000 7.400000 6.700000 7.400000 1.640000e+05
736488 7.000000 8.900000 6.800000 8.000000 4.070000e+05
736489 8.100000 8.400000 7.500000 7.700000 2.560000e+05
736490 7.700000 7.900000 7.500000 7.900000 1.560000e+05
736491 7.900000 8.000000 7.800000 8.000000 1.030000e+05
736494 7.900000 7.900000 7.300000 7.700000 1.470000e+05
736495 7.300000 7.800000 7.200000 7.800000 3.000000e+04
736496 7.200000 7.500000 7.000000 7.400000 9.500000e+04
736497 7.400000 7.500000 7.300000 7.300000 1.080000e+05
736498 7.300000 7.700000 7.000000 7.500000 5.400000e+04
736501 7.400000 7.400000 7.000000 7.100000 8.200000e+04
736502 7.100000 7.300000 6.600000 7.100000 1.870000e+05
736503 7.100000 7.300000 7.100000 7.300000 3.100000e+04
736504 7.300000 7.500000 6.900000 7.000000 6.100000e+04
736505 7.000000 7.100000 6.100000 6.300000 5.260000e+05
736508 6.300000 6.700000 6.100000 6.500000 1.190000e+05
736509 6.100000 7.200000 6.100000 6.700000 8.400000e+04
736510 6.800000 6.900000 6.200000 6.200000 1.720000e+05
736511 6.300000 6.900000 6.200000 6.600000 1.210000e+05
736512 6.400000 6.800000 6.200000 6.400000 6.900000e+04
736516 6.400000 6.500000 6.200000 6.200000 3.600000e+04
736517 6.200000 6.700000 6.200000 6.400000 6.500000e+04
736518 6.500000 6.700000 6.500000 6.500000 1.780000e+05
736519 6.300000 6.600000 6.300000 6.500000 4.200000e+04
736522 6.300000 6.500000 6.200000 6.300000 5.600000e+04
736523 6.100000 6.400000 6.100000 6.300000 1.060000e+05
736524 6.400000 6.400000 6.200000 6.300000 5.200000e+04
736525 6.400000 6.400000 6.200000 6.200000 4.900000e+04
736526 6.200000 6.300000 6.200000 6.200000 5.500000e+04
736529 6.200000 6.300000 6.000000 6.000000 9.100000e+04
736530 6.300000 6.500000 6.100000 6.500000 3.500000e+04
736531 6.500000 6.700000 6.100000 6.400000 4.400000e+04
736532 6.600000 6.600000 6.500000 6.500000 3.000000e+04
736533 6.500000 6.500000 5.600000 6.500000 3.300000e+04
736536 6.600000 6.600000 5.700000 6.100000 7.900000e+04
736537 6.200000 6.200000 6.100000 6.200000 3.800000e+04
736538 6.500000 6.500000 6.100000 6.100000 4.500000e+04
736539 6.100000 6.300000 6.100000 6.300000 5.200000e+04
736540 6.200000 6.300000 6.000000 6.300000 8.600000e+04
736543 6.200000 6.200000 6.100000 6.200000 7.400000e+04
736544 6.500000 6.500000 5.600000 6.400000 1.150000e+05
736545 6.000000 6.300000 6.000000 6.200000 5.700000e+04
736546 6.200000 6.200000 6.100000 6.200000 1.000000e+05
736547 6.200000 6.300000 6.200000 6.300000 4.200000e+04
736550 6.300000 6.300000 6.100000 6.100000 4.800000e+04
736551 6.100000 6.200000 5.800000 6.100000 1.310000e+05
736552 6.100000 6.200000 5.900000 6.200000 3.000000e+04
736553 6.200000 6.800000 6.000000 6.200000 1.250000e+05
736554 6.300000 6.800000 6.200000 6.500000 1.750000e+05
736557 6.500000 6.500000 5.900000 6.400000 5.900000e+04
736558 6.000000 6.400000 5.900000 6.400000 2.900000e+04
736559 6.000000 6.500000 5.900000 6.500000 3.400000e+04
736560 6.700000 6.800000 5.900000 6.300000 1.090000e+05
736561 6.100000 6.300000 5.900000 5.900000 6.300000e+04
736564 6.000000 6.100000 5.800000 5.900000 7.000000e+04
736565 6.100000 6.100000 5.800000 5.900000 6.200000e+04
736566 5.900000 6.000000 5.800000 6.000000 6.300000e+04
736567 5.900000 6.000000 5.800000 5.800000 2.100000e+04
736568 6.000000 6.900000 5.800000 6.300000 1.240000e+05
736571 6.300000 6.400000 6.100000 6.400000 3.300000e+04
736572 5.800000 6.200000 5.800000 6.200000 4.000000e+04
736573 5.600000 6.400000 5.600000 6.400000 3.100000e+04
736574 6.200000 6.400000 6.000000 6.400000 4.700000e+04
736575 6.200000 6.500000 6.200000 6.400000 2.000000e+04
736579 6.200000 6.400000 6.200000 6.200000 3.600000e+04
736580 6.300000 6.900000 6.300000 6.400000 1.470000e+05
736581 6.500000 7.100000 6.500000 6.800000 1.560000e+05
736582 6.900000 7.900000 6.500000 7.700000 2.040000e+05
736585 7.700000 7.800000 6.500000 7.800000 1.300000e+05
736586 7.300000 7.500000 6.800000 7.400000 3.000000e+04
736587 7.300000 7.600000 7.100000 7.200000 1.700000e+04
736588 7.100000 7.400000 6.900000 7.400000 7.000000e+03
736589 7.000000 7.300000 6.900000 7.000000 6.400000e+04
736592 7.300000 7.600000 7.200000 7.600000 6.300000e+04
736593 7.600000 7.700000 7.400000 7.500000 4.500000e+04
736594 7.500000 7.800000 7.100000 7.700000 7.200000e+04
736595 7.900000 8.100000 7.600000 8.000000 1.890000e+05
736596 8.500000 8.500000 7.800000 8.300000 9.500000e+04
736599 8.000000 8.400000 7.800000 7.800000 3.400000e+04
736600 8.000000 8.200000 7.500000 7.900000 1.020000e+05
736601 7.800000 7.800000 7.600000 7.700000 5.100000e+04
736602 7.700000 7.800000 7.600000 7.800000 2.300000e+04
736603 7.200000 7.800000 7.200000 7.700000 9.600000e+04
736606 7.600000 7.900000 7.500000 7.900000 3.500000e+04
736607 8.000000 8.100000 7.900000 8.000000 4.500000e+04
736608 8.100000 8.100000 7.700000 8.000000 4.000000e+03
736609 7.900000 7.900000 7.300000 7.500000 8.300000e+04
736610 8.000000 8.000000 8.000000 8.000000 1.000000e+02
736613 7.600000 7.600000 6.690000 7.200000 4.000000e+03
736614 7.050000 7.100000 6.740000 7.100000 8.800000e+03
736615 7.000000 7.000000 6.350000 6.350000 7.400000e+03
736616 6.350000 6.350000 6.350000 6.350000 0.000000e+00
736617 5.750000 5.750000 5.180000 5.300000 1.570000e+04
736620 5.230000 5.300000 5.100000 5.300000 1.520000e+04
736621 5.300000 5.300000 3.990000 4.950000 2.960000e+04
736622 5.000000 5.250000 5.000000 5.100000 8.000000e+03
736623 5.100000 5.200000 5.000000 5.080000 6.500000e+03
736624 4.960000 5.250000 4.960000 5.000000 3.340000e+04
736627 4.450000 5.000000 4.450000 4.900000 1.540000e+04
736628 4.880000 4.880000 4.700000 4.830000 3.300000e+03
736629 4.830000 4.850000 4.210000 4.650000 3.050000e+04
736630 4.650000 4.660000 4.560000 4.560000 1.500000e+03
736631 4.450000 4.500000 4.440000 4.500000 2.000000e+03
736634 4.470000 4.500000 4.470000 4.500000 5.000000e+02
736635 4.230000 4.400000 4.230000 4.400000 2.600000e+03
736636 4.370000 4.400000 4.150000 4.150000 4.400000e+03
736637 4.350000 4.350000 4.000000 4.300000 2.700000e+03
736638 4.000000 4.210000 4.000000 4.010000 4.500000e+03
736641 4.010000 4.010000 4.010000 4.010000 0.000000e+00
736642 4.010000 4.010000 4.010000 4.010000 0.000000e+00
736643 4.010000 4.010000 4.010000 4.010000 0.000000e+00
736644 4.010000 4.010000 4.010000 4.010000 0.000000e+00
736645 4.010000 4.010000 4.010000 4.010000 0.000000e+00
736648 4.010000 4.010000 4.010000 4.010000 0.000000e+00
736649 4.010000 4.010000 4.010000 4.010000 0.000000e+00
736650 4.010000 4.010000 4.010000 4.010000 0.000000e+00
736651 4.010000 4.010000 4.010000 4.010000 0.000000e+00
736652 4.010000 4.010000 4.010000 4.010000 0.000000e+00
736655 4.010000 4.010000 4.010000 4.010000 0.000000e+00
736656 4.010000 4.010000 4.010000 4.010000 0.000000e+00
736657 4.010000 4.010000 4.010000 4.010000 0.000000e+00
736659 4.010000 4.010000 4.010000 4.010000 0.000000e+00
736662 4.010000 4.010000 4.010000 4.010000 0.000000e+00
736663 4.010000 4.010000 4.010000 4.010000 0.000000e+00
736664 4.010000 4.010000 4.010000 4.010000 0.000000e+00
736665 4.010000 4.010000 4.010000 4.010000 0.000000e+00
736666 4.010000 4.010000 4.010000 4.010000 0.000000e+00
736669 4.010000 4.010000 4.010000 4.010000 0.000000e+00
736670 2.990000 3.100000 2.990000 3.100000 3.400000e+03
736671 3.100000 3.100000 2.910000 3.060000 1.010000e+04
736672 2.900000 3.280000 2.900000 3.100000 2.650000e+04
736673 3.000000 3.210000 3.000000 3.110000 3.420000e+04
736676 3.120000 3.470000 3.120000 3.470000 3.700000e+03
736677 2.900000 2.900000 2.060000 2.290000 4.559000e+05
736678 2.360000 2.410000 2.300000 2.360000 8.250000e+04
736679 2.410000 2.760000 2.380000 2.550000 5.660000e+04
736680 2.600000 2.600000 2.400000 2.440000 8.090000e+04
736683 2.440000 2.580000 2.420000 2.490000 9.490000e+04
736684 2.550000 2.600000 2.490000 2.540000 7.200000e+04
736685 2.640000 2.640000 2.450000 2.450000 4.500000e+04
736686 2.460000 2.530000 2.050000 2.530000 1.102000e+05
736687 2.530000 2.650000 2.430000 2.480000 6.440000e+04
736691 2.500000 2.530000 2.110000 2.410000 8.380000e+04
736692 2.320000 2.350000 2.240000 2.250000 2.520000e+04
736693 2.230000 2.400000 2.160000 2.400000 2.650000e+04
736694 2.310000 2.600000 2.250000 2.250000 6.080000e+04
736698 2.300000 2.420000 2.250000 2.370000 1.900000e+04
736699 2.400000 2.550000 2.370000 2.550000 2.680000e+04
736700 2.700000 2.700000 2.680000 2.690000 8.810000e+04
736701 2.700000 2.700000 2.660000 2.690000 2.360000e+04
736704 2.730000 2.800000 2.690000 2.700000 8.700000e+04
736705 2.760000 3.100000 2.680000 2.680000 1.778000e+05
736706 2.650000 2.740000 2.400000 2.680000 7.290000e+04
736707 2.650000 2.800000 2.400000 2.690000 3.230000e+04
736708 2.410000 2.670000 2.410000 2.670000 3.270000e+04
736712 2.510000 2.790000 2.350000 2.750000 1.231000e+05
736713 2.580000 2.740000 2.480000 2.510000 1.504000e+05
736714 2.500000 2.530000 2.480000 2.480000 7.300000e+03
736715 2.500000 2.500000 2.480000 2.480000 6.800000e+03
736718 2.480000 2.490000 2.400000 2.400000 1.380000e+04
736719 2.410000 2.460000 2.310000 2.330000 8.700000e+03
736720 2.300000 2.330000 2.260000 2.270000 3.340000e+04
736721 2.320000 2.440000 2.320000 2.350000 3.900000e+03
736722 2.430000 2.440000 2.430000 2.440000 4.200000e+03
736725 2.500000 2.630000 2.290000 2.540000 1.720000e+04
736726 2.460000 2.520000 2.350000 2.520000 4.400000e+03
736727 2.500000 2.500000 2.450000 2.450000 3.500000e+03
736728 2.520000 2.530000 2.420000 2.520000 8.900000e+03
736729 2.500000 2.600000 2.350000 2.370000 2.310000e+04
736732 2.420000 2.420000 2.350000 2.360000 1.690000e+04
736733 2.310000 2.370000 2.200000 2.220000 2.870000e+04
736734 2.260000 2.270000 2.220000 2.220000 1.010000e+04
736735 2.250000 2.250000 2.180000 2.180000 5.400000e+03
736736 2.050000 2.270000 2.050000 2.270000 2.090000e+04
736739 2.150000 2.310000 2.150000 2.260000 2.200000e+03
736740 2.180000 2.360000 2.110000 2.310000 3.060000e+04
736741 2.330000 2.340000 2.250000 2.260000 4.900000e+03
736742 2.270000 2.360000 2.270000 2.320000 3.400000e+03
736743 2.270000 2.270000 2.250000 2.260000 1.790000e+04
736747 2.240000 2.240000 2.160000 2.200000 1.760000e+04
736748 2.240000 2.920000 2.240000 2.380000 1.323000e+06
736749 2.400000 2.440000 2.080000 2.140000 1.791000e+05
736750 2.110000 2.150000 1.900000 2.030000 9.830000e+04
736753 2.110000 2.160000 1.950000 1.990000 3.310000e+04
736754 2.180000 2.180000 1.980000 1.980000 3.880000e+04
736755 1.980000 2.160000 1.980000 2.090000 3.750000e+04
736756 2.090000 2.090000 2.020000 2.070000 4.500000e+04
736757 2.020000 2.140000 2.020000 2.100000 2.280000e+04
736760 2.110000 2.250000 2.080000 2.100000 2.820000e+04
736761 2.100000 2.100000 2.020000 2.080000 2.980000e+04
736762 2.080000 2.160000 2.060000 2.130000 1.090000e+04
736763 2.160000 2.370000 2.140000 2.330000 7.770000e+04
736764 2.350000 2.880000 2.330000 2.610000 9.649000e+05
