736034 13.058934 13.110687 13.058934 13.110687 3.881453e+03
736035 13.145189 13.196942 13.127938 13.196942 8.884216e+03
736036 13.110687 13.188316 13.102061 13.136563 1.828596e+04
736039 13.196942 13.240069 13.196942 13.240069 9.919270e+03
736040 13.145189 13.257320 13.145189 13.257320 1.035054e+03
736041 13.188316 13.291821 13.153814 13.291821 2.302996e+04
736042 13.257320 13.309073 13.214193 13.309073 6.814107e+03
736043 13.231443 13.352199 13.231443 13.343574 5.951562e+03
736046 13.429828 13.429828 13.369450 13.403952 1.483578e+04
736047 13.403952 13.421203 13.378076 13.378076 3.105163e+03
736048 13.309072 13.352199 13.231443 13.231443 3.044784e+04
736049 13.196942 13.231444 13.196942 13.196942 3.165541e+04
736050 13.248694 13.257319 13.196941 13.248694 1.233440e+04
736053 13.248694 13.369450 13.248694 13.352199 4.140217e+03
736054 13.248694 13.326323 13.248694 13.300447 1.854472e+04
736055 13.222818 13.309073 13.222818 13.257320 3.881453e+03
736056 13.257319 13.360825 13.257319 13.326323 1.112683e+04
736060 13.326323 13.369450 13.326323 13.343574 8.884215e+03
736061 13.326323 13.438454 13.326323 13.369450 2.251243e+04
736062 13.386701 13.395326 13.352199 13.369450 1.328320e+04
736063 13.369450 13.438454 13.369450 13.438454 2.673890e+03
736064 13.429828 13.464330 13.403952 13.464330 1.983854e+04
736067 13.378076 13.429829 13.352200 13.378076 1.242065e+04
736068 13.334948 13.412577 13.334948 13.403952 3.010283e+04
736069 13.360825 13.447080 13.352200 13.447080 1.733716e+04
736070 13.360825 13.481582 13.352200 13.395327 1.604334e+04
736071 13.360825 13.360825 13.257320 13.283196 3.933206e+04
736074 13.369450 13.412577 13.343574 13.369450 5.606544e+03
736075 13.386702 13.455705 13.386702 13.395327 1.138560e+04
736076 13.403952 13.472956 13.360825 13.455705 8.280434e+03
736077 13.447080 13.516083 13.412578 13.507458 3.622690e+03
736078 13.481581 13.481581 13.412577 13.429828 1.371447e+04
736081 13.464331 13.464331 13.412578 13.412578 1.173061e+04
736082 13.403952 13.481581 13.403952 13.464330 4.743998e+03
736083 13.421204 13.421204 13.386702 13.386702 2.156363e+03
736084 13.386702 13.403953 13.326324 13.386702 1.888974e+04
736085 13.352199 13.438454 13.291821 13.369450 4.657744e+03
736088 13.369451 13.429829 13.334949 13.421204 8.452943e+03
736089 13.343574 13.403952 13.248694 13.291821 7.461016e+04
736090 13.248694 13.300447 13.248694 13.248694 2.294370e+04
736091 13.179691 13.317698 13.179691 13.283196 8.021670e+03
736092 13.352200 13.386702 13.352200 13.386702 1.983854e+03
736095 13.360825 13.369450 13.343574 13.343574 4.398980e+03
736096 13.257320 13.403952 13.257320 13.283196 4.485235e+03
736097 13.300447 13.317698 13.300447 13.300447 3.200043e+04
736098 13.352200 13.360825 13.309073 13.334949 1.638836e+04
736099 13.274571 13.403952 13.274571 13.283196 2.199490e+04
736102 13.317697 13.395326 13.317697 13.352199 4.243722e+04
736103 13.369450 13.369450 13.334948 13.352199 1.828596e+04
736104 13.326323 13.369450 13.326323 13.343574 5.261526e+03
736105 13.291821 13.386701 13.291821 13.369450 6.986616e+03
736106 13.352199 13.378076 13.334949 13.343574 8.625452e+03
736110 13.317698 13.352199 13.300447 13.343574 2.475505e+04
736111 13.334949 13.386701 13.300447 13.360825 1.043680e+04
736112 13.300446 13.369450 13.300446 13.352199 2.009730e+04
736113 13.403952 13.403952 13.343574 13.343574 1.906225e+04
736116 13.369450 13.369450 13.300446 13.369450 9.401742e+03
736117 13.360825 13.378076 13.317698 13.334949 1.224814e+04
736118 13.386701 13.412578 13.326323 13.343574 9.142979e+03
736119 13.395327 13.395327 13.317698 13.334949 1.906225e+04
736120 13.309072 13.334949 13.257320 13.265945 1.664712e+04
736123 13.231444 13.386702 13.222818 13.309073 6.727853e+03
736124 13.248694 13.257320 13.222818 13.240069 8.194180e+03
736125 13.248694 13.326323 13.248694 13.300447 1.121309e+04
736126 13.248695 13.326324 13.248695 13.274571 3.795199e+03
736127 13.274571 13.274571 13.222818 13.222818 3.536435e+03
736130 13.119312 13.231443 13.110687 13.110687 8.452943e+03
736131 13.067559 13.231443 13.067559 13.214192 1.819970e+04
736132 13.214192 13.265945 13.188316 13.248694 9.746761e+03
736133 13.300447 13.386701 13.283196 13.360825 1.983854e+04
736134 13.291821 13.395327 13.291821 13.360825 7.245380e+03
736137 13.343574 13.386701 13.343574 13.352199 1.190312e+04
736138 13.291821 13.378076 13.291821 13.343574 5.520289e+03
736139 13.334948 13.369450 13.326323 13.352199 1.017803e+04
736140 13.360825 13.360825 13.326323 13.326323 1.173061e+04
736141 13.300448 13.326324 13.300448 13.309073 8.280434e+03
736144 13.274571 13.274571 13.119313 13.127938 9.142979e+03
736145 13.102061 13.222818 13.050309 13.188316 1.776843e+04
736146 13.196941 13.352199 13.196941 13.214192 5.261526e+03
736147 13.153814 13.196941 13.136563 13.188316 5.951562e+03
736151 13.179690 13.179690 13.058934 13.067559 4.312726e+03
736152 13.067559 13.179690 12.998556 13.179690 2.613512e+04
736153 13.145189 13.145189 12.938178 12.972680 1.328320e+04
736154 12.998556 13.102061 12.998556 13.007181 6.469089e+03
736155 13.041684 13.188316 13.041684 13.084811 1.121309e+04
736158 13.093436 13.248694 13.093436 13.127938 9.229234e+03
736159 13.067560 13.188316 13.067560 13.127938 7.072871e+03
736160 13.136563 13.153814 13.102061 13.153814 1.802719e+04
736161 13.110687 13.300447 13.110687 13.231443 7.331634e+03
736162 13.136563 13.196941 13.136563 13.171065 9.401743e+03
736165 13.179691 13.257320 13.084811 13.188316 1.457701e+04
736166 13.153814 13.240069 13.145189 13.153814 2.622137e+04
736167 13.024433 13.084811 12.989931 13.033058 1.354196e+04
736168 13.007181 13.102061 12.989931 12.998556 1.621585e+04
736169 13.007181 13.058934 12.981305 12.981305 9.833015e+03
736172 12.981305 13.015807 12.955429 12.981305 2.139112e+04
736173 12.964054 13.015807 12.946803 12.998556 1.923476e+04
736174 13.007182 13.076186 12.946804 13.024433 1.612960e+04
736175 13.024433 13.058935 13.015808 13.024433 7.417889e+03
736176 13.007182 13.196942 13.007182 13.084811 2.389250e+04
736179 13.058934 13.188316 13.058934 13.188316 2.880901e+04
736180 13.188316 13.240069 13.171065 13.171065 6.210325e+03
736181 13.127937 13.257319 13.067559 13.067559 1.129934e+04
736182 13.050308 13.067559 12.929552 12.929552 2.837774e+04
736183 13.007181 13.007181 12.895050 12.895050 1.561207e+04
736186 12.912302 12.964055 12.912302 12.946804 8.797961e+03
736187 12.946804 13.033059 12.946804 12.946804 2.777396e+04
736188 12.920927 12.920927 12.851923 12.851923 4.916507e+03
736189 12.869174 12.886425 12.817422 12.826047 8.797961e+03
736190 12.817422 12.877800 12.817422 12.860549 5.951562e+03
736193 12.765669 12.886425 12.765669 12.886425 3.855577e+04
736194 12.800171 12.860549 12.800171 12.834673 1.164436e+04
736195 12.817422 12.860549 12.808796 12.843298 4.899257e+04
736196 12.834673 12.843298 12.765669 12.765669 1.198938e+04
736197 12.705291 12.765669 12.584535 12.610411 4.683621e+04
736200 12.705291 12.705291 12.006629 12.006629 3.657192e+04
736201 12.136010 12.412025 12.136010 12.205014 2.121861e+04
736202 12.265393 12.377524 12.222265 12.308520 9.919270e+03
736203 12.377523 12.515531 12.343022 12.463778 1.319694e+04
736204 12.420651 12.541407 12.420651 12.481029 6.900362e+03
736207 12.420651 12.515531 12.256767 12.351647 2.078734e+04
736208 12.291269 12.325771 12.161888 12.187764 1.328320e+04
736209 12.274018 12.282644 12.239517 12.265393 5.002762e+03
736210 12.291269 12.368898 12.282644 12.291269 9.142979e+03
736211 12.274018 12.299895 12.213640 12.248142 2.285745e+04
736215 12.317145 12.472404 12.317145 12.386149 3.967708e+03
736216 12.463778 12.593160 12.265393 12.308520 1.966603e+04
736217 12.153262 12.351648 12.153262 12.299895 6.727853e+03
736218 12.170513 12.291269 12.170513 12.248142 8.539198e+03
736221 12.170513 12.325771 12.170513 12.213640 8.107925e+03
736222 12.291269 12.325771 12.291269 12.325771 6.037816e+02
736223 12.368898 12.437902 12.334396 12.403400 8.539197e+03
736224 12.325770 12.498279 12.325770 12.489654 7.935416e+03
736225 12.481029 12.515531 12.481029 12.481029 2.070108e+03
736228 12.498280 12.636287 12.489655 12.610411 5.002762e+03
736229 12.489654 12.575909 12.446527 12.489654 8.021670e+03
736230 12.567284 12.567284 12.446528 12.524157 3.795199e+03
736231 12.498280 12.498280 12.463778 12.481029 8.452943e+03
736232 12.515531 12.558658 12.420651 12.446527 1.267941e+04
736235 12.420651 12.420651 12.222266 12.265393 1.035054e+04
736236 12.317146 12.317146 11.937626 11.937626 4.416232e+04
736237 12.023880 12.222266 12.023880 12.136011 1.112683e+04
736238 12.187764 12.222266 12.153262 12.153262 1.267941e+04
736239 12.136012 12.248143 12.058383 12.161888 9.574252e+03
736242 12.248142 12.386149 12.248142 12.386149 1.138560e+04
736243 12.386149 12.446527 12.343022 12.343022 1.371447e+04
736244 12.386149 12.489655 12.377524 12.437902 4.916508e+03
736245 12.481029 12.558658 12.403400 12.515531 1.319694e+04
736246 12.610411 12.610411 12.506905 12.558658 2.846399e+03
736249 12.463778 12.627661 12.463778 12.506905 1.638836e+04
736250 12.550032 12.550032 12.429276 12.429276 3.622690e+03
736251 12.463778 12.550033 12.446527 12.481029 5.175271e+03
736252 12.489655 12.567284 12.489655 12.550033 4.916508e+03
736253 12.532781 12.619036 12.532781 12.619036 4.226471e+03
736256 12.567284 12.593160 12.550033 12.575909 5.692798e+03
736257 12.472403 12.601785 12.472403 12.558658 3.363926e+03
736258 12.610410 12.610410 12.567283 12.567283 3.795199e+03
736259 12.575909 12.644913 12.550033 12.575909 2.389250e+04
736260 12.619036 12.722542 12.575909 12.593160 1.181687e+04
736263 12.593159 12.593159 12.463777 12.532781 1.449076e+04
736264 12.550032 12.550032 12.498280 12.506905 1.474952e+04
736265 12.558658 12.619036 12.524156 12.567283 9.919269e+03
736266 12.532781 12.610410 12.489654 12.506905 7.417888e+03
736267 12.506905 12.532781 12.506905 12.532781 1.207563e+03
736270 12.463778 12.601785 12.420651 12.558658 1.914850e+04
736271 12.558658 12.601785 12.463778 12.567283 8.366688e+03
736272 12.567283 12.567283 12.506905 12.532781 1.311069e+04
736273 12.541407 12.610411 12.532782 12.541407 2.121861e+04
736274 12.550033 12.584535 12.541408 12.550033 6.641598e+03
736277 12.558658 12.627662 12.291269 12.360273 3.105163e+04
736278 12.394774 12.437902 12.360273 12.368898 2.018356e+04
736279 12.403400 12.403400 12.325771 12.343022 1.043680e+04
736280 12.317146 12.377524 12.213640 12.265393 1.785469e+04
736281 12.282644 12.291269 12.187764 12.248142 5.261526e+03
736284 12.265392 12.291268 12.239516 12.282643 1.681963e+04
736285 12.317145 12.437902 12.308520 12.368898 6.986616e+03
736286 12.360272 12.446526 12.334395 12.420650 7.245379e+03
736287 12.360272 12.420650 12.360272 12.420650 1.009178e+04
736288 12.420650 12.506905 12.420650 12.489654 1.043680e+04
736291 12.481029 12.575909 12.420651 12.463778 6.926238e+04
736292 12.429275 12.498279 12.420650 12.420650 2.371999e+04
736293 12.420651 12.506905 12.420651 12.498280 1.000552e+04
736295 12.463778 12.593160 12.463778 12.463778 1.293818e+03
736298 12.515530 12.524156 12.420650 12.489654 1.837221e+04
736299 12.489655 12.610411 12.489655 12.515531 7.590398e+03
736300 12.498280 12.550033 12.420651 12.437902 2.346123e+04
736301 12.429277 12.463778 12.265393 12.343022 1.656087e+04
736302 12.334396 12.463778 12.334396 12.429276 1.492203e+04
736305 12.403400 12.412026 12.230891 12.299895 9.919270e+03
736306 12.308520 12.308520 12.248142 12.248142 4.226472e+03
736307 12.248142 12.308520 12.187763 12.274018 4.114341e+04
736308 12.032505 12.343022 12.032505 12.291269 4.554239e+04
736309 12.187763 12.239516 12.127385 12.205014 5.727300e+04
736312 12.136012 12.136012 12.041132 12.049757 2.561759e+04
736313 12.041131 12.118760 12.015255 12.092884 1.328320e+04
736314 12.067007 12.187763 12.049756 12.170512 1.233440e+04
736315 12.136011 12.248142 12.101509 12.118760 8.539197e+03
736316 12.084258 12.170513 11.868622 11.929000 2.794646e+04
736319 12.080000 12.080000 11.834625 12.080000 2.246125e+04
736320 12.061126 12.174376 11.985625 12.032813 9.456375e+04
736321 12.013938 12.240438 11.995063 12.136625 2.076250e+04
736322 12.127188 12.259313 12.127188 12.240438 1.519438e+04
736326 12.268750 12.448063 12.268750 12.306500 3.274813e+04
736327 12.297062 12.391437 12.287625 12.372562 3.218187e+04
736328 12.287625 12.476375 12.287625 12.457500 4.303500e+04
736329 12.570750 12.580187 12.410312 12.457500 4.058125e+04
736333 12.391439 12.514126 12.117751 12.325376 3.010563e+04
736334 12.485813 12.485813 12.287625 12.344250 2.170625e+04
736335 12.240438 12.297062 12.212125 12.249875 1.434500e+04
736336 12.146062 12.231000 12.061125 12.098875 4.397875e+04
736337 12.108313 12.146062 12.098875 12.098875 1.283500e+04
736340 12.089438 12.098876 11.985625 12.032813 2.246125e+04
736341 12.098876 12.127189 12.032813 12.042251 5.756875e+03
736342 11.929001 11.995064 11.844063 11.853501 2.387688e+04
736343 11.844063 11.919564 11.627001 11.853501 1.321250e+04
736344 11.636438 11.730813 11.579813 11.655313 1.113625e+04
736348 11.683626 11.683626 11.485438 11.494876 1.774250e+04
736349 11.325000 11.325000 11.174000 11.230625 2.349938e+04
736350 11.258938 11.325001 11.013563 11.315563 9.531875e+03
736351 11.391063 11.532626 11.391063 11.532626 1.689313e+04
736354 11.466564 11.523189 11.381626 11.381626 1.717625e+04
736355 11.391062 11.542062 11.391062 11.542062 9.248750e+03
736356 11.476000 11.608126 11.476000 11.579813 2.095125e+04
736357 11.608125 11.711937 11.570375 11.627000 1.377875e+04
736358 11.579813 11.730813 11.579813 11.730813 2.557563e+04
736361 11.664751 11.862939 11.664751 11.853501 1.160813e+04
736362 11.796875 11.910125 11.749687 11.759125 5.662500e+03
736363 11.759125 11.825187 11.702500 11.759125 1.538312e+04
736364 11.683625 11.853501 11.683625 11.768563 2.293313e+04
736365 11.693062 11.796875 11.617563 11.740250 2.038500e+04
736368 11.598687 11.674187 11.504312 11.542062 2.283875e+04
736369 11.504313 11.560938 11.438250 11.476000 2.227250e+04
736370 11.485438 11.551500 11.485438 11.513750 9.720625e+03
736371 11.447688 11.485438 11.211750 11.221188 5.181188e+04
736372 11.306126 11.419376 11.296688 11.381626 1.302375e+04
736376 11.400500 11.466563 11.381625 11.447688 1.217438e+04
736377 11.476000 11.570374 11.466562 11.542062 2.283875e+04
736378 11.551501 11.598689 11.457126 11.457126 2.057375e+04
736379 11.466563 11.504312 11.362750 11.400500 2.878438e+04
736382 11.513751 11.589251 11.504313 11.532626 1.481688e+04
736383 11.513749 11.608124 11.447687 11.504312 2.208375e+04
736384 11.485439 11.485439 11.334438 11.457126 2.972813e+04
736385 11.466563 11.579814 11.466563 11.570376 1.359000e+04
736386 11.617563 11.674187 11.608125 11.664750 1.359000e+04
736389 11.674187 11.749687 11.674187 11.702500 2.623625e+04
736390 11.768563 11.853501 11.759126 11.853501 1.698750e+04
736391 11.881812 11.891250 11.749687 11.872375 1.566625e+04
736392 11.834625 11.929001 11.815750 11.919563 6.889375e+03
736393 11.900689 12.004501 11.872376 11.891251 1.340125e+04
736396 11.891251 12.051689 11.891251 11.966751 2.029063e+04
736397 11.985626 11.995064 11.966751 11.966751 1.491125e+04
736398 12.004500 12.259313 11.995063 12.061125 7.455625e+03
736399 12.155501 12.155501 12.042250 12.127188 2.293313e+04
736400 12.136625 12.249876 11.966750 12.202688 2.444313e+04
736403 12.136626 12.193251 12.089438 12.127188 9.720625e+03
736404 12.042251 12.070563 12.032813 12.032813 7.738750e+03
736405 12.013938 12.127188 12.013938 12.070563 2.821813e+04
736406 12.070562 12.127187 12.032813 12.117750 1.802562e+04
736407 12.089438 12.202688 12.089438 12.127188 1.566625e+04
736410 12.127188 12.268751 12.127188 12.164938 9.343125e+03
736411 12.155500 12.259313 12.146062 12.155500 1.623250e+04
736412 12.202688 12.202688 12.146063 12.146063 1.830875e+04
736413 12.127187 12.183813 12.080000 12.098875 2.180062e+04
736417 12.155500 12.202687 12.117750 12.117750 2.576438e+04
736418 12.164938 12.221563 12.164938 12.183813 3.775000e+03
736419 12.193250 12.391438 12.193250 12.344250 9.531875e+03
736420 12.249875 12.344251 12.249875 12.334813 1.189125e+04
736421 12.259312 12.391437 12.259312 12.372562 3.529625e+04
736424 12.410313 12.410313 12.334813 12.334813 7.172500e+03
736425 12.315938 12.334814 12.287626 12.325376 9.060001e+03
736426 12.278187 12.419749 12.278187 12.372562 5.285000e+03
736427 12.382001 12.400876 12.297063 12.325376 6.228751e+03
736428 12.353688 12.363126 12.240438 12.278188 2.831250e+04
736431 12.400874 12.400874 12.353687 12.372562 4.341250e+03
736432 12.353688 12.466939 12.315938 12.400876 4.161938e+04
736433 12.448062 12.495250 12.438625 12.495250 1.717625e+04
736434 12.457500 12.495249 12.457500 12.485812 2.642500e+03
736435 12.457500 12.514125 12.457500 12.495250 6.606250e+03
736438 12.533000 12.570750 12.533000 12.551875 5.662500e+03
736439 12.599063 12.617938 12.570750 12.580188 1.132500e+04
736440 12.589625 12.636813 12.589625 12.599063 8.682500e+03
736441 12.570750 12.655688 12.561313 12.655688 2.010188e+04
736442 12.646250 12.721751 12.646250 12.693438 1.057000e+04
736445 12.693438 12.702876 12.627375 12.693438 2.302750e+04
736446 12.693437 12.731188 12.655687 12.684000 8.588125e+03
736447 12.674563 12.778375 12.665125 12.778375 1.321250e+04
736448 12.674562 12.806688 12.561312 12.740625 1.604375e+04
736449 12.731188 12.816125 12.721750 12.816125 8.588125e+03
736452 12.872751 12.919938 12.816125 12.863313 1.094750e+04
736453 12.872751 12.872751 12.768938 12.872751 1.085313e+04
736454 12.844439 12.863314 12.797251 12.797251 2.774625e+04
736455 12.806688 12.825563 12.797250 12.816125 2.736875e+03
736456 12.759501 12.825564 12.542438 12.797251 3.114375e+04
736459 12.759500 12.816125 12.759500 12.778375 1.868625e+04
736460 12.740625 12.863313 12.740625 12.787813 4.718750e+03
736461 12.768937 12.816125 12.768937 12.816125 2.359375e+03
736462 12.787814 12.816126 12.731188 12.759501 1.047563e+04
736463 12.759501 12.768938 12.665125 12.693438 1.245750e+04
736466 12.674563 12.778376 12.665125 12.768938 1.538313e+04
736467 12.759501 12.759501 12.665125 12.712313 1.396750e+04
736468 12.702876 12.702876 12.542438 12.655688 1.009813e+04
736469 12.608500 12.655687 12.599062 12.608500 1.019250e+04
736470 12.608500 12.674563 12.608500 12.636813 7.644375e+03
736473 12.608500 12.665125 12.608500 12.665125 2.170625e+03
736474 12.627375 12.768937 12.627375 12.740625 1.849750e+04
736475 12.778376 12.806689 12.759501 12.759501 3.586250e+04
736476 12.797251 12.825563 12.750063 12.750063 1.538313e+04
736477 12.759501 12.787813 12.655688 12.731188 3.265375e+04
736481 12.787813 12.806688 12.750063 12.787813 1.302375e+04
736482 12.816125 12.816125 12.740625 12.740625 1.208000e+04
736483 12.750063 12.787813 12.740625 12.740625 1.264625e+04
736484 12.768938 12.787813 12.731188 12.787813 6.606250e+02
736487 12.806688 12.901063 12.806688 12.891625 1.774250e+04
736488 12.919937 12.919937 12.759500 12.882187 5.086812e+04
736489 12.891625 12.938812 12.872750 12.919937 4.105312e+04
736490 12.919937 12.976562 12.872750 12.967125 2.180062e+04
736491 12.929374 12.929374 12.844437 12.882187 6.983750e+03
736494 12.891626 12.891626 12.787813 12.825563 6.795000e+03
736495 12.787813 12.825563 12.787813 12.816125 1.094750e+04
736496 12.816125 12.919938 12.816125 12.844438 1.443938e+04
736497 12.750063 12.844437 12.721750 12.740625 1.963000e+04
736498 12.740625 12.778375 12.740625 12.778375 4.152500e+03
736501 12.835001 12.986001 12.835001 12.948251 1.208000e+04
736502 12.957688 12.976562 12.929375 12.967125 5.001875e+03
736503 12.929375 12.957688 12.872750 12.929375 1.311813e+04
736504 12.948250 13.042625 12.948250 13.042625 2.047938e+04
736505 12.693438 12.882188 12.693438 12.787813 5.756875e+03
736508 12.655688 12.702876 12.551875 12.617938 1.377875e+04
736509 12.655688 12.825563 12.655688 12.806688 7.455625e+03
736510 12.901063 12.948251 12.872750 12.901063 6.889375e+03
736511 12.938813 12.986001 12.891625 12.976563 7.738750e+03
736512 12.948250 13.108688 12.948250 13.004875 7.266875e+03
736516 12.967125 12.976563 12.853875 12.929375 1.141938e+04
736517 12.901063 13.033189 12.901063 13.023751 1.538313e+04
736518 13.080375 13.080375 12.910500 13.004875 8.305000e+03
736519 13.042626 13.231376 13.042626 13.231376 2.651938e+04
736522 13.231376 13.316314 13.231376 13.269126 1.198563e+04
736523 13.306876 13.316314 13.118126 13.231376 2.793500e+04
736524 13.231376 13.335189 13.193626 13.231376 1.170250e+04
736525 13.269126 13.306876 13.231376 13.231376 1.934688e+04
736526 13.278562 13.401249 13.250250 13.354062 3.274812e+04
736529 13.372937 13.599438 13.372937 13.571125 6.776125e+04
736530 13.495625 13.495625 13.344625 13.401250 4.435625e+04
736531 13.410688 13.467314 13.410688 13.420126 7.266876e+03
736532 13.401250 13.439000 13.297437 13.401250 2.519812e+04
736533 13.325750 13.571125 13.325750 13.533375 1.462812e+04
736536 13.505064 13.533376 13.457876 13.457876 9.437501e+03
736537 13.542812 13.693812 13.410687 13.429562 1.443937e+04
736538 13.439001 13.495626 13.439001 13.495626 1.443938e+04
736539 13.429563 13.523938 13.372938 13.523938 2.161188e+04
736540 13.523938 13.552250 13.486187 13.552250 1.264625e+04
736543 13.523938 13.561688 13.486188 13.486188 2.142313e+04
736544 13.467312 13.467312 13.354062 13.391812 9.815000e+03
736545 13.429562 13.448437 13.288000 13.363500 2.085688e+04
736546 13.382375 13.420124 13.363500 13.391812 4.586625e+04
736547 13.486187 13.486187 13.363500 13.476750 4.095875e+04
736550 13.495626 13.608876 13.476750 13.486188 2.246125e+04
736551 13.552250 13.627750 13.523938 13.590000 1.783688e+04
736552 13.627750 13.637187 13.514500 13.608875 1.491125e+04
736553 13.684375 13.750438 13.684375 13.712688 2.831250e+03
736554 13.608875 13.731563 13.608875 13.693813 1.774250e+04
736557 13.759875 13.788188 13.684375 13.722125 1.896938e+04
736558 13.750438 13.750438 13.608875 13.637188 1.613813e+04
736559 13.646626 13.684376 13.571125 13.618313 9.060000e+03
736560 13.656063 13.750438 13.656063 13.684375 1.359000e+04
736561 13.712688 13.731563 13.608875 13.693813 1.377875e+04
736564 13.712688 13.741001 13.693813 13.712688 5.001875e+03
736565 13.741000 13.939187 13.731562 13.901437 5.464312e+04
736566 13.844814 13.863689 13.750438 13.778751 6.228750e+03
736567 13.769313 13.920313 13.769313 13.910875 2.453750e+04
736568 13.901438 14.071313 13.901438 13.995813 7.455625e+04
736571 13.995813 14.137376 13.958063 14.090188 7.144188e+04
736572 14.099625 14.109062 14.005250 14.024125 2.585875e+04
736573 13.939187 14.278937 13.939187 14.118500 5.973937e+04
736574 14.231751 14.250626 13.958063 14.127938 1.047563e+04
736575 14.090188 14.184563 14.090188 14.127938 6.040000e+03
736579 14.024125 14.109063 14.024125 14.071313 1.717625e+04
736580 14.090188 14.090188 13.948625 13.995813 2.491500e+04
736581 13.929750 14.175126 13.929750 14.033563 1.868625e+04
736582 13.929751 13.958064 13.835376 13.854251 1.698750e+04
736585 13.750438 14.024125 13.750438 14.005250 1.840312e+04
736586 13.967501 14.005251 13.646626 13.778751 7.644376e+03
736587 13.731564 13.910876 13.665501 13.703251 1.283500e+04
736588 13.665500 13.976938 13.665500 13.788188 1.868625e+04
736589 13.778750 13.873124 13.731562 13.825937 5.096250e+03
736592 13.797625 13.892001 13.797625 13.844813 4.058125e+03
736593 13.854251 13.882564 13.816501 13.816501 9.815001e+03
736594 13.844813 13.863689 13.816501 13.854251 1.396750e+04
736595 13.976939 14.024126 13.910876 13.967501 1.377875e+04
736596 14.061875 14.109062 13.986375 14.024125 1.708188e+04
736599 13.986376 14.014688 13.920313 13.920313 1.821438e+04
736600 13.939187 13.995812 13.939187 13.948625 1.538312e+04
736601 13.958062 14.071312 13.901438 14.061875 2.736875e+03
736602 13.958063 14.118501 13.958063 14.033563 2.321625e+04
736603 14.005250 14.156251 14.005250 14.071313 3.869375e+03
736606 14.071312 14.137375 14.014687 14.061875 1.472250e+04
736607 14.024126 14.052439 13.920313 13.929751 8.993938e+04
736608 13.920313 14.080750 13.882563 13.910875 2.765188e+04
736609 13.882564 13.920314 13.778751 13.778751 1.774250e+04
736610 13.901438 13.920313 13.825938 13.882563 9.248750e+03
736613 14.024125 14.024125 13.712688 13.797625 2.991688e+04
736614 13.825938 13.844813 13.712688 13.712688 4.341250e+03
736615 13.731563 13.731563 13.608875 13.618313 1.009813e+04
736616 13.590000 13.693813 13.590000 13.637188 3.020000e+03
736617 13.693813 13.703251 13.476750 13.693813 6.238188e+04
736620 13.608875 13.693812 13.561687 13.608875 3.388062e+04
736621 13.608875 13.722125 13.608875 13.722125 4.662125e+04
736622 13.571125 13.637187 13.523938 13.533375 8.210625e+03
736623 13.608875 13.608875 13.382375 13.401250 5.756875e+03
736624 13.316313 13.476751 13.297438 13.297438 1.113625e+04
736627 13.448437 13.448437 13.401250 13.401250 1.311812e+04
736628 13.420125 13.420125 13.354062 13.363500 9.626250e+03
736629 13.325750 13.382376 13.325750 13.372938 9.248750e+03
736630 13.391813 13.514501 13.372938 13.410688 4.671563e+04
736631 13.391812 13.448437 13.250250 13.325750 5.077375e+04
736634 13.363500 13.391812 13.316312 13.325750 1.821438e+04
736635 13.354063 13.382376 13.278563 13.278563 2.416000e+04
736636 13.269125 13.269125 13.212500 13.212500 8.776875e+03
736637 13.231376 13.231376 13.052063 13.052063 3.388063e+04
736638 12.976562 13.033187 12.768937 12.882187 3.803312e+04
736641 13.212501 13.212501 12.844438 12.976563 1.086256e+05
736642 13.184188 13.184188 13.042625 13.052063 6.323125e+03
736643 12.919938 13.165313 12.901063 13.080375 1.000375e+04
736644 13.108688 13.184188 12.948250 13.127563 1.283500e+04
736645 13.014313 13.127563 12.929375 13.004875 1.359000e+04
736648 13.033188 13.137000 13.033188 13.042625 4.718750e+03
736649 13.089812 13.193625 13.042625 13.193625 1.774250e+04
736650 13.203063 13.203063 13.099250 13.108688 6.323125e+03
736651 13.165312 13.174750 13.108688 13.155875 5.285000e+03
736652 13.118126 13.203063 13.070938 13.070938 2.265000e+03
736655 13.089813 13.127563 13.089813 13.127563 9.437500e+03
736656 13.174750 13.259688 13.155875 13.221938 7.455625e+03
736657 13.155875 13.325750 13.155875 13.250250 1.406188e+04
736659 13.212501 13.306876 13.212501 13.306876 4.341250e+03
736662 13.325750 13.354062 13.278562 13.354062 7.738750e+03
736663 13.344625 13.363500 13.278562 13.288000 5.285000e+03
736664 13.354063 13.354063 13.231375 13.297438 1.510000e+04
736665 13.344625 13.382376 13.335188 13.372938 6.417500e+03
736666 13.420126 13.420126 13.108688 13.278563 2.340500e+04
736669 13.288001 13.354064 13.259688 13.344626 8.493751e+03
736670 13.278562 13.306875 13.184188 13.288000 3.491875e+03
736671 13.250250 13.410688 13.250250 13.410688 1.047563e+04
736672 13.363500 13.372938 13.297438 13.372938 1.151375e+04
736673 13.363500 13.391813 13.221938 13.372938 6.606250e+03
736676 13.391812 13.448437 13.269125 13.401250 3.812750e+04
736677 13.382375 13.476750 13.382375 13.476750 1.453375e+04
736678 13.467313 13.523938 13.401250 13.410688 1.934688e+04
736679 13.354063 13.590001 13.354063 13.542813 3.303125e+04
736680 13.552250 13.627750 13.533375 13.590000 1.038125e+04
736683 13.630000 13.840000 13.630000 13.720000 1.300000e+04
736684 13.720000 13.720000 13.640000 13.660000 1.770000e+04
736685 13.630000 13.650000 13.580000 13.600000 2.800000e+04
736686 13.530000 13.650000 13.480000 13.510000 3.360000e+04
736687 13.480000 13.590000 13.480000 13.500000 7.800000e+03
736691 13.630000 13.630000 13.560000 13.600000 2.350000e+04
736692 13.530000 13.590000 13.460000 13.580000 1.210000e+04
736693 13.690000 13.690000 13.510000 13.640000 1.490000e+04
736694 13.760000 13.760000 13.570000 13.650000 3.700000e+04
736698 13.660000 14.040000 13.660000 13.840000 5.310000e+04
736699 13.970000 13.990000 13.850000 13.980000 3.200000e+04
736700 14.030000 14.030000 13.940000 13.940000 1.540000e+04
736701 13.940000 14.010000 13.940000 14.010000 1.800000e+04
736704 14.030000 14.030000 13.890000 13.930000 3.340000e+04
736705 14.020000 14.070000 13.970000 14.020000 1.530000e+04
736706 13.990000 14.020000 13.980000 13.990000 6.800000e+03
736707 13.990000 14.150000 13.960000 14.110000 2.940000e+04
736708 13.990000 14.060000 13.960000 14.030000 1.340000e+04
736712 14.000000 14.070000 13.880000 14.060000 3.500000e+04
736713 14.050000 14.180000 14.050000 14.180000 1.970000e+04
736714 14.080000 14.140000 14.050000 14.140000 1.370000e+04
736715 14.160000 14.200000 14.150000 14.200000 4.700000e+03
736718 14.180000 14.180000 13.790000 14.130000 2.160000e+04
736719 14.080000 14.190000 14.080000 14.190000 4.600000e+03
736720 14.100000 14.290000 14.100000 14.280000 1.190000e+04
736721 14.200000 14.220000 14.080000 14.120000 1.030000e+04
736722 14.140000 14.250000 14.140000 14.250000 8.600000e+03
736725 14.100000 14.230000 14.100000 14.160000 2.940000e+04
736726 14.060000 14.140000 14.010000 14.100000 1.050000e+04
736727 14.210000 14.210000 14.130000 14.170000 8.400000e+03
736728 14.220000 14.220000 14.160000 14.160000 1.090000e+04
736729 14.190000 14.240000 14.180000 14.180000 2.460000e+04
736732 14.000000 14.270000 14.000000 14.250000 4.230000e+04
736733 14.210000 14.290000 14.170000 14.200000 4.560000e+04
736734 14.230000 14.250000 14.220000 14.250000 3.700000e+03
736735 14.260000 14.290000 14.260000 14.270000 2.020000e+04
736736 14.290000 14.310000 14.270000 14.310000 7.200000e+03
736739 14.340000 14.390000 14.330000 14.380000 8.400000e+03
736740 14.330000 14.420000 14.310000 14.420000 8.500000e+03
736741 14.380000 14.470000 14.320000 14.470000 1.730000e+04
736742 14.420000 14.660000 14.260000 14.540000 1.840000e+04
736743 14.500000 14.500000 14.460000 14.490000 7.400000e+03
736747 14.490000 14.550000 14.390000 14.460000 2.310000e+04
736748 14.550000 14.550000 14.460000 14.540000 1.590000e+04
736749 14.550000 14.660000 14.530000 14.660000 8.500000e+03
736750 14.630000 14.630000 14.430000 14.500000 1.970000e+04
736753 14.470000 14.540000 14.440000 14.530000 2.000000e+04
736754 14.470000 14.480000 14.380000 14.440000 1.430000e+04
736755 14.520000 14.620000 14.520000 14.620000 2.890000e+04
736756 14.690000 14.690000 14.340000 14.460000 3.040000e+04
736757 14.420000 14.480000 14.420000 14.460000 1.130000e+04
736760 14.450000 14.450000 14.390000 14.390000 1.090000e+04
736761 14.390000 14.450000 14.350000 14.400000 1.310000e+04
736762 14.380000 14.410000 14.280000 14.320000 7.700000e+04
736763 14.280000 14.280000 14.260000 14.280000 4.800000e+03
736764 14.280000 14.330000 14.250000 14.320000 1.450000e+04
