736034 25.743738 25.993677 25.291923 25.907160 1.139146e+05
736035 26.147486 26.676203 26.099420 26.676203 2.263872e+05
736036 26.628139 26.810785 26.349359 26.666590 1.991823e+05
736039 26.733880 27.185695 26.589685 26.906916 2.092760e+05
736040 26.772332 27.397180 26.647362 27.339503 2.110064e+05
736041 27.296037 27.692052 27.054565 27.682393 1.601445e+05
736042 27.634100 27.972159 27.469899 27.807960 1.364802e+05
736043 27.962502 28.522718 27.750006 27.817617 3.650096e+05
736046 27.788641 28.213632 27.440921 28.078408 3.462714e+05
736047 28.001137 28.426128 27.827276 28.339198 1.422755e+05
736048 28.522718 28.764190 28.010796 28.165338 3.086017e+05
736049 28.059090 28.590331 28.039774 28.551694 4.015203e+05
736050 28.513059 29.024980 28.252269 28.986345 2.473643e+05
736053 29.237475 30.444837 29.102250 29.807351 4.110826e+05
736054 29.807352 30.705630 29.778375 30.483473 3.358398e+05
736055 30.483472 31.063007 30.184047 30.473813 2.711252e+05
736056 30.425520 31.343116 30.425520 31.159594 2.007118e+05
736060 31.130619 31.613564 30.802216 31.072664 2.604038e+05
736061 31.101644 31.497659 30.985738 30.995395 2.067004e+05
736062 31.034031 31.391409 30.995395 31.227210 1.961722e+05
736063 31.294822 31.565269 30.995394 31.178912 1.700931e+05
736064 31.372091 31.372091 30.773241 30.947101 1.526105e+05
736067 31.005052 31.285161 30.937441 31.198231 1.505822e+05
736068 31.120961 31.372092 30.918122 31.140280 1.717352e+05
736069 31.169255 31.352773 30.860171 30.860171 1.371563e+05
736070 30.831193 30.860171 30.222684 30.473813 1.158102e+05
736071 30.242000 30.309612 29.923257 30.019846 1.343552e+05
736074 30.106775 30.715285 29.710761 30.609039 1.587922e+05
736075 30.724944 31.159594 30.609039 30.937440 1.233441e+05
736076 30.879486 31.082324 30.570402 30.976076 1.281735e+05
736077 30.956758 31.024370 30.715285 30.840852 9.398105e+04
736078 30.898806 31.063007 30.744263 30.956758 9.340152e+04
736081 30.908465 31.275504 30.415861 30.628356 1.343552e+05
736082 30.560743 31.285160 30.425520 31.034031 9.504353e+04
736083 30.763582 30.763582 30.087459 30.270978 1.169692e+05
736084 30.087459 30.319271 29.082935 29.140887 1.894109e+05
736085 29.092593 29.952234 29.092593 29.768715 1.344518e+05
736088 29.730080 30.213025 29.720420 30.106776 1.305883e+05
736089 30.155069 30.831193 30.039164 30.193706 2.549948e+05
736090 30.213025 30.560743 29.952234 30.502791 1.423721e+05
736091 30.406202 30.831193 30.097117 30.657333 1.174522e+05
736092 30.956758 31.545951 30.956758 31.120961 1.554116e+05
736095 31.188573 32.038553 31.188573 31.304479 1.988766e+05
736096 31.275504 31.275504 30.840853 31.005052 1.685477e+05
736097 31.014713 31.140280 30.686310 30.879487 1.256622e+05
736098 30.947101 31.999921 30.947101 31.999921 1.569570e+05
736099 31.990260 32.086851 31.603906 31.806742 1.274008e+05
736102 31.603906 32.347641 31.603906 32.115826 1.835190e+05
736103 32.115827 32.531159 32.048214 32.280026 2.289158e+05
736104 32.376616 32.415253 31.700493 31.826060 1.942404e+05
736105 31.719812 31.961284 30.367567 30.753922 3.905091e+05
736106 30.338590 31.111300 30.338590 30.666992 2.250523e+05
736110 30.493132 30.811876 30.087459 30.415861 2.140411e+05
736111 30.232341 30.531769 30.039164 30.435179 2.353873e+05
736112 30.328930 31.149936 30.048823 30.618698 3.848104e+05
736113 30.618698 31.024370 30.155069 30.193706 4.503943e+05
736116 30.029504 30.580062 29.952233 30.531768 2.984599e+05
736117 30.290296 30.744263 30.261318 30.618698 2.280465e+05
736118 30.763581 31.178913 30.531769 31.169255 1.777237e+05
736119 30.995395 31.169255 30.415861 30.715286 1.074069e+05
736120 30.773242 30.773242 30.106777 30.270978 1.678716e+05
736123 30.319271 30.638015 29.797692 29.874963 1.482640e+05
736124 29.932917 30.126095 29.730081 29.797692 1.330996e+05
736125 30.048824 30.976077 30.048824 30.782900 1.885416e+05
736126 30.782900 31.005052 30.406202 30.715286 8.258355e+04
736127 30.541428 30.898806 30.348249 30.705629 1.133954e+05
736130 30.594078 30.729878 30.128472 30.244874 1.100960e+05
736131 30.303075 30.710478 30.264275 30.671679 1.642225e+05
736132 30.817179 30.933579 30.661978 30.739579 9.709788e+04
736133 30.797779 31.321585 30.797779 31.079083 1.720796e+05
736134 31.108182 31.340985 30.904481 31.146983 2.141779e+05
736137 31.282783 31.932687 31.282783 31.893890 1.441433e+05
736138 31.932687 31.971488 31.544685 31.952088 1.267801e+05
736139 31.437985 31.777486 30.594078 31.370084 2.117529e+05
736140 31.389485 32.078190 31.292481 32.049091 3.221399e+05
736141 32.204292 32.873596 32.010290 32.728098 5.148807e+05
736144 32.669896 32.795998 31.709586 31.719288 1.975908e+05
736145 31.971489 32.262490 31.467084 31.564087 2.181550e+05
736146 31.922989 31.952089 31.476786 31.534984 2.302801e+05
736147 31.612587 31.796887 31.137280 31.418584 1.449193e+05
736151 31.059681 31.583487 31.059681 31.185784 1.828467e+05
736152 31.292481 31.350684 30.516475 31.166383 1.667445e+05
736153 30.914182 31.040282 30.535877 30.729879 1.826527e+05
736154 31.059682 31.243983 30.729879 30.817180 1.336672e+05
736155 31.282783 31.564087 31.127582 31.476786 9.496386e+04
736158 31.796887 31.971489 31.534984 31.893890 1.086410e+05
736159 31.922989 32.184891 31.709586 32.049091 1.373532e+05
736160 32.107289 32.184892 31.554385 31.767788 1.276532e+05
736161 32.078190 32.078190 31.709586 31.961790 1.490903e+05
736162 32.010291 32.010291 31.447684 31.699888 9.176283e+04
736165 31.816288 31.816288 30.952981 31.088781 1.509334e+05
736166 30.991782 31.224582 30.390375 30.700778 1.822647e+05
736167 30.487376 30.914181 30.487376 30.797779 7.895872e+04
736168 30.875380 30.875380 30.060573 30.225474 1.235791e+05
736169 30.099373 30.235174 29.808370 29.827770 1.040819e+05
736172 29.730770 29.876270 29.400966 29.672569 8.652478e+04
736173 29.740470 30.031471 29.303965 29.982972 9.777689e+04
736174 29.847171 30.768678 29.847171 30.642578 1.130060e+05
736175 30.429177 31.670790 30.322475 31.496187 2.291161e+05
736176 31.534984 31.534984 30.991782 31.243982 1.540374e+05
736179 31.166383 31.796886 31.156681 31.748387 1.612155e+05
736180 31.777486 32.175190 31.447683 31.777486 1.326972e+05
736181 31.942389 32.252792 31.787187 31.952088 1.026269e+05
736182 32.058789 32.155793 31.796887 32.126690 2.570523e+05
736183 31.922989 32.068492 31.340985 31.651388 1.262951e+05
736186 31.816287 32.136392 31.554385 31.719288 1.243551e+05
736187 31.399184 32.000592 31.379783 31.651388 1.101930e+05
736188 31.370084 31.767788 30.836581 31.651388 7.517568e+04
736189 31.641686 32.010290 31.457385 31.651388 1.155280e+05
736190 31.496186 32.650496 31.496186 32.572897 8.633078e+04
736193 32.437093 32.825097 32.184892 32.553496 1.301752e+05
736194 32.631095 32.728099 32.000592 32.204293 9.050182e+04
736195 32.000593 32.010291 31.040282 31.583488 8.788280e+04
736196 30.749279 32.825097 30.157573 31.602888 2.345481e+05
736197 30.943281 30.991783 29.303966 29.362167 2.971137e+05
736200 27.713151 28.983862 26.597641 28.101154 3.327130e+05
736201 29.090563 29.556167 28.139955 28.159356 1.780936e+05
736202 28.848061 29.556167 28.401858 29.284566 2.192220e+05
736203 29.507667 29.604668 27.208746 27.926554 4.188498e+05
736204 27.761653 28.227256 27.490049 28.004155 2.489043e+05
736207 27.868353 27.868353 27.363947 27.451248 1.925467e+05
736208 27.063245 27.625850 26.578240 26.752842 2.084549e+05
736209 27.053544 27.053544 26.229039 26.908044 3.118578e+05
736210 26.956545 27.169946 26.617042 26.723741 1.681025e+05
736211 26.355139 26.801342 26.355139 26.626742 1.154310e+05
736215 27.082645 27.092346 26.617042 26.811042 1.304662e+05
736216 26.975943 27.063245 26.364839 26.384240 1.557834e+05
736217 26.316338 27.218446 26.267839 26.733442 1.536494e+05
736218 26.636440 27.034145 26.413339 26.549141 1.578204e+05
736221 26.563763 26.904949 26.466281 26.680742 1.218521e+05
736222 26.641747 27.148652 26.602756 26.963437 1.558732e+05
736223 27.002431 27.002431 26.398044 26.534517 1.128838e+05
736224 26.437037 27.158402 26.310310 26.817215 1.412510e+05
736225 26.349305 26.904949 25.998369 26.086103 3.488870e+05
736228 26.320059 27.324122 26.271319 26.943941 1.908692e+05
736229 26.651496 26.651496 25.686427 25.783910 1.023558e+05
736230 25.881389 26.056857 25.579197 25.744916 1.119090e+05
736231 25.598694 25.764413 25.481715 25.637686 1.359870e+05
736232 25.754665 25.881390 25.354990 25.481715 1.589927e+05
736235 25.267256 25.491464 24.926070 25.033300 2.285946e+05
736236 24.974812 25.413479 24.974812 25.189271 1.104468e+05
736237 25.520709 25.705925 24.497150 25.199019 2.736311e+05
736238 25.199019 25.345241 24.565389 24.916321 1.523639e+05
736239 24.711611 25.033300 24.224202 25.013804 1.779041e+05
736242 25.130783 25.725419 25.130783 25.657183 1.191226e+05
736243 25.627939 25.783910 25.345241 25.559700 1.275061e+05
736244 25.725419 26.310311 25.725419 26.164088 2.000324e+05
736245 26.154340 26.388296 25.647434 26.290813 1.329650e+05
736246 26.398044 26.787971 26.310311 26.680742 1.209748e+05
736249 26.709986 27.177897 26.632000 27.021926 1.013810e+05
736250 26.904948 27.177896 26.407792 26.427289 1.235093e+05
736251 26.456531 26.641747 25.861895 25.871643 9.173028e+04
736252 25.988620 26.612502 25.822901 26.602756 8.441915e+04
736253 26.680741 26.680741 26.066606 26.534517 9.709177e+04
736256 26.495525 27.041422 26.388295 27.031674 7.535335e+04
736257 27.002431 27.567825 26.417540 27.343615 1.084971e+05
736258 27.333870 27.753039 27.148653 27.177897 1.038180e+05
736259 27.411855 27.704299 26.807467 27.324121 1.075223e+05
736260 27.480092 27.519083 27.012178 27.265630 1.006986e+05
736263 27.158402 27.236387 26.212827 26.953689 8.354181e+04
736264 26.865955 27.324121 26.865955 27.119408 1.172705e+05
736265 27.158402 27.948003 27.158402 27.948003 1.695207e+05
736266 27.899263 27.977248 26.661244 27.850521 1.237043e+05
736267 27.762787 27.977248 27.109658 27.197393 1.177579e+05
736270 27.255882 27.909009 26.739230 27.840772 8.227455e+04
736271 27.694550 27.753038 26.339554 27.577573 8.597886e+04
736272 27.616565 27.831024 27.187645 27.333869 5.946384e+04
736273 27.411854 27.762787 27.129156 27.723795 4.503654e+04
736274 27.606817 28.211205 27.343616 28.152714 8.246952e+04
736277 28.064982 28.133220 27.782284 28.045485 1.068399e+05
736278 27.840772 28.201455 27.470342 27.577573 1.896994e+05
736279 27.762788 27.860269 26.934192 26.982934 1.096669e+05
736280 26.173836 26.368798 23.444348 23.473593 5.618845e+05
736281 23.200643 23.337120 22.167338 22.615755 3.335824e+05
736284 22.644999 23.307874 22.576761 23.239637 1.686433e+05
736285 23.317622 23.795282 22.908199 23.025178 1.727376e+05
736286 23.132406 24.409417 22.635248 23.015429 1.688383e+05
736287 23.073918 23.649060 21.504462 21.806657 3.022907e+05
736288 21.952878 22.294065 21.913886 22.167338 1.736149e+05
736291 22.216080 22.498776 21.933382 22.313560 1.456377e+05
736292 22.284317 22.430538 21.757915 21.894388 1.320877e+05
736293 21.904137 22.040613 21.728672 21.982122 1.287733e+05
736295 22.030863 22.401294 21.943130 22.294065 7.262386e+04
736298 21.913886 21.933382 20.900077 21.075544 4.738585e+05
736299 21.241263 21.767663 21.046299 21.241263 6.575141e+05
736300 21.426478 22.069856 21.426478 21.826152 1.687408e+05
736301 22.037009 22.144891 21.105316 21.252426 1.634877e+05
736302 21.242618 21.880092 21.105316 21.811442 1.060169e+05
736305 21.938938 22.105662 21.144544 21.458378 1.607417e+05
736306 21.164160 21.281848 20.791483 20.879749 1.771199e+05
736307 20.918977 21.232811 20.713025 20.918977 3.362924e+05
736308 20.968012 21.477993 20.713025 20.791483 3.667931e+05
736309 20.585529 22.007589 20.585529 21.527031 5.553876e+05
736312 21.576067 21.752598 20.968013 21.232811 2.826465e+05
736313 21.448572 21.605489 20.850326 20.948400 3.283485e+05
736314 21.173967 21.585874 20.879749 21.487801 3.550244e+05
736315 21.576066 21.762406 21.124931 21.448572 2.915711e+05
736316 21.340691 21.340691 20.693409 20.791483 4.454477e+05
736319 20.987628 21.124932 20.713025 20.879749 1.570149e+05
736320 20.997436 21.183774 20.693409 21.173967 2.249795e+05
736321 21.419150 21.889900 20.879749 21.713368 1.423040e+05
736322 21.693755 21.762406 21.536836 21.576066 5.962840e+04
736326 21.409342 21.948743 21.340691 21.919322 1.282795e+05
736327 21.987973 22.193925 21.909514 21.968358 1.192568e+05
736328 21.948743 21.987974 21.477994 21.615297 1.064092e+05
736329 21.536837 21.536837 21.193583 21.223003 1.306333e+05
736333 20.869942 20.948401 20.163814 20.408997 2.301774e+05
736334 20.526685 21.017050 20.330539 20.987628 1.482864e+05
736335 20.752253 21.556452 20.644372 20.909170 2.177221e+05
736336 20.477648 20.673795 20.016705 20.104971 1.817293e+05
736337 20.095164 20.565913 19.644029 19.683257 2.782332e+05
736340 19.869595 20.222659 19.506724 19.820558 1.644685e+05
736341 20.065741 20.065741 19.447882 19.810753 5.006628e+05
736342 19.899018 20.536493 18.731948 18.820215 2.586186e+05
736343 18.869251 19.271350 18.584840 19.075205 2.031092e+05
736344 18.624068 19.035975 17.917942 19.006552 2.161530e+05
736348 19.202699 19.202699 17.702181 17.908135 2.332177e+05
736349 17.604109 18.378885 17.319696 18.084667 2.296870e+05
736350 18.133704 18.241584 17.770834 17.790447 1.614282e+05
736351 17.966979 18.486766 17.898328 18.310235 1.619186e+05
736354 18.300427 19.045782 17.662952 17.888520 1.703528e+05
736355 17.937558 18.820215 17.937558 18.741757 1.602513e+05
736356 19.075205 19.879403 18.594646 19.094818 2.346888e+05
736357 19.232122 19.290965 18.830023 19.035975 1.138628e+05
736358 19.045783 20.144202 19.045783 20.124586 2.309620e+05
736361 20.006898 20.399189 19.693064 20.173622 1.819255e+05
736362 19.948054 19.987282 19.526340 19.800945 1.786891e+05
736363 19.938246 20.605143 19.565570 19.859788 1.365177e+05
736364 19.722487 20.242272 19.575375 19.761715 9.777881e+04
736365 19.683257 20.340346 19.634221 19.810753 2.062476e+05
736368 19.447882 20.330540 18.771178 19.173277 2.111512e+05
736369 18.830022 19.408653 18.369078 18.947709 1.987940e+05
736370 19.045782 22.213541 18.820215 18.918288 1.675087e+05
736371 18.565224 19.075205 18.457344 19.035975 1.533862e+05
736372 19.114433 19.761715 18.947709 19.722487 1.231797e+05
736376 20.055936 20.732638 19.673449 20.438420 1.864368e+05
736377 20.565914 21.056279 20.281503 20.771868 1.862407e+05
736378 20.781676 21.173967 20.497263 20.938592 1.625070e+05
736379 20.840519 21.134737 20.663988 21.036666 1.192568e+05
736382 21.438765 21.438765 20.899362 20.977820 1.749623e+05
736383 20.928784 21.419150 20.693409 21.301461 1.270046e+05
736384 21.046471 21.713368 20.771868 21.654525 1.691760e+05
736385 23.802324 25.498988 23.292344 24.734017 3.227583e+05
736386 24.851706 26.656250 24.763440 26.656250 4.026879e+05
736389 26.567983 27.421217 26.567983 26.921047 3.445305e+05
736390 27.077965 27.842933 26.832782 27.431026 3.935671e+05
736391 27.440833 27.960620 26.989697 27.784089 2.087975e+05
736392 27.499679 28.352913 27.185843 28.284262 2.473402e+05
736393 28.323490 28.411756 26.793552 27.274109 2.035015e+05
736396 27.460448 27.823319 27.381989 27.735053 3.952343e+05
736397 27.784089 28.715784 27.784089 28.392143 2.848041e+05
736398 28.343106 28.794242 28.245032 28.617710 2.227238e+05
736399 28.617711 28.745204 27.077965 27.274109 2.406712e+05
736400 27.744861 28.931544 27.744861 28.911929 2.472421e+05
736403 28.931543 29.333643 28.578479 28.725591 1.678030e+05
736404 28.607903 28.911929 27.391797 27.548714 3.038302e+05
736405 27.323147 28.666747 27.215266 28.245032 2.995150e+05
736406 28.028142 28.816834 27.643656 28.797116 1.992433e+05
736407 28.875987 29.142168 28.747823 28.836551 4.329919e+05
736410 28.728106 29.122454 27.604221 28.895703 1.986518e+05
736411 28.609802 28.895702 28.107011 28.875987 1.929338e+05
736412 28.816834 29.171745 28.028142 28.274608 2.216225e+05
736413 28.185880 28.294326 27.821109 28.107011 1.564568e+05
736417 28.294326 28.609802 27.781676 28.304183 1.692730e+05
736418 28.284468 29.447788 28.205599 29.349201 1.931310e+05
736419 29.418211 29.990013 28.659095 29.398494 2.368048e+05
736420 29.487223 30.571675 29.339343 29.881568 4.812993e+05
736421 28.875987 28.974571 27.515492 28.333760 3.228708e+05
736424 28.156303 28.964713 28.156303 28.392911 2.705214e+05
736425 28.264750 28.599944 27.781676 27.870404 2.301009e+05
736426 27.890122 28.195739 27.673231 28.116870 1.549780e+05
736427 27.870403 28.067575 27.259167 27.318318 3.015761e+05
736428 27.594361 28.087294 27.249307 27.426764 2.181719e+05
736431 27.515492 27.535209 26.845103 26.854962 1.772585e+05
736432 26.914113 27.604220 26.864821 27.485915 2.002292e+05
736433 27.692948 28.284468 27.229592 28.254891 1.579356e+05
736434 28.284467 28.284467 27.712666 27.761958 1.085437e+05
736435 27.653512 28.245032 27.604220 27.880263 1.124872e+05
736438 27.801393 28.205598 27.545068 27.752099 3.055196e+05
736439 27.791535 28.097153 27.722525 28.087294 1.712448e+05
736440 28.205598 28.560508 28.047860 28.412629 1.327960e+05
736441 28.392911 28.392911 27.338037 27.416905 1.564568e+05
736442 27.407046 27.485915 26.943690 27.091570 1.593158e+05
736445 27.022560 27.722525 26.864821 27.604220 2.599726e+05
736446 27.683089 27.840828 27.328177 27.633797 1.275709e+05
736447 27.564785 28.609803 27.071852 27.732382 1.578370e+05
736448 27.574644 27.968992 27.456341 27.702807 1.494571e+05
736449 27.584502 27.663370 26.164858 27.308461 3.409121e+05
736452 27.436623 27.870404 27.239449 27.722525 1.902719e+05
736453 27.456339 27.564784 26.618354 26.766234 9.237555e+04
736454 26.687366 27.061996 26.460617 26.470476 1.546822e+05
736455 26.647932 27.032418 26.214150 26.588778 1.628649e+05
736456 26.569063 27.061995 25.997261 26.736660 3.043365e+05
736459 26.716942 27.791535 26.460617 27.692948 1.607946e+05
736460 27.752101 28.028143 27.594362 27.909838 1.722306e+05
736461 27.761958 28.156303 27.505633 28.018283 1.836666e+05
736462 28.097153 28.333760 27.131005 27.860545 1.906663e+05
736463 27.801393 27.801393 27.180297 27.554927 1.311200e+05
736466 27.633797 28.294326 27.219733 28.077435 1.749910e+05
736467 27.959133 28.274609 26.598638 26.746517 1.772585e+05
736468 26.647932 27.150724 26.352172 27.081711 2.197493e+05
736469 26.953550 27.239449 26.460617 26.716942 1.934267e+05
736470 26.904257 27.505633 26.509909 27.485915 1.680900e+05
736473 27.584503 27.683089 26.450758 26.539486 2.338472e+05
736474 26.588778 27.288743 26.431040 27.071852 2.947736e+05
736475 27.190156 27.623936 27.091569 27.466199 1.382183e+05
736476 27.978848 28.097152 24.932527 26.756375 4.072608e+05
736477 26.716942 27.919697 26.628214 27.633797 1.674985e+05
736481 28.087294 29.368919 28.057717 29.290048 5.385780e+05
736482 29.092877 29.516799 28.609803 29.221038 9.884283e+05
736483 29.221038 29.546373 28.925279 29.516799 1.800189e+05
736484 29.575950 29.674537 28.530935 29.053441 1.707518e+05
736487 29.280192 29.585809 28.797116 29.221038 1.499501e+05
736488 29.526658 29.575950 29.230897 29.378776 1.197826e+05
736489 29.516799 29.556232 29.152028 29.309766 1.126844e+05
736490 29.073159 29.260473 28.915420 29.201322 1.129801e+05
736491 29.092876 29.240756 28.590085 28.698531 1.171208e+05
736494 28.550649 28.777400 28.235173 28.422488 9.691053e+04
736495 28.263925 28.442310 27.837786 28.382847 1.267516e+05
736496 28.521592 28.739615 28.224284 28.442310 1.171387e+05
736497 28.283747 28.888269 28.085542 28.878358 1.118863e+05
736498 28.967550 29.036920 28.353118 29.017102 2.734228e+05
736501 28.997280 29.552252 28.997280 29.264857 1.769964e+05
736502 29.235126 29.532432 28.858539 29.502702 1.245714e+05
736503 29.502702 29.552253 29.007191 29.046831 8.820089e+04
736504 29.472971 29.671176 29.116202 29.383779 1.532119e+05
736505 27.986439 28.799076 27.362097 28.442310 2.951261e+05
736508 28.095451 28.204462 27.510749 27.857607 2.515212e+05
736509 27.976528 28.531501 27.659401 27.976528 2.624224e+05
736510 28.392758 28.640513 27.570210 28.630602 2.321963e+05
736511 28.828807 30.305429 28.709884 30.305429 4.618159e+05
736512 30.226147 30.354979 29.899110 30.018034 2.966127e+05
736516 29.899110 30.206326 29.482881 29.958571 1.771946e+05
736517 29.681086 30.345070 29.671175 30.255878 9.563355e+04
736518 30.285607 30.513544 30.057673 30.345070 9.880481e+04
736519 30.672108 31.058605 30.473902 30.642376 2.716389e+05
736522 30.721657 30.959502 30.533362 30.582915 1.297247e+05
736523 30.662197 31.038784 30.523452 30.701837 1.270489e+05
736524 30.771208 30.880222 30.563095 30.850490 1.342834e+05
736525 31.068516 31.197349 30.830672 30.939682 1.317067e+05
736526 31.137886 31.137886 30.523452 30.563094 1.022734e+05
736529 30.632465 30.929771 30.374800 30.473902 1.069312e+05
736530 30.434261 30.662198 30.305429 30.444171 7.125443e+04
736531 30.513545 30.850490 30.394621 30.523453 6.877687e+04
736532 30.067584 30.860400 30.067584 30.543274 7.125443e+04
736533 30.563094 30.870311 30.255878 30.751389 6.124511e+04
736536 30.721657 31.127976 30.354978 31.127976 1.027689e+05
736537 31.028874 31.336092 30.989234 31.276629 9.850751e+04
736538 31.405463 31.663129 31.207258 31.663129 2.157453e+05
736539 31.613576 31.613576 30.295518 30.622555 1.516262e+05
736540 30.523452 31.217168 30.295518 31.217168 1.615365e+05
736543 31.137887 32.703700 30.791029 31.236989 2.327909e+05
736544 31.167618 31.316271 30.483813 30.543274 1.300220e+05
736545 30.434261 30.434261 29.641445 29.998213 1.177333e+05
736546 29.968481 30.810849 29.780186 30.008123 8.790358e+04
736547 30.196416 31.048695 30.196416 31.009055 1.424097e+05
736550 30.840582 31.009055 30.394621 30.939682 1.015797e+05
736551 30.929772 31.286540 30.721658 31.177527 1.238777e+05
736552 31.217169 31.217169 30.672108 30.989234 7.155173e+04
736553 30.999144 31.236988 30.275697 30.563094 2.504311e+05
736554 30.463992 30.751389 30.206326 30.711747 1.362654e+05
736557 30.751389 31.187436 30.275697 30.424352 1.998890e+05
736558 30.345070 30.662197 29.740546 29.879289 1.602481e+05
736559 29.869378 30.186505 29.116202 29.334228 1.705548e+05
736560 30.434261 32.000076 29.948660 31.524384 4.452658e+05
736561 31.445104 31.514474 30.820761 31.355911 1.480586e+05
736564 31.246900 31.603666 30.721658 31.236989 2.016728e+05
736565 31.772141 33.585708 31.573937 32.287473 3.472538e+05
736566 32.337023 32.683879 32.099176 32.396482 1.771946e+05
736567 32.317203 32.634329 32.109090 32.634329 2.055378e+05
736568 32.584779 32.654150 32.059535 32.079356 1.597526e+05
736571 32.247832 32.475765 31.891063 32.128906 1.925554e+05
736572 32.009984 32.683879 31.960434 32.158639 1.845281e+05
736573 32.198282 32.346932 31.524385 31.732500 2.065288e+05
736574 31.821692 31.821692 31.326182 31.712679 1.557885e+05
736575 31.851421 32.594687 31.474834 32.564958 1.195172e+05
736579 32.594686 32.594686 31.871242 32.069447 1.163459e+05
736580 31.920792 32.079356 31.127976 31.673037 1.937446e+05
736581 31.504566 31.772142 31.038785 31.137887 1.120845e+05
736582 30.820760 31.018963 30.037852 30.067584 1.050482e+05
736585 29.790097 30.265789 29.790097 30.067584 1.311121e+05
736586 29.770278 29.918931 29.463061 29.482881 1.611400e+05
736587 29.582486 30.200032 28.606362 29.273711 1.489085e+05
736588 29.154186 29.652208 28.755770 29.472920 2.677364e+05
736589 29.433077 29.781693 29.014739 29.293632 2.132529e+05
736592 29.343434 29.542644 28.895216 29.064543 1.397449e+05
736593 29.084464 29.313553 28.556560 28.775689 1.323742e+05
736594 28.875293 29.323514 28.686044 29.074503 1.417370e+05
736595 29.074504 29.263750 28.855373 29.253792 2.650471e+05
736596 29.253792 29.253792 28.686046 28.696006 1.480120e+05
736599 28.506759 28.705966 28.297589 28.377272 1.295852e+05
736600 28.267708 28.686046 27.849370 28.158144 2.250062e+05
736601 28.108340 28.646204 28.028657 28.636244 1.722159e+05
736602 28.566520 28.626283 28.247787 28.496798 1.565780e+05
736603 28.387233 28.915137 28.247788 28.805571 2.231137e+05
736606 28.666126 28.666126 28.068499 28.506759 2.346678e+05
736607 28.437034 28.974898 28.437034 28.745809 1.106604e+05
736608 28.895215 28.994820 28.666126 28.875294 1.322745e+05
736609 28.865334 28.954977 28.735848 28.875294 1.081703e+05
736610 28.875294 28.964938 28.636244 28.705967 1.382508e+05
736613 28.676086 29.044621 28.676086 28.925097 1.204216e+05
736614 28.915137 29.124305 28.656164 28.875294 1.064770e+05
736615 28.865333 29.243831 28.755769 29.114344 8.755220e+04
736616 28.895214 28.984858 28.636243 28.745809 1.007996e+05
736617 28.845412 28.935056 28.646204 28.755770 2.029936e+05
736620 28.855373 29.064543 28.626284 28.656165 2.198268e+05
736621 28.905175 29.363355 28.247787 28.287628 1.724151e+05
736622 28.257748 28.377272 27.470873 28.078460 1.823755e+05
736623 28.088421 28.357350 27.450951 27.540596 1.230113e+05
736624 27.341388 27.450951 27.162099 27.341388 1.162382e+05
736627 27.560517 27.988815 27.560517 27.869290 9.970393e+04
736628 27.819488 27.859329 27.570477 27.839410 9.701461e+04
736629 27.680043 27.909132 27.460912 27.500755 1.264975e+05
736630 27.660122 27.719884 27.251745 27.411111 8.346843e+04
736631 27.391190 27.630240 27.172061 27.530635 8.546051e+04
736634 27.480833 27.889211 27.331428 27.889211 2.694297e+05
736635 27.829450 27.988816 27.560517 27.809528 1.585701e+05
736636 27.819489 27.998778 27.670084 27.699963 1.633511e+05
736637 27.759727 27.869290 27.291585 27.351347 1.124533e+05
736638 27.540595 28.626283 27.540595 27.829449 2.083722e+05
736641 28.297588 28.666125 27.759726 28.586442 1.392468e+05
736642 28.526678 29.024700 28.227866 28.775689 1.196248e+05
736643 28.476877 30.110388 28.008737 30.000824 2.392496e+05
736644 30.180110 35.220091 29.164148 34.582623 5.609716e+05
736645 34.702147 35.658348 33.467052 35.409337 4.552914e+05
736648 35.399379 37.660397 35.020881 36.883481 2.844700e+05
736649 36.833680 37.032889 35.867516 36.744035 2.174362e+05
736650 36.744036 37.042849 35.578667 36.913365 1.715187e+05
736651 37.062768 37.062768 36.216133 36.714155 1.510998e+05
736652 36.873522 37.381503 36.594632 37.381503 1.388484e+05
736655 37.291859 37.361581 36.544827 36.873522 1.362587e+05
736656 36.883482 37.381504 36.006967 37.162376 1.945273e+05
736657 36.943245 37.560790 36.823720 37.092653 8.028109e+04
736659 36.953202 37.530909 36.704191 37.291858 7.669533e+04
736662 37.252019 37.471146 36.793836 37.082690 1.197244e+05
736663 37.261978 37.750041 37.112570 37.510989 1.479124e+05
736664 37.630514 37.630514 35.857558 36.066726 1.945273e+05
736665 35.997002 36.973125 35.738033 36.176291 2.128544e+05
736666 36.295815 36.803799 36.016924 36.714155 1.721163e+05
736669 36.704192 37.610592 36.046805 37.252020 1.775945e+05
736670 37.501031 38.009011 36.734076 37.760000 1.363583e+05
736671 37.910000 38.020000 37.099998 37.750000 1.588000e+05
736672 37.590000 38.709999 37.450001 38.290001 1.674000e+05
736673 38.410000 39.580002 37.910000 38.500000 1.571000e+05
736676 38.189999 38.730000 36.439999 37.160000 2.826000e+05
736677 37.259998 37.919998 36.799999 37.759998 2.490000e+05
736678 37.750000 38.009998 36.709999 36.869999 1.544000e+05
736679 36.759998 37.970001 36.369999 37.939999 1.632000e+05
736680 38.080002 38.419998 37.320000 37.459999 1.222900e+06
736683 37.580002 38.860001 37.580002 38.669998 1.876000e+05
736684 38.900002 38.910000 38.259998 38.770000 1.278000e+05
736685 38.599998 39.389999 38.599998 38.779999 2.211000e+05
736686 38.919998 39.959999 38.639999 38.880001 1.872000e+05
736687 38.810001 39.430000 38.759998 39.389999 9.680000e+04
736691 39.299999 39.810001 39.049999 39.369999 1.422000e+05
736692 39.439999 39.660000 38.990002 39.439999 1.162000e+05
736693 39.470001 39.830002 39.270000 39.630001 9.440000e+04
736694 39.680000 39.680000 38.840000 39.540001 2.231000e+05
736698 39.900002 39.950001 39.200001 39.590000 1.698000e+05
736699 39.840000 40.240002 39.549999 40.099998 1.758000e+05
736700 40.000000 40.189999 38.700001 39.639999 2.337000e+05
736701 39.840000 39.840000 38.919998 39.369999 2.016000e+05
736704 39.099998 39.849998 38.650002 39.610001 2.298000e+05
736705 39.639999 40.169998 39.459999 40.000000 1.101000e+05
736706 39.959999 40.380001 39.340000 40.330002 2.034000e+05
736707 40.040001 40.040001 38.869999 39.660000 1.492000e+05
736708 39.910000 39.919998 39.230000 39.549999 1.373000e+05
736712 39.220001 39.700001 38.770000 39.020000 2.080000e+05
736713 39.240002 39.340000 38.630001 39.299999 1.311000e+05
736714 39.320000 39.439999 38.549999 38.830002 1.550000e+05
736715 38.709999 39.099998 38.259998 38.630001 1.852000e+05
736718 38.639999 39.090000 38.209999 38.580002 1.214000e+05
736719 38.619999 38.830002 38.200001 38.680000 1.275000e+05
736720 38.880001 39.439999 38.630001 38.759998 9.630000e+04
736721 38.790001 38.869999 37.990002 38.139999 9.700000e+04
736722 38.180000 38.490002 37.720001 38.049999 1.002000e+05
736725 37.869999 38.090000 37.139999 37.869999 1.445000e+05
736726 37.740002 38.139999 37.500000 37.860001 1.422000e+05
736727 38.060001 38.799999 38.060001 38.419998 1.379000e+05
736728 38.480000 38.549999 37.790001 38.299999 1.507000e+05
736729 38.490002 38.730000 38.290001 38.630001 1.211000e+05
736732 38.360001 38.560001 37.360001 37.700001 1.489000e+05
736733 37.810001 38.180000 37.209999 37.709999 1.400000e+05
736734 37.480000 37.840000 36.990002 37.590000 9.690000e+04
736735 37.689999 38.869999 37.650002 38.750000 1.193000e+05
736736 38.900002 39.049999 38.430000 38.930000 7.760000e+04
736739 39.049999 39.369999 38.580002 38.880001 1.126000e+05
736740 38.680000 39.040001 38.360001 38.630001 9.890000e+04
736741 38.419998 39.029999 38.310001 38.880001 9.730000e+04
736742 38.910000 39.099998 38.580002 38.900002 9.820000e+04
736743 38.900002 39.040001 38.369999 38.709999 1.601000e+05
736747 38.959999 39.590000 38.799999 39.180000 9.810000e+04
736748 39.060001 39.080002 38.369999 38.869999 1.504000e+05
736749 39.369999 39.599998 37.490002 37.590000 3.734000e+05
736750 37.410000 39.669998 36.590000 37.509998 1.902000e+05
736753 37.340000 37.419998 36.529999 36.540001 2.050000e+05
736754 36.299999 36.529999 34.820000 34.900002 4.475000e+05
736755 35.220001 35.599998 34.560001 34.779999 2.126000e+05
736756 34.689999 35.020000 34.099998 34.250000 1.539000e+05
736757 33.980000 34.230000 32.939999 33.619999 2.145000e+05
736760 33.570000 33.660000 33.209999 33.599998 2.106000e+05
736761 33.590000 33.639999 32.220001 32.279999 3.270000e+05
736762 32.299999 32.779999 32.299999 32.380001 1.807000e+05
736763 32.349998 32.709999 31.830000 31.889999 1.826000e+05
736764 32.099998 32.290001 31.490000 31.540001 1.263000e+05
