736034 4.462631 4.562355 4.421080 4.462631 1.870648e+05
736035 4.479251 4.578975 4.437700 4.446010 1.701118e+05
736036 4.495872 4.495872 4.404459 4.437700 1.155132e+05
736039 4.429390 4.520803 4.429390 4.512493 8.634402e+04
736040 4.520803 4.545734 4.479252 4.520803 9.723051e+04
736041 4.520803 4.587286 4.446010 4.570665 5.941865e+04
736042 4.554044 4.570665 4.487562 4.545734 6.365690e+04
736043 4.562355 4.612217 4.562355 4.587286 8.169026e+04
736046 4.603907 4.637148 4.570665 4.612217 1.102777e+05
736047 4.628837 4.645458 4.562355 4.562355 9.365709e+04
736048 4.595596 4.595596 4.529113 4.545734 5.011111e+04
736049 4.570665 4.570665 4.529113 4.554044 8.260437e+04
736050 4.601735 4.601735 4.501333 4.509700 9.178369e+04
736053 4.492967 4.509700 4.451133 4.476233 7.663980e+04
736054 4.484600 4.534801 4.476233 4.518067 5.563916e+04
736055 4.534801 4.551534 4.501334 4.526434 7.647247e+04
736056 4.543168 4.593368 4.543168 4.568268 2.296684e+05
736060 4.568268 4.626836 4.568268 4.576635 6.961171e+04
736061 4.593368 4.601735 4.551534 4.551534 6.208159e+04
736062 4.568268 4.610102 4.534800 4.551534 7.245641e+04
736063 4.559901 4.576635 4.526434 4.534801 5.714519e+04
736064 4.559901 4.559901 4.509701 4.534801 9.588343e+04
736067 4.509701 4.551535 4.501334 4.534801 7.730915e+04
736068 4.551534 4.618468 4.551534 4.593368 1.386377e+05
736069 4.585002 4.710503 4.585002 4.685403 1.270916e+05
736070 4.702136 4.743970 4.702136 4.718870 1.045012e+05
736071 4.727236 4.743970 4.677036 4.702136 7.095038e+04
736074 4.710503 4.727237 4.693770 4.718870 9.287138e+04
736075 4.710503 4.718870 4.685403 4.718870 6.199792e+04
736076 4.718870 4.752337 4.702136 4.710503 8.408624e+04
736077 4.718870 4.819272 4.710504 4.777438 8.910633e+04
736078 4.785805 4.810905 4.769071 4.769071 5.078642e+04
736081 4.785805 4.827639 4.769071 4.777438 8.467193e+04
736082 4.826290 4.826290 4.784176 4.792599 4.127194e+04
736083 4.801021 4.826290 4.767330 4.767330 6.190791e+04
736084 4.758907 4.775753 4.733638 4.750484 5.508540e+04
736085 4.758907 4.758907 4.691524 4.699947 1.730052e+05
736088 4.708371 4.758908 4.699948 4.742062 7.925898e+04
736089 4.758907 4.792599 4.683102 4.716793 1.511901e+05
736090 4.742062 4.750485 4.489376 4.565182 2.380296e+05
736091 4.548336 4.590450 4.497799 4.590450 1.655089e+05
736092 4.556759 4.632565 4.556759 4.582028 1.115185e+05
736095 4.615719 4.657833 4.598873 4.607296 5.676997e+04
736096 4.632565 4.657834 4.565182 4.632565 9.425164e+04
736097 4.640988 4.640988 4.531491 4.582028 1.157299e+05
736098 4.624142 4.624142 4.472530 4.548336 2.231211e+05
736099 4.539913 4.565182 4.497799 4.556759 8.978752e+04
736102 4.523067 4.624141 4.514644 4.590450 1.113500e+05
736103 4.531491 4.531491 4.270382 4.346188 4.266171e+05
736104 4.337765 4.346188 4.194577 4.278805 4.829659e+05
736105 4.245114 4.438839 4.236691 4.438839 2.200889e+05
736106 4.430417 4.472531 4.388303 4.430417 1.273534e+05
736110 4.421993 4.421993 4.219845 4.228268 2.345762e+05
736111 4.276635 4.293606 4.225723 4.251179 2.567678e+05
736112 4.242694 4.268150 4.183296 4.268150 1.407726e+05
736113 4.268150 4.268150 4.183296 4.183296 1.424697e+05
736116 4.174811 4.174811 4.106928 4.157840 2.196867e+05
736117 4.200266 4.225722 4.149354 4.200266 1.634285e+05
736118 4.208752 4.259664 4.166325 4.183296 1.369542e+05
736119 4.191781 4.200266 4.149354 4.174810 1.404331e+05
736120 4.140869 4.225723 4.132384 4.183296 1.010610e+05
736123 4.149354 4.208752 4.089956 4.149354 2.194321e+05
736124 4.157839 4.191781 4.140869 4.191781 1.352571e+05
736125 4.208752 4.276635 4.208752 4.251179 2.186684e+05
736126 4.259665 4.276635 4.217238 4.268150 1.694532e+05
736127 4.276635 4.276635 4.166325 4.234208 1.893938e+05
736130 4.191781 4.217237 4.166325 4.217237 9.732738e+04
736131 4.225723 4.225723 4.140869 4.157840 1.299961e+05
736132 4.174811 4.174811 4.047530 4.140869 1.010610e+05
736133 4.157840 4.225723 4.123898 4.166325 9.851534e+04
736134 4.174811 4.183296 4.115413 4.115413 9.537576e+04
736137 4.115412 4.157839 4.089956 4.106927 1.097160e+05
736138 4.115412 4.140868 4.098441 4.132383 6.364040e+04
736139 4.140869 4.157840 4.081471 4.115413 9.512120e+04
736140 4.106927 4.106927 4.030559 4.039044 1.131951e+05
736141 4.028780 4.045887 3.900475 3.951797 2.219678e+05
736144 3.926135 3.926135 3.763616 3.780723 2.590052e+05
736145 3.772170 3.977458 3.703740 3.951797 1.777453e+05
736146 3.994565 4.088655 3.900475 4.020226 1.446426e+05
736147 3.994565 3.994565 3.849153 3.917582 1.256534e+05
736151 3.883367 3.883367 3.806384 3.832045 1.072630e+05
736152 3.823491 3.823491 3.746508 3.806384 1.528541e+05
736153 3.763616 3.789277 3.703741 3.746509 1.768900e+05
736154 3.780723 3.840599 3.772170 3.814938 1.496037e+05
736155 3.883367 3.883367 3.814938 3.832045 7.236406e+04
736158 3.857706 3.857706 3.789277 3.832045 6.688971e+04
736159 3.814937 3.823491 3.763615 3.772169 8.194417e+04
736160 3.746509 3.772170 3.678080 3.746509 1.590983e+05
736161 3.729401 4.003118 3.729401 3.934689 1.173564e+05
736162 3.934689 3.951796 3.866260 3.883367 8.827389e+04
736165 3.883368 3.917582 3.849153 3.874814 1.081184e+05
736166 3.849152 4.020226 3.849152 4.011672 1.454124e+05
736167 3.968904 4.037334 3.926136 3.926136 8.664871e+04
736168 3.943243 3.968904 3.866260 3.883367 1.095725e+05
736169 3.891921 3.917582 3.849153 3.874814 5.876374e+04
736172 3.849152 3.866260 3.729401 3.755062 1.500314e+05
736173 3.755062 3.814938 3.729401 3.789277 5.328938e+04
736174 3.778064 3.907449 3.769438 3.890198 1.139457e+05
736175 3.821193 3.959204 3.821193 3.907450 1.145495e+05
736176 3.950577 3.950577 3.872946 3.933326 5.684346e+04
736179 3.933326 3.967829 3.881572 3.881572 2.406575e+04
736180 3.916075 3.916075 3.838443 3.881572 1.695816e+05
736181 3.726309 3.726309 3.502040 3.665929 5.229771e+05
736182 3.648678 3.691806 3.596923 3.665929 1.149808e+05
736183 3.665929 3.674555 3.605549 3.648678 8.323816e+04
736186 3.640052 3.709058 3.622801 3.709058 1.315422e+05
736187 3.709058 3.709058 3.553795 3.553795 9.712556e+04
736188 3.536544 3.622801 3.536544 3.622801 8.746477e+04
736189 3.614175 3.640052 3.545170 3.562421 9.583171e+04
736190 3.571046 3.605549 3.562421 3.579672 7.970161e+04
736193 3.571046 3.614175 3.545169 3.571046 6.495163e+04
736194 3.571046 3.614175 3.562421 3.579672 5.848235e+04
736195 3.579672 3.579672 3.415784 3.441661 1.467234e+05
736196 3.424410 3.553796 3.338153 3.510667 2.887890e+05
736197 3.493415 3.527918 3.346778 3.407158 2.403125e+05
736200 3.234644 3.312275 3.096632 3.312275 4.385314e+05
736201 3.364029 3.450286 3.320901 3.338152 2.249587e+05
736202 3.398532 3.467538 3.303650 3.441661 2.709338e+05
736203 3.482581 3.578352 3.473874 3.543526 8.985059e+04
736204 3.560939 3.648003 3.526113 3.543526 8.854462e+04
736207 3.491287 3.595764 3.465168 3.587058 7.722622e+04
736208 3.491287 3.578351 3.465168 3.473874 1.224127e+05
736209 3.543526 3.543526 3.439048 3.473874 9.211425e+04
736210 3.465168 3.560939 3.465168 3.517407 9.159189e+04
736211 3.499993 3.534819 3.465168 3.473874 5.676606e+04
736215 3.499994 3.517407 3.465169 3.491288 4.605714e+04
736216 3.517407 3.534820 3.465168 3.465168 5.310936e+04
736217 3.465168 3.499994 3.439049 3.447755 3.691536e+04
736218 3.447755 3.456462 3.386810 3.404223 5.990039e+04
736221 3.421635 3.421635 3.291039 3.317158 1.817036e+05
736222 3.360690 3.691535 3.343277 3.587058 1.874499e+05
736223 3.621884 3.691536 3.578352 3.656710 1.260694e+05
736224 3.665416 3.665416 3.526113 3.560939 6.460188e+04
736225 3.560938 3.604471 3.526113 3.552232 1.117908e+05
736228 3.534819 3.595764 3.508700 3.552232 6.050983e+04
736229 3.517406 3.595764 3.491287 3.587058 6.172874e+04
736230 3.578352 3.604471 3.508700 3.526113 8.541029e+04
736231 3.491287 3.508700 3.404223 3.482581 1.108331e+05
736232 3.499994 3.508700 3.465168 3.482581 7.888046e+04
736235 3.479944 3.488732 3.418430 3.427218 1.116043e+05
736236 3.444794 3.444794 3.312978 3.339341 1.067710e+05
736237 3.348128 3.576609 3.348128 3.559034 1.613429e+05
736238 3.559034 3.594185 3.488733 3.541459 8.972282e+04
736239 3.506308 3.585398 3.497520 3.576610 8.357140e+04
736242 3.611761 3.682063 3.611761 3.682063 7.522305e+04
736243 3.646911 3.734789 3.646911 3.726001 7.873813e+04
736244 3.734789 3.787515 3.717213 3.787515 1.099346e+05
736245 3.813879 3.884181 3.796304 3.884181 1.343645e+05
736246 3.892969 3.980846 3.849030 3.980846 1.401644e+05
736249 3.998422 3.998422 3.875393 3.884181 5.202342e+04
736250 3.884181 3.910544 3.717214 3.743577 8.568046e+04
736251 3.734789 3.796303 3.682062 3.752364 1.106376e+05
736252 3.734789 3.822666 3.726001 3.805091 6.423837e+04
736253 3.769940 3.813878 3.717213 3.761152 5.738393e+04
736256 3.708426 3.752365 3.690851 3.708426 1.147679e+05
736257 3.699638 3.805091 3.699638 3.778728 7.390489e+04
736258 3.761152 3.831454 3.726001 3.734789 4.771742e+04
736259 3.734789 3.849030 3.734789 3.778728 6.599592e+04
736260 3.822667 3.822667 3.734789 3.743577 4.622351e+04
736263 3.743577 3.787515 3.743577 3.761152 1.023772e+05
736264 3.761152 3.761152 3.682063 3.699638 8.269262e+04
736265 3.705844 3.750172 3.688113 3.705844 6.303481e+04
736266 3.714710 3.732441 3.696979 3.714710 5.062290e+04
736267 3.696978 3.732441 3.670381 3.696978 4.202320e+04
736270 3.679247 3.696979 3.643785 3.661516 8.050016e+04
736271 3.634919 3.732441 3.634919 3.705844 3.298024e+04
736272 3.679247 3.714709 3.652650 3.670381 9.220281e+04
736273 3.661516 3.705844 3.634919 3.652650 6.126168e+04
736274 3.634919 3.661516 3.599456 3.634919 6.427601e+04
736277 3.617188 3.661516 3.590591 3.608322 6.986137e+04
736278 3.590590 3.723575 3.590590 3.696978 9.539444e+04
736279 3.696979 3.714710 3.608322 3.688113 1.234099e+05
736280 3.643784 3.670381 3.617187 3.626053 6.463063e+04
736281 3.626053 3.688113 3.581725 3.652650 1.675609e+05
736284 3.617188 3.652650 3.590591 3.634919 5.975452e+04
736285 3.652650 3.714710 3.643784 3.679247 1.282860e+05
736286 3.688113 3.741307 3.670381 3.732441 1.244738e+05
736287 3.750172 3.750172 3.679247 3.750172 1.003592e+05
736288 3.741307 3.741307 3.661516 3.661516 7.092525e+04
736291 3.634919 3.661516 3.608322 3.652650 1.230553e+05
736292 3.652650 3.688113 3.626053 3.634919 1.178246e+05
736293 3.614342 3.685913 3.596449 3.685913 2.003992e+05
736295 3.659074 3.685913 3.650127 3.685913 3.775377e+04
736298 3.659074 3.721699 3.659074 3.676967 1.120088e+05
736299 3.703806 3.703806 3.650127 3.685913 1.085197e+05
736300 3.676967 3.685914 3.632235 3.650128 7.282363e+04
736301 3.685913 3.685913 3.524878 3.560664 2.829744e+05
736302 3.560664 3.560664 3.471200 3.480146 1.823274e+05
736305 3.444361 3.444361 3.319112 3.328058 2.665130e+05
736306 3.274379 3.319111 3.211754 3.229647 2.815429e+05
736307 3.220701 3.238594 3.149130 3.158076 2.182025e+05
736308 3.158076 3.354897 3.158076 3.319111 3.357580e+05
736309 3.310165 3.310165 3.158076 3.175969 2.181130e+05
736312 3.184915 3.193862 3.122290 3.158076 1.916317e+05
736313 3.158076 3.202808 3.104398 3.131237 1.498521e+05
736314 3.131237 3.301218 3.131237 3.292272 1.528938e+05
736315 3.310165 3.310165 3.184915 3.202808 1.190765e+05
736316 3.184915 3.184915 3.095451 3.158076 1.437685e+05
736319 3.158076 3.167023 3.131237 3.149130 9.688943e+04
736320 3.184915 3.211754 3.149129 3.211754 1.126350e+05
736321 3.247540 3.310165 3.229647 3.310165 1.471681e+05
736322 3.328058 3.354897 3.274379 3.337004 9.796299e+04
736326 3.354896 3.372789 3.337004 3.345950 7.899663e+04
736327 3.361311 3.379383 3.279989 3.298061 1.534276e+05
736328 3.279989 3.325168 3.279989 3.316132 7.309948e+04
736329 3.334203 3.388418 3.289025 3.352275 8.367134e+04
736333 3.316133 3.325169 3.243847 3.307097 7.644273e+04
736334 3.307097 3.307097 3.243846 3.261918 5.999761e+04
736335 3.189631 3.234810 3.144452 3.153488 1.742099e+05
736336 3.126381 3.126381 2.945666 2.972773 2.819165e+05
736337 2.981808 3.063130 2.981808 2.999880 1.249649e+05
736340 3.008916 3.026988 2.728807 2.755914 5.346473e+05
736341 2.819164 3.026987 2.819164 2.999880 3.092949e+05
736342 3.026987 3.036023 2.837236 2.864343 2.286957e+05
736343 2.846272 2.963737 2.737842 2.837236 3.191439e+05
736344 2.773985 2.963736 2.773985 2.900486 1.758363e+05
736348 2.882415 2.954701 2.828200 2.846272 1.452051e+05
736349 2.837235 2.873379 2.755913 2.855307 1.637284e+05
736350 2.891451 3.008916 2.882415 2.972773 7.942454e+04
736351 3.026987 3.099273 2.981808 3.072166 1.396932e+05
736354 3.054095 3.072166 2.999880 2.999880 9.117105e+04
736355 3.036023 3.153488 3.036023 3.126381 1.376150e+05
736356 3.123641 3.187575 3.087107 3.151041 9.160853e+04
736357 3.196709 3.242376 3.169308 3.205842 9.051252e+04
736358 3.233242 3.251509 3.178441 3.214975 6.311215e+04
736361 3.214976 3.269776 3.205842 3.260643 7.480299e+04
736362 3.214975 3.214975 3.151041 3.187575 6.402550e+04
736363 3.224109 3.324577 3.224109 3.269776 7.891303e+04
736364 3.288043 3.425045 3.288043 3.370244 7.096693e+04
736365 3.351978 3.370244 3.306310 3.361111 6.256416e+04
736368 3.388511 3.406778 3.306310 3.406778 6.420818e+04
736369 3.425045 3.425045 3.324577 3.361111 5.251736e+04
736370 3.351977 3.406778 3.333711 3.342844 6.548686e+04
736371 3.297176 3.333710 3.251509 3.288043 6.731355e+04
736372 3.315444 3.379378 3.297177 3.342844 1.349011e+05
736376 3.425045 3.708182 3.297177 3.625981 3.206755e+05
736377 3.689915 3.909117 3.680781 3.717315 2.735469e+05
736378 3.863450 3.954785 3.790383 3.936518 2.389311e+05
736379 3.936518 3.963919 3.863451 3.909118 1.943599e+05
736382 3.936518 4.073520 3.936518 4.018719 1.222056e+05
736383 4.018719 4.100920 3.982185 4.046119 2.078774e+05
736384 4.018719 4.183121 4.009585 4.183121 1.502453e+05
736385 4.309268 4.373723 4.189566 4.364515 1.728311e+05
736386 4.373723 4.465802 4.373723 4.447386 1.533105e+05
736389 4.502634 4.576296 4.373724 4.419763 4.358991e+05
736390 4.465802 4.502633 4.281645 4.447386 1.870112e+05
736391 4.392139 4.438178 4.300061 4.401347 1.255949e+05
736392 4.401347 4.475010 4.401347 4.456594 9.686646e+04
736393 4.465802 4.557881 4.438179 4.530257 1.406037e+05
736396 4.511841 4.603920 4.502633 4.576296 1.117832e+05
736397 4.567088 4.567088 4.484217 4.502633 1.147297e+05
736398 4.539464 4.649959 4.539464 4.622335 1.140851e+05
736399 4.640750 4.677582 4.530256 4.603919 9.889218e+04
736400 4.659166 4.705206 4.622335 4.686790 1.081000e+05
736403 4.668374 4.677582 4.594711 4.622335 6.850632e+04
736404 4.603919 4.631543 4.557880 4.603919 9.548528e+04
736405 4.603920 4.760453 4.594712 4.751245 1.518373e+05
736406 4.788076 4.870947 4.778869 4.815700 1.504561e+05
736407 4.806492 4.834116 4.760453 4.806492 8.148938e+04
736410 4.815700 4.824908 4.769661 4.806492 6.482319e+04
736411 4.806492 4.806492 4.723621 4.732829 9.677438e+04
736412 4.723621 4.751245 4.677582 4.732829 1.192415e+05
736413 4.686790 4.714414 4.640751 4.695998 8.415965e+04
736417 4.705206 4.760453 4.686790 4.705206 5.515496e+04
736418 4.693148 4.804448 4.693148 4.776623 6.390472e+04
736419 4.822998 4.832273 4.748798 4.758073 4.971398e+04
736420 4.767348 4.795173 4.637498 4.702423 1.173287e+05
736421 4.646773 4.730248 4.618948 4.693148 9.868596e+04
736424 4.665323 4.702423 4.591123 4.591123 7.893022e+04
736425 4.563298 4.628223 4.442723 4.609673 1.898592e+05
736426 4.572573 4.609673 4.526198 4.554023 9.172971e+04
736427 4.535473 4.591123 4.526198 4.563298 6.724372e+04
736428 4.609673 4.674598 4.563298 4.591123 6.529597e+04
736431 4.637498 4.702423 4.609673 4.665323 6.371922e+04
736432 4.526198 4.600398 4.387073 4.581848 2.335444e+05
736433 4.572573 4.591123 4.516923 4.526198 7.744622e+04
736434 4.516923 4.581848 4.498373 4.526198 7.373622e+04
736435 4.516923 4.563298 4.498373 4.544748 5.602098e+04
736438 4.581848 4.618948 4.479823 4.618948 7.874472e+04
736439 4.535473 4.730248 4.535473 4.711698 1.126912e+05
736440 4.711698 4.748798 4.693148 4.720973 5.036323e+04
736441 4.739523 4.739523 4.618948 4.656048 1.208532e+05
736442 4.646773 4.720973 4.646773 4.665323 6.390472e+04
736445 4.656048 4.665323 4.600398 4.600398 6.770747e+04
736446 4.609673 4.683873 4.609673 4.646773 6.353372e+04
736447 4.681346 4.700034 4.625282 4.643970 1.169869e+05
736448 4.634626 4.728066 4.634626 4.662658 8.942212e+04
736449 4.672002 4.690690 4.615938 4.634626 6.475395e+04
736452 4.625282 4.672002 4.606594 4.634626 4.793474e+04
736453 4.606594 4.606594 4.475778 4.485122 9.456132e+04
736454 4.457090 4.531842 4.410370 4.531842 5.690499e+04
736455 4.541186 4.587906 4.541186 4.541186 1.248359e+05
736456 4.531842 4.578562 4.531842 4.541186 3.008769e+04
736459 4.531842 4.531842 4.372994 4.429058 1.512794e+05
736460 4.438402 4.513154 4.438402 4.485122 5.653123e+04
736461 4.485122 4.541186 4.410370 4.513154 8.465668e+04
736462 4.587906 4.690690 4.485122 4.522498 1.527745e+05
736463 4.541186 4.559874 4.447746 4.447746 8.119940e+04
736466 4.438402 4.531842 4.438402 4.485122 8.260100e+04
736467 4.494466 4.531842 4.447746 4.457090 8.811396e+04
736468 4.447746 4.457090 4.391682 4.419714 1.018496e+05
736469 4.382338 4.485122 4.354306 4.457090 1.974388e+05
736470 4.447746 4.475778 4.410370 4.438402 6.045571e+04
736473 4.429058 4.447746 4.401026 4.447746 9.101060e+04
736474 4.447746 4.494466 4.447746 4.475778 5.298050e+04
736475 4.466434 4.513154 4.438402 4.438402 1.082036e+05
736476 4.482663 4.567419 4.463828 4.529750 3.343163e+04
736477 4.529750 4.548585 4.482664 4.520333 6.931177e+04
736481 4.510916 4.539168 4.482664 4.482664 5.678669e+04
736482 4.463829 4.510916 4.454412 4.482664 5.377313e+04
736483 4.492081 4.539167 4.463829 4.501498 1.142326e+05
736484 4.539167 4.586254 4.529750 4.586254 1.088647e+05
736487 4.539168 4.708680 4.539168 4.699263 2.715967e+05
736488 4.736932 4.746349 4.699263 4.736932 1.338207e+05
736489 4.755767 4.812271 4.746350 4.784019 2.384476e+05
736490 4.765184 4.784019 4.746350 4.755767 1.150801e+05
736491 4.746350 4.755767 4.671011 4.680428 1.491710e+05
736494 4.718098 4.727515 4.633342 4.718098 1.026492e+05
736495 4.736932 4.746350 4.642759 4.680428 1.267577e+05
736496 4.699263 4.746350 4.652176 4.746350 1.882530e+05
736497 4.746349 4.746349 4.614506 4.708680 8.409702e+04
736498 4.708680 4.784019 4.708680 4.727515 1.325023e+05
736501 4.755767 4.878193 4.755767 4.802854 2.395777e+05
736502 4.859358 4.859358 4.793437 4.849941 6.573318e+04
736503 4.849940 4.859358 4.774602 4.812271 9.398525e+04
736504 4.831106 4.887610 4.831106 4.868775 7.995338e+04
736505 4.708681 4.840524 4.605090 4.746350 2.228148e+05
736508 4.708680 4.755767 4.633342 4.671011 1.156452e+05
736509 4.706117 4.819975 4.706117 4.763046 5.664419e+04
736510 4.848439 4.857927 4.782022 4.838951 5.920599e+04
736511 4.867415 4.886391 4.819974 4.876903 6.736578e+04
736512 4.857926 4.962296 4.857926 4.962296 6.489886e+04
736516 4.924344 4.952808 4.848439 4.876903 7.818226e+04
736517 4.895879 4.943320 4.819974 4.895879 5.360798e+04
736518 4.905368 4.952809 4.857927 4.914856 5.882646e+04
736519 4.914856 4.933832 4.838951 4.933832 1.257178e+05
736522 4.933832 5.009737 4.914856 5.000249 1.618676e+05
736523 5.028713 5.066666 5.019225 5.019225 1.453583e+05
736524 5.047690 5.047690 4.990761 5.000249 5.579025e+04
736525 5.076154 5.076154 5.019226 5.047690 8.672159e+04
736526 5.066667 5.066667 5.009738 5.028714 5.474657e+04
736529 5.009737 5.047689 4.981272 5.019225 4.468913e+04
736530 4.990761 5.000249 4.933832 4.933832 1.742971e+05
736531 4.943320 5.009737 4.895879 4.952808 7.135080e+04
736532 4.971784 5.019225 4.952808 4.971784 5.645442e+04
736533 4.990761 4.990761 4.933832 4.981273 8.710112e+04
736536 4.971785 5.028714 4.943321 5.028714 1.064569e+05
736537 5.009737 5.038202 4.962297 4.981273 1.395705e+05
736538 5.007073 5.026184 4.978407 4.987962 4.405078e+04
736539 5.064405 5.064405 4.987962 4.997517 1.117991e+05
736540 5.035739 5.064405 5.007073 5.035739 8.953487e+04
736543 5.016628 5.112183 4.997517 5.073961 7.969272e+04
736544 5.064406 5.073961 4.968851 5.026184 1.048236e+05
736545 4.997518 5.045295 4.978407 5.026184 4.433744e+04
736546 5.035739 5.054850 5.016629 5.026184 3.411307e+04
736547 5.007073 5.045294 4.987962 5.035739 4.013302e+04
736550 5.064406 5.093072 5.045295 5.073961 1.123725e+05
736551 5.064405 5.093072 5.016628 5.054850 6.985057e+04
736552 5.093072 5.102628 5.064406 5.064406 4.949740e+04
736553 5.073961 5.150405 5.073961 5.131294 5.523069e+04
736554 5.121738 5.159960 5.073961 5.093072 6.354396e+04
736557 5.083517 5.121738 5.083517 5.112183 7.730385e+04
736558 5.112183 5.131294 5.083517 5.131294 7.376832e+04
736559 5.112183 5.188627 5.102628 5.169516 1.552766e+05
736560 5.179071 5.331959 5.179071 5.331959 1.656921e+05
736561 5.274626 5.351070 5.236404 5.312848 1.111303e+05
736564 5.255515 5.341514 5.255515 5.331959 7.376832e+04
736565 5.351070 5.370181 5.312848 5.331959 9.412150e+04
736566 5.322403 5.331959 5.226849 5.255515 9.230595e+04
736567 5.245960 5.322403 5.236404 5.293737 4.089746e+04
736568 5.293737 5.351070 5.226849 5.274626 8.255936e+04
736571 5.300600 5.329460 5.262120 5.271740 1.063006e+05
736572 5.271740 5.329460 5.262120 5.271740 9.446804e+04
736573 5.262120 5.271740 5.185160 5.204400 7.474711e+04
736574 5.214020 5.310220 5.204400 5.281360 7.214973e+04
736575 5.339080 5.416040 5.319840 5.416040 1.198648e+05
736579 5.483379 5.569959 5.473759 5.550719 3.574778e+05
736580 5.550719 5.579579 5.435279 5.521859 2.310715e+05
736581 5.531479 5.550719 5.492999 5.502619 2.363625e+05
736582 5.473760 5.483380 5.329460 5.367940 2.865787e+05
736585 5.339080 5.425660 5.281360 5.367940 1.472817e+05
736586 5.319840 5.339080 5.214020 5.223640 1.771997e+05
736587 5.204400 5.339080 5.165920 5.290980 1.382389e+05
736588 5.339080 5.695019 5.319840 5.656539 8.079808e+05
736589 5.704638 5.733498 5.531479 5.733498 3.959577e+05
736592 5.771978 5.820078 5.723878 5.781598 2.618554e+05
736593 5.781598 5.800838 5.675778 5.752738 1.290037e+05
736594 5.771978 5.839318 5.704638 5.810458 2.455977e+05
736595 5.839318 5.848938 5.762358 5.810458 2.113506e+05
736596 5.810458 5.829698 5.743118 5.800838 1.462234e+05
736599 5.791218 5.829698 5.733498 5.752738 1.471854e+05
736600 5.743118 5.810458 5.723878 5.791218 1.700810e+05
736601 5.807673 5.846391 5.739917 5.827032 1.272848e+05
736602 5.827033 5.875430 5.739918 5.768956 1.048285e+05
736603 5.768956 5.827032 5.749597 5.797994 4.088602e+05
736606 5.797994 5.875429 5.788314 5.846391 1.144112e+05
736607 5.836712 5.846391 5.720558 5.739917 1.863295e+05
736608 5.730238 5.797994 5.730238 5.778635 1.155727e+05
736609 5.778635 5.788315 5.739918 5.768956 1.005696e+05
736610 5.788314 5.788314 5.710879 5.720558 1.369643e+05
736613 5.749597 5.797994 5.720558 5.778635 4.568703e+04
736614 5.778635 5.788315 5.730238 5.730238 4.297679e+04
736615 5.720559 5.749597 5.691520 5.730238 7.385425e+04
736616 5.691520 5.749596 5.623763 5.701199 8.111383e+04
736617 5.739917 5.768956 5.701200 5.710879 7.782283e+04
736620 5.768955 5.768955 5.710879 5.739917 8.488882e+04
736621 5.768955 5.797994 5.720558 5.759276 1.209932e+05
736622 5.788315 5.827033 5.768956 5.768956 1.008599e+05
736623 5.768956 5.778635 5.730238 5.749597 7.549976e+04
736624 5.691520 5.768955 5.691520 5.720558 7.007926e+04
736627 5.710879 5.778635 5.710879 5.749597 7.385425e+04
736628 5.778635 5.778635 5.739917 5.739917 7.124079e+04
736629 5.749596 5.768955 5.691520 5.701199 1.013439e+05
736630 5.698277 5.766462 5.698277 5.727499 6.175569e+04
736631 5.737240 5.737240 5.659315 5.678796 4.120293e+04
736634 5.669055 5.698277 5.639833 5.639833 6.087903e+04
736635 5.649574 5.688536 5.522945 5.532686 1.618895e+05
736636 5.532687 5.542427 5.396317 5.464502 2.422498e+05
736637 5.464501 5.630092 5.464501 5.581389 1.661754e+05
736638 5.542427 5.659314 5.532686 5.639833 9.536091e+04
736641 5.756721 5.756721 5.630092 5.639833 1.594543e+05
736642 5.532686 5.630093 5.308651 5.483983 3.648846e+05
736643 5.357354 5.630092 5.308651 5.552167 1.278947e+05
736644 5.591130 5.678796 5.493723 5.503464 1.618895e+05
736645 5.454761 5.591130 5.435280 5.532686 1.224399e+05
736648 5.542427 5.542427 5.328133 5.386577 2.047484e+05
736649 5.435280 5.445021 5.337874 5.386577 1.189333e+05
736650 5.367095 5.552167 5.367095 5.503464 1.156214e+05
736651 5.483982 5.571648 5.454760 5.493723 7.149632e+04
736652 5.464502 5.532687 5.435280 5.445021 5.737240e+04
736655 5.503464 5.591130 5.483983 5.581389 2.050406e+05
736656 5.600870 5.659314 5.581389 5.581389 1.591621e+05
736657 5.552168 5.659315 5.542427 5.659315 8.581509e+04
736659 5.649574 5.688537 5.630093 5.678796 4.071590e+04
736662 5.705263 5.715066 5.636643 5.666052 1.119486e+05
736663 5.666051 5.695460 5.597431 5.626840 1.190067e+05
736664 5.636643 5.695461 5.597432 5.597432 9.665618e+04
736665 5.636644 5.705264 5.626841 5.685658 1.464547e+05
736666 5.724869 5.793489 5.685657 5.773883 1.278293e+05
736669 5.734672 5.813095 5.646446 5.675855 9.822464e+04
736670 5.675855 5.744475 5.617037 5.715066 8.636318e+04
736671 5.734673 5.734673 5.646447 5.705264 1.092039e+05
736672 5.685658 5.822898 5.666052 5.813095 1.182225e+05
736673 5.793489 5.813095 5.754277 5.783686 9.900886e+04
736676 5.803292 5.813095 5.724869 5.734672 8.322627e+04
736677 5.783687 5.793490 5.685658 5.695461 5.322952e+04
736678 5.685658 5.744475 5.607235 5.617038 1.106743e+05
736679 5.617037 5.695460 5.587629 5.626840 8.606909e+04
736680 5.587629 5.656249 5.577826 5.636643 8.842177e+04
736683 5.636643 5.636643 5.558220 5.568023 8.891192e+04
736684 5.538615 5.568024 5.460192 5.489601 3.232003e+05
736685 5.469995 5.617038 5.469995 5.538615 2.088989e+05
736686 5.460192 5.548418 5.450389 5.450389 1.565516e+05
736687 5.440586 5.499403 5.411178 5.460192 9.479364e+04
736691 5.460192 5.636644 5.450389 5.469995 1.314563e+05
736692 5.476902 5.496639 5.417693 5.427561 1.038144e+05
736693 5.407825 5.486771 5.407825 5.457166 7.963712e+04
736694 5.457166 5.526244 5.457166 5.516376 1.089460e+05
736698 5.496640 5.575586 5.496640 5.536113 8.101869e+04
736699 5.555849 5.605190 5.545980 5.565717 1.007553e+05
736700 5.555849 5.605190 5.545980 5.565717 8.486732e+04
736701 5.555849 5.585454 5.457166 5.486771 1.473336e+05
736704 5.506508 5.506508 5.328879 5.368352 2.422666e+05
736705 5.358483 5.496639 5.358483 5.457166 1.437810e+05
736706 5.447299 5.536113 5.417694 5.496640 8.615021e+04
736707 5.506508 5.575586 5.476903 5.516376 1.265115e+05
736708 5.506508 5.516376 5.457167 5.467035 1.783201e+05
736712 5.526245 5.575586 5.467035 5.496640 1.622348e+05
736713 5.486771 5.486771 5.388088 5.388088 2.074315e+05
736714 5.338747 5.427561 5.338747 5.378220 1.828595e+05
736715 5.397957 5.417693 5.358483 5.378220 1.270049e+05
736718 5.407825 5.437430 5.358484 5.407825 1.073670e+05
736719 5.437430 5.486772 5.417694 5.467035 1.721031e+05
736720 5.467035 5.545981 5.467035 5.536113 1.926291e+05
736721 5.536113 5.565718 5.506508 5.536113 1.478270e+05
736722 5.562934 5.582801 5.483463 5.543066 1.400667e+05
736725 5.533132 5.562934 5.473530 5.503331 1.489078e+05
736726 5.513265 5.543066 5.423860 5.443728 1.004308e+05
736727 5.463595 5.473529 5.354323 5.374191 1.785106e+05
736728 5.394059 5.523199 5.394059 5.503331 1.321197e+05
736729 5.473529 5.552999 5.473529 5.523198 9.019899e+04
736732 5.463596 5.543066 5.463596 5.503331 1.084772e+05
736733 5.493397 5.503331 5.463595 5.483463 6.109293e+04
736734 5.513265 5.582802 5.463596 5.572868 1.681794e+05
736735 5.682140 5.860948 5.642405 5.781478 4.529818e+05
736736 5.831147 5.890749 5.781478 5.860948 2.892726e+05
736739 5.890749 5.890749 5.791411 5.831146 1.444376e+05
736740 5.851015 5.851015 5.711942 5.741743 3.754981e+05
736741 5.721874 5.781477 5.682139 5.692073 2.583784e+05
736742 5.721875 5.741742 5.463595 5.592735 4.999687e+05
736743 5.592735 5.592735 5.493397 5.503331 2.179478e+05
736747 5.513264 5.562933 5.503331 5.533132 1.731463e+05
736748 5.533132 5.612602 5.483463 5.582801 3.625841e+05
736749 5.572868 5.642404 5.533132 5.553000 2.091067e+05
736750 5.560000 5.590000 5.510000 5.520000 2.875000e+05
736753 5.540000 5.620000 5.510000 5.620000 5.248000e+05
736754 5.640000 5.660000 5.530000 5.530000 7.154000e+05
736755 5.590000 5.690000 5.540000 5.620000 2.820000e+05
736756 5.640000 5.640000 5.560000 5.560000 1.851000e+05
736757 5.580000 5.590000 5.510000 5.570000 2.773000e+05
736760 5.600000 5.600000 5.500000 5.540000 3.491000e+05
736761 5.520000 5.540000 5.490000 5.520000 2.736000e+05
736762 5.520000 5.540000 5.480000 5.520000 3.454000e+05
736763 5.490000 5.530000 5.470000 5.510000 3.372000e+05
736764 5.540000 5.540000 5.460000 5.480000 2.705000e+05
