736034 61.540001 61.740002 59.799999 60.259998 1.387900e+06
736035 61.369999 63.990002 61.259998 63.840000 1.299300e+06
736036 63.660000 63.900002 60.709999 62.380001 1.797600e+06
736039 63.209999 64.459999 63.000000 63.860001 1.339500e+06
736040 62.970001 64.360001 62.480000 64.169998 1.079400e+06
736041 63.810001 67.470001 63.290001 66.989998 1.959700e+06
736042 65.910004 67.070000 65.139999 66.860001 1.373300e+06
736043 67.620003 69.919998 67.230003 67.980003 2.582800e+06
736046 68.419998 69.930000 68.330002 69.199997 1.014300e+06
736047 69.110001 70.769997 68.650002 69.480003 1.117400e+06
736048 69.760002 70.150002 66.169998 66.360001 1.706600e+06
736049 65.000000 67.300003 64.360001 66.900002 1.714400e+06
736050 66.889999 67.949997 66.650002 67.730003 1.167200e+06
736053 69.250000 70.099998 69.110001 69.739998 1.326200e+06
736054 69.470001 69.660004 67.570000 68.040001 1.140000e+06
736055 67.820000 68.099998 65.839996 68.019997 1.164100e+06
736056 68.500000 69.599998 68.139999 69.440002 1.240900e+06
736060 68.730003 71.489998 68.419998 70.989998 8.754000e+05
736061 71.440002 72.180000 71.040001 71.120003 6.228000e+05
736062 71.440002 72.559998 71.059998 72.440002 1.017000e+06
736063 72.800003 75.000000 71.910004 74.860001 1.244600e+06
736064 75.459999 78.339996 75.430000 78.339996 1.327700e+06
736067 79.150002 79.959999 75.279999 75.910004 1.296100e+06
736068 75.199997 77.400002 74.580002 76.750000 1.036400e+06
736069 77.760002 79.230003 77.599998 78.449997 8.595000e+05
736070 78.040001 80.720001 77.739998 80.010002 8.698000e+05
736071 77.400002 77.790001 75.000000 77.190002 1.747100e+06
736074 78.750000 80.300003 78.360001 79.879997 8.920000e+05
736075 80.800003 81.070000 78.959999 79.809998 1.036700e+06
736076 80.290001 81.070000 78.750000 80.739998 1.019200e+06
736077 80.199997 82.220001 79.830002 81.510002 1.021000e+06
736078 82.019997 82.519997 81.290001 82.309998 6.899000e+05
736081 83.070000 83.250000 79.279999 79.919998 8.485000e+05
736082 79.309998 82.699997 77.120003 82.669998 1.282400e+06
736083 80.599998 82.160004 79.059998 80.400002 1.177300e+06
736084 79.400002 80.190002 76.599998 78.180000 1.208600e+06
736085 79.400002 82.089996 79.239998 81.959999 1.081300e+06
736088 82.570000 83.230003 80.940002 81.870003 8.476000e+05
736089 81.370003 82.050003 78.959999 79.050003 1.202800e+06
736090 79.970001 80.300003 75.110001 77.730003 1.549100e+06
736091 77.349998 79.000000 76.339996 78.339996 1.540400e+06
736092 81.419998 82.699997 80.839996 82.449997 1.479900e+06
736095 82.239998 82.500000 80.190002 80.199997 8.826000e+05
736096 78.970001 80.940002 77.870003 80.550003 7.310000e+05
736097 81.269997 82.110001 80.339996 81.970001 1.004500e+06
736098 82.830002 83.639999 82.500000 83.639999 9.252000e+05
736099 84.000000 84.360001 82.650002 84.300003 1.012800e+06
736102 84.330002 87.779999 84.220001 87.150002 9.118000e+05
736103 87.589996 89.019997 86.370003 88.290001 1.380000e+06
736104 88.550003 88.949997 86.900002 88.050003 9.846000e+05
736105 87.680000 91.019997 87.239998 90.500000 9.343000e+05
736106 90.760002 91.419998 89.940002 90.320000 8.609000e+05
736110 89.279999 89.690002 86.000000 86.809998 1.689100e+06
736111 87.730003 90.669998 87.089996 90.050003 9.869000e+05
736112 89.150002 89.669998 87.870003 89.190002 1.065600e+06
736113 88.930000 89.839996 87.279999 88.500000 1.275700e+06
736116 89.519997 90.349998 88.040001 89.400002 8.441000e+05
736117 88.419998 89.559998 87.430000 88.040001 1.149400e+06
736118 88.769997 89.720001 88.080002 89.500000 7.600000e+05
736119 88.300003 88.709999 85.809998 86.430000 1.421500e+06
736120 86.339996 88.160004 85.480003 87.820000 1.151400e+06
736123 87.540001 87.739998 85.470001 85.989998 1.074100e+06
736124 85.830002 87.430000 84.959999 87.029999 1.173600e+06
736125 88.370003 91.120003 88.230003 90.769997 1.395200e+06
736126 91.820000 93.250000 91.430000 92.669998 7.663000e+05
736127 91.540001 91.820000 89.690002 91.550003 1.250100e+06
736130 89.250000 89.639999 87.449997 87.519997 1.469000e+06
736131 86.800003 89.559998 86.290001 89.110001 1.261400e+06
736132 89.620003 90.379997 87.389999 89.330002 1.319800e+06
736133 90.690002 92.910004 90.330002 91.930000 1.174200e+06
736134 91.940002 92.190002 90.599998 90.889999 1.084500e+06
736137 93.070000 94.989998 92.459999 94.889999 1.037300e+06
736138 95.389999 97.419998 95.279999 97.400002 9.787000e+05
736139 96.769997 98.129997 95.269997 95.449997 9.660000e+05
736140 96.199997 96.959999 94.099998 94.599998 9.191000e+05
736141 95.070000 95.699997 93.209999 95.129997 1.038700e+06
736144 89.230003 90.730003 78.000000 79.440002 4.092100e+06
736145 83.000000 83.099998 75.809998 79.059998 3.354000e+06
736146 83.519997 84.949997 81.040001 84.739998 2.438100e+06
736147 84.769997 85.150002 77.809998 79.470001 2.545300e+06
736151 75.580002 79.209999 74.860001 77.459999 2.665800e+06
736152 77.699997 81.589996 73.160004 81.510002 3.942700e+06
736153 78.010002 78.919998 73.110001 73.339996 3.374900e+06
736154 77.300003 77.519997 72.260002 72.680000 3.094300e+06
736155 76.239998 78.239998 74.180000 78.080002 2.786300e+06
736158 82.300003 86.019997 81.940002 85.680000 1.984100e+06
736159 85.389999 88.050003 84.930000 86.309998 1.390600e+06
736160 86.650002 87.809998 84.510002 86.470001 1.098000e+06
736161 89.430000 92.580002 89.220001 92.480003 1.531700e+06
736162 92.900002 93.300003 91.769997 93.120003 1.208000e+06
736165 93.330002 95.370003 92.660004 93.459999 1.241600e+06
736166 93.779999 94.379997 92.459999 94.169998 1.026500e+06
736167 91.699997 95.589996 91.610001 94.589996 1.202000e+06
736168 95.610001 96.070000 92.050003 93.519997 1.498900e+06
736169 93.370003 94.349998 89.029999 90.220001 1.816400e+06
736172 86.699997 88.000000 83.580002 85.540001 2.406600e+06
736173 88.099998 92.589996 86.000000 91.860001 2.204100e+06
736174 92.269997 94.139999 91.800003 93.220001 1.391100e+06
736175 92.980003 94.300003 90.949997 93.940002 1.267700e+06
736176 94.589996 95.430000 92.760002 94.019997 1.328200e+06
736179 94.320000 95.699997 91.629997 95.529999 1.407900e+06
736180 94.919998 95.910004 93.320000 94.970001 1.206700e+06
736181 95.500000 97.129997 94.430000 95.839996 1.421400e+06
736182 95.680000 95.720001 90.529999 92.330002 1.522400e+06
736183 92.639999 93.800003 90.559998 93.279999 1.501600e+06
736186 95.580002 96.919998 95.580002 96.760002 1.161300e+06
736187 93.050003 94.379997 90.449997 92.309998 2.232200e+06
736188 87.419998 93.129997 85.680000 92.440002 2.900900e+06
736189 93.330002 94.790001 91.419998 93.440002 1.797400e+06
736190 93.820000 94.510002 92.260002 93.660004 1.210800e+06
736193 92.750000 94.980003 91.809998 94.790001 9.488000e+05
736194 94.430000 95.279999 93.150002 93.669998 1.142000e+06
736195 92.349998 94.709999 89.580002 91.839996 2.557000e+06
736196 88.019997 89.220001 83.459999 84.099998 3.289700e+06
736197 79.610001 81.900002 70.330002 70.389999 7.865500e+06
736200 48.419998 67.199997 45.700001 57.139999 1.152690e+07
736201 60.740002 60.840000 51.020000 51.160000 7.393200e+06
736202 55.520000 56.570000 49.849998 56.020000 9.725800e+06
736203 58.240002 58.360001 51.380001 54.799999 8.551500e+06
736204 53.040001 53.779999 49.410000 52.119999 5.482200e+06
736207 51.480000 52.160000 49.660000 50.060001 4.559200e+06
736208 45.500000 46.980000 41.630001 42.880001 1.028010e+07
736209 45.560001 47.889999 43.919998 47.889999 7.288100e+06
736210 49.270000 51.259998 46.560001 47.919998 1.241340e+07
736211 45.680000 46.799999 43.279999 44.400002 1.250610e+07
736215 47.000000 48.380001 46.430000 48.230000 7.181700e+06
736216 50.869999 50.910000 46.720001 47.080002 1.169020e+07
736217 45.689999 48.279999 45.459999 48.279999 1.091150e+07
736218 48.000000 49.430000 47.169998 49.380001 4.767300e+06
736221 49.540001 49.540001 48.209999 49.270000 3.858500e+06
736222 50.060001 54.380001 49.669998 54.270000 6.921000e+06
736223 56.230000 57.709999 54.410000 57.520000 6.306400e+06
736224 57.529999 62.830002 56.080002 57.500000 9.126100e+06
736225 52.000000 54.020000 49.990002 50.639999 9.224600e+06
736228 52.369999 54.360001 51.750000 54.290001 4.894800e+06
736229 51.150002 52.000000 47.669998 50.650002 7.766700e+06
736230 50.529999 52.180000 49.860001 51.639999 4.284900e+06
736231 49.240002 50.730000 46.580002 50.389999 9.938400e+06
736232 52.299999 52.360001 47.820000 49.090000 6.994400e+06
736235 47.330002 47.750000 44.259998 45.560001 7.957800e+06
736236 46.099998 47.230000 44.410000 45.490002 7.727500e+06
736237 47.500000 47.980000 46.299999 47.639999 4.194700e+06
736238 47.639999 48.240002 46.090000 48.230000 4.969200e+06
736239 46.340000 50.750000 45.849998 50.750000 5.414500e+06
736242 51.720001 53.950001 51.630001 53.650002 4.418900e+06
736243 53.740002 54.549999 52.150002 53.000000 3.676900e+06
736244 53.650002 54.400002 52.450001 54.200001 2.840500e+06
736245 54.380001 57.549999 53.759998 56.880001 5.656900e+06
736246 57.080002 57.680000 55.180000 56.880001 5.206700e+06
736249 57.020000 60.959999 56.500000 60.419998 4.266200e+06
736250 58.919998 61.099998 56.630001 57.009998 5.611600e+06
736251 56.279999 57.380001 54.240002 55.680000 4.498800e+06
736252 56.910000 59.959999 56.349998 59.700001 4.160000e+06
736253 60.560001 60.650002 57.849998 60.160000 4.386100e+06
736256 60.009998 64.599998 59.779999 64.489998 4.797900e+06
736257 63.700001 64.739998 60.930000 61.970001 4.745500e+06
736258 62.599998 63.279999 57.439999 57.759998 4.547100e+06
736259 59.000000 62.660000 59.000000 62.549999 4.778400e+06
736260 64.000000 64.139999 60.490002 61.720001 5.431800e+06
736263 60.869999 61.680000 59.599998 59.750000 3.044300e+06
736264 58.959999 61.160000 58.849998 60.919998 3.514000e+06
736265 61.139999 62.869999 59.139999 62.720001 4.082000e+06
736266 61.689999 62.480000 60.599998 61.860001 3.239700e+06
736267 61.740002 62.570000 60.779999 60.849998 2.530900e+06
736270 60.959999 64.449997 60.779999 63.980000 2.782800e+06
736271 63.270000 64.370003 62.380001 62.740002 2.705000e+06
736272 63.139999 63.380001 60.099998 60.689999 3.106800e+06
736273 60.779999 62.150002 59.639999 61.900002 3.027300e+06
736274 61.869999 63.270000 60.349998 63.189999 3.531300e+06
736277 62.849998 63.150002 58.680000 59.740002 4.617600e+06
736278 59.000000 61.700001 58.730000 61.400002 2.348800e+06
736279 61.820000 61.970001 59.980000 59.980000 2.823900e+06
736280 58.400002 59.110001 54.580002 54.740002 5.255000e+06
736281 54.459999 54.849998 50.720001 50.959999 6.737600e+06
736284 51.180000 56.279999 50.779999 56.160000 6.205300e+06
736285 56.830002 57.099998 51.980000 53.000000 8.067300e+06
736286 54.139999 56.849998 54.049999 56.720001 4.190000e+06
736287 56.259998 56.509998 54.110001 54.830002 3.433900e+06
736288 56.560001 57.340000 56.169998 56.650002 3.186100e+06
736291 56.959999 58.490002 56.400002 58.160000 3.256300e+06
736292 56.580002 58.490002 55.830002 57.860001 3.612400e+06
736293 57.959999 58.939999 57.500000 58.639999 2.104300e+06
736295 58.820000 58.900002 57.910000 58.080002 8.616000e+05
736298 58.419998 58.830002 57.720001 58.419998 3.227800e+06
736299 59.139999 61.000000 58.590000 60.900002 2.682500e+06
736300 60.660000 61.790001 58.029999 58.500000 4.493500e+06
736301 59.549999 59.900002 52.799999 54.200001 6.732100e+06
736302 55.959999 59.430000 55.509998 59.410000 5.051700e+06
736305 59.169998 59.209999 55.779999 57.740002 4.778700e+06
736306 55.389999 57.450001 54.599998 56.040001 6.174500e+06
736307 55.279999 57.330002 52.080002 53.669998 7.133300e+06
736308 53.369999 54.860001 52.380001 52.990002 4.957000e+06
736309 50.169998 50.799999 44.049999 45.139999 9.286000e+06
736312 45.220001 48.369999 43.080002 48.020000 8.263200e+06
736313 49.720001 50.669998 48.220001 50.060001 6.017300e+06
736314 51.680000 54.299999 50.459999 53.380001 7.564500e+06
736315 53.790001 53.820000 50.619999 51.200001 6.476400e+06
736316 49.419998 49.980000 46.750000 47.180000 7.668100e+06
736319 48.849998 49.279999 47.090000 49.230000 6.430000e+06
736320 50.759998 52.189999 50.090000 51.650002 5.108900e+06
736321 52.840000 53.240002 51.619999 52.810001 3.845200e+06
736322 52.389999 52.669998 51.709999 51.840000 1.712000e+06
736326 50.980000 52.500000 49.930000 52.400002 3.482000e+06
736327 53.270000 53.650002 52.770000 53.400002 2.135100e+06
736328 52.680000 52.759998 51.509998 51.709999 2.479100e+06
736329 51.020000 51.900002 50.419998 50.450001 2.961600e+06
736333 46.480000 47.500000 44.730000 47.259998 8.187400e+06
736334 48.419998 49.279999 46.939999 48.860001 4.732100e+06
736335 45.619999 47.540001 45.580002 47.389999 6.404900e+06
736336 44.209999 45.459999 41.560001 42.340000 1.300790e+07
736337 43.599998 44.029999 39.400002 39.869999 8.732400e+06
736340 40.220001 41.380001 36.930000 41.040001 1.276330e+07
736341 42.770000 43.090000 40.349998 43.009998 1.245960e+07
736342 43.820000 43.939999 37.880001 38.599998 1.375330e+07
736343 39.000000 41.020000 37.230000 40.029999 1.190410e+07
736344 35.619999 37.310001 34.590000 36.029999 1.739820e+07
736348 37.490002 37.490002 34.419998 36.009998 1.209650e+07
736349 34.830002 35.930000 31.900000 35.110001 1.985870e+07
736350 35.450001 36.500000 33.740002 35.250000 1.287450e+07
736351 36.900002 38.200001 36.500000 38.189999 1.020190e+07
736354 37.680000 38.270000 36.049999 36.209999 9.370500e+06
736355 36.750000 37.959999 36.250000 37.930000 8.822800e+06
736356 37.509998 38.730000 35.860001 36.380001 1.276550e+07
736357 37.599998 37.869999 36.000000 37.619999 9.109900e+06
736358 37.900002 39.250000 37.709999 39.119999 7.568400e+06
736361 38.880001 40.020000 38.209999 39.560001 7.473200e+06
736362 38.270000 38.349998 36.540001 36.860001 1.143910e+07
736363 37.500000 37.529999 34.799999 37.340000 1.107550e+07
736364 36.880001 37.849998 36.400002 36.930000 7.307400e+06
736365 37.029999 37.070000 34.849998 35.470001 9.633400e+06
736368 34.150002 34.490002 32.250000 33.759998 1.151630e+07
736369 32.400002 34.209999 32.270000 33.509998 9.388200e+06
736370 34.119999 34.709999 33.169998 33.250000 6.895500e+06
736371 30.990000 32.000000 29.980000 31.230000 1.314190e+07
736372 32.200001 32.650002 31.459999 32.580002 6.398000e+06
736376 33.700001 34.169998 33.150002 34.070000 6.704700e+06
736377 34.860001 35.580002 34.540001 35.400002 5.058500e+06
736378 35.610001 36.049999 34.910000 35.480000 8.096600e+06
736379 34.880001 36.490002 34.560001 36.430000 1.057570e+07
736382 37.450001 38.520000 37.349998 38.500000 8.469500e+06
736383 38.020000 38.270000 36.400002 36.570000 6.219300e+06
736384 35.049999 36.970001 34.419998 36.779999 1.002150e+07
736385 37.080002 38.090000 36.330002 38.060001 6.015700e+06
736386 38.680000 38.849998 37.099998 37.500000 7.333200e+06
736389 37.619999 38.639999 36.820000 36.880001 6.012700e+06
736390 37.759998 40.090000 37.380001 40.090000 5.830500e+06
736391 39.889999 40.759998 39.240002 40.759998 5.870700e+06
736392 40.520000 42.459999 40.200001 42.060001 7.491400e+06
736393 42.730000 42.959999 41.070000 41.549999 7.150900e+06
736396 40.689999 42.349998 40.509998 41.410000 5.589400e+06
736397 40.529999 41.130001 39.680000 39.790001 6.284700e+06
736398 40.209999 40.529999 39.470001 40.340000 5.470400e+06
736399 40.939999 42.259998 39.110001 41.040001 1.189310e+07
736400 42.060001 43.150002 41.820000 43.150002 7.340400e+06
736403 42.830002 44.060001 42.500000 43.830002 6.340100e+06
736404 42.500000 43.279999 42.320000 43.209999 7.154100e+06
736405 42.630001 45.150002 42.599998 44.779999 9.594100e+06
736406 44.779999 46.669998 44.470001 46.090000 6.559700e+06
736407 46.709999 47.290001 45.540001 46.450001 7.154000e+06
736410 46.439999 47.889999 46.310001 47.750000 6.018000e+06
736411 47.080002 48.720001 46.930000 48.369999 6.418800e+06
736412 47.880001 47.919998 45.790001 46.049999 5.620800e+06
736413 44.480000 46.340000 44.080002 46.290001 4.947600e+06
736417 46.740002 47.680000 45.990002 46.939999 3.752200e+06
736418 46.779999 49.770000 46.380001 49.660000 4.717500e+06
736419 50.560001 51.680000 49.639999 50.880001 5.960800e+06
736420 50.380001 51.500000 49.740002 50.529999 4.834600e+06
736421 48.880001 52.119999 48.540001 52.000000 5.771100e+06
736424 52.070000 52.310001 50.360001 50.560001 5.019600e+06
736425 48.639999 49.299999 47.380001 47.639999 6.779300e+06
736426 47.889999 50.919998 47.529999 50.799999 6.802800e+06
736427 49.360001 49.980000 44.939999 46.080002 7.828300e+06
736428 47.799999 48.570000 46.410000 47.320000 4.765200e+06
736431 48.099998 48.689999 46.570000 46.610001 7.945300e+06
736432 46.619999 48.580002 45.540001 48.139999 6.728400e+06
736433 49.290001 50.630001 49.080002 50.570000 7.916800e+06
736434 50.669998 51.389999 49.799999 50.740002 7.291600e+06
736435 50.889999 51.470001 50.279999 51.410000 6.777900e+06
736438 50.770000 54.790001 50.730000 54.630001 6.972400e+06
736439 54.900002 55.709999 52.980000 54.150002 6.980100e+06
736440 54.919998 55.360001 53.520000 53.860001 4.929800e+06
736441 53.270000 53.700001 51.970001 52.860001 4.519500e+06
736442 52.529999 54.320000 52.119999 54.180000 4.134300e+06
736445 53.290001 53.680000 52.200001 53.439999 4.276400e+06
736446 54.160000 55.000000 53.770000 54.639999 3.517300e+06
736447 53.849998 56.790001 53.509998 56.220001 4.944200e+06
736448 55.090000 57.250000 52.470001 52.889999 6.294100e+06
736449 52.259998 52.869999 48.700001 51.130001 8.566000e+06
736452 52.209999 54.880001 51.700001 54.299999 4.454700e+06
736453 52.680000 52.889999 50.660000 51.810001 6.410900e+06
736454 50.500000 51.529999 49.980000 51.150002 5.569600e+06
736455 52.139999 52.400002 50.389999 51.240002 5.186600e+06
736456 51.040001 53.740002 50.959999 53.560001 5.739400e+06
736459 54.040001 55.889999 53.900002 54.759998 6.123200e+06
736460 56.169998 57.560001 56.049999 57.459999 5.423600e+06
736461 57.220001 58.119999 54.900002 55.360001 7.167400e+06
736462 55.950001 56.889999 53.750000 56.000000 6.433800e+06
736463 56.000000 57.060001 53.459999 53.930000 7.469100e+06
736466 54.380001 57.160000 54.310001 56.450001 5.446300e+06
736467 56.029999 56.349998 53.180000 53.980000 8.224700e+06
736468 53.959999 55.959999 53.000000 54.209999 1.028390e+07
736469 53.279999 54.099998 51.160000 53.980000 9.624900e+06
736470 55.119999 56.070000 54.959999 55.860001 7.930300e+06
736473 56.000000 56.919998 55.490002 56.230000 6.384100e+06
736474 56.959999 59.090000 56.900002 58.450001 7.349400e+06
736475 59.360001 60.689999 58.860001 59.560001 8.078000e+06
736476 59.619999 60.439999 59.450001 60.169998 5.879000e+06
736477 60.619999 61.880001 60.439999 61.869999 6.192400e+06
736481 62.689999 62.990002 60.060001 61.919998 7.262000e+06
736482 60.820000 62.820000 60.119999 62.340000 5.988200e+06
736483 61.720001 64.120003 60.970001 64.070000 5.936900e+06
736484 62.930000 64.769997 61.130001 64.379997 6.367900e+06
736487 64.709999 65.489998 63.599998 65.190002 6.102900e+06
736488 65.769997 66.500000 65.010002 65.150002 6.625400e+06
736489 65.190002 65.669998 64.019997 64.720001 6.429400e+06
736490 63.450001 64.239998 62.669998 63.490002 6.110400e+06
736491 60.580002 61.049999 57.459999 57.750000 8.496400e+06
736494 55.240002 56.700001 49.009998 49.070000 1.121210e+07
736495 48.130001 50.849998 47.410000 50.119999 1.515610e+07
736496 50.610001 52.730000 50.150002 50.610001 1.023540e+07
736497 48.360001 52.459999 46.540001 51.970001 1.753690e+07
736498 52.000000 52.900002 51.020000 52.049999 9.162000e+06
736501 55.310001 56.980000 55.259998 55.540001 9.540400e+06
736502 56.570000 56.680000 54.209999 55.180000 7.292500e+06
736503 55.180000 56.759998 52.599998 53.360001 9.228700e+06
736504 56.209999 58.779999 55.509998 58.459999 9.355000e+06
736505 45.709999 51.740002 41.500000 43.000000 2.281060e+07
736508 41.689999 42.090000 39.430000 41.889999 1.849790e+07
736509 43.080002 45.540001 43.020000 45.430000 1.720960e+07
736510 46.570000 48.189999 46.529999 47.689999 1.181380e+07
736511 48.240002 49.389999 47.509998 49.060001 9.231500e+06
736512 49.419998 50.880001 49.220001 50.610001 8.972300e+06
736516 49.700001 49.910000 47.810001 49.630001 1.005820e+07
736517 48.900002 51.060001 48.139999 50.990002 1.139080e+07
736518 51.779999 52.610001 49.750000 51.810001 9.826900e+06
736519 53.700001 55.619999 53.380001 55.209999 9.319700e+06
736522 56.160000 56.619999 55.099998 55.200001 7.643800e+06
736523 56.580002 56.720001 55.270000 56.480000 7.720900e+06
736524 57.090000 57.560001 56.020000 57.410000 5.821800e+06
736525 58.029999 58.430000 57.180000 57.450001 6.930300e+06
736526 57.910000 58.250000 55.860001 57.730000 6.608300e+06
736529 57.490002 59.230000 57.200001 58.720001 6.215200e+06
736530 58.700001 59.520000 57.709999 58.770000 7.667400e+06
736531 59.919998 60.919998 59.349998 60.470001 5.946000e+06
736532 60.189999 60.660000 57.950001 58.730000 6.393100e+06
736533 59.130001 60.799999 58.680000 60.070000 5.117900e+06
736536 60.520000 60.980000 58.200001 60.439999 7.954600e+06
736537 60.480000 61.060001 59.299999 61.029999 7.058500e+06
736538 61.779999 62.959999 60.119999 62.380001 6.585400e+06
736539 62.040001 63.939999 61.400002 63.520000 4.761200e+06
736540 63.619999 66.260002 63.419998 65.720001 5.579200e+06
736543 66.300003 67.750000 65.150002 66.790001 4.899200e+06
736544 66.059998 66.480003 62.200001 64.279999 9.836000e+06
736545 64.150002 65.940002 63.500000 65.930000 6.127600e+06
736546 66.739998 68.199997 66.040001 67.730003 4.738200e+06
736547 69.370003 70.900002 69.339996 70.050003 4.567900e+06
736550 71.000000 71.650002 70.610001 71.599998 4.182000e+06
736551 72.580002 74.160004 71.639999 72.760002 5.182600e+06
736552 73.199997 73.360001 69.580002 71.019997 5.222600e+06
736553 71.879997 72.809998 71.019997 71.400002 4.167200e+06
736554 71.400002 72.599998 70.459999 72.110001 4.061300e+06
736557 73.019997 73.599998 72.650002 73.239998 2.610900e+06
736558 71.820000 71.839996 70.269997 70.739998 3.169800e+06
736559 70.970001 72.800003 69.120003 72.540001 4.619200e+06
736560 72.239998 73.820000 71.720001 73.820000 2.755400e+06
736561 73.019997 73.779999 72.230003 73.440002 3.698200e+06
736564 72.989998 73.489998 72.000000 73.209999 3.644800e+06
736565 73.680000 74.139999 73.230003 73.410004 2.645000e+06
736566 73.000000 73.180000 70.919998 71.739998 3.231600e+06
736567 70.489998 72.519997 70.349998 71.669998 3.023000e+06
736568 72.250000 74.239998 68.980003 71.449997 6.299700e+06
736571 71.660004 73.300003 71.639999 72.919998 2.612600e+06
736572 73.129997 73.750000 72.199997 73.480003 3.000700e+06
736573 73.180000 73.580002 71.169998 73.010002 3.422700e+06
736574 73.339996 73.739998 71.500000 73.419998 5.213500e+06
736575 74.970001 76.139999 74.650002 76.099998 3.291200e+06
736579 76.720001 78.160004 76.050003 78.089996 2.742800e+06
736580 78.000000 79.269997 77.750000 79.080002 2.637600e+06
736581 79.059998 79.269997 77.839996 78.800003 3.828900e+06
736582 75.739998 76.050003 66.110001 66.169998 1.219980e+07
736585 65.529999 71.360001 64.809998 70.699997 7.281700e+06
736586 67.959999 68.160004 59.000000 61.430000 1.342150e+07
736587 62.689999 65.250000 61.180000 62.040001 7.418100e+06
736588 62.040001 64.970001 60.970001 64.279999 7.070400e+06
736589 62.970001 65.500000 61.860001 65.089996 6.601200e+06
736592 67.330002 68.690002 65.440002 66.739998 6.527700e+06
736593 68.370003 68.379997 66.139999 67.230003 4.557900e+06
736594 68.059998 72.629997 67.180000 72.230003 8.363600e+06
736595 74.339996 75.050003 73.510002 74.779999 4.450600e+06
736596 74.379997 75.110001 73.750000 74.129997 3.913100e+06
736599 71.459999 71.879997 69.320000 70.180000 5.145400e+06
736600 70.269997 74.459999 69.650002 73.919998 4.714000e+06
736601 74.480003 74.930000 71.849998 74.720001 4.401600e+06
736602 74.419998 75.589996 67.379997 70.019997 1.136710e+07
736603 72.730003 74.070000 71.389999 73.209999 4.977100e+06
736606 72.410004 73.760002 71.779999 73.519997 3.653600e+06
736607 74.160004 75.199997 71.860001 73.720001 6.376100e+06
736608 74.540001 74.980003 74.050003 74.379997 2.794000e+06
736609 74.110001 75.290001 73.570000 74.959999 2.572000e+06
736610 75.419998 75.699997 73.209999 74.860001 5.075000e+06
736613 75.739998 77.000000 75.440002 76.440002 2.216300e+06
736614 75.830002 76.000000 71.029999 72.180000 8.081300e+06
736615 72.500000 73.879997 71.290001 72.110001 5.307100e+06
736616 69.360001 70.959999 67.449997 69.919998 7.687300e+06
736617 72.000000 72.410004 70.160004 70.709999 5.870600e+06
736620 71.099998 71.500000 70.050003 71.010002 4.491400e+06
736621 72.930000 73.980003 72.419998 73.910004 3.623600e+06
736622 75.449997 76.160004 74.459999 75.610001 3.723300e+06
736623 75.440002 76.820000 74.599998 76.550003 3.823500e+06
736624 76.110001 78.300003 75.669998 78.180000 3.460500e+06
736627 79.980003 81.239998 79.879997 80.940002 2.145200e+06
736628 80.930000 81.050003 79.059998 80.070000 3.284800e+06
736629 78.260002 79.900002 77.650002 78.099998 4.383600e+06
736630 79.349998 79.400002 76.410004 76.750000 5.270900e+06
736631 76.459999 77.320000 72.139999 73.459999 9.374700e+06
736634 73.900002 74.099998 71.379997 71.820000 3.716700e+06
736635 71.769997 71.779999 66.410004 69.830002 1.045990e+07
736636 69.459999 69.800003 67.519997 68.150002 5.219300e+06
736637 68.239998 68.570000 63.619999 64.470001 6.414600e+06
736638 65.160004 66.779999 63.959999 64.320000 6.467500e+06
736641 69.900002 72.570000 69.290001 72.480003 6.009900e+06
736642 71.709999 74.849998 70.739998 74.370003 5.725300e+06
736643 70.230003 77.180000 70.139999 76.160004 1.077040e+07
736644 78.220001 78.900002 71.129997 74.000000 7.975900e+06
736645 72.529999 76.070000 71.839996 75.790001 4.556100e+06
736648 75.339996 76.449997 73.269997 76.080002 4.949700e+06
736649 76.820000 79.379997 76.000000 79.330002 4.073900e+06
736650 77.639999 79.720001 77.639999 78.830002 4.235900e+06
736651 79.000000 81.129997 78.680000 81.099998 3.966400e+06
736652 81.239998 81.989998 80.120003 81.459999 4.278200e+06
736655 82.419998 85.320000 82.400002 85.169998 2.853700e+06
736656 85.199997 85.589996 82.870003 84.709999 3.263500e+06
736657 83.860001 84.879997 83.139999 84.510002 2.746500e+06
736659 84.779999 85.150002 83.919998 85.089996 1.346000e+06
736662 84.120003 85.019997 82.839996 84.320000 3.443900e+06
736663 84.139999 86.019997 83.379997 84.900002 3.011800e+06
736664 86.050003 86.290001 84.339996 84.669998 3.902200e+06
736665 84.900002 85.220001 79.989998 81.500000 5.586300e+06
736666 81.110001 83.820000 80.639999 81.580002 4.422000e+06
736669 84.279999 87.139999 83.980003 86.820000 3.855900e+06
736670 88.230003 90.099998 87.690002 89.610001 3.215900e+06
736671 90.000000 91.839996 88.849998 89.389999 4.063000e+06
736672 89.230003 89.760002 86.129997 89.129997 4.594000e+06
736673 88.410004 90.480003 88.290001 90.110001 3.428100e+06
736676 90.000000 90.260002 88.440002 89.400002 3.240400e+06
736677 89.559998 89.849998 87.050003 88.629997 3.446900e+06
736678 88.050003 91.500000 87.750000 88.790001 5.454700e+06
736679 90.169998 90.870003 88.870003 90.080002 3.286700e+06
736680 91.199997 91.839996 89.970001 91.160004 2.850000e+06
736683 92.239998 94.620003 92.239998 94.440002 2.457600e+06
736684 95.220001 96.820000 95.139999 96.269997 2.482500e+06
736685 96.919998 98.070000 96.559998 97.800003 1.738600e+06
736686 97.690002 98.190002 95.519997 96.059998 2.051800e+06
736687 95.750000 96.610001 95.180000 96.580002 1.103700e+06
736691 96.570000 98.129997 96.459999 97.820000 1.444400e+06
736692 98.139999 98.500000 94.110001 94.440002 2.740900e+06
736693 94.070000 94.889999 91.639999 92.910004 2.338000e+06
736694 93.959999 93.989998 89.970001 90.980003 3.277700e+06
736698 94.709999 97.650002 94.099998 97.449997 3.593900e+06
736699 98.550003 103.529999 98.529999 102.529999 2.793600e+06
736700 101.610001 102.989998 99.779999 102.860001 2.052200e+06
736701 103.919998 106.370003 103.050003 104.250000 4.051700e+06
736704 103.690002 106.019997 102.760002 104.459999 2.530100e+06
736705 105.540001 106.410004 103.680000 105.150002 2.366500e+06
736706 105.010002 107.739998 103.010002 107.440002 3.725700e+06
736707 106.489998 107.599998 101.970001 107.489998 4.746600e+06
736708 107.919998 108.720001 106.080002 107.199997 3.296300e+06
736712 105.730003 108.010002 105.400002 107.500000 3.407200e+06
736713 108.239998 109.589996 107.370003 108.000000 3.743700e+06
736714 108.500000 108.930000 105.779999 106.769997 3.482900e+06
736715 107.860001 111.000000 107.459999 110.949997 3.628400e+06
736718 110.870003 111.940002 108.790001 111.849998 3.431200e+06
736719 113.300003 117.709999 113.160004 117.040001 2.536900e+06
736720 118.970001 120.480003 118.379997 119.940002 2.239800e+06
736721 119.559998 120.629997 118.050003 119.320000 2.479500e+06
736722 119.790001 121.160004 118.720001 120.739998 2.189100e+06
736725 118.190002 118.269997 112.110001 117.309998 5.768500e+06
736726 116.290001 118.000000 114.180000 117.849998 4.154800e+06
736727 120.089996 121.230003 118.370003 119.910004 3.672300e+06
736728 118.849998 120.089996 117.709999 118.930000 3.163100e+06
736729 121.300003 122.540001 120.519997 121.360001 2.412100e+06
736732 120.029999 121.980003 119.610001 121.489998 2.586700e+06
736733 121.620003 121.889999 120.070000 120.529999 2.553200e+06
736734 120.099998 121.699997 118.550003 120.879997 2.371300e+06
736735 121.550003 124.570000 121.320000 123.419998 1.890100e+06
736736 124.699997 126.250000 124.449997 125.400002 2.219400e+06
736739 127.620003 129.820007 127.230003 129.369995 2.501600e+06
736740 129.449997 135.059998 129.320007 134.940002 3.428500e+06
736741 134.639999 135.539993 129.850006 129.979996 4.213900e+06
736742 130.259995 130.419998 122.699997 129.300003 5.309700e+06
736743 126.339996 129.610001 125.379997 129.050003 3.270600e+06
736747 130.789993 131.149994 127.059998 127.480003 2.803200e+06
736748 126.449997 128.449997 124.660004 126.940002 2.308100e+06
736749 126.660004 127.070000 121.669998 123.599998 3.224200e+06
736750 119.040001 125.449997 118.440002 125.250000 3.991500e+06
736753 125.199997 128.460007 124.059998 125.589996 2.215100e+06
736754 125.080002 125.900002 121.879997 122.500000 2.688700e+06
736755 127.919998 128.750000 125.040001 125.300003 3.189600e+06
736756 125.190002 127.580002 123.699997 124.980003 3.183800e+06
736757 126.769997 129.270004 126.639999 128.789993 2.344100e+06
736760 129.029999 131.630005 128.389999 131.179993 2.201700e+06
736761 131.000000 133.300003 129.660004 131.070007 2.220900e+06
736762 132.339996 133.649994 129.669998 130.110001 1.971500e+06
736763 130.940002 132.410004 128.550003 130.779999 2.516500e+06
736764 131.970001 132.800003 130.229996 132.580002 2.348900e+06
