736034 0.790000 0.800000 0.750000 0.770000 4.810000e+04
736035 0.770000 0.820000 0.760000 0.780000 2.480000e+04
736036 0.820000 0.850000 0.770000 0.840000 1.189000e+05
736039 0.860000 0.860000 0.780000 0.840000 1.222000e+05
736040 0.820000 0.820000 0.780000 0.780000 5.550000e+04
736041 0.760000 0.840000 0.760000 0.820000 5.970000e+04
736042 0.830000 0.830000 0.800000 0.830000 1.950000e+04
736043 0.850000 0.850000 0.830000 0.830000 4.530000e+04
736046 0.820000 0.850000 0.820000 0.820000 1.490000e+04
736047 0.820000 0.930000 0.820000 0.900000 4.763000e+05
736048 0.880000 0.990000 0.880000 0.930000 2.459000e+05
736049 0.930000 0.950000 0.910000 0.930000 4.650000e+04
736050 0.960000 1.050000 0.930000 1.000000 2.226000e+05
736053 1.020000 1.040000 0.930000 1.000000 1.093000e+05
736054 1.060000 1.060000 0.980000 1.040000 1.598000e+05
736055 1.050000 1.060000 1.040000 1.040000 8.270000e+04
736056 1.010000 1.060000 1.010000 1.060000 1.280000e+05
736060 1.050000 1.060000 1.000000 1.000000 8.190000e+04
736061 1.050000 1.100000 1.000000 1.060000 9.810000e+04
736062 1.030000 1.060000 1.010000 1.020000 6.460000e+04
736063 1.060000 1.090000 1.020000 1.040000 6.820000e+04
736064 1.050000 1.130000 1.040000 1.100000 3.674000e+05
736067 1.100000 1.100000 1.060000 1.100000 6.160000e+04
736068 1.120000 1.130000 1.060000 1.130000 2.703000e+05
736069 1.130000 1.170000 1.120000 1.140000 6.802000e+05
736070 1.150000 1.150000 1.020000 1.070000 1.961000e+05
736071 1.030000 1.090000 1.030000 1.090000 7.680000e+04
736074 1.100000 1.150000 1.050000 1.120000 4.980000e+04
736075 1.100000 1.150000 1.100000 1.140000 2.475000e+05
736076 1.150000 1.150000 1.110000 1.140000 2.081000e+05
736077 1.150000 1.150000 1.100000 1.150000 1.517000e+05
736078 1.150000 1.150000 1.070000 1.080000 5.295000e+05
736081 1.650000 2.100000 1.650000 1.840000 1.635460e+07
736082 1.800000 1.800000 1.490000 1.540000 4.484000e+06
736083 1.530000 1.530000 1.450000 1.460000 1.511300e+06
736084 1.490000 1.600000 1.390000 1.490000 2.207300e+06
736085 1.500000 1.530000 1.320000 1.420000 9.301000e+05
736088 1.390000 1.540000 1.390000 1.490000 1.070500e+06
736089 1.480000 1.600000 1.460000 1.520000 1.304100e+06
736090 1.640000 2.000000 1.580000 1.980000 4.761100e+06
736091 1.960000 2.020000 1.650000 1.730000 5.796800e+06
736092 1.710000 1.720000 1.520000 1.590000 1.267000e+06
736095 1.590000 1.690000 1.530000 1.580000 1.072300e+06
736096 1.550000 1.590000 1.460000 1.470000 1.029600e+06
736097 1.600000 1.640000 1.360000 1.400000 1.225200e+06
736098 1.340000 1.400000 1.240000 1.280000 1.111100e+06
736099 1.290000 1.290000 1.210000 1.280000 7.445000e+05
736102 1.280000 1.360000 1.240000 1.240000 4.512000e+05
736103 1.280000 1.370000 1.200000 1.340000 8.316000e+05
736104 1.340000 1.340000 1.240000 1.270000 3.702000e+05
736105 1.290000 1.350000 1.230000 1.300000 4.596000e+05
736106 1.300000 1.300000 1.240000 1.290000 3.098000e+05
736110 1.300000 1.320000 1.240000 1.300000 3.973000e+05
736111 1.300000 1.380000 1.280000 1.330000 3.702000e+05
736112 1.340000 1.470000 1.290000 1.410000 5.809000e+05
736113 1.410000 1.500000 1.300000 1.310000 8.033000e+05
736116 1.310000 1.360000 1.210000 1.210000 3.593000e+05
736117 1.230000 1.300000 1.220000 1.250000 4.134000e+05
736118 1.250000 1.300000 1.230000 1.240000 3.325000e+05
736119 1.220000 1.280000 1.210000 1.240000 2.326000e+05
736120 1.250000 1.270000 1.200000 1.210000 2.791000e+05
736123 1.280000 1.520000 1.280000 1.360000 2.876300e+06
736124 1.300000 1.430000 1.300000 1.370000 5.681000e+05
736125 1.370000 1.530000 1.370000 1.510000 9.736000e+05
736126 1.580000 1.580000 1.410000 1.520000 7.378000e+05
736127 1.500000 1.510000 1.420000 1.440000 3.767000e+05
736130 1.450000 1.450000 1.330000 1.350000 2.908000e+05
736131 1.360000 1.410000 1.310000 1.310000 2.687000e+05
736132 1.300000 1.390000 1.300000 1.310000 2.297000e+05
736133 1.330000 1.350000 1.310000 1.310000 1.638000e+05
736134 1.330000 1.380000 1.270000 1.290000 5.157000e+05
736137 1.310000 1.350000 1.290000 1.330000 1.216000e+05
736138 1.310000 1.420000 1.300000 1.390000 5.467000e+05
736139 1.410000 1.580000 1.410000 1.580000 1.982500e+06
736140 1.590000 1.670000 1.530000 1.530000 1.280000e+06
736141 1.580000 1.580000 1.450000 1.530000 3.683000e+05
736144 1.600000 1.600000 1.430000 1.430000 7.270000e+05
736145 1.430000 1.500000 1.420000 1.430000 1.713000e+05
736146 1.430000 1.470000 1.380000 1.380000 2.952000e+05
736147 1.410000 1.410000 1.330000 1.380000 2.177000e+05
736151 1.400000 1.720000 1.330000 1.560000 1.998100e+06
736152 1.530000 1.540000 1.460000 1.480000 2.618000e+05
736153 1.450000 1.480000 1.390000 1.450000 2.356000e+05
736154 1.450000 1.540000 1.450000 1.500000 2.076000e+05
736155 1.520000 1.580000 1.460000 1.500000 3.924000e+05
736158 1.510000 1.510000 1.490000 1.500000 4.222000e+05
736159 1.490000 1.490000 1.430000 1.490000 3.233000e+05
736160 1.500000 1.500000 1.440000 1.500000 2.730000e+05
736161 1.520000 1.630000 1.460000 1.520000 8.349000e+05
736162 1.490000 1.510000 1.370000 1.370000 5.664000e+05
736165 1.360000 1.400000 1.280000 1.300000 5.805000e+05
736166 1.300000 1.450000 1.300000 1.320000 9.018000e+05
736167 1.320000 1.350000 1.280000 1.300000 3.476000e+05
736168 1.300000 1.300000 1.250000 1.270000 2.492000e+05
736169 1.290000 1.300000 1.220000 1.220000 2.665000e+05
736172 1.220000 1.220000 1.120000 1.180000 3.604000e+05
736173 1.200000 1.280000 1.160000 1.160000 2.439000e+05
736174 1.180000 1.270000 1.150000 1.270000 3.233000e+05
736175 1.260000 1.270000 1.220000 1.230000 1.504000e+05
736176 1.250000 1.290000 1.240000 1.250000 7.370000e+04
736179 1.230000 1.340000 1.190000 1.220000 4.510000e+05
736180 1.220000 1.250000 1.180000 1.190000 7.150000e+04
736181 1.220000 1.230000 1.120000 1.120000 1.595000e+05
736182 1.120000 1.140000 1.090000 1.100000 2.224000e+05
736183 1.130000 1.180000 1.110000 1.110000 4.985000e+05
736186 1.120000 1.190000 1.090000 1.120000 3.164000e+05
736187 1.100000 1.160000 1.060000 1.090000 4.724000e+05
736188 1.070000 1.140000 0.880000 0.990000 6.380000e+05
736189 0.990000 1.060000 0.990000 1.040000 9.610000e+04
736190 1.060000 1.080000 1.010000 1.060000 2.305000e+05
736193 1.060000 1.150000 0.980000 0.980000 5.417000e+05
736194 1.000000 1.120000 0.980000 1.080000 4.855000e+05
736195 1.070000 1.090000 0.980000 1.080000 2.778000e+05
736196 1.140000 1.150000 0.910000 0.910000 6.884000e+05
736197 0.920000 0.970000 0.920000 0.940000 1.299000e+05
736200 0.940000 0.950000 0.840000 0.840000 4.508000e+05
736201 0.910000 0.950000 0.800000 0.810000 4.595000e+05
736202 0.800000 0.880000 0.800000 0.820000 4.428000e+05
736203 0.840000 0.940000 0.830000 0.920000 2.122000e+05
736204 0.890000 1.030000 0.880000 0.910000 5.509000e+05
736207 0.900000 1.040000 0.900000 0.980000 2.083000e+05
736208 0.980000 1.020000 0.930000 0.970000 1.788000e+05
736209 0.990000 1.010000 0.940000 0.950000 6.680000e+04
736210 0.940000 0.990000 0.940000 0.940000 3.290000e+04
736211 0.950000 1.000000 0.930000 1.000000 6.650000e+04
736215 0.980000 1.020000 0.940000 0.990000 4.660000e+04
736216 0.950000 1.000000 0.930000 0.950000 7.090000e+04
736217 1.000000 1.000000 0.920000 0.940000 6.880000e+04
736218 0.910000 1.030000 0.910000 0.980000 7.770000e+04
736221 0.980000 1.000000 0.930000 0.930000 3.890000e+04
736222 0.930000 1.000000 0.910000 0.950000 4.850000e+04
736223 0.980000 0.990000 0.950000 0.990000 6.970000e+04
736224 0.980000 1.050000 0.910000 0.970000 7.098000e+05
736225 0.940000 1.000000 0.910000 1.000000 1.701000e+05
736228 0.990000 0.990000 0.910000 0.950000 5.890000e+04
736229 0.930000 0.990000 0.910000 0.950000 4.850000e+04
736230 0.940000 0.990000 0.910000 0.920000 9.770000e+04
736231 0.920000 0.970000 0.850000 0.900000 2.505000e+05
736232 0.950000 0.950000 0.860000 0.890000 6.710000e+04
736235 0.940000 0.940000 0.850000 0.920000 2.479000e+05
736236 0.920000 0.930000 0.870000 0.910000 1.856000e+05
736237 0.900000 0.980000 0.900000 0.980000 6.450000e+04
736238 0.970000 1.010000 0.910000 1.010000 7.400000e+04
736239 1.000000 1.010000 0.920000 0.940000 9.590000e+04
736242 0.890000 1.050000 0.890000 0.950000 8.862000e+05
736243 0.950000 1.000000 0.910000 0.920000 1.419000e+05
736244 0.930000 0.970000 0.910000 0.950000 1.147000e+05
736245 0.950000 0.990000 0.930000 0.960000 5.350000e+04
736246 0.960000 1.000000 0.940000 0.990000 1.408000e+05
736249 0.980000 0.990000 0.940000 0.940000 8.750000e+04
736250 0.950000 0.980000 0.940000 0.970000 4.700000e+04
736251 0.940000 0.990000 0.940000 0.940000 5.680000e+04
736252 0.960000 0.980000 0.920000 0.930000 2.635000e+05
736253 0.940000 0.950000 0.910000 0.940000 4.340000e+04
736256 0.930000 0.970000 0.910000 0.970000 3.840000e+04
736257 0.970000 0.970000 0.920000 0.960000 3.330000e+04
736258 0.950000 0.970000 0.920000 0.940000 4.150000e+04
736259 0.940000 0.970000 0.920000 0.970000 4.580000e+04
736260 0.960000 0.970000 0.920000 0.960000 6.510000e+04
736263 0.960000 0.960000 0.900000 0.950000 8.000000e+04
736264 0.940000 0.960000 0.920000 0.920000 3.480000e+04
736265 0.910000 0.950000 0.910000 0.930000 6.230000e+04
736266 0.930000 0.960000 0.910000 0.960000 4.850000e+04
736267 0.950000 0.960000 0.910000 0.910000 2.500000e+04
736270 0.900000 0.940000 0.900000 0.920000 7.470000e+04
736271 0.920000 0.960000 0.920000 0.950000 7.670000e+04
736272 0.920000 1.000000 0.920000 0.950000 2.196000e+05
736273 1.000000 1.020000 0.970000 1.010000 3.276000e+05
736274 1.010000 1.010000 0.940000 1.000000 4.450000e+04
736277 1.000000 1.010000 0.970000 1.000000 7.610000e+04
736278 0.990000 1.010000 0.940000 1.010000 5.130000e+04
736279 0.970000 1.000000 0.970000 0.970000 4.510000e+04
736280 0.980000 1.000000 0.950000 0.990000 4.620000e+04
736281 0.970000 0.980000 0.820000 0.840000 1.815000e+05
736284 0.840000 0.860000 0.820000 0.850000 7.710000e+04
736285 0.880000 0.880000 0.860000 0.880000 2.940000e+04
736286 0.890000 0.900000 0.870000 0.870000 3.230000e+04
736287 0.850000 0.950000 0.850000 0.950000 2.650000e+04
736288 0.950000 0.950000 0.880000 0.940000 3.570000e+04
736291 0.940000 0.950000 0.860000 0.920000 4.780000e+04
736292 0.920000 0.950000 0.870000 0.950000 4.280000e+04
736293 0.950000 0.950000 0.900000 0.940000 2.630000e+04
736295 0.940000 0.940000 0.900000 0.920000 1.060000e+04
736298 0.890000 0.950000 0.860000 0.890000 5.240000e+04
736299 0.870000 0.920000 0.870000 0.900000 7.010000e+04
736300 0.900000 0.900000 0.870000 0.890000 5.040000e+04
736301 0.880000 0.910000 0.880000 0.910000 1.850000e+04
736302 0.900000 0.950000 0.880000 0.910000 2.200000e+04
736305 0.900000 0.900000 0.860000 0.860000 1.143000e+05
736306 0.860000 1.100000 0.860000 1.090000 6.767000e+05
736307 1.110000 1.200000 1.010000 1.090000 9.664000e+05
736308 1.060000 1.130000 1.030000 1.090000 1.459000e+05
736309 1.090000 1.110000 0.980000 0.990000 2.006000e+05
736312 1.000000 1.070000 1.000000 1.070000 1.072000e+05
736313 1.070000 1.090000 1.000000 1.010000 7.750000e+04
736314 1.030000 1.070000 0.990000 1.010000 4.860000e+04
736315 1.000000 1.030000 0.980000 1.030000 9.230000e+04
736316 1.000000 1.050000 0.950000 0.950000 1.411000e+05
736319 0.980000 1.020000 0.980000 1.000000 4.110000e+04
736320 1.000000 1.000000 0.960000 0.980000 1.126000e+05
736321 1.010000 1.060000 0.980000 1.060000 1.687000e+05
736322 1.040000 1.080000 1.000000 1.030000 4.540000e+04
736326 1.040000 1.080000 0.980000 0.980000 7.140000e+04
736327 0.980000 1.050000 0.980000 1.000000 4.710000e+04
736328 0.970000 1.010000 0.950000 0.980000 1.287000e+05
736329 1.000000 1.030000 0.940000 0.960000 1.047000e+05
736333 0.950000 0.960000 0.920000 0.930000 6.050000e+04
736334 0.950000 1.040000 0.950000 0.960000 5.140000e+04
736335 0.980000 0.980000 0.930000 0.960000 8.270000e+04
736336 0.960000 0.980000 0.930000 0.940000 1.331000e+05
736337 0.960000 0.970000 0.850000 0.890000 1.576000e+05
736340 0.920000 0.940000 0.870000 0.890000 5.860000e+04
736341 0.850000 0.940000 0.830000 0.860000 5.050000e+04
736342 0.830000 1.000000 0.710000 0.840000 5.972000e+05
736343 0.790000 0.790000 0.670000 0.710000 4.082000e+05
736344 0.700000 0.760000 0.620000 0.680000 2.366000e+05
736348 0.680000 0.740000 0.630000 0.630000 2.228000e+05
736349 0.680000 0.680000 0.480000 0.590000 2.961000e+05
736350 0.600000 0.690000 0.600000 0.670000 1.169000e+05
736351 0.670000 0.680000 0.600000 0.680000 5.590000e+04
736354 0.670000 0.700000 0.600000 0.630000 6.060000e+04
736355 0.640000 0.690000 0.600000 0.650000 5.190000e+04
736356 0.640000 0.670000 0.600000 0.630000 1.446000e+05
736357 0.630000 0.630000 0.600000 0.620000 1.455000e+05
736358 0.620000 0.660000 0.600000 0.640000 1.005000e+05
736361 0.650000 0.650000 0.610000 0.640000 3.490000e+04
736362 0.640000 0.660000 0.620000 0.660000 6.100000e+04
736363 0.650000 0.660000 0.610000 0.640000 1.970000e+04
736364 0.650000 0.660000 0.620000 0.660000 5.960000e+04
736365 0.640000 0.660000 0.620000 0.620000 4.830000e+04
736368 0.630000 0.680000 0.610000 0.680000 1.356000e+05
736369 0.640000 0.640000 0.560000 0.580000 4.590000e+04
736370 0.570000 0.630000 0.570000 0.610000 1.668000e+05
736371 0.580000 0.610000 0.550000 0.570000 1.329000e+05
736372 0.580000 0.690000 0.580000 0.680000 9.007000e+05
736376 0.740000 0.740000 0.700000 0.740000 9.740000e+04
736377 0.750000 0.820000 0.750000 0.780000 3.060000e+04
736378 0.800000 0.820000 0.780000 0.800000 4.560000e+04
736379 0.810000 0.810000 0.760000 0.760000 8.340000e+04
736382 0.800000 0.830000 0.800000 0.830000 2.530000e+04
736383 0.840000 0.850000 0.800000 0.840000 7.990000e+04
736384 0.800000 0.930000 0.800000 0.930000 1.127000e+05
736385 0.950000 0.950000 0.910000 0.930000 4.640000e+04
736386 0.930000 0.940000 0.900000 0.930000 3.170000e+04
736389 0.950000 0.950000 0.900000 0.930000 4.740000e+04
736390 0.920000 0.930000 0.900000 0.930000 9.990000e+04
736391 0.950000 0.970000 0.910000 0.960000 3.000000e+04
736392 0.940000 0.970000 0.910000 0.940000 5.640000e+04
736393 0.910000 0.970000 0.910000 0.930000 4.410000e+04
736396 0.940000 0.970000 0.920000 0.920000 1.360000e+05
736397 0.930000 0.930000 0.890000 0.890000 1.295000e+05
736398 0.890000 0.890000 0.840000 0.890000 4.020000e+04
736399 0.860000 0.900000 0.820000 0.900000 1.542000e+05
736400 0.920000 0.930000 0.920000 0.930000 1.692000e+05
736403 0.900000 0.900000 0.800000 0.870000 3.492000e+05
736404 0.900000 0.940000 0.900000 0.940000 3.140000e+05
736405 0.930000 0.930000 0.870000 0.890000 1.063000e+05
736406 0.870000 0.920000 0.870000 0.920000 1.720000e+04
736407 0.930000 0.940000 0.880000 0.920000 7.620000e+04
736410 0.930000 0.950000 0.910000 0.940000 8.960000e+04
736411 0.920000 0.930000 0.880000 0.900000 1.709000e+05
736412 0.920000 0.920000 0.850000 0.860000 1.321000e+05
736413 0.850000 0.880000 0.830000 0.850000 1.110000e+05
736417 0.940000 1.240000 0.910000 1.200000 2.166600e+06
736418 1.220000 1.220000 1.020000 1.050000 6.940000e+05
736419 1.080000 1.130000 1.030000 1.110000 1.302600e+06
736420 1.150000 1.200000 1.110000 1.120000 7.701000e+05
736421 1.100000 1.150000 1.100000 1.120000 1.811000e+05
736424 1.150000 1.150000 1.100000 1.110000 1.073000e+05
736425 1.120000 1.130000 1.100000 1.120000 1.062000e+05
736426 1.160000 1.350000 1.150000 1.240000 1.883400e+06
736427 1.250000 1.300000 1.200000 1.210000 2.181000e+05
736428 1.240000 1.250000 1.110000 1.180000 2.495000e+05
736431 1.170000 1.250000 1.170000 1.250000 1.767000e+05
736432 1.260000 1.290000 1.200000 1.270000 1.667000e+05
736433 1.270000 1.280000 1.200000 1.230000 1.629000e+05
736434 1.210000 1.240000 1.210000 1.230000 8.160000e+04
736435 1.230000 1.230000 1.200000 1.200000 9.600000e+04
736438 1.200000 1.240000 1.180000 1.180000 9.480000e+04
736439 1.200000 1.230000 1.150000 1.230000 8.420000e+04
736440 1.220000 1.370000 1.220000 1.280000 5.059000e+05
736441 1.290000 1.350000 1.270000 1.310000 2.222000e+05
736442 1.330000 1.330000 1.270000 1.270000 8.380000e+04
736445 1.300000 1.300000 1.250000 1.260000 1.241000e+05
736446 1.240000 1.250000 1.210000 1.250000 1.935000e+05
736447 1.250000 1.280000 1.170000 1.200000 1.593000e+05
736448 1.180000 1.250000 1.180000 1.190000 1.325000e+05
736449 1.180000 1.250000 1.180000 1.200000 2.284000e+05
736452 1.200000 1.220000 1.150000 1.150000 1.062000e+05
736453 1.150000 1.200000 1.070000 1.150000 4.305000e+05
736454 1.110000 1.130000 1.080000 1.090000 2.033000e+05
736455 1.130000 1.190000 0.950000 1.000000 3.833000e+05
736456 0.970000 1.010000 0.960000 1.000000 1.256000e+05
736459 1.000000 1.010000 0.980000 0.990000 6.180000e+04
736460 0.980000 1.000000 0.970000 1.000000 1.132000e+05
736461 1.020000 1.050000 0.950000 0.970000 1.575000e+05
736462 0.980000 1.000000 0.980000 0.980000 7.930000e+04
736463 1.000000 1.000000 0.930000 0.960000 2.932000e+05
736466 0.950000 0.950000 0.830000 0.870000 3.899000e+05
736467 1.050000 1.290000 0.980000 0.980000 4.829700e+06
736468 1.010000 1.060000 0.920000 0.940000 4.225000e+05
736469 0.960000 0.980000 0.880000 0.920000 1.789000e+05
736470 0.910000 0.930000 0.880000 0.880000 1.807000e+05
736473 0.900000 0.920000 0.880000 0.910000 1.213000e+05
736474 0.920000 0.930000 0.860000 0.910000 1.088000e+05
736475 1.050000 1.100000 0.970000 1.050000 4.965000e+05
736476 1.020000 1.140000 1.010000 1.080000 4.375000e+05
736477 1.050000 1.060000 1.030000 1.050000 5.900000e+04
736481 1.050000 1.100000 1.050000 1.090000 1.186000e+05
736482 1.050000 1.090000 1.050000 1.070000 8.390000e+04
736483 1.070000 1.100000 1.050000 1.050000 7.350000e+04
736484 1.070000 1.080000 1.020000 1.070000 2.550000e+04
736487 1.090000 1.100000 1.040000 1.070000 6.010000e+04
736488 1.070000 1.090000 1.050000 1.050000 4.430000e+04
736489 1.050000 1.100000 1.050000 1.050000 7.300000e+04
736490 1.060000 1.060000 1.050000 1.050000 5.170000e+04
736491 1.050000 1.060000 1.010000 1.020000 1.303000e+05
736494 1.040000 1.080000 1.020000 1.060000 9.290000e+04
736495 1.090000 1.090000 1.030000 1.050000 2.280000e+04
736496 1.220000 1.250000 1.060000 1.070000 2.029000e+05
736497 1.060000 1.070000 1.020000 1.050000 7.850000e+04
736498 1.050000 1.080000 1.030000 1.050000 1.650000e+04
736501 1.050000 1.100000 1.030000 1.080000 1.460000e+04
736502 1.070000 1.080000 1.050000 1.070000 3.050000e+04
736503 1.060000 1.080000 1.050000 1.050000 1.468000e+05
736504 1.050000 1.080000 1.040000 1.060000 7.540000e+04
736505 1.050000 1.060000 1.040000 1.050000 3.210000e+04
736508 1.060000 1.070000 1.040000 1.050000 3.420000e+04
736509 1.060000 1.080000 1.050000 1.050000 3.090000e+04
736510 1.060000 1.080000 1.040000 1.060000 2.700000e+04
736511 1.070000 1.080000 1.050000 1.050000 3.570000e+04
736512 1.080000 1.130000 1.060000 1.110000 8.040000e+04
736516 1.110000 1.110000 1.060000 1.070000 4.610000e+04
736517 1.070000 1.090000 1.060000 1.080000 2.160000e+04
736518 1.100000 1.100000 1.070000 1.090000 6.630000e+04
736519 1.060000 1.080000 1.060000 1.060000 8.750000e+04
736522 1.080000 1.090000 1.060000 1.080000 5.350000e+04
736523 1.090000 1.090000 1.060000 1.080000 4.170000e+04
736524 1.080000 1.150000 1.070000 1.090000 4.040000e+05
736525 1.090000 1.090000 1.070000 1.080000 5.390000e+04
736526 1.080000 1.090000 1.060000 1.070000 3.890000e+04
736529 1.090000 1.090000 1.060000 1.080000 6.050000e+04
736530 1.080000 1.110000 1.070000 1.070000 6.220000e+04
736531 1.080000 1.080000 1.060000 1.080000 6.140000e+04
736532 1.090000 1.090000 1.060000 1.060000 4.200000e+04
736533 1.080000 1.080000 1.060000 1.080000 7.420000e+04
736536 1.060000 1.080000 1.020000 1.080000 5.610000e+04
736537 1.080000 1.080000 1.040000 1.080000 4.370000e+04
736538 1.090000 1.170000 1.060000 1.060000 2.340000e+05
736539 1.080000 1.080000 1.050000 1.060000 5.570000e+04
736540 1.060000 1.080000 1.050000 1.050000 9.800000e+04
736543 1.050000 1.060000 1.030000 1.050000 8.780000e+04
736544 1.060000 1.070000 1.060000 1.070000 1.000000e+04
736545 1.070000 1.070000 1.040000 1.050000 1.476000e+05
736546 1.050000 1.060000 1.010000 1.030000 5.960000e+04
736547 1.010000 1.030000 1.010000 1.030000 7.510000e+04
736550 1.050000 1.110000 0.970000 1.100000 5.880000e+05
736551 1.100000 1.200000 1.080000 1.180000 6.690000e+05
736552 1.160000 1.170000 1.100000 1.160000 2.950000e+05
736553 1.170000 1.170000 1.110000 1.160000 1.098000e+05
736554 1.150000 1.170000 1.130000 1.160000 1.850000e+05
736557 1.160000 1.160000 1.120000 1.150000 3.140000e+04
736558 1.160000 1.240000 1.160000 1.180000 2.482000e+05
736559 1.140000 1.200000 1.140000 1.190000 1.546000e+05
736560 1.200000 1.300000 1.200000 1.240000 3.170000e+05
736561 1.240000 1.300000 1.230000 1.230000 3.163000e+05
736564 1.250000 1.250000 1.200000 1.250000 8.000000e+04
736565 1.250000 1.300000 1.240000 1.260000 8.290000e+04
736566 1.270000 1.330000 1.190000 1.210000 1.588000e+05
736567 1.200000 1.210000 1.080000 1.120000 1.857000e+05
736568 1.150000 1.190000 1.140000 1.160000 5.210000e+04
736571 1.150000 1.220000 1.150000 1.220000 1.043000e+05
736572 1.220000 1.290000 1.200000 1.250000 2.475000e+05
736573 1.280000 1.400000 1.270000 1.380000 9.413000e+05
736574 1.400000 1.450000 1.320000 1.340000 3.504000e+05
736575 1.350000 1.360000 1.320000 1.320000 5.460000e+04
736579 1.320000 1.350000 1.320000 1.320000 1.573000e+05
736580 1.320000 1.330000 1.300000 1.300000 9.780000e+04
736581 1.310000 1.320000 1.210000 1.220000 1.274000e+05
736582 1.210000 1.260000 1.070000 1.070000 2.737000e+05
736585 1.080000 1.150000 1.080000 1.130000 7.380000e+04
736586 1.110000 1.120000 1.090000 1.090000 4.160000e+04
736587 1.090000 1.140000 1.090000 1.130000 3.890000e+04
736588 1.140000 1.220000 1.140000 1.180000 9.490000e+04
736589 1.180000 1.220000 1.150000 1.220000 9.150000e+04
736592 1.230000 1.300000 1.180000 1.270000 4.033000e+05
736593 1.270000 1.270000 1.220000 1.260000 4.980000e+04
736594 1.270000 1.400000 1.270000 1.320000 3.292000e+05
736595 1.330000 1.340000 1.250000 1.250000 1.445000e+05
736596 1.250000 1.250000 1.220000 1.240000 7.210000e+04
736599 1.240000 1.250000 1.230000 1.230000 5.420000e+04
736600 1.230000 1.270000 1.170000 1.190000 2.582000e+05
736601 1.150000 1.200000 1.080000 1.150000 1.991000e+05
736602 1.150000 1.210000 1.150000 1.200000 1.842000e+05
736603 1.150000 1.230000 1.150000 1.210000 1.851000e+05
736606 1.210000 1.210000 1.120000 1.170000 2.390000e+04
736607 1.160000 1.180000 1.130000 1.130000 5.440000e+04
736608 1.130000 1.150000 1.130000 1.140000 1.150000e+04
736609 1.130000 1.190000 1.130000 1.140000 4.890000e+04
736610 1.130000 1.140000 1.110000 1.130000 3.240000e+04
736613 1.120000 1.180000 1.120000 1.180000 4.850000e+04
736614 1.160000 1.190000 1.110000 1.130000 1.290000e+04
736615 1.120000 1.140000 1.100000 1.120000 5.250000e+04
736616 1.110000 1.120000 1.050000 1.050000 1.335000e+05
736617 1.060000 1.070000 1.030000 1.050000 2.760000e+04
736620 1.090000 1.090000 1.000000 1.030000 5.800000e+04
736621 1.030000 1.040000 1.000000 1.000000 7.460000e+04
736622 1.050000 1.060000 1.000000 1.020000 5.520000e+04
736623 1.030000 1.030000 0.940000 0.970000 4.270000e+04
736624 1.010000 1.030000 0.970000 0.980000 2.220000e+04
736627 1.000000 1.000000 0.950000 0.960000 4.390000e+04
736628 0.960000 1.000000 0.950000 0.950000 1.950000e+04
736629 0.950000 0.980000 0.930000 0.940000 4.130000e+04
736630 0.930000 0.950000 0.920000 0.930000 5.150000e+04
736631 0.970000 1.000000 0.950000 0.950000 1.530000e+04
736634 0.950000 1.000000 0.940000 0.990000 3.829000e+05
736635 1.000000 1.000000 0.930000 0.950000 2.060000e+04
736636 0.980000 1.020000 0.930000 1.020000 4.010000e+04
736637 1.010000 1.090000 1.010000 1.070000 2.676000e+05
736638 1.060000 1.080000 1.030000 1.050000 2.930000e+04
736641 1.020000 1.020000 0.980000 0.990000 4.800000e+04
736642 0.990000 1.020000 0.980000 0.990000 2.840000e+04
736643 1.050000 1.050000 0.950000 0.990000 2.010000e+04
736644 1.000000 1.010000 0.960000 1.000000 6.330000e+04
736645 1.000000 1.000000 0.950000 1.000000 3.440000e+04
736648 1.000000 1.000000 0.930000 0.950000 6.180000e+04
736649 0.940000 0.990000 0.940000 0.960000 5.760000e+04
736650 0.990000 1.000000 0.910000 0.930000 6.270000e+04
736651 0.950000 1.000000 0.950000 0.960000 1.260000e+04
736652 0.980000 1.000000 0.930000 0.980000 1.370000e+04
736655 0.960000 1.000000 0.960000 0.980000 9.710000e+04
736656 1.000000 1.000000 0.960000 0.980000 7.000000e+03
736657 0.960000 1.000000 0.960000 1.000000 2.230000e+05
736659 1.000000 1.000000 0.960000 1.000000 2.040000e+04
736662 1.000000 1.000000 0.960000 0.970000 3.750000e+04
736663 0.960000 0.980000 0.950000 0.950000 4.960000e+04
736664 0.950000 0.960000 0.930000 0.950000 1.950000e+04
736665 0.950000 1.010000 0.950000 0.960000 1.916000e+05
736666 0.960000 1.000000 0.940000 0.960000 9.900000e+03
736669 0.960000 0.980000 0.940000 0.960000 2.180000e+04
736670 0.990000 0.990000 0.950000 0.950000 1.550000e+04
736671 0.950000 0.980000 0.930000 0.940000 1.180000e+04
736672 0.970000 0.990000 0.930000 0.940000 6.640000e+04
736673 0.930000 0.930000 0.890000 0.900000 7.330000e+04
736676 0.920000 0.980000 0.890000 0.910000 6.080000e+04
736677 0.890000 0.950000 0.830000 0.920000 1.094000e+05
736678 0.910000 0.940000 0.870000 0.880000 1.700000e+04
736679 0.880000 0.900000 0.850000 0.870000 5.050000e+04
736680 0.870000 0.890000 0.870000 0.890000 1.240000e+04
736683 0.850000 0.890000 0.850000 0.860000 3.330000e+04
736684 0.850000 0.860000 0.820000 0.820000 9.890000e+04
736685 0.810000 0.820000 0.770000 0.770000 4.230000e+04
736686 0.790000 0.850000 0.790000 0.850000 1.174000e+05
736687 0.820000 0.850000 0.800000 0.840000 4.740000e+04
736691 0.840000 0.870000 0.840000 0.840000 7.310000e+04
736692 0.830000 0.830000 0.790000 0.810000 9.250000e+04
736693 0.820000 0.820000 0.800000 0.810000 3.020000e+04
736694 0.810000 1.000000 0.800000 1.000000 2.359000e+05
736698 0.950000 0.950000 0.830000 0.850000 1.110000e+05
736699 0.860000 0.870000 0.840000 0.840000 2.580000e+04
736700 0.860000 0.880000 0.850000 0.870000 6.440000e+04
736701 0.880000 0.880000 0.870000 0.880000 1.190000e+04
736704 0.890000 0.890000 0.850000 0.850000 5.200000e+04
736705 0.850000 0.850000 0.830000 0.840000 2.450000e+04
736706 0.850000 0.850000 0.840000 0.850000 2.830000e+04
736707 0.850000 0.850000 0.800000 0.810000 1.540000e+05
736708 0.800000 0.820000 0.790000 0.810000 2.407000e+05
736712 0.820000 0.820000 0.750000 0.770000 1.060000e+05
736713 0.790000 0.800000 0.770000 0.770000 2.450000e+04
736714 0.800000 0.800000 0.770000 0.780000 3.020000e+04
736715 0.780000 0.820000 0.780000 0.810000 1.018000e+05
736718 0.810000 0.830000 0.790000 0.830000 8.770000e+04
736719 0.820000 0.880000 0.820000 0.860000 3.560000e+04
736720 0.890000 0.950000 0.880000 0.940000 2.313000e+05
736721 0.950000 0.990000 0.930000 0.970000 2.387000e+05
736722 0.990000 0.990000 0.920000 0.930000 8.990000e+04
736725 0.960000 0.960000 0.870000 0.870000 5.680000e+04
736726 0.900000 0.900000 0.850000 0.900000 5.990000e+04
736727 0.880000 0.880000 0.850000 0.870000 2.060000e+04
736728 0.870000 0.880000 0.830000 0.840000 7.690000e+04
736729 0.850000 0.850000 0.850000 0.850000 2.230000e+04
736732 0.870000 0.900000 0.850000 0.870000 7.430000e+04
736733 0.870000 0.890000 0.860000 0.870000 2.630000e+04
736734 0.880000 0.880000 0.850000 0.850000 1.190000e+04
736735 0.850000 0.870000 0.840000 0.870000 1.660000e+04
736736 0.870000 0.890000 0.850000 0.880000 4.680000e+04
736739 0.870000 0.870000 0.850000 0.850000 4.450000e+04
736740 0.850000 0.850000 0.790000 0.790000 9.590000e+04
736741 0.780000 0.850000 0.710000 0.840000 3.058000e+05
736742 0.870000 0.890000 0.830000 0.890000 4.820000e+04
736743 0.900000 0.950000 0.900000 0.920000 1.438000e+05
736747 0.950000 0.950000 0.860000 0.870000 2.920000e+04
736748 0.870000 0.930000 0.870000 0.880000 1.750000e+04
736749 0.870000 0.910000 0.870000 0.870000 2.850000e+04
736750 0.870000 0.880000 0.870000 0.880000 1.352000e+05
736753 0.880000 0.880000 0.850000 0.870000 6.010000e+04
736754 0.870000 0.890000 0.840000 0.850000 5.845000e+05
736755 0.830000 0.880000 0.830000 0.860000 5.710000e+04
736756 0.830000 0.860000 0.830000 0.840000 4.840000e+04
736757 0.840000 0.850000 0.830000 0.840000 3.830000e+04
736760 0.840000 0.860000 0.830000 0.860000 7.730000e+04
736761 0.840000 0.870000 0.830000 0.850000 2.330000e+04
736762 0.840000 0.860000 0.840000 0.850000 1.940000e+04
736763 0.850000 0.850000 0.840000 0.840000 2.090000e+04
736764 0.840000 0.850000 0.830000 0.830000 2.470000e+04
