736047 6.000000 9.500000 5.640000 8.000000 2.418000e+05
736048 8.880000 8.880000 5.900000 6.970000 3.947000e+05
736049 6.100000 6.990000 6.100000 6.660000 4.470000e+04
736050 6.510000 6.980000 6.240000 6.790000 1.710000e+04
736053 6.980000 7.950000 6.800000 7.800000 1.039000e+05
736054 8.000000 8.000000 7.520000 8.000000 9.400000e+03
736055 8.000000 8.500000 7.560000 8.110000 3.680000e+04
736056 8.430000 8.500000 8.080000 8.500000 1.570000e+04
736060 8.500000 10.000000 8.500000 9.640000 3.710000e+04
736061 9.260000 9.991000 9.080000 9.960000 1.840000e+04
736062 9.570000 9.900000 9.250000 9.710000 3.320000e+04
736063 9.318000 11.610000 9.318000 10.950000 2.990000e+04
736064 12.000000 14.490000 11.250000 13.940000 8.590000e+04
736067 14.500000 15.470000 14.027000 15.000000 5.180000e+04
736068 14.700000 14.700000 12.360000 13.250000 6.470000e+04
736069 12.970000 15.740000 12.120000 15.050000 6.940000e+04
736070 15.390000 15.910000 14.250000 14.500000 2.670000e+04
736071 14.050000 14.960000 12.530000 13.558000 4.180000e+04
736074 13.900000 13.985000 11.720000 12.400000 3.470000e+04
736075 12.570000 12.570000 11.023000 11.420000 3.850000e+04
736076 11.460000 12.800000 11.050000 11.820000 6.500000e+04
736077 11.520000 11.820000 11.100000 11.750000 7.980000e+04
736078 11.850000 12.420000 11.330000 12.290000 8.200000e+04
736081 12.600000 13.270000 12.210000 12.990000 9.160000e+04
736082 12.830000 13.130000 12.200000 13.000000 1.000000e+05
736083 12.520000 14.020000 12.520000 13.990000 8.920000e+04
736084 13.540000 14.600000 13.540000 14.100000 9.260000e+04
736085 14.500000 14.839000 12.038000 13.370000 1.028000e+05
736088 13.700000 13.770000 12.460000 13.470000 6.180000e+04
736089 13.260000 13.750000 12.000000 12.300000 7.670000e+04
736090 12.510000 12.780000 11.390000 12.200000 6.660000e+04
736091 12.240000 12.640000 11.543000 12.640000 6.310000e+04
736092 12.580000 13.480000 11.620000 12.410000 9.470000e+04
736095 12.400000 12.620000 11.680000 12.020000 7.230000e+04
736096 11.930000 12.150000 10.650000 11.100000 9.350000e+04
736097 11.400000 11.410000 9.600000 10.120000 8.180000e+04
736098 10.320000 10.710000 9.865000 10.600000 7.080000e+04
736099 10.560000 10.900000 10.080000 10.740000 5.260000e+04
736102 10.750000 12.510000 10.320000 12.180000 1.202000e+05
736103 12.320000 14.440000 11.950000 14.440000 1.265000e+05
736104 14.550000 15.420000 14.100000 14.300000 1.174000e+05
736105 14.090000 14.299000 13.410000 13.410000 4.920000e+04
736106 13.490000 14.143000 13.410000 13.420000 5.920000e+04
736110 13.360000 13.480000 11.820000 13.380000 2.084000e+05
736111 13.480000 14.471000 13.221000 14.360000 2.061000e+05
736112 14.250000 15.700000 13.720000 15.220000 2.017000e+05
736113 15.080000 15.230000 13.470000 14.190000 1.598000e+05
736116 14.400000 15.490000 13.942000 14.750000 1.486000e+05
736117 14.690000 18.730000 14.310000 18.040001 2.668000e+05
736118 17.709999 20.170000 17.010000 18.770000 1.861000e+05
736119 18.770000 18.770000 17.527000 18.180000 2.006000e+05
736120 18.219999 21.389999 18.070000 21.240000 1.962000e+05
736123 22.000000 22.950001 19.620001 20.520000 2.334000e+05
736124 20.549999 21.080000 19.500000 20.610001 5.840000e+04
736125 20.740000 21.020000 19.760000 19.820000 1.810000e+04
736126 19.879999 19.900000 17.799999 18.430000 3.720000e+04
736127 18.370001 20.459999 18.090000 20.139999 8.100000e+04
736130 19.959999 21.480000 19.340000 21.480000 1.092000e+05
736131 21.480000 21.480000 20.379999 20.889999 1.107000e+05
736132 20.900000 21.600000 20.100000 20.209999 1.263000e+05
736133 20.900000 21.600000 20.709999 21.180000 1.234000e+05
736134 21.440001 21.930000 20.510000 21.150000 1.204000e+05
736137 21.299999 21.629999 20.770000 21.350000 1.325000e+05
736138 21.240000 21.240000 19.110001 19.280001 1.062000e+05
736139 19.230000 20.459999 19.090000 20.290001 5.600000e+04
736140 20.520000 20.520000 18.709999 19.000000 7.790000e+04
736141 19.500000 20.680000 17.870001 18.020000 6.140000e+04
736144 17.389999 19.209999 16.150000 18.799999 1.125000e+05
736145 19.510000 19.620001 18.620001 18.850000 7.670000e+04
736146 18.840000 19.934999 18.580000 19.260000 6.220000e+04
736147 18.959999 19.450001 18.780001 18.930000 7.580000e+04
736151 18.639999 19.440001 18.605000 19.440001 7.630000e+04
736152 19.540001 19.540001 18.600000 18.930000 7.400000e+04
736153 19.670000 19.690001 18.600000 18.610001 8.780000e+04
736154 18.830000 19.440001 18.330000 18.959999 1.227000e+05
736155 19.180000 19.290001 18.770000 19.170000 8.100000e+04
736158 19.200001 20.000000 18.969999 19.270000 5.800000e+04
736159 19.049999 19.680000 19.040001 19.670000 6.010000e+04
736160 19.629999 19.629999 18.910000 19.040001 6.310000e+04
736161 19.240000 19.389999 18.610001 18.620001 6.010000e+04
736162 18.740000 19.430000 18.740000 18.809999 6.970000e+04
736165 18.969999 19.240000 18.174999 18.700001 7.510000e+04
736166 18.850000 19.129999 18.240000 18.580000 8.110000e+04
736167 18.580000 18.990000 18.580000 18.629999 7.890000e+04
736168 18.629999 22.420000 18.629999 22.059999 1.069000e+05
736169 22.500000 22.500000 20.520000 20.799999 8.610000e+04
736172 20.740000 21.370001 20.370001 20.879999 7.660000e+04
736173 20.809999 23.719999 20.809999 23.709999 1.319000e+05
736174 23.719999 25.950001 22.719999 25.950001 1.768000e+05
736175 25.719999 26.000000 24.030001 24.110001 1.101000e+05
736176 24.320000 24.760000 24.160000 24.700001 9.270000e+04
736179 24.600000 24.700001 23.750000 24.000000 1.149000e+05
736180 24.200001 25.100000 24.200001 24.990000 1.220000e+05
736181 24.650000 24.830000 23.120001 23.430000 1.052000e+05
736182 23.400000 24.920000 23.370001 24.760000 1.274000e+05
736183 24.570000 25.490000 24.450001 25.000000 1.658000e+05
736186 25.500000 25.860001 23.559999 24.870001 1.399000e+05
736187 24.360001 24.959999 23.650000 24.230000 1.125000e+05
736188 23.730000 24.090000 23.459999 23.809999 1.109000e+05
736189 24.000000 24.000000 21.950001 22.209999 1.097000e+05
736190 22.250000 23.440001 22.200001 23.330000 1.129000e+05
736193 23.330000 25.360001 23.330000 25.360001 1.119000e+05
736194 25.360001 26.782000 23.500000 24.260000 1.689000e+05
736195 24.389999 24.549999 22.340000 23.290001 1.552000e+05
736196 23.200001 24.120001 23.200001 23.520000 1.611000e+05
736197 24.000000 24.790001 22.000000 22.110001 1.504000e+05
736200 21.770000 22.500000 20.120001 21.309999 1.478000e+05
736201 22.000000 22.309999 21.420000 22.080000 1.534000e+05
736202 22.200001 26.650000 22.100000 26.190001 2.292000e+05
736203 26.639999 28.570000 26.639999 28.263000 2.216000e+05
736204 28.520000 31.870001 28.360001 29.910000 2.644000e+05
736207 29.910000 33.169998 29.910000 31.090000 2.318000e+05
736208 31.120001 33.970001 30.105000 30.330000 1.900000e+05
736209 30.440001 31.469999 27.250000 28.920000 1.634000e+05
736210 28.700001 31.464001 28.700001 29.240000 1.749000e+05
736211 28.840000 31.000000 28.840000 29.750000 1.878000e+05
736215 31.110001 31.219999 29.860001 30.090000 1.706000e+05
736216 30.100000 31.250000 28.020000 28.370001 1.803000e+05
736217 28.650000 29.730000 27.420000 27.709999 2.011000e+05
736218 27.760000 28.200001 25.299999 25.350000 1.743000e+05
736221 25.120001 25.670000 23.799999 24.790001 1.721000e+05
736222 24.690001 25.959999 23.799999 25.240000 1.961000e+05
736223 24.570000 26.620001 24.570000 25.520000 1.771000e+05
736224 25.530001 26.680000 25.450001 25.620001 1.658000e+05
736225 25.250000 28.250000 25.090000 26.830000 2.283000e+05
736228 26.930000 28.259001 24.100000 25.400000 1.904000e+05
736229 25.020000 26.290001 21.280001 21.280001 2.238000e+05
736230 21.309999 21.450001 18.733000 19.830000 2.048000e+05
736231 19.559999 21.600000 16.600000 18.450001 3.265000e+05
736232 18.820000 20.000000 16.870001 17.910000 1.854000e+05
736235 18.000000 18.966000 17.065001 17.410000 1.818000e+05
736236 17.480000 18.240000 16.920000 18.000000 2.002000e+05
736237 17.820000 19.360001 15.250000 15.950000 4.079000e+05
736238 15.630000 16.799999 12.360000 12.630000 2.177000e+05
736239 12.340000 12.420000 10.160000 10.380000 1.838000e+05
736242 10.510000 11.242000 9.310000 9.580000 1.657000e+05
736243 9.640000 9.750000 6.880000 7.420000 2.409000e+05
736244 7.350000 7.770000 6.500000 7.430000 6.180000e+05
736245 7.570000 7.930000 6.500000 6.740000 6.249000e+05
736246 6.750000 7.120000 6.750000 6.760000 2.505000e+05
736249 6.830000 7.550000 6.760000 7.360000 2.931000e+05
736250 7.390000 10.140000 7.230000 9.830000 1.587000e+06
736251 9.530000 9.720000 8.660000 9.280000 6.466000e+05
736252 9.150000 9.630000 8.250000 8.370000 3.783000e+05
736253 8.470000 8.596000 4.120000 4.550000 1.009000e+06
736256 4.540000 5.090000 4.500000 4.610000 3.830000e+05
736257 4.610000 4.660000 3.780000 4.290000 1.954000e+05
736258 4.310000 4.350000 3.990000 4.040000 1.216000e+05
736259 4.100000 4.150000 3.800000 3.820000 1.345000e+05
736260 3.890000 4.050000 3.696000 3.960000 1.612000e+05
736263 3.900000 3.900000 3.700000 3.720000 7.930000e+04
736264 3.710000 3.865000 3.500000 3.740000 1.011000e+05
736265 3.770000 3.910000 3.600000 3.690000 1.308000e+05
736266 3.650000 3.860000 3.510000 3.520000 1.196000e+05
736267 3.500000 3.520000 3.010000 3.120000 1.111000e+05
736270 3.100000 3.710000 3.100000 3.470000 1.368000e+05
736271 3.500000 4.010000 3.320000 3.730000 1.806000e+05
736272 3.700000 5.000000 3.700000 4.900000 6.004000e+05
736273 5.220000 6.500000 4.828000 4.950000 8.028000e+05
736274 4.800000 4.988000 4.350000 4.390000 1.558000e+05
736277 4.410000 4.998000 4.250000 4.705000 1.742000e+05
736278 4.660000 5.100000 4.640000 5.030000 1.341000e+05
736279 5.030000 5.140000 4.710000 4.750000 7.850000e+04
736280 4.750000 4.940000 4.320000 4.390000 8.520000e+04
736281 4.450000 4.670000 4.160000 4.340000 3.120000e+04
736284 4.310000 4.870000 4.300000 4.700000 7.170000e+04
736285 4.720000 5.390000 4.434000 4.690000 7.760000e+04
736286 5.190000 5.445000 4.845000 5.260000 1.044000e+05
736287 5.320000 5.840000 5.320000 5.500000 1.683000e+05
736288 5.560000 5.940000 5.410000 5.410000 1.863000e+05
736291 5.380000 5.872000 5.380000 5.530000 1.057000e+05
736292 5.550000 5.557000 5.270000 5.350000 1.019000e+05
736293 5.400000 5.400000 4.660000 4.850000 1.146000e+05
736295 4.920000 5.150000 4.905000 5.020000 3.590000e+04
736298 5.090000 5.200000 4.950000 5.040000 5.380000e+04
736299 5.030000 5.570000 5.030000 5.350000 7.410000e+04
736300 5.660000 5.680000 5.240000 5.330000 2.721000e+05
736301 5.340000 5.550000 4.870000 4.870000 1.740000e+05
736302 4.900000 4.990000 4.640000 4.780000 3.750000e+04
736305 4.710000 5.100000 4.690000 4.700000 5.180000e+04
736306 4.700000 4.806000 4.650000 4.650000 5.320000e+04
736307 4.665000 4.820000 4.650000 4.690000 1.650000e+04
736308 4.700000 4.990000 4.700000 4.730000 5.470000e+04
736309 4.700000 4.900000 4.700000 4.750000 3.210000e+04
736312 4.750000 4.900000 4.750000 4.900000 3.840000e+04
736313 5.030000 5.330000 5.020000 5.220000 6.940000e+04
736314 5.250000 5.400000 5.240000 5.280000 4.900000e+04
736315 5.300000 5.350000 5.220000 5.270000 6.120000e+04
736316 5.260000 5.260000 4.690000 4.690000 9.840000e+04
736319 4.760000 5.160000 4.722000 4.970000 3.300000e+04
736320 4.990000 5.270000 4.860000 5.220000 3.120000e+04
736321 5.020000 5.240000 4.920000 4.970000 4.440000e+04
736322 4.980000 5.250000 4.928000 5.130000 2.060000e+04
736326 5.220000 5.470000 5.145000 5.320000 8.970000e+04
736327 5.350000 5.499000 5.220000 5.340000 3.810000e+04
736328 5.500000 5.500000 5.290000 5.350000 5.870000e+04
736329 5.223000 5.340000 5.180000 5.260000 1.240000e+04
736333 5.150000 5.470000 5.120000 5.470000 6.800000e+03
736334 5.410000 5.410000 5.050000 5.080000 3.550000e+04
736335 5.060000 5.080000 4.770000 4.990000 3.380000e+04
736336 4.770000 5.160000 4.770000 4.850000 2.360000e+04
736337 4.980000 5.200000 4.880000 5.100000 6.530000e+04
736340 5.035000 5.100000 4.850000 4.940000 3.920000e+04
736341 4.810000 4.914000 4.610000 4.640000 4.380000e+04
736342 4.650000 4.978000 4.500000 4.500000 3.580000e+04
736343 4.600000 4.860000 4.330000 4.360000 2.270000e+04
736344 4.500000 4.730000 4.500000 4.610000 2.120000e+04
736348 4.650000 5.089000 4.650000 4.875000 3.090000e+04
736349 4.790000 4.790000 4.500000 4.570000 3.550000e+04
736350 4.980000 4.990000 4.600000 4.600000 1.630000e+04
736351 4.920000 4.960000 4.630000 4.630000 8.420000e+04
736354 4.990000 5.200000 4.780000 4.830000 5.530000e+04
736355 4.900000 5.190000 4.870000 4.990000 5.880000e+04
736356 5.110000 5.330000 5.000000 5.050000 6.630000e+04
736357 5.090000 5.480000 5.090000 5.400000 5.700000e+04
736358 5.400000 5.400000 5.300000 5.350000 4.300000e+03
736361 5.400000 5.400000 5.010000 5.010000 3.320000e+04
736362 5.080000 5.280000 5.020000 5.260000 2.170000e+04
736363 5.390000 5.400000 5.050000 5.120000 2.820000e+04
736364 5.160000 5.400000 4.910000 4.910000 3.590000e+04
736365 5.310000 5.480000 4.890000 4.920000 6.400000e+03
736368 4.713000 4.868000 4.713000 4.830000 3.600000e+03
736369 4.780000 5.240000 4.780000 4.942000 1.200000e+04
736370 5.250000 5.280000 5.000000 5.240000 1.630000e+04
736371 5.260000 5.500000 5.028000 5.090000 1.170000e+04
736372 5.130000 5.320000 5.129000 5.300000 6.100000e+03
736376 5.300000 5.300000 5.110000 5.180000 1.370000e+04
736377 5.240000 5.390000 5.070000 5.250000 2.580000e+04
736378 5.388000 5.388000 5.174000 5.280000 3.100000e+03
736379 5.360000 5.360000 5.190000 5.300000 1.870000e+04
736382 5.270000 5.270000 5.110000 5.160000 3.900000e+03
736383 5.270000 5.270000 5.150000 5.200000 4.400000e+03
736384 5.250000 5.400000 5.070000 5.400000 1.630000e+04
736385 5.290000 5.360000 5.160000 5.310000 7.000000e+03
736386 5.290000 5.380000 5.160000 5.310000 5.100000e+03
736389 5.220000 5.350000 5.180000 5.300000 8.400000e+03
736390 5.182000 5.230000 5.180000 5.230000 6.500000e+03
736391 5.180000 5.190000 5.110000 5.110000 7.000000e+02
736392 4.940000 5.119000 4.940000 4.970000 1.100000e+04
736393 4.750000 5.170000 4.530000 4.540000 3.120000e+04
736396 4.960000 4.970000 4.580000 4.710000 7.600000e+03
736397 4.760000 4.940000 4.608000 4.810000 6.200000e+03
736398 4.790000 4.870000 4.560000 4.680000 1.350000e+04
736399 4.730000 5.060000 4.600000 5.020000 1.080000e+04
736400 5.159000 5.224000 4.970000 5.030000 2.120000e+04
736403 5.080000 5.200000 4.900000 5.190000 1.830000e+04
736404 5.050000 5.190000 4.480000 5.020000 2.930000e+04
736405 5.110000 5.110000 4.881000 5.080000 1.340000e+04
736406 4.868000 5.270000 4.868000 5.270000 9.100000e+03
736407 5.089000 5.880000 5.089000 5.110000 9.120000e+04
736410 5.170000 5.780000 5.170000 5.450000 8.130000e+04
736411 5.825000 5.825000 5.360000 5.470000 8.200000e+03
736412 5.470000 5.470000 5.300000 5.300000 6.200000e+03
736413 5.380000 5.790000 5.380000 5.790000 3.900000e+03
736417 6.000000 6.000000 5.620000 5.720000 2.640000e+04
736418 5.950000 5.950000 5.660000 5.890000 1.440000e+04
736419 5.727000 5.860000 5.727000 5.780000 1.390000e+04
736420 5.840000 5.880000 5.730000 5.800000 6.300000e+03
736421 5.820000 5.850000 5.690000 5.690000 2.590000e+04
736424 5.560000 5.638000 5.520000 5.570000 6.000000e+03
736425 5.500000 5.680000 5.440000 5.470000 1.700000e+03
736426 5.500000 5.500000 4.900000 4.980000 7.810000e+04
736427 5.090000 5.220000 4.800000 5.010000 9.250000e+04
736428 4.971000 5.100000 4.970000 5.100000 2.900000e+03
736431 5.050000 5.110000 4.900000 5.110000 6.800000e+03
736432 5.190000 5.290000 5.110000 5.110000 8.400000e+03
736433 5.120000 5.330000 5.120000 5.290000 8.000000e+03
736434 5.140000 5.160000 5.060000 5.060000 3.900000e+03
736435 5.070000 5.150000 5.030000 5.040000 1.590000e+04
736438 5.030000 5.290000 5.030000 5.170000 1.700000e+03
736439 5.120000 5.120000 4.950000 5.000000 1.700000e+03
736440 5.130000 5.210000 4.900000 4.900000 1.520000e+04
736441 4.954000 5.010000 4.910000 4.960000 4.800000e+03
736442 5.000000 5.030000 4.920000 5.000000 7.300000e+03
736445 4.900000 4.920000 4.610000 4.680000 2.060000e+04
736446 4.720000 5.000000 4.690000 4.750000 8.800000e+03
736447 4.780000 4.850000 4.710000 4.710000 7.900000e+03
736448 4.710000 4.760000 4.551000 4.580000 1.090000e+04
736449 4.580000 4.735000 4.580000 4.600000 1.700000e+03
736452 4.730000 4.900000 4.600000 4.620000 2.330000e+04
736453 4.690000 4.750000 4.560000 4.560000 4.900000e+03
736454 4.600000 4.670000 4.600000 4.630000 4.800000e+03
736455 4.600000 4.610000 4.200000 4.210000 2.910000e+04
736456 4.620000 4.640000 4.210000 4.250000 5.060000e+04
736459 4.220000 4.220000 4.030000 4.100000 3.700000e+03
736460 4.050000 4.100000 3.700000 3.760000 3.010000e+04
736461 4.148000 4.148000 3.700000 3.700000 3.200000e+03
736462 3.990000 3.990000 3.750000 3.750000 1.900000e+03
736463 3.720000 3.770000 3.430000 3.720000 2.060000e+04
736466 3.610000 3.730000 3.230000 3.446000 2.720000e+04
736467 3.590000 3.590000 3.270000 3.500000 2.080000e+04
736468 3.310000 3.540000 3.310000 3.430000 5.500000e+03
736469 3.580000 3.590000 3.340000 3.390000 8.400000e+03
736470 3.680000 3.680000 3.230000 3.234000 7.300000e+03
736473 3.230000 3.500000 3.210000 3.280000 1.780000e+04
736474 3.580000 3.580000 3.200000 3.309000 3.280000e+04
736475 3.450000 3.540000 3.250000 3.400000 9.800000e+03
736476 3.480000 3.850000 3.260000 3.790000 3.170000e+04
736477 3.710000 4.290000 3.680000 4.100000 2.960000e+04
736481 4.210000 4.500000 4.020000 4.210000 2.340000e+04
736482 4.440000 4.440000 4.090000 4.150000 2.600000e+04
736483 4.250000 4.340000 3.850000 3.860000 3.470000e+04
736484 4.250000 4.310000 3.860000 3.880000 2.710000e+04
736487 3.880000 4.180000 3.880000 4.050000 2.000000e+04
736488 3.880000 4.310000 3.880000 4.220000 6.540000e+04
736489 4.250000 4.500000 4.066000 4.230000 7.280000e+04
736490 4.150000 4.400000 4.150000 4.300000 4.110000e+04
736491 4.150000 4.450000 4.150000 4.400000 5.330000e+04
736494 4.350000 4.350000 3.880000 3.905000 9.030000e+04
736495 3.850000 4.130000 3.410000 3.460000 1.263000e+05
736496 3.420000 3.950000 3.420000 3.700000 6.210000e+04
736497 3.660000 3.850000 3.400000 3.590000 5.250000e+04
736498 3.560000 3.700000 3.350000 3.390000 9.110000e+04
736501 3.390000 4.370000 3.390000 4.100000 1.169000e+05
736502 4.200000 4.440000 3.740000 3.960000 9.820000e+04
736503 4.320000 4.320000 3.610000 3.610000 6.790000e+04
736504 3.790000 4.170000 3.720000 4.030000 3.070000e+04
736505 3.040000 4.470000 2.250000 4.340000 4.230000e+04
736508 4.350000 4.390000 4.285000 4.310000 2.410000e+04
736509 4.450000 4.450000 4.290000 4.300000 9.300000e+03
736510 4.450000 4.450000 4.220000 4.280000 1.830000e+04
736511 4.440000 4.440000 4.245000 4.250000 8.900000e+03
736512 4.390000 4.390000 4.270000 4.360000 7.000000e+02
736516 4.350000 4.440000 4.240000 4.330000 2.800000e+04
736517 4.350000 4.420000 4.210000 4.250000 3.490000e+04
736518 4.450000 4.450000 4.210000 4.210000 3.740000e+04
736519 4.380000 4.400000 4.050000 4.100000 4.680000e+04
736522 4.080000 4.300000 4.050000 4.090000 3.090000e+04
736523 4.020000 4.115000 3.580000 3.900000 9.170000e+04
736524 3.790000 4.000000 3.670000 3.860000 1.660000e+04
736525 3.880000 4.100000 3.840000 4.020000 3.210000e+04
736526 4.410000 4.410000 3.750000 3.920000 3.500000e+04
736529 3.740000 3.900000 3.680000 3.890000 3.490000e+04
736530 3.940000 4.090000 3.771000 3.855000 3.270000e+04
736531 3.750000 3.942000 3.710000 3.820000 2.000000e+04
736532 3.821000 3.821000 3.740000 3.820000 1.790000e+04
736533 3.790000 3.820000 3.700000 3.770000 2.130000e+04
736536 3.830000 3.830000 3.720000 3.800000 8.200000e+03
736537 3.780000 3.820000 3.730000 3.790000 2.400000e+03
736538 3.730000 3.980000 3.730000 3.820000 3.170000e+04
736539 3.840000 3.970000 3.760000 3.910000 1.250000e+04
736540 3.970000 3.990000 3.750000 3.960000 1.800000e+04
736543 3.970000 4.179000 3.920000 4.099000 2.770000e+04
736544 4.100000 4.200000 3.980000 4.050000 4.020000e+04
736545 4.160000 4.160000 3.919000 3.969000 9.500000e+03
736546 3.880000 4.112000 3.810000 3.980000 4.330000e+04
736547 4.079000 4.080000 3.859000 3.970000 1.070000e+04
736550 4.110000 4.120000 3.860000 3.900000 3.400000e+03
736551 3.900000 4.030000 3.840000 3.990000 1.320000e+04
736552 4.060000 4.320000 3.890000 3.980000 7.600000e+03
736553 4.070000 4.070000 3.840000 3.890000 1.190000e+04
736554 4.090000 4.090000 3.560000 3.880000 5.540000e+04
736557 3.825000 3.888000 3.749000 3.800000 1.060000e+04
736558 3.906000 3.906000 3.600000 3.748000 2.410000e+04
736559 3.700000 4.000000 3.640000 3.730000 2.530000e+04
736560 3.957000 3.957000 3.710000 3.800000 7.600000e+03
736561 3.800000 3.990000 3.370000 3.610000 7.760000e+04
736564 3.700000 3.700000 3.564000 3.650000 8.000000e+02
736565 3.600000 3.670000 3.430000 3.670000 2.270000e+04
736566 3.640000 3.650000 3.460000 3.630000 1.680000e+04
736567 3.500000 3.638000 3.430000 3.510000 2.460000e+04
736568 3.700000 3.700000 3.350000 3.390000 1.490000e+04
736571 3.500000 3.500000 3.300000 3.420000 1.990000e+04
736572 3.478000 3.478000 3.340000 3.400000 1.270000e+04
736573 3.500000 3.500000 3.260000 3.430000 1.030000e+04
736574 3.500000 3.500000 3.261000 3.390000 1.950000e+04
736575 3.500000 3.500000 3.260000 3.360000 1.430000e+04
736579 3.490000 3.490000 3.230000 3.370000 3.470000e+04
736580 3.510000 3.510000 3.240000 3.410000 7.870000e+04
736581 3.240000 3.490000 3.240000 3.390000 2.720000e+04
736582 3.490000 3.490000 3.300000 3.370000 1.440000e+04
736585 3.190000 3.433000 2.900000 2.930000 1.581000e+05
736586 3.230000 3.250000 2.200000 2.280000 3.560000e+05
736587 2.300000 2.570000 2.100000 2.210000 2.869000e+05
736588 2.250000 2.540000 2.080000 2.170000 1.468000e+05
736589 2.180000 2.390000 2.100000 2.340000 2.074000e+05
736592 2.520000 3.270000 2.340000 2.630000 5.428000e+05
736593 2.630000 2.725000 2.290000 2.290000 2.326000e+05
736594 2.330000 2.464000 2.290000 2.420000 1.039000e+05
736595 2.740000 2.740000 2.350000 2.530000 1.078000e+05
736596 2.480000 2.600000 2.380000 2.380000 3.290000e+04
736599 2.560000 2.560000 2.120000 2.260000 1.509000e+05
736600 2.250000 2.250000 1.850000 1.880000 5.761000e+05
736601 1.880000 2.130000 1.880000 2.001000 2.707000e+05
736602 2.030000 2.050000 1.890000 1.920000 6.350000e+04
736603 1.950000 2.050000 1.950000 2.020000 5.720000e+04
736606 2.030000 2.130000 2.030000 2.080000 1.474000e+05
736607 2.100000 2.280000 2.060000 2.250000 1.191000e+05
736608 2.250000 2.250000 2.150000 2.250000 1.126000e+05
736609 2.230000 2.250000 2.200000 2.230000 5.950000e+04
736610 2.240000 2.250000 2.000000 2.030000 1.566000e+05
736613 2.050000 2.060000 1.990000 2.000000 3.080000e+04
736614 2.000000 2.360000 2.000000 2.270000 3.347000e+05
736615 2.270000 2.380000 2.160000 2.170000 1.986000e+05
736616 2.160000 2.220000 2.140000 2.190000 3.220000e+04
736617 2.210000 2.230000 2.190000 2.210000 4.400000e+04
736620 2.200000 2.270000 2.141000 2.200000 2.000000e+04
736621 2.200000 2.320000 2.140000 2.282000 1.562000e+05
736622 2.310000 2.600000 2.310000 2.560000 3.205000e+05
736623 2.800000 3.070000 2.600000 2.630000 4.827000e+05
736624 2.600000 2.657000 2.376000 2.460000 1.190000e+05
736627 2.460000 2.505000 2.300000 2.330000 8.420000e+04
736628 2.310000 2.311000 2.160000 2.220000 1.402000e+05
736629 2.200000 2.300000 2.200000 2.260000 3.900000e+04
736630 2.250000 2.310000 2.250000 2.290000 2.420000e+04
736631 2.300000 2.397000 2.300000 2.310000 1.141000e+05
736634 2.310000 2.350000 2.201000 2.215000 8.860000e+04
736635 2.220000 2.270000 2.100000 2.180000 2.330000e+04
736636 2.140000 2.240000 2.020000 2.040000 1.134000e+05
736637 2.040000 2.103000 2.000000 2.030000 6.760000e+04
736638 2.000000 2.103000 2.000000 2.020000 3.810000e+04
736641 2.050000 2.170000 2.034000 2.170000 5.990000e+04
736642 2.160000 2.300000 2.090000 2.180000 1.950000e+04
736643 2.050000 2.150000 2.013000 2.140000 1.133000e+05
736644 2.150000 2.498000 2.150000 2.470000 2.277000e+05
736645 2.400000 2.470000 2.370000 2.422000 4.520000e+04
736648 2.420000 2.459000 2.370000 2.430000 2.520000e+04
736649 2.430000 2.570000 2.400000 2.410000 7.660000e+04
736650 2.420000 2.424000 2.235000 2.290000 2.680000e+04
736651 2.300000 2.350000 2.260000 2.260000 1.620000e+04
736652 2.250000 2.488000 2.250000 2.380000 7.190000e+04
736655 2.440000 2.450000 2.380000 2.440000 4.600000e+04
736656 2.450000 2.450000 2.394000 2.420000 3.510000e+04
736657 2.410000 2.440000 2.360000 2.360000 3.840000e+04
736659 2.380000 2.437000 2.250000 2.250000 5.920000e+04
736662 2.260000 2.310000 2.200000 2.250000 4.460000e+04
736663 2.240000 2.280000 2.240000 2.250000 2.800000e+03
736664 2.250000 2.278000 2.210000 2.240000 4.590000e+04
736665 2.240000 2.300000 2.240000 2.300000 1.460000e+04
736666 2.287000 2.330000 2.287000 2.330000 2.080000e+04
736669 2.350000 2.360000 2.210000 2.300000 3.740000e+04
736670 2.260000 2.370000 2.260000 2.350000 2.050000e+04
736671 2.350000 2.421000 2.350000 2.380000 3.300000e+04
736672 2.400000 2.680000 2.367000 2.400000 2.147000e+05
736673 2.400000 2.510000 2.300000 2.410000 7.760000e+04
736676 2.500000 2.500000 2.260000 2.300000 6.650000e+04
736677 2.290000 2.400000 2.280000 2.280000 2.100000e+04
736678 2.310000 2.310000 2.220000 2.240000 3.570000e+04
736679 2.280000 2.280000 2.110000 2.110000 7.650000e+04
736680 2.210000 2.210000 2.150000 2.150000 2.290000e+04
736683 2.320000 2.320000 2.170000 2.190000 1.630000e+04
736684 2.240000 2.340000 2.190000 2.240000 3.800000e+03
736685 2.250000 2.250000 2.200000 2.219000 3.700000e+03
736686 2.260000 2.260000 2.192000 2.240000 1.140000e+04
736687 2.200000 2.310000 2.120000 2.150000 4.940000e+04
736691 2.160000 2.180000 2.100000 2.120000 4.510000e+04
736692 2.270000 2.270000 2.100000 2.120000 7.200000e+03
736693 2.121000 2.142000 2.100000 2.100000 2.330000e+04
736694 2.120000 2.120000 2.000000 2.020000 3.890000e+04
736698 2.060000 2.240000 2.000000 2.160000 9.880000e+04
736699 2.240000 2.240000 2.100000 2.180000 2.370000e+04
736700 2.190000 2.190000 2.100000 2.100000 1.080000e+04
736701 2.200000 2.200000 2.090000 2.120000 1.980000e+04
736704 2.170000 2.170000 2.010000 2.060000 5.970000e+04
736705 2.050000 2.060000 2.015000 2.050000 3.010000e+04
736706 2.041000 2.080000 2.040000 2.040000 1.600000e+03
736707 2.040000 2.089000 2.000000 2.010000 1.920000e+04
736708 2.082000 2.082000 2.010000 2.010000 5.700000e+03
736712 2.060000 2.060000 2.000000 2.020000 1.030000e+04
736713 2.020000 2.079000 2.020000 2.050000 2.000000e+04
736714 2.050000 2.070000 2.040000 2.050000 1.000000e+04
736715 2.050000 2.060000 2.010000 2.050000 7.000000e+03
736718 2.060000 2.060000 2.000000 2.050000 2.830000e+04
736719 2.028000 2.030000 1.870000 2.030000 8.350000e+04
736720 1.980000 2.120000 1.921000 2.000000 1.805000e+05
736721 2.000000 2.005000 1.890000 1.900000 5.960000e+04
736722 1.890000 1.960000 1.880000 1.920000 1.550000e+04
736725 1.921000 1.930000 1.880000 1.900000 2.600000e+03
736726 1.870000 1.900000 1.760000 1.780000 3.880000e+04
736727 1.797000 1.818000 1.760000 1.800000 1.930000e+04
736728 1.800000 1.920000 1.799000 1.840000 3.490000e+04
736729 1.820000 1.830000 1.781000 1.830000 1.850000e+04
736732 1.830000 2.020000 1.790000 1.860000 1.545000e+05
736733 1.980000 1.980000 1.720000 1.880000 1.165000e+05
736734 1.880000 1.920000 1.780000 1.850000 5.680000e+04
736735 1.920000 1.920000 1.760000 1.840000 3.820000e+04
736736 1.869000 1.869000 1.790000 1.810000 1.650000e+04
736739 1.810000 1.950000 1.810000 1.940000 1.332000e+05
736740 1.920000 1.930000 1.850000 1.890000 3.170000e+04
736741 1.860000 1.870000 1.820000 1.840000 2.920000e+04
736742 1.859000 1.859000 1.720000 1.759000 1.164000e+05
736743 1.760000 1.800000 1.650000 1.709000 9.050000e+04
736747 1.710000 1.870000 1.710000 1.840000 3.680000e+04
736748 1.850000 1.930000 1.800000 1.800000 2.880000e+04
736749 1.840000 2.060000 1.810000 1.850000 2.397000e+05
736750 1.840000 1.840000 1.750000 1.750000 5.580000e+04
736753 1.780000 1.809000 1.780000 1.790000 1.380000e+04
736754 1.820000 1.820000 1.720000 1.720000 2.190000e+04
736755 1.740000 1.750000 1.720000 1.749000 4.400000e+03
736756 1.730000 1.730000 1.660000 1.680000 2.530000e+04
736757 1.673000 1.720000 1.670000 1.709000 1.570000e+04
736760 1.680000 1.740000 1.670000 1.690000 6.100000e+03
736761 1.720000 1.720000 1.680000 1.680000 3.930000e+04
736762 1.660000 1.680000 1.640000 1.670000 2.900000e+03
736763 1.654000 1.670000 1.460000 1.559000 7.470000e+04
736764 1.421000 1.560000 1.392000 1.550000 7.680000e+04
