736034 55.599783 56.853255 55.205334 56.695475 1.020308e+05
736035 56.818192 57.405481 55.442003 55.880280 1.157051e+05
736036 55.477066 56.002997 54.433965 55.468299 1.431412e+05
736039 55.214101 55.284224 51.891963 52.198755 1.879331e+05
736040 51.891963 54.556686 49.779469 54.074579 4.333680e+05
736041 54.021988 56.064355 52.786047 55.222865 1.824108e+05
736042 54.512856 54.547919 53.636303 53.872972 9.344059e+04
736043 54.021987 54.021987 52.759749 53.092840 2.531486e+05
736046 52.777280 53.127903 51.637762 52.593205 1.553253e+05
736047 52.558142 52.680859 51.891963 52.645799 8.029229e+04
736048 52.488019 53.496054 52.119865 52.891233 9.510605e+04
736049 52.952591 54.206063 52.829874 53.469758 6.670571e+04
736050 53.811614 54.188533 52.856170 54.048284 4.514250e+04
736053 54.162237 54.881011 54.004457 54.714463 6.731930e+04
736054 54.346311 57.545733 53.311978 57.107456 1.942442e+05
736055 57.186343 57.633387 54.346312 54.512856 9.265170e+04
736056 54.311249 54.460265 53.198026 53.408400 7.862684e+04
736060 53.127903 55.713735 53.127903 54.819651 1.516437e+05
736061 55.030023 57.344123 54.346312 57.142519 1.689995e+05
736062 56.975972 58.553771 55.871517 57.896356 1.768008e+05
736063 57.773639 57.852525 56.222135 56.809425 1.292040e+05
736064 56.879551 57.151280 55.757564 56.511400 1.017679e+05
736067 56.125714 57.046098 55.906576 56.371148 1.170199e+05
736068 56.581525 57.037330 55.301754 56.081887 9.265170e+04
736069 56.301029 57.133752 55.573489 56.651645 8.958376e+04
736070 56.187072 57.037330 55.748795 56.783129 6.784523e+04
736071 56.265965 56.616581 54.793351 55.643610 1.022938e+05
736074 55.818922 56.897086 55.398177 56.511400 6.863413e+04
736075 56.309790 56.975972 55.845217 56.493865 1.177211e+05
736076 56.537695 57.054858 56.230903 56.353620 9.493073e+04
736077 56.397443 57.966475 56.397443 57.905117 1.405992e+05
736078 57.843758 58.527469 56.958443 58.325865 1.015925e+05
736081 58.290802 60.219217 57.650916 57.756104 1.298176e+05
736082 57.650916 60.596135 57.142519 60.596135 1.292916e+05
736083 59.824771 62.542084 59.588104 60.394532 9.585988e+05
736084 60.701324 61.840846 59.044639 59.675758 1.654933e+05
736085 59.578128 60.847259 59.063381 59.391753 1.542482e+05
736088 59.161007 60.092882 59.161007 59.489379 1.144880e+05
736089 59.551503 61.885642 59.347381 61.299887 1.242505e+05
736090 61.450762 61.450762 59.507133 60.057381 8.555537e+04
736091 60.669761 61.743639 58.592998 58.788250 1.154642e+05
736092 59.391753 59.720132 58.575251 58.921377 9.744792e+04
736095 58.885876 60.013010 58.291250 59.240879 7.694658e+04
736096 59.240879 61.362012 58.797127 61.362012 4.694895e+04
736097 61.459639 61.459639 58.939131 59.906507 8.582162e+04
736098 59.746756 60.998139 59.036750 59.489379 1.405806e+05
736099 59.764502 59.764502 57.829751 57.829751 1.167067e+05
736102 57.980625 58.566374 57.510249 58.140376 1.245168e+05
736103 57.723249 58.788251 57.590121 58.664000 1.036604e+05
736104 58.575251 59.320751 57.936247 58.175877 1.173280e+05
736105 58.619629 58.663999 57.501372 58.087121 8.156160e+04
736106 58.175877 58.983502 57.749873 58.885876 1.108492e+05
736110 58.619629 58.921377 57.510249 57.732125 9.549541e+04
736111 57.687747 59.019003 57.394869 58.575251 1.600169e+05
736112 58.140376 58.193625 57.226248 58.033873 6.461028e+04
736113 58.220247 58.557503 56.214490 56.711494 1.270905e+05
736116 56.693744 56.915617 56.143489 56.374242 1.115592e+05
736117 56.143489 57.181870 56.143489 56.968871 1.072992e+05
736118 56.533993 56.835744 55.025235 56.338741 1.184818e+05
736119 56.356492 56.356492 54.563734 55.060737 1.227418e+05
736120 54.847734 56.338742 54.519359 55.264862 9.460791e+04
736123 55.042986 55.806240 54.661359 55.344738 1.371193e+05
736124 55.176110 55.744115 54.918736 55.309237 8.839538e+04
736125 55.309237 55.575487 54.164356 54.900986 1.356106e+05
736126 55.255985 55.255985 53.862605 53.871482 6.381152e+04
736127 53.649606 53.844854 52.513598 53.063853 1.021517e+05
736130 52.566850 53.729481 52.362724 53.498728 1.933871e+05
736131 53.560852 54.137731 52.478100 52.495851 1.097842e+05
736132 52.557976 52.708850 51.927846 51.927846 1.077430e+05
736133 51.883472 52.096474 51.137969 51.492971 1.573544e+05
736134 51.359844 51.830224 50.605467 51.137968 6.626991e+05
736137 51.546223 51.821346 50.614341 51.297719 1.451956e+05
736138 51.022596 52.052100 50.277093 51.031469 1.120030e+05
736139 50.845093 51.563969 50.490090 51.208970 1.364093e+05
736140 51.146845 52.238474 50.729717 50.800719 1.356993e+05
736141 50.658719 51.226720 49.851087 50.197216 9.443040e+04
736144 49.824463 50.143965 49.141085 49.362961 1.533607e+05
736145 49.362961 50.747468 49.052335 50.587717 1.609044e+05
736146 50.561092 50.782968 49.886588 50.463467 1.119142e+05
736147 50.454590 51.989975 49.575964 51.528472 1.309068e+05
736151 51.439720 51.856848 50.703094 51.475221 1.213218e+05
736152 51.750348 53.738355 51.386472 53.649606 8.564412e+04
736153 53.401102 53.640729 52.389349 53.117101 6.771654e+04
736154 53.418853 53.871482 52.682227 53.170353 1.750158e+05
736155 53.223604 53.986858 52.762102 53.729481 5.697774e+04
736158 53.578604 54.084481 52.983978 53.915856 5.076522e+04
736159 53.889232 54.794487 53.773856 54.483858 8.697537e+04
736160 54.306357 54.306357 52.256225 52.344974 8.582162e+04
736161 52.140848 53.019478 51.386471 52.646725 9.869042e+04
736162 52.540226 52.992851 50.241591 50.916092 1.686257e+05
736165 50.543342 50.658718 47.978456 48.502084 2.414898e+05
736166 48.386707 49.726837 47.587953 49.256461 1.157305e+05
736167 49.105587 49.567085 47.942955 48.590833 1.238955e+05
736168 48.342333 49.345209 47.960706 48.590833 1.989784e+05
736169 48.644084 49.859964 48.484334 48.564209 9.895667e+04
736172 48.422208 49.691340 47.916332 49.407335 7.091155e+04
736173 49.141084 50.339216 48.786085 49.504961 1.116480e+05
736174 49.238711 51.386472 48.457706 51.244471 2.158409e+05
736175 51.084720 51.111344 49.966463 50.143965 2.681149e+05
736176 49.765245 52.037548 49.738195 51.667848 1.419288e+05
736179 51.406351 52.271993 48.241359 48.565975 1.965723e+05
736180 49.052897 49.052897 47.051105 47.898709 8.773615e+04
736181 48.295463 48.962725 45.473117 45.716579 1.914325e+05
736182 45.545252 45.923971 43.173763 45.617390 1.667257e+05
736183 45.518202 46.717474 44.850940 45.256706 9.801562e+04
736186 45.139486 48.160206 44.950125 47.862644 1.358873e+05
736187 46.978967 49.602936 46.978967 49.034863 1.044177e+05
736188 48.286444 52.037548 48.286444 51.848190 1.092870e+05
736189 51.153875 51.721951 50.648917 51.424386 1.053195e+05
736190 51.478489 52.596609 51.153875 51.911309 9.017076e+04
736193 52.217890 52.290028 50.603832 51.694901 1.742099e+05
736194 51.685882 51.947378 50.333320 50.901397 8.611308e+04
736195 51.045671 51.072720 48.692213 49.161101 1.770954e+05
736196 49.341444 51.235029 48.755333 48.926656 1.408467e+05
736197 48.367597 49.756228 47.628198 48.980759 1.159596e+05
736200 46.753540 48.313498 44.481240 45.094398 2.197462e+05
736201 46.780593 47.348666 44.923075 45.085382 1.167711e+05
736202 45.788713 46.582216 44.246794 46.573201 1.455356e+05
736203 47.186364 49.639006 45.996106 48.971744 1.239848e+05
736204 48.899605 50.838278 48.412682 49.359478 8.331779e+04
736207 48.908624 51.108789 48.385632 48.674178 1.213698e+05
736208 47.592129 48.484820 46.753540 47.258498 1.082049e+05
736209 47.456875 49.197171 47.132259 48.854521 8.548189e+04
736210 49.179135 49.548835 47.943793 48.674178 7.168576e+04
736211 48.457770 49.350459 47.952812 48.764351 5.770929e+04
736215 49.016829 49.332425 47.925763 48.214309 8.367847e+04
736216 48.340549 49.233237 47.006021 47.087175 7.718618e+04
736217 47.312601 47.691317 46.347775 47.348667 1.818744e+05
736218 46.582217 47.024056 45.707560 46.077259 1.677176e+05
736221 46.266621 48.899606 46.266621 48.511871 1.946787e+05
736222 48.511870 48.674178 48.196274 48.529905 1.977445e+05
736223 48.602044 49.097982 48.205290 48.872555 1.523886e+05
736224 49.070929 49.233236 47.348667 48.286444 2.307470e+05
736225 47.772471 48.250375 46.176448 46.176448 5.153259e+05
736228 46.338756 48.259394 46.122349 46.861748 1.994577e+05
736229 46.437944 46.987986 45.752648 46.834694 1.719556e+05
736230 46.663371 46.951918 45.103417 45.914952 1.771856e+05
736231 45.923970 45.996105 43.669701 45.310809 2.611345e+05
736232 45.554271 47.096191 44.814871 45.355894 1.598728e+05
736235 45.184571 45.662475 40.621929 41.478552 3.959398e+05
736236 41.541671 42.668806 39.873513 39.999752 1.395843e+05
736237 40.071887 44.273844 39.675136 42.930302 4.320081e+05
736238 43.281967 45.337860 41.226074 43.390171 1.901701e+05
736239 42.876198 45.788714 42.506498 44.968160 1.839484e+05
736242 45.391963 48.358582 45.031279 46.933882 2.846691e+05
736243 46.798629 50.369390 46.798629 47.141275 1.942278e+05
736244 47.736402 48.142171 46.167433 47.339652 1.066720e+05
736245 47.240463 49.278325 47.168328 48.547940 1.225421e+05
736246 48.755333 49.539817 47.060121 48.584009 1.916129e+05
736249 48.520889 48.520889 46.239567 46.915848 1.609548e+05
736250 46.464993 47.159308 45.905936 46.311705 1.570775e+05
736251 46.131364 47.682302 45.707560 47.339652 1.451749e+05
736252 47.231448 47.411790 45.653459 47.366702 1.430108e+05
736253 47.186363 48.286444 46.212517 47.727386 8.674428e+04
736256 47.078156 48.223326 46.762560 47.880675 1.070327e+05
736257 47.628198 48.088071 46.969952 47.465890 9.359725e+04
736258 47.429821 49.512767 46.528113 46.528113 1.239848e+05
736259 46.167433 47.474910 44.679613 45.860852 9.206435e+04
736260 45.274740 46.167432 44.544359 44.850940 1.174925e+05
736263 44.896025 45.581321 44.282863 44.481240 9.882716e+04
736264 43.895128 44.995213 42.948336 44.715682 1.069425e+05
736265 44.544359 46.843713 44.544359 46.735509 1.063113e+05
736266 46.419910 47.204394 46.167432 46.672386 1.438224e+05
736267 46.525591 48.158714 46.525591 47.397201 1.671655e+05
736270 47.626572 49.287218 47.167830 49.021147 1.303744e+05
736271 49.030321 50.911165 48.819300 50.085428 2.370778e+05
736272 49.929454 50.534996 48.002740 48.892700 9.954697e+04
736273 48.764253 50.498296 48.470659 50.030378 8.459198e+04
736274 49.112894 49.984505 47.709146 48.525705 9.817074e+04
736277 47.846769 48.204587 47.131129 47.699972 7.275645e+04
736278 47.626573 48.800951 46.332921 46.718262 7.963757e+04
736279 47.810069 47.910992 45.589757 45.865005 2.066173e+05
736280 45.424610 45.975103 44.461253 44.782374 8.128904e+04
736281 45.241115 45.470486 43.277698 44.277755 1.640461e+05
736284 44.048384 45.874178 43.919937 45.837478 1.543207e+05
736285 45.543883 46.351269 45.498010 45.874178 8.330751e+04
736286 45.874178 46.296219 45.387912 45.782431 6.991225e+04
736287 45.167716 45.865006 44.589700 45.424610 6.284762e+04
736288 45.241116 46.057676 44.975045 45.351213 9.239060e+04
736291 45.066792 46.057676 45.002568 45.874178 1.145937e+05
736292 45.901702 46.791662 45.140192 45.498010 1.623946e+05
736293 45.131016 46.663215 45.002568 45.846655 8.798667e+04
736295 45.222766 45.947578 44.828248 45.479660 2.174436e+04
736298 45.782432 45.855828 44.397029 45.378736 1.315671e+05
736299 45.635635 45.653981 43.396972 45.231939 2.824014e+05
736300 44.580527 44.929172 43.075855 44.745674 2.650610e+05
736301 44.617227 44.653923 42.341869 43.497896 2.042318e+05
736302 43.158428 43.461196 41.828076 42.488665 2.595561e+05
736305 41.974874 41.974874 38.827905 41.112440 3.673604e+05
736306 40.084857 42.672160 39.782089 40.185780 1.444119e+05
736307 40.011459 46.167773 39.662814 45.865005 3.013933e+05
736308 45.314512 45.617284 41.488608 41.864776 2.523080e+05
736309 40.571124 41.506958 39.460966 39.681164 2.352428e+05
736312 39.442621 39.965586 37.754451 39.231596 3.780950e+05
736313 39.506843 40.222479 37.882897 38.057218 2.112965e+05
736314 37.800324 39.451793 37.717750 38.947178 1.986352e+05
736315 39.057276 39.552718 37.699400 38.928828 1.739549e+05
736316 38.928827 39.745387 38.304938 38.938001 3.896553e+05
736319 39.699514 41.883126 39.121498 41.406034 1.975342e+05
736320 41.286760 44.819070 41.286760 44.140135 3.187338e+05
736321 44.773197 47.002683 44.699800 45.874178 2.471701e+05
736322 45.773255 46.892587 45.131016 45.305340 5.321405e+04
736326 44.360328 45.406263 43.571296 44.800724 8.321576e+04
736327 45.066792 46.020976 42.672159 43.002454 2.235907e+05
736328 42.213417 43.782317 42.213417 43.727267 1.801938e+05
736329 43.268525 46.534767 42.653813 45.608107 1.973507e+05
736333 45.653981 46.103550 44.745674 46.020976 1.735879e+05
736334 46.094376 46.222823 44.332806 46.103549 1.643213e+05
736335 45.213590 46.241174 45.048442 45.415437 2.944205e+05
736336 44.488780 45.718208 42.507015 42.598762 1.793680e+05
736337 43.112555 44.956695 42.617113 44.085085 1.778083e+05
736340 44.094261 44.204359 41.094090 41.901473 1.656058e+05
736341 42.525361 43.277698 38.580183 40.754618 2.377200e+05
736342 40.864719 41.855600 37.800324 38.534310 1.554217e+05
736343 38.534309 40.488550 36.369047 39.947235 4.157118e+05
736344 37.130561 39.534367 37.130561 38.075568 1.714777e+05
736348 38.121442 38.993052 34.534081 35.625889 2.824014e+05
736349 34.423983 34.910248 32.111924 33.855145 2.807500e+05
736350 34.084516 36.038754 32.809210 33.708348 5.314982e+05
736351 37.451679 38.974702 36.185551 38.286589 3.528642e+05
736354 37.158085 38.662757 35.552489 36.598419 2.981822e+05
736355 36.809440 38.084742 36.414922 37.892071 2.245082e+05
736356 37.772796 39.983935 36.956237 39.516017 2.462526e+05
736357 40.672048 42.204243 40.020632 40.818845 2.171684e+05
736358 40.818842 41.904848 40.144772 40.481809 1.991323e+05
736361 39.751560 39.751560 36.587166 38.600020 2.878852e+05
736362 37.682533 38.057020 36.109697 37.963396 2.789912e+05
736363 38.777899 40.537978 36.250129 40.163496 2.334913e+05
736364 40.378824 43.355978 40.069872 43.009578 1.915490e+05
736365 42.410402 43.880255 41.193328 41.998471 1.587816e+05
736368 41.277587 41.277587 37.560825 39.086851 3.188738e+05
736369 38.618746 39.133662 35.145400 37.148893 4.239168e+05
736370 36.746321 39.217920 36.325025 36.811856 2.320870e+05
736371 35.828833 36.437369 32.065261 33.179352 1.135344e+06
736372 34.546225 37.270601 33.235526 36.596527 3.169078e+05
736376 37.429755 39.723474 36.109696 36.652701 9.772181e+05
736377 37.551464 39.742200 36.718235 39.302179 3.890897e+05
736378 39.882629 41.708243 39.002591 41.174603 2.481898e+05
736379 40.397549 41.577174 39.882629 41.174603 1.670202e+05
736382 42.035921 42.129541 40.800122 41.680159 1.597178e+05
736383 41.333762 41.361847 39.320905 39.648577 1.588752e+05
736384 39.199195 41.483554 37.542099 41.230777 1.587816e+05
736385 40.257116 42.092091 38.684280 41.736333 2.026899e+05
736386 41.858038 42.784890 40.088598 40.088598 2.176693e+05
736389 40.547343 41.858038 39.920079 41.446106 1.824677e+05
736390 41.792503 42.054641 40.079237 41.811228 2.582073e+05
736391 41.361847 44.825832 40.781396 44.713484 3.337596e+05
736392 44.451346 47.231897 43.889620 46.698256 2.119584e+05
736393 47.203808 47.372326 45.181590 46.454839 2.912556e+05
736396 46.342495 48.140020 45.649696 47.990226 3.259890e+05
736397 47.054012 47.737451 44.872640 45.855663 6.203341e+05
736398 46.314409 47.016568 44.310916 44.928816 3.699910e+05
736399 44.591778 48.636214 43.767911 46.810600 3.386279e+05
736400 47.512758 48.046399 46.089716 46.791875 3.041753e+05
736403 46.080355 47.737451 45.368832 46.295684 1.788165e+05
736404 45.865028 45.958647 44.647949 45.790129 1.709523e+05
736405 46.099081 48.580040 46.024182 48.271092 1.649606e+05
736406 48.664301 51.491661 47.278707 49.872014 2.215078e+05
736407 50.293310 51.491660 48.374072 48.683024 9.349949e+05
736410 48.823458 49.431993 46.810601 47.138273 3.704591e+05
736411 46.707616 49.553702 46.351855 48.252368 3.625013e+05
736412 47.615744 48.074485 46.173976 47.952780 3.454622e+05
736413 47.054013 47.952779 46.136526 46.660806 2.812381e+05
736417 46.782515 46.782515 45.574800 45.865028 1.818124e+05
736418 45.462455 46.716980 44.938176 46.136526 2.087753e+05
736419 46.773150 47.016567 45.275213 45.565436 2.746846e+05
736420 45.219039 46.052268 44.488795 45.144144 2.373297e+05
736421 44.207932 44.994350 43.533858 44.825832 3.330106e+05
736424 44.554329 45.443731 44.245377 44.619864 1.982897e+05
736425 44.554329 45.106694 44.170482 44.498155 1.886467e+05
736426 44.741573 45.621612 44.376451 45.340748 1.373423e+05
736427 44.966262 46.323770 44.966262 45.705870 1.907064e+05
736428 47.007203 47.990225 45.949286 46.136526 8.182493e+04
736431 46.604632 48.018314 46.557823 46.735701 1.518536e+05
736432 46.810600 48.683024 46.660806 48.402161 1.087878e+05
736433 47.999589 49.188580 46.951034 49.132406 1.335038e+05
736434 49.104321 49.628597 48.214919 49.628597 1.026088e+05
736435 49.403908 49.778391 47.147638 47.559569 1.141242e+05
736438 46.810600 49.609876 46.754426 49.300924 1.092559e+05
736439 49.815840 50.686517 49.666046 50.443104 9.652346e+04
736440 49.937549 51.716353 49.937549 51.585280 7.602042e+04
736441 51.416762 54.225398 50.274586 51.819333 2.157032e+05
736442 51.847422 53.719846 51.192073 51.220158 8.884652e+04
736445 51.903593 51.903593 50.761416 51.154623 1.337847e+05
736446 51.210798 53.036412 51.135899 51.716353 9.989382e+04
736447 52.540217 53.907090 51.969127 52.914703 1.205841e+05
736448 52.800559 54.312951 51.649620 53.238109 1.566610e+05
736449 53.095430 53.961013 51.307191 52.096680 3.433796e+05
736452 51.640109 52.562761 50.641361 52.248870 2.086911e+05
736453 51.906441 52.163262 49.737728 51.668643 5.147840e+05
736454 52.648368 53.266644 50.784037 52.096680 1.177573e+05
736455 52.791048 53.580538 50.698429 50.974275 1.189939e+05
736456 49.176527 51.449870 48.425086 50.774526 1.838650e+05
736459 50.650871 50.650871 48.520203 49.461883 2.393194e+05
736460 49.528467 50.765013 49.347742 49.785288 1.829138e+05
736461 49.794798 50.498681 48.586791 49.233596 1.523806e+05
736462 49.518955 50.479656 48.501183 49.823336 6.359657e+05
736463 49.861380 50.688918 49.205061 49.880405 1.037748e+05
736466 50.422583 50.869644 49.005311 50.860133 1.666485e+05
736467 50.669895 52.391551 50.127717 52.163263 1.348788e+05
736468 51.640109 52.153752 50.279907 50.279907 1.636047e+05
736469 49.537980 51.554502 49.243109 51.354753 1.566610e+05
736470 51.487919 52.372526 50.926717 52.096680 9.131425e+04
736473 51.963513 51.963513 50.755502 50.841109 6.021033e+04
736474 51.221583 52.657883 50.888668 51.288166 7.780735e+04
736475 51.402311 51.839858 50.698429 51.126465 5.773724e+04
736476 51.345239 51.820834 50.698429 51.801809 5.783235e+04
736477 51.449870 52.182288 50.964765 52.049121 5.126914e+04
736481 52.039606 53.047869 52.030096 52.534226 2.008913e+05
736482 51.839858 54.065643 51.792299 54.037108 1.236547e+05
736483 53.647121 54.512703 52.638858 54.217833 1.657924e+05
736484 54.560263 54.855129 53.675655 53.989546 6.667842e+04
736487 54.427097 54.826594 53.666142 54.389048 1.110990e+05
736488 54.769525 56.034605 53.770772 55.397310 1.529514e+05
736489 55.663643 56.491177 55.559012 56.091679 1.234645e+05
736490 55.654128 57.280666 55.654128 57.061893 1.242254e+05
736491 56.139237 57.527975 54.065643 54.255882 1.260327e+05
736494 54.132226 54.227343 52.134728 52.791048 1.586585e+05
736495 52.581786 53.095429 50.888668 51.773275 2.242906e+05
736496 51.449870 52.591299 50.879158 52.505692 1.060577e+05
736497 52.258380 53.057380 51.135975 52.486667 8.712901e+04
736498 53.181036 53.247619 51.383286 51.506943 3.906538e+05
736501 51.088417 52.458133 50.413073 52.182287 1.643656e+05
736502 51.773275 53.770774 51.525964 53.437858 9.502389e+04
736503 53.085919 54.227344 53.066895 53.361761 1.077698e+05
736504 53.571025 54.693429 53.085919 54.588797 1.094820e+05
736505 53.209571 55.872906 53.209571 54.379534 1.119551e+05
736508 54.018085 54.322466 51.155001 52.087166 1.212767e+05
736509 52.990797 55.111950 52.619833 54.569772 1.113844e+05
736510 55.178533 56.614832 55.045368 55.492428 1.789188e+05
736511 55.425845 57.061894 53.865894 54.465141 1.953744e+05
736512 55.007323 55.140489 52.819583 52.819583 2.120203e+05
736516 52.733975 54.389047 52.667392 53.818335 1.814871e+05
736517 53.219084 53.551998 52.363011 52.733975 2.263832e+05
736518 52.943239 53.980036 50.546239 50.945741 3.229290e+05
736519 51.468895 52.467644 49.119454 49.119454 3.401456e+05
736522 49.471393 50.945740 49.176527 50.336976 2.391292e+05
736523 51.297680 52.410571 50.879159 52.001559 3.631644e+05
736524 51.830348 53.028845 51.126465 52.286918 2.038400e+05
736525 52.534228 53.247620 52.305944 52.410571 1.544733e+05
736526 52.439109 53.142988 52.201311 52.524716 1.227035e+05
736529 52.277404 53.713702 52.115703 53.171525 1.754946e+05
736530 53.257134 53.999060 51.801810 52.372526 1.861479e+05
736531 52.343987 53.247618 51.478404 52.420084 2.487362e+05
736532 52.401060 52.981286 51.392797 52.543740 1.785384e+05
736533 53.162011 53.723214 52.420085 53.066894 8.303889e+04
736536 52.752999 53.266643 51.992048 52.943238 1.813919e+05
736537 52.876654 53.827844 52.829096 53.685165 1.500978e+05
736538 53.276153 54.484166 53.181036 53.475906 1.866235e+05
736539 53.243739 53.698398 51.405745 51.647586 1.394940e+05
736540 51.434765 53.978934 51.299335 53.872524 1.283693e+05
736543 53.040593 53.601662 51.270314 52.305394 2.030498e+05
736544 53.098632 53.205043 50.302950 51.502484 4.170308e+05
736545 51.666934 52.585931 51.125208 51.589547 1.716104e+05
736546 51.560522 52.111920 50.312621 50.535119 2.143680e+05
736547 50.786633 51.937795 50.312622 50.312622 2.653481e+05
736550 51.009126 51.328357 50.351317 50.738265 2.711522e+05
736551 50.786632 52.140945 50.776961 51.560523 1.186956e+05
736552 52.044206 52.044206 50.544792 50.786633 7.971083e+04
736553 51.396073 52.131268 50.980106 51.831388 1.476198e+05
736554 51.995838 53.156676 51.279986 52.469848 2.009216e+05
736557 53.108310 53.388842 52.634299 53.127653 7.497074e+04
736558 52.876140 53.311455 52.702014 52.818096 1.105698e+05
736559 52.353763 53.021246 51.753998 52.286047 1.510056e+05
736560 52.189312 53.591992 52.092573 52.547236 1.739321e+05
736561 52.450500 52.624627 51.357378 51.918447 2.028563e+05
736564 51.492809 51.541176 50.951083 51.270315 1.359147e+05
736565 51.144556 51.589547 50.912390 51.144556 1.769310e+05
736566 50.999454 51.241295 50.554463 50.776961 9.925159e+04
736567 50.457729 52.663319 49.886984 51.512156 2.098213e+05
736568 51.502484 52.257026 51.318682 51.560523 1.300138e+05
736571 51.570199 52.073230 51.076841 51.599219 7.632505e+04
736572 51.812040 52.053881 50.980106 51.096189 2.165929e+05
736573 51.231620 52.082902 49.790249 50.796305 2.165929e+05
736574 50.390013 50.660874 49.867635 50.651202 1.073775e+05
736575 51.115537 51.270315 50.593159 50.680222 1.804135e+05
736579 50.960759 51.231620 50.554464 51.086517 1.975358e+05
736580 51.367049 52.237679 50.835000 51.937795 3.582150e+05
736581 51.937795 53.156676 51.705630 52.653646 4.682044e+05
736582 52.653646 54.259471 51.231619 51.270315 5.746145e+05
736585 50.776961 51.570199 50.061110 50.786633 4.316380e+05
736586 50.757612 51.173580 49.006682 49.761225 3.614073e+05
736587 49.867635 50.525444 49.026029 49.848288 4.294131e+05
736588 49.925680 50.564139 48.987334 49.190480 2.150451e+05
736589 49.248523 50.573812 48.600391 50.457729 2.389390e+05
736592 50.757613 51.676607 50.757613 51.202600 3.164249e+05
736593 51.192924 51.734650 50.302951 50.951083 1.157935e+05
736594 51.125208 53.166348 50.796304 52.895487 2.081768e+05
736595 53.446885 53.679054 52.508540 53.630683 2.371010e+05
736596 53.030918 53.911220 52.924507 53.205044 1.311746e+05
736599 53.746768 55.807252 53.746768 55.729865 3.039459e+05
736600 55.536392 56.058770 55.043038 55.110753 1.315616e+05
736601 55.081730 56.484408 54.249799 55.778233 2.187211e+05
736602 56.039422 56.745598 55.836276 56.000726 1.477165e+05
736603 56.020074 56.020074 54.530331 55.168792 1.658063e+05
736606 55.091406 55.816929 53.533948 53.940239 2.492898e+05
736607 54.172408 54.540008 53.234064 53.611335 1.156000e+05
736608 53.746769 55.613783 53.379170 55.110753 2.535462e+05
736609 55.333247 55.700846 54.172408 55.652475 1.544881e+05
736610 55.478349 55.565413 54.694786 55.197816 2.621558e+05
736613 55.342918 56.078117 55.081730 55.700846 1.734484e+05
736614 55.584760 55.874968 54.549680 55.555740 1.778016e+05
736615 55.043038 55.652475 54.685110 55.594435 1.421058e+05
736616 55.517044 56.145832 54.472292 55.913663 1.474263e+05
736617 55.826600 56.078117 54.955974 55.265531 1.095057e+05
736620 55.062382 55.304223 54.394902 55.265531 1.624205e+05
736621 55.207488 55.565412 54.685110 55.284879 1.007026e+05
736622 55.371942 55.923339 54.868912 55.052710 1.327224e+05
736623 55.004342 55.265531 54.443269 55.043038 1.462655e+05
736624 55.072057 55.391285 53.795137 54.249799 1.322387e+05
736627 54.278819 54.501312 53.514600 54.501312 7.206865e+04
736628 54.414249 54.414249 53.621010 53.872524 5.852555e+04
736629 53.591992 54.095018 52.373110 52.885812 1.543914e+05
736630 52.885812 53.398518 51.763669 52.605279 1.724811e+05
736631 52.339492 52.772623 51.994961 52.408403 7.756916e+04
736634 52.181991 52.181991 51.089333 51.345270 1.528742e+05
736635 51.335428 51.660272 50.045888 50.065577 1.533664e+05
736636 49.947452 49.947452 48.579160 49.524168 2.361528e+05
736637 49.612763 49.701358 48.480724 48.894162 1.941198e+05
736638 49.081197 50.488861 47.151813 47.250249 2.285731e+05
736641 47.939316 48.569318 46.521806 46.895871 1.490352e+05
736642 47.122278 47.181341 46.383993 46.905717 2.408778e+05
736643 46.758059 48.018064 46.600558 47.831033 1.463773e+05
736644 48.224788 48.697289 47.988534 48.352754 2.487529e+05
736645 48.342912 49.179633 47.939316 48.972914 1.726603e+05
736648 49.327292 51.187770 48.923696 51.030269 2.615498e+05
736649 51.374801 52.113086 51.227146 51.886679 1.501180e+05
736650 51.975273 52.231214 51.404334 51.916213 1.813228e+05
736651 52.319809 52.979341 51.788242 52.250902 1.225553e+05
736652 52.565903 53.638878 51.886678 53.038405 1.675415e+05
736655 53.648720 54.239346 53.235283 53.461689 1.560243e+05
736656 53.737315 53.875128 52.802153 53.540438 1.827994e+05
736657 53.294342 54.121223 52.772623 53.757003 5.522373e+04
736659 53.914503 54.091692 52.930123 53.560126 2.894078e+04
736662 53.540437 53.540437 51.955585 52.024491 8.524732e+04
736663 51.699648 52.487152 51.089334 51.778396 1.201928e+05
736664 52.418244 54.288568 52.270585 52.319808 2.203043e+05
736665 52.802152 52.949811 51.168082 51.168082 1.068053e+05
736666 51.197611 51.325582 50.232920 50.360890 1.687228e+05
736669 50.675892 51.916213 49.917919 51.187770 1.150740e+05
736670 51.187770 51.384647 50.498703 51.187770 1.326944e+05
736671 51.040110 52.142619 50.528237 51.906367 1.026709e+05
736672 51.985118 52.575745 50.931833 51.955585 7.934104e+04
736673 52.260744 53.146688 51.709490 52.004807 1.205866e+05
736676 53.727472 54.121222 51.109017 51.384646 1.709868e+05
736677 51.404334 52.191838 50.695580 52.024491 2.886203e+05
736678 52.093397 52.172150 50.616827 51.364958 1.592727e+05
736679 51.128706 52.546215 50.892456 52.201680 2.263090e+05
736680 52.664340 53.904657 52.437932 53.491219 3.414815e+05
736683 53.451844 54.140911 52.880905 53.747157 1.321038e+05
736684 53.579814 54.377164 53.560126 54.259035 1.202913e+05
736685 54.052316 55.076073 54.052316 54.770913 1.341710e+05
736686 54.948102 55.912793 54.633100 55.125290 1.399789e+05
736687 54.918571 56.001388 54.761071 55.292633 1.134990e+05
736691 55.302479 56.060453 54.869354 54.948102 1.259022e+05
736692 55.026854 56.296701 54.741383 56.217953 1.816181e+05
736693 56.208106 57.310615 55.410761 56.424672 1.967776e+05
736694 56.808579 58.196555 55.971858 57.920930 5.300887e+05
736698 58.541091 58.924999 57.733900 58.048901 1.548430e+05
736699 57.979995 58.324526 57.182645 57.182645 1.134006e+05
736700 57.330304 57.940619 57.123582 57.153115 9.824114e+04
736701 57.251551 58.176867 57.192487 57.960306 9.873333e+04
736704 58.078431 58.560779 57.517334 57.664993 1.012927e+05
736705 57.684677 57.684677 56.631391 56.651079 1.150740e+05
736706 56.651078 57.911087 56.651078 57.733899 6.103157e+04
736707 57.714211 58.039055 56.592019 56.739673 6.890661e+04
736708 57.015299 57.517335 56.975926 57.044833 9.194111e+04
736712 57.261394 58.147338 57.261394 57.763430 9.410675e+04
736713 57.704365 57.891400 56.286859 56.779049 9.656770e+04
736714 56.483736 57.733900 56.385296 57.477958 6.595347e+04
736715 57.428740 58.176867 56.739673 56.739673 1.121209e+05
736718 56.867643 57.212175 56.129358 56.759361 2.027823e+05
736719 56.670767 59.052969 56.670767 58.728122 1.464758e+05
736720 58.708433 59.033280 58.501714 58.806874 1.474602e+05
736721 58.806875 60.824853 58.718280 60.824853 1.718728e+05
736722 60.755946 61.051259 59.761720 60.854383 1.406679e+05
736725 60.883913 60.913447 59.072653 59.240000 1.251147e+05
736726 59.070000 60.099998 58.779999 60.080002 1.225000e+05
736727 60.509998 60.650002 59.400002 60.639999 1.231000e+05
736728 60.709999 60.730000 59.869999 60.209999 7.380000e+04
736729 60.259998 60.470001 59.209999 59.490002 8.970000e+04
736732 59.580002 60.020000 59.130001 59.529999 1.083000e+05
736733 59.119999 59.529999 58.650002 58.799999 9.810000e+04
736734 58.639999 59.000000 58.240002 58.950001 1.074000e+05
736735 59.150002 59.389999 58.250000 59.000000 7.140000e+04
736736 59.299999 60.509998 58.639999 60.410000 1.009000e+05
736739 60.599998 62.330002 60.299999 62.330002 1.256000e+05
736740 62.500000 62.689999 61.750000 62.590000 7.650000e+04
736741 62.919998 63.049999 62.250000 63.029999 1.057000e+05
736742 63.160000 63.689999 62.540001 63.139999 8.590000e+04
736743 63.349998 63.500000 62.599998 62.919998 7.870000e+04
736747 63.529999 64.360001 63.049999 63.869999 8.770000e+04
736748 63.799999 64.029999 63.349998 63.680000 9.900000e+04
736749 63.980000 63.980000 62.490002 62.740002 7.890000e+04
736750 62.369999 62.669998 61.490002 61.750000 1.178000e+05
736753 61.529999 61.529999 59.130001 59.740002 1.356000e+05
736754 59.290001 61.139999 59.290001 61.060001 1.502000e+05
736755 62.209999 65.000000 61.560001 64.900002 1.927000e+05
736756 64.980003 65.029999 62.490002 63.250000 1.985000e+05
736757 63.480000 64.040001 61.790001 62.180000 9.990000e+04
736760 62.080002 62.299999 61.189999 61.939999 1.145000e+05
736761 61.970001 62.220001 61.400002 62.000000 7.800000e+04
736762 61.970001 62.520000 60.970001 61.310001 1.046000e+05
736763 61.000000 62.070000 60.310001 61.750000 2.138000e+05
736764 62.130001 62.369999 60.779999 61.430000 1.283000e+05
