736034 8.655177 8.794328 8.636624 8.720114 4.350780e+04
736035 8.720115 8.785052 8.683008 8.785052 2.736632e+04
736036 8.683009 8.701562 8.580965 8.673732 1.150313e+04
736039 8.794329 8.868543 8.747945 8.859266 9.647787e+03
736040 8.785052 8.859266 8.738669 8.859266 7.143073e+03
736041 8.590240 8.794328 8.525303 8.766498 1.669809e+04
736042 8.553134 8.571687 8.478920 8.478920 3.200468e+04
736043 8.655178 8.766499 8.636625 8.664455 9.926089e+03
736046 8.803605 8.998416 8.794328 8.998416 2.430500e+04
736047 8.914926 8.914926 8.840712 8.840712 1.038992e+04
736048 8.803605 8.812881 8.738668 8.757221 8.905648e+03
736049 8.590241 8.747945 8.562411 8.692285 1.586319e+04
736050 8.738668 8.747944 8.692284 8.729391 7.050305e+03
736053 8.766498 8.812882 8.701561 8.710838 3.321065e+04
736054 8.599518 8.664455 8.599518 8.636625 9.555020e+03
736055 8.729391 8.757221 8.608794 8.608794 7.606908e+03
736056 8.673731 8.785052 8.673731 8.710838 1.057546e+04
736060 8.812882 8.877819 8.803606 8.822159 9.462253e+03
736061 8.914926 8.924203 8.849989 8.877819 1.233803e+04
736062 8.822159 8.849989 8.683008 8.692285 4.063203e+04
736063 8.738669 8.747946 8.608795 8.636625 1.076099e+04
736064 8.525304 8.571687 8.506750 8.543857 7.885210e+03
736067 8.655178 8.720115 8.636624 8.683008 6.864771e+03
736068 8.831435 8.924202 8.831435 8.840712 3.079870e+04
736069 8.924203 8.933479 8.831436 8.914926 1.122483e+04
736070 8.775775 8.840712 8.701562 8.785052 9.156121e+04
736071 8.627347 8.701561 8.590240 8.701561 1.864620e+04
736074 8.580965 8.683008 8.580965 8.599518 1.233804e+04
736075 8.571687 8.701561 8.571687 8.701561 7.514141e+03
736076 8.618071 8.645901 8.590241 8.645901 2.504714e+03
736077 8.636624 8.803605 8.590241 8.775775 2.643865e+04
736078 8.803605 8.812882 8.710838 8.766498 1.614149e+04
736081 8.599518 8.683008 8.580964 8.627348 2.569651e+04
736082 8.720114 8.757221 8.683007 8.757221 1.289464e+04
736083 8.924202 8.952033 8.775775 8.775775 8.256279e+03
736084 8.812882 8.924203 8.803606 8.859266 9.926089e+03
736085 8.887096 8.887096 8.812882 8.887096 4.638359e+03
736088 8.979864 9.072631 8.970587 9.063354 2.792292e+04
736089 8.822159 8.822159 8.701561 8.710838 9.555019e+03
736090 8.729392 8.729392 8.645901 8.683008 4.545592e+03
736091 8.627347 8.757221 8.627347 8.720114 4.267290e+03
736092 8.812883 8.877820 8.803606 8.868543 4.258014e+04
736095 8.645902 8.655178 8.618072 8.636625 5.566031e+03
736096 8.952032 8.998416 8.952032 8.989139 2.105815e+04
736097 9.119014 9.211781 9.109738 9.128291 2.124369e+04
736098 9.165397 9.230334 9.146843 9.183950 4.545591e+03
736099 9.267442 9.332379 9.221058 9.332379 1.326571e+04
736102 9.183950 9.267441 9.183950 9.221057 1.094653e+04
736103 9.128290 9.258164 9.128290 9.258164 2.031601e+04
736104 9.137567 9.267441 9.128290 9.258164 1.410061e+04
736105 9.211781 9.239611 9.183951 9.202504 3.803454e+03
736106 9.193227 9.211780 9.174673 9.183950 9.369484e+03
736110 9.044800 9.044800 8.896373 8.896373 8.812883e+03
736111 9.035524 9.091184 9.026247 9.091184 3.525153e+03
736112 9.081907 9.202504 9.063353 9.165397 1.289464e+04
736113 9.156121 9.230334 9.091184 9.146844 4.109586e+04
736116 9.183950 9.221057 9.137567 9.193227 1.771853e+04
736117 9.573572 9.694170 9.536466 9.619956 3.024210e+04
736118 9.749831 9.814768 9.619957 9.638510 4.230183e+04
736119 9.851875 9.907535 9.759107 9.805491 2.115092e+04
736120 9.480806 9.573573 9.452976 9.508636 3.534430e+04
736123 9.555020 9.564297 9.508636 9.555020 3.627197e+04
736124 9.415869 9.415869 9.313825 9.350932 8.998417e+03
736125 9.555019 9.666339 9.545742 9.647786 7.699675e+03
736126 9.759107 9.814767 9.703446 9.814767 1.011162e+04
736127 9.517912 9.629233 9.452975 9.592126 3.274681e+04
736130 9.193227 9.415868 9.183950 9.388038 1.948111e+04
736131 9.146844 9.462252 9.119013 9.462252 2.885059e+04
736132 9.443699 9.443699 9.239611 9.313825 2.690248e+04
736133 9.490082 10.074515 9.480805 9.851874 4.944490e+04
736134 9.869054 9.945411 9.821332 9.897688 1.221701e+04
736137 10.031312 10.155391 10.021768 10.040857 3.054253e+04
736138 10.098123 10.098123 10.012222 10.012222 1.202612e+04
736139 9.964500 10.069490 9.954956 10.031312 1.966175e+04
736140 10.012223 10.059946 9.907233 10.040857 1.135800e+04
736141 10.040856 10.098123 9.974044 10.098123 8.685531e+03
736144 9.716342 9.716342 9.592263 9.611352 1.918453e+04
736145 9.773609 9.773609 9.601807 9.687708 2.319323e+04
736146 9.907233 9.916777 9.754520 9.773609 8.780977e+03
736147 9.649530 9.697253 9.601808 9.697253 1.173978e+04
736151 9.315471 9.391827 9.248659 9.296382 8.208304e+03
736152 9.153214 9.325016 9.048224 9.296382 1.011721e+04
736153 9.420461 9.534995 9.382283 9.439550 9.258204e+03
736154 9.611352 9.706797 9.592263 9.687708 1.431681e+04
736155 9.964500 10.012223 9.935866 9.983589 2.624749e+04
736158 10.088579 10.107668 9.916777 9.935866 9.067313e+03
736159 9.935866 9.935866 9.859510 9.916777 9.067313e+03
736160 9.859510 9.974045 9.859510 9.945411 1.088078e+04
736161 10.136302 10.212658 10.069490 10.107668 4.610013e+04
736162 10.079034 10.107668 10.050401 10.107668 3.054253e+03
736165 10.241291 10.279469 10.203113 10.222202 6.013060e+03
736166 10.193569 10.250836 10.145846 10.155391 1.135800e+04
736167 10.193569 10.222203 10.174480 10.212658 2.195244e+03
736168 10.279469 10.289014 10.012222 10.012222 1.269424e+04
736169 10.069490 10.069490 9.878599 9.878599 2.672471e+03
736172 9.935866 9.935866 9.830876 9.849965 1.221701e+04
736173 9.821332 9.964500 9.811787 9.897688 1.813463e+03
736174 9.792698 10.002678 9.792698 9.811787 5.783991e+04
736175 9.706797 9.830876 9.678164 9.773609 8.399195e+03
736176 9.926322 9.935866 9.821332 9.821332 8.685532e+03
736179 10.031312 10.126757 10.002678 10.002678 4.485934e+03
736180 10.021766 10.050400 9.945410 9.964499 2.481580e+03
736181 10.107668 10.174480 10.050401 10.164935 2.920629e+04
736182 10.098124 10.212659 10.002679 10.040857 5.125418e+04
736183 10.422638 10.470360 10.279470 10.394004 2.996986e+04
736186 10.394004 10.479905 10.394004 10.479905 2.577026e+03
736187 10.489449 10.527628 10.384460 10.498994 1.508037e+04
736188 10.327193 10.384460 10.222203 10.384460 1.393503e+04
736189 10.193569 10.317648 10.155391 10.317648 8.780977e+03
736190 10.174480 10.298559 10.155391 10.269925 8.017414e+03
736193 10.174480 10.250836 10.174480 10.193569 4.963161e+03
736194 10.241291 10.298558 10.126757 10.184024 2.131296e+05
736195 10.069489 10.136301 9.907232 10.012222 1.528081e+05
736196 9.878599 9.916777 9.792698 9.859510 2.036805e+05
736197 9.897688 9.907233 9.725886 9.735431 3.738596e+05
736200 9.506361 9.649529 9.382282 9.449094 2.739283e+04
736201 9.945411 10.021767 9.668619 9.678164 2.529303e+04
736202 9.935866 9.945410 9.649530 9.888143 8.399195e+03
736203 9.849965 9.935866 9.764064 9.926321 4.485934e+04
736204 9.668619 9.678163 9.554084 9.620896 2.796550e+04
736207 9.515906 9.563629 9.430006 9.544540 1.307602e+04
736208 9.439549 9.487272 9.363193 9.449094 1.355325e+04
736209 9.534996 9.534996 9.468184 9.515907 3.913262e+03
736210 9.563630 9.716342 9.563630 9.678164 6.299397e+03
736211 10.002678 10.059946 9.687709 9.783154 6.957970e+04
736215 10.050400 10.136301 9.954955 10.098123 7.444741e+03
736216 10.269925 10.336737 10.155391 10.174480 3.626925e+03
736217 10.212658 10.394004 10.212658 10.317648 7.349296e+03
736218 10.098123 10.164935 10.069489 10.098123 3.531480e+03
736221 9.859510 9.859510 9.716342 9.783154 1.622572e+03
736222 9.964500 10.222203 9.916777 10.193569 4.772270e+03
736223 10.107668 10.164935 10.050400 10.059945 8.208304e+03
736224 10.050400 10.193568 9.993133 10.136301 1.097622e+04
736225 10.012223 10.117213 10.002678 10.031312 5.917615e+03
736228 9.993133 9.993133 9.878599 9.916777 1.154889e+04
736229 9.716342 9.735431 9.563629 9.630441 5.249497e+03
736230 9.744976 9.773609 9.687708 9.735431 4.295043e+03
736231 9.764065 9.792698 9.611352 9.611352 2.605659e+04
736232 9.840421 9.869055 9.697253 9.716342 5.440388e+03
736235 9.668619 9.697252 9.582718 9.582718 4.963161e+03
736236 9.458639 9.639986 9.391828 9.592263 4.485934e+03
736237 9.668620 9.783154 9.620897 9.783154 1.097622e+04
736238 9.420460 9.487272 9.353649 9.449094 2.281145e+04
736239 9.239115 9.430006 9.229570 9.420461 1.011721e+04
736242 9.592263 9.697253 9.592263 9.687708 2.863362e+03
736243 9.706797 9.821332 9.706797 9.792698 2.290690e+03
736244 9.792698 9.849965 9.792698 9.830876 9.830876e+03
736245 9.659075 9.773609 9.659075 9.754520 9.926322e+03
736246 9.878599 9.916777 9.811787 9.878599 5.631279e+03
736249 9.620897 9.620897 9.554085 9.554085 8.590086e+02
736250 9.410916 9.458639 9.353649 9.372738 4.008707e+03
736251 9.277293 9.277293 9.200936 9.267748 1.145345e+03
736252 9.363193 9.601807 9.363193 9.573173 2.577026e+03
736253 9.439550 9.439550 9.372738 9.372738 1.240790e+03
736256 9.487273 9.687708 9.487273 9.630441 2.099799e+03
736257 9.439550 9.468184 9.391827 9.458639 3.722371e+03
736258 9.286837 9.305926 9.277292 9.286837 7.253850e+03
736259 9.391828 9.554085 9.372739 9.515907 3.913262e+03
736260 9.764065 9.897688 9.764065 9.859510 3.436034e+03
736263 9.830877 9.945411 9.830877 9.907233 1.622572e+03
736264 9.802242 9.859510 9.725886 9.811787 4.772270e+03
736265 9.954955 10.002677 9.830876 9.926321 2.672471e+03
736266 10.355826 10.575350 10.346281 10.537172 7.635632e+03
736267 10.813963 10.871231 10.699429 10.699429 6.490287e+03
736270 11.052577 11.062121 10.852141 10.880775 6.013060e+03
736271 10.699429 10.699429 10.642162 10.661251 5.773492e+05
736272 10.575351 10.575351 10.250836 10.384460 1.751423e+05
736273 10.222202 10.222202 10.107668 10.145846 2.290690e+03
736274 10.689885 10.699430 10.479906 10.594440 7.864701e+05
736277 10.413094 10.479905 10.374915 10.384460 6.284125e+05
736278 10.470361 10.575351 10.432183 10.546717 1.412497e+06
736279 10.537173 10.623074 10.518084 10.518084 8.017414e+03
736280 10.498994 10.527628 10.365370 10.394004 3.082886e+04
736281 10.355825 10.460815 10.336736 10.403548 4.867715e+03
736284 10.365370 10.460816 10.346281 10.451271 4.676824e+03
736285 10.365370 10.489449 10.346281 10.441726 9.926321e+03
736286 10.403548 10.413093 10.298559 10.413093 4.008707e+03
736287 10.479905 10.537173 10.479905 10.508539 1.049899e+03
736288 10.603984 10.623073 10.546717 10.623073 4.581379e+03
736291 10.537173 10.556262 10.432183 10.432183 8.494641e+03
736292 10.308103 10.365371 10.308103 10.317648 9.449095e+03
736293 10.384459 10.460816 10.384459 10.451271 1.422136e+04
736295 11.100300 11.138478 11.033488 11.043033 2.290690e+03
736298 11.043033 11.071666 10.899865 10.957132 4.104152e+03
736299 10.871230 11.023943 10.804419 10.918953 4.772270e+03
736300 10.775787 10.775787 10.489450 10.518084 2.958808e+03
736301 10.594440 10.699430 10.594440 10.689885 6.872069e+03
736302 10.699430 10.899865 10.689885 10.813964 1.298057e+04
736305 10.938042 11.014399 10.928498 10.966676 4.963161e+03
736306 10.708974 10.823509 10.708974 10.813964 6.299397e+03
736307 10.518084 10.670796 10.518084 10.594440 1.851641e+04
736308 10.413094 10.422638 10.346282 10.346282 2.863362e+03
736309 10.317648 10.317648 10.117213 10.117213 4.075519e+04
736312 9.496817 9.544540 9.239115 9.315471 1.584394e+04
736313 9.515906 9.687708 9.496817 9.620896 5.659912e+04
736314 9.716342 9.792698 9.659074 9.792698 1.622572e+03
736315 9.802243 9.811787 9.697253 9.716342 1.212157e+04
736316 9.554085 9.573174 9.468184 9.468184 9.639986e+03
736319 9.458639 9.496817 9.334560 9.439550 5.249497e+03
736320 9.410917 9.487273 9.382283 9.430006 1.088078e+04
736321 9.601807 9.706797 9.573173 9.706797 3.054253e+03
736322 9.725886 9.869055 9.630441 9.859510 4.352310e+04
736326 9.744976 9.888144 9.744976 9.859510 4.772270e+03
736327 9.811787 9.964500 9.773609 9.945411 1.479404e+04
736328 9.897688 9.926322 9.840421 9.859510 1.269424e+04
736329 9.869054 9.878599 9.716342 9.830876 6.299396e+03
736333 9.563629 9.563629 9.363194 9.439550 6.203951e+03
736334 9.372738 9.477728 9.363193 9.449094 1.002177e+04
736335 9.172303 9.401372 9.105491 9.401372 2.338412e+04
736336 9.267748 9.363193 9.248659 9.248659 1.040355e+04
736337 9.372739 9.382283 9.057769 9.115036 6.490287e+03
736340 9.181847 9.181847 8.943233 8.971867 9.353649e+03
736341 9.143669 9.143669 8.962323 9.067313 4.199598e+03
736342 9.191393 9.191393 8.962324 9.000502 5.058607e+03
736343 8.924145 8.952779 8.809611 8.905056 6.394842e+03
736344 8.475552 8.561452 8.351473 8.446918 1.364869e+04
736348 8.656898 8.761888 8.656898 8.685532 8.017414e+03
736349 8.466006 8.466006 8.093769 8.227393 6.776623e+03
736350 8.256027 8.561452 8.208304 8.542363 4.390488e+03
736351 8.752343 8.990957 8.733254 8.981412 5.373576e+04
736354 8.695077 8.695077 8.551909 8.647354 7.444742e+03
736355 8.466006 8.618719 8.456462 8.618719 6.681178e+02
736356 8.761887 8.761887 8.513729 8.618719 9.167530e+05
736357 8.466008 8.466008 8.189216 8.437374 4.485934e+03
736358 8.551909 8.647354 8.532820 8.647354 1.622572e+03
736361 8.427829 8.475552 8.399195 8.466007 2.290690e+03
736362 8.246483 8.246483 8.160582 8.198760 8.695076e+04
736363 8.227394 8.265572 8.065137 8.246483 6.404387e+04
736364 8.046047 8.084225 7.969690 8.017413 1.164434e+04
736365 7.921968 7.921968 7.673810 7.673810 1.518155e+06
736368 7.368384 7.368384 7.187038 7.253850 1.004181e+06
736369 7.311118 7.587910 7.311118 7.502009 4.358992e+05
736370 7.521098 7.769256 7.482919 7.721533 3.418854e+05
736371 7.387474 7.435197 7.139316 7.263395 3.990572e+05
736372 7.330207 7.654722 7.263395 7.502009 3.705191e+05
736376 7.272939 7.272939 6.843435 7.072504 1.769558e+05
736377 7.187038 7.358840 7.120227 7.358840 1.597756e+05
736378 7.540186 7.606998 7.425652 7.425652 1.813463e+04
736379 7.368385 7.521098 7.234762 7.311118 4.260683e+05
736382 7.664266 7.702444 7.549731 7.559276 2.701105e+04
736383 7.559276 7.587910 7.482920 7.482920 1.008858e+05
736384 7.349296 7.473375 7.263395 7.397019 1.593938e+04
736385 7.530643 7.654722 7.492464 7.645177 3.808272e+04
736386 7.597454 7.683354 7.540186 7.568820 7.349296e+03
736389 7.311118 7.406563 7.292029 7.349296 8.399195e+03
736390 7.511552 7.664265 7.511552 7.664265 7.826522e+03
736391 7.664266 7.797890 7.664266 7.731078 9.449095e+03
736392 7.921968 8.303750 7.874246 8.303750 1.278968e+04
736393 8.542363 8.542363 8.418284 8.427829 1.002177e+04
736396 8.046047 8.170126 8.026958 8.093770 3.264233e+04
736397 8.198760 8.294205 8.170126 8.189215 2.032987e+04
736398 8.532819 8.542364 8.370562 8.389651 9.162759e+03
736399 8.647354 8.666443 8.275117 8.351473 1.737106e+04
736400 8.761888 8.933690 8.714165 8.885967 1.851641e+04
736403 8.838244 8.857333 8.714165 8.742799 1.403047e+04
736404 8.866877 8.914600 8.847788 8.876422 6.013060e+03
736405 8.761887 8.895511 8.742798 8.895511 5.574011e+04
736406 8.838244 8.895511 8.828699 8.876422 5.631278e+03
736407 8.752343 8.895511 8.733254 8.895511 9.830876e+03
736410 8.990957 9.248659 8.990957 9.229570 1.593938e+05
736411 8.962323 9.162758 8.943234 9.105491 3.617381e+04
736412 8.924145 8.924145 8.733254 8.733254 2.577026e+03
736413 8.456463 8.456463 8.351473 8.351473 2.405224e+04
736417 8.485095 8.570996 8.418284 8.532818 3.216510e+04
736418 8.303749 8.456462 8.236938 8.456462 2.787006e+04
736419 8.599630 8.599630 8.294205 8.485096 1.803918e+04
736420 8.513729 8.590086 8.389650 8.418284 5.736268e+04
736421 8.131949 8.227394 8.084226 8.208305 4.924983e+04
736424 7.941057 7.969691 7.836068 7.950602 2.118888e+04
736425 7.692899 7.759711 7.635632 7.740622 1.912726e+05
736426 7.616543 7.740622 7.482920 7.683355 1.298057e+04
736427 7.435197 7.502009 7.339752 7.482920 2.433858e+04
736428 7.721533 7.902880 7.721533 7.893335 1.066125e+05
736431 7.912423 8.084225 7.912423 7.921968 2.319323e+04
736432 7.778801 7.778801 7.597454 7.769256 2.606614e+05
736433 7.845612 7.931513 7.826523 7.864701 7.349296e+03
736434 8.036503 8.036503 7.864701 7.931513 2.724966e+05
736435 7.855157 7.912424 7.797889 7.807434 1.527126e+04
736438 7.731077 7.797889 7.702444 7.759711 1.698928e+04
736439 7.950602 7.960147 7.864701 7.931513 1.456497e+05
736440 7.979235 8.017413 7.941057 7.941057 1.536671e+04
736441 7.836067 8.093770 7.797889 8.026958 6.413931e+04
736442 7.845612 7.883790 7.740622 7.759711 1.355325e+04
736445 7.549731 7.549731 7.416108 7.511553 2.643838e+04
736446 7.664266 7.673811 7.502009 7.521098 1.464133e+05
736447 7.473374 7.492464 7.358840 7.358840 2.176155e+04
736448 7.530643 7.635633 7.492464 7.502009 6.041694e+04
736449 7.664266 7.664266 7.482920 7.521098 1.374414e+04
736452 7.530642 7.597454 7.425652 7.492464 1.966175e+04
736453 7.540186 7.568820 7.435196 7.463830 1.116711e+04
736454 7.463830 7.540186 7.444741 7.463830 8.590086e+03
736455 7.635632 7.654721 7.578364 7.626087 1.813462e+04
736456 7.587909 7.587909 7.492464 7.568820 4.772270e+03
736459 7.511553 7.549731 7.425652 7.463830 9.639985e+03
736460 7.444741 7.635632 7.444741 7.635632 8.590086e+03
736461 7.444741 7.511553 7.377929 7.425652 7.253850e+03
736462 7.444741 7.463830 7.339751 7.377929 1.049899e+04
736463 7.482919 7.482919 7.253850 7.301573 1.068988e+04
736466 7.635632 7.740622 7.587910 7.645177 1.011721e+04
736467 7.492464 7.492464 7.397018 7.444741 2.147521e+04
736468 7.301573 7.406563 7.253850 7.253850 1.135800e+04
736469 7.215672 7.282484 7.158405 7.272939 1.832552e+04
736470 7.244306 7.263395 7.167949 7.177494 3.436034e+03
736473 7.177494 7.215672 7.120227 7.196583 3.493302e+04
736474 7.187039 7.215672 6.843435 6.929336 5.364031e+04
736475 7.234761 7.349295 7.206127 7.253850 4.781814e+04
736476 7.492464 7.606998 7.482919 7.530642 3.712826e+04
736477 7.482919 7.635632 7.482919 7.626087 1.422136e+04
736481 7.492463 7.492463 7.368384 7.377929 1.307602e+04
736482 7.435197 7.454286 7.387474 7.454286 4.104152e+03
736483 7.482920 7.568821 7.463831 7.521098 7.826523e+03
736484 7.540187 7.578365 7.511553 7.578365 7.158405e+03
736487 7.511553 7.559276 7.502008 7.549731 9.067313e+03
736488 7.549731 7.816978 7.530642 7.778800 4.375217e+05
736489 7.683355 7.826524 7.664266 7.692900 2.357502e+04
736490 7.578365 7.616543 7.511553 7.559276 8.112859e+03
736491 7.263394 7.272939 7.148860 7.272939 6.394841e+03
736494 6.948425 7.015237 6.919792 7.015237 2.567481e+04
736495 6.843435 6.843435 6.557099 6.728901 1.966175e+04
736496 6.814802 6.891158 6.690723 6.747990 2.176155e+04
736497 6.595277 6.671634 6.499832 6.643000 1.861185e+04
736498 6.980000 7.130000 6.900000 7.130000 2.040000e+04
736501 7.230000 7.260000 7.110000 7.150000 5.680000e+04
736502 7.190000 7.220000 7.020000 7.080000 1.390000e+04
736503 7.170000 7.170000 7.070000 7.080000 1.300000e+04
736504 7.510000 7.540000 7.380000 7.440000 2.047000e+05
736505 6.040000 6.220000 5.990000 6.000000 6.220000e+04
736508 6.020000 6.020000 5.860000 5.870000 7.050000e+04
736509 6.110000 6.200000 6.090000 6.130000 4.670000e+04
736510 6.460000 6.590000 6.460000 6.550000 2.030000e+04
736511 6.430000 6.460000 6.390000 6.430000 1.030000e+04
736512 6.530000 6.530000 6.450000 6.490000 7.400000e+03
736516 6.570000 6.570000 6.270000 6.280000 1.670000e+04
736517 5.810000 5.940000 5.710000 5.890000 2.475000e+05
736518 5.660000 5.720000 5.610000 5.710000 5.160000e+04
736519 5.820000 5.890000 5.800000 5.830000 3.689000e+05
736522 5.890000 5.970000 5.870000 5.950000 2.910000e+04
736523 6.160000 6.190000 6.070000 6.080000 2.630000e+04
736524 6.040000 6.060000 5.880000 5.950000 3.200000e+04
736525 5.960000 6.080000 5.960000 6.000000 2.650000e+04
736526 6.120000 6.120000 5.990000 6.080000 1.000000e+04
736529 6.120000 6.380000 6.100000 6.330000 3.150000e+04
736530 6.210000 6.320000 6.210000 6.280000 4.020000e+04
736531 6.190000 6.200000 6.140000 6.180000 1.530000e+04
736532 6.170000 6.260000 6.120000 6.170000 1.072000e+05
736533 6.340000 6.360000 6.210000 6.260000 2.670000e+04
736536 6.300000 6.320000 6.220000 6.300000 3.700000e+04
736537 6.240000 6.520000 6.230000 6.440000 2.290000e+04
736538 6.810000 6.840000 6.710000 6.820000 1.210000e+04
736539 6.720000 6.860000 6.720000 6.830000 2.965000e+05
736540 6.960000 7.050000 6.930000 7.050000 2.970000e+04
736543 7.020000 7.020000 6.880000 6.890000 3.130000e+04
736544 6.830000 6.830000 6.750000 6.760000 2.430000e+04
736545 6.740000 6.810000 6.730000 6.800000 1.210000e+04
736546 6.750000 6.810000 6.730000 6.780000 4.300000e+03
736547 6.930000 7.010000 6.900000 7.010000 1.060000e+04
736550 6.880000 7.030000 6.880000 7.000000 1.660000e+04
736551 6.910000 7.030000 6.900000 6.960000 3.070000e+04
736552 6.980000 7.020000 6.960000 6.960000 6.600000e+03
736553 7.140000 7.210000 7.120000 7.140000 1.850000e+04
736554 7.190000 7.220000 7.100000 7.130000 2.220000e+04
736557 7.130000 7.300000 7.130000 7.160000 1.490000e+04
736558 7.250000 7.350000 7.240000 7.310000 1.400000e+04
736559 7.400000 7.480000 7.360000 7.460000 1.400000e+04
736560 7.470000 7.490000 7.380000 7.460000 2.030000e+04
736561 7.250000 7.370000 7.250000 7.300000 6.600000e+03
736564 7.270000 7.390000 7.260000 7.350000 1.680000e+04
736565 7.470000 7.480000 7.420000 7.460000 7.700000e+03
736566 7.410000 7.490000 7.340000 7.390000 7.280000e+04
736567 7.390000 7.390000 7.280000 7.330000 7.400000e+03
736568 7.390000 7.450000 7.280000 7.300000 1.650000e+04
736571 7.270000 7.340000 7.270000 7.320000 1.730000e+04
736572 7.390000 7.450000 7.330000 7.450000 7.700000e+03
736573 7.340000 7.410000 7.270000 7.400000 4.870000e+04
736574 7.390000 7.450000 7.370000 7.400000 9.000000e+03
736575 7.430000 7.600000 7.400000 7.410000 1.440000e+04
736579 7.350000 7.400000 7.320000 7.400000 1.940000e+04
736580 7.450000 7.450000 7.360000 7.400000 4.400000e+03
736581 7.500000 7.510000 7.430000 7.480000 1.630000e+04
736582 7.400000 7.400000 7.320000 7.380000 2.200000e+03
736585 7.140000 7.370000 7.120000 7.330000 1.020000e+04
736586 7.060000 7.080000 6.970000 6.990000 7.300000e+03
736587 6.960000 7.020000 6.940000 6.980000 8.100000e+03
736588 6.990000 7.040000 6.920000 7.020000 1.260000e+04
736589 6.800000 6.880000 6.770000 6.870000 4.610000e+04
736592 6.780000 6.790000 6.680000 6.720000 1.630000e+04
736593 6.730000 6.790000 6.700000 6.720000 1.930000e+04
736594 6.900000 6.950000 6.860000 6.930000 5.900000e+03
736595 7.150000 7.170000 7.030000 7.040000 1.060000e+04
736596 7.010000 7.080000 7.000000 7.020000 1.410000e+04
736599 6.870000 6.940000 6.850000 6.870000 1.170000e+04
736600 6.840000 6.840000 6.740000 6.790000 7.300000e+03
736601 6.860000 6.940000 6.850000 6.930000 6.100000e+03
736602 6.960000 6.980000 6.720000 6.740000 1.750000e+04
736603 6.750000 6.860000 6.710000 6.830000 3.450000e+04
736606 6.740000 6.780000 6.730000 6.760000 2.590000e+04
736607 6.810000 6.840000 6.710000 6.720000 1.330000e+04
736608 6.690000 6.740000 6.670000 6.710000 1.930000e+04
736609 6.730000 6.740000 6.680000 6.680000 5.800000e+03
736610 6.610000 6.690000 6.610000 6.690000 8.800000e+03
736613 6.750000 6.810000 6.730000 6.790000 2.660000e+04
736614 6.690000 6.690000 6.550000 6.580000 1.070000e+04
736615 6.440000 6.510000 6.340000 6.420000 1.506200e+06
736616 6.280000 6.350000 6.200000 6.260000 4.220000e+04
736617 6.420000 6.490000 6.410000 6.480000 1.460000e+04
736620 6.590000 6.640000 6.580000 6.580000 2.050000e+04
736621 6.790000 6.870000 6.760000 6.860000 2.500000e+04
736622 6.830000 6.840000 6.780000 6.820000 8.700000e+03
736623 6.760000 6.840000 6.760000 6.780000 1.660000e+04
736624 6.800000 6.960000 6.800000 6.960000 8.900000e+03
736627 7.060000 7.100000 6.980000 7.060000 1.930000e+04
736628 7.080000 7.150000 7.080000 7.100000 1.160000e+04
736629 7.130000 7.200000 7.130000 7.160000 1.960000e+04
736630 7.090000 7.160000 7.050000 7.080000 2.070000e+04
736631 7.030000 7.080000 7.020000 7.080000 6.800000e+03
736634 7.090000 7.140000 7.040000 7.140000 1.900000e+04
736635 7.210000 7.240000 7.140000 7.220000 2.260000e+04
736636 7.180000 7.180000 7.110000 7.140000 9.100000e+03
736637 7.080000 7.150000 7.050000 7.080000 2.190000e+04
736638 6.900000 6.930000 6.840000 6.870000 2.120000e+04
736641 6.970000 6.970000 6.830000 6.930000 1.720000e+04
736642 6.910000 7.060000 6.890000 7.050000 3.140000e+04
736643 6.770000 6.850000 6.680000 6.850000 1.490000e+04
736644 6.670000 6.670000 6.550000 6.650000 1.740000e+04
736645 6.430000 6.500000 6.380000 6.480000 9.300000e+03
736648 6.240000 6.280000 6.210000 6.280000 1.290000e+04
736649 6.160000 6.310000 6.150000 6.300000 1.860000e+04
736650 6.240000 6.270000 6.160000 6.240000 3.040000e+04
736651 6.190000 6.200000 6.130000 6.130000 1.400000e+04
736652 6.000000 6.000000 5.910000 5.940000 1.930000e+04
736655 5.890000 5.940000 5.850000 5.920000 3.070000e+04
736656 6.040000 6.070000 5.970000 6.000000 3.180000e+04
736657 6.000000 6.090000 5.990000 6.020000 6.070000e+04
736659 6.050000 6.190000 6.050000 6.170000 3.360000e+04
736662 5.980000 5.980000 5.890000 5.890000 2.750000e+04
736663 6.030000 6.150000 6.030000 6.140000 4.710000e+04
736664 6.140000 6.210000 6.080000 6.200000 4.210000e+04
736665 6.150000 6.220000 6.070000 6.120000 5.390000e+04
736666 6.180000 6.270000 6.140000 6.190000 2.190000e+04
736669 6.030000 6.070000 5.980000 6.030000 4.990000e+04
736670 6.140000 6.320000 6.140000 6.260000 4.630000e+04
736671 6.480000 6.650000 6.480000 6.600000 4.030000e+04
736672 6.540000 6.600000 6.480000 6.600000 3.370000e+04
736673 6.470000 6.600000 6.450000 6.520000 3.570000e+04
736676 6.540000 6.560000 6.400000 6.510000 4.860000e+04
736677 6.590000 6.670000 6.540000 6.620000 8.973000e+05
736678 6.700000 6.720000 6.530000 6.570000 2.440000e+04
736679 6.710000 6.740000 6.650000 6.710000 3.400000e+04
736680 6.790000 6.880000 6.780000 6.880000 2.130000e+04
736683 7.020000 7.120000 6.950000 6.970000 3.620000e+04
736684 7.010000 7.130000 7.000000 7.090000 2.600000e+04
736685 7.060000 7.140000 7.040000 7.130000 1.330000e+04
736686 7.050000 7.060000 6.960000 7.060000 2.530000e+04
736687 7.230000 7.390000 7.230000 7.390000 1.640000e+04
736691 7.380000 7.480000 7.350000 7.430000 5.620000e+04
736692 7.170000 7.170000 7.100000 7.160000 1.050000e+04
736693 7.170000 7.270000 7.150000 7.270000 2.600000e+04
736694 7.230000 7.370000 7.230000 7.290000 1.930000e+04
736698 7.290000 7.630000 7.220000 7.580000 5.100000e+04
736699 7.340000 7.450000 7.190000 7.250000 8.330000e+04
736700 7.280000 7.340000 7.250000 7.300000 1.877000e+05
736701 7.240000 7.360000 7.240000 7.290000 1.441000e+05
736704 7.130000 7.200000 7.110000 7.150000 2.940000e+04
736705 7.130000 7.230000 7.130000 7.200000 3.730000e+04
736706 7.250000 7.390000 7.240000 7.350000 1.040000e+04
736707 7.340000 7.380000 7.280000 7.360000 1.500000e+04
736708 7.400000 7.430000 7.350000 7.420000 7.296000e+05
736712 7.290000 7.380000 7.260000 7.330000 2.760000e+04
736713 7.200000 7.280000 7.180000 7.240000 9.500000e+03
736714 7.380000 7.420000 7.220000 7.380000 1.449000e+05
736715 7.380000 7.490000 7.380000 7.470000 1.590000e+04
736718 7.390000 7.480000 7.390000 7.450000 1.480000e+04
736719 7.300000 7.420000 7.300000 7.400000 1.250000e+04
736720 7.320000 7.330000 7.250000 7.300000 3.732000e+05
736721 7.220000 7.220000 7.110000 7.110000 1.390000e+04
736722 7.060000 7.140000 7.000000 7.060000 3.200000e+04
736725 6.930000 6.940000 6.840000 6.940000 2.160000e+04
736726 7.030000 7.160000 7.010000 7.130000 2.020000e+04
736727 6.970000 7.040000 6.960000 7.040000 2.360000e+04
736728 7.040000 7.090000 7.040000 7.070000 1.070000e+04
736729 7.190000 7.360000 7.190000 7.310000 2.090000e+04
736732 7.280000 7.390000 7.250000 7.350000 1.020000e+04
736733 7.120000 7.150000 7.080000 7.150000 1.380000e+04
736734 7.030000 7.230000 7.020000 7.190000 8.700000e+03
736735 7.130000 7.300000 7.100000 7.170000 8.600000e+03
736736 6.960000 7.080000 6.940000 7.070000 1.880000e+04
736739 7.040000 7.040000 6.930000 7.000000 2.360000e+04
736740 6.920000 6.940000 6.820000 6.910000 2.720000e+04
736741 6.880000 6.910000 6.840000 6.900000 1.460000e+04
736742 6.870000 6.960000 6.800000 6.900000 1.670000e+04
736743 6.760000 6.890000 6.760000 6.880000 1.580000e+04
736747 6.700000 6.730000 6.610000 6.660000 2.370000e+04
736748 6.500000 6.590000 6.470000 6.540000 1.910000e+04
736749 6.710000 6.740000 6.630000 6.640000 5.390000e+04
736750 6.540000 6.580000 6.460000 6.470000 9.100000e+03
736753 6.640000 6.650000 6.580000 6.610000 3.040000e+04
736754 6.640000 6.650000 6.540000 6.620000 1.300000e+04
736755 6.650000 6.740000 6.640000 6.640000 1.870000e+04
736756 6.670000 6.720000 6.610000 6.650000 1.850000e+04
736757 6.740000 6.780000 6.710000 6.760000 1.150000e+04
736760 6.670000 6.700000 6.570000 6.650000 3.000000e+04
736761 6.690000 6.710000 6.610000 6.650000 1.360000e+04
736762 6.620000 6.630000 6.550000 6.570000 6.800000e+03
736763 6.730000 6.770000 6.670000 6.770000 1.870000e+04
736764 6.840000 6.890000 6.780000 6.800000 2.480000e+04
