736034 10.288492 10.418726 10.201669 10.349268 2.523936e+05
736035 10.548960 10.644465 10.479502 10.575007 3.525871e+05
736036 10.479502 10.496867 10.349268 10.383997 1.634872e+05
736039 10.488185 10.505549 10.305857 10.375315 2.702791e+05
736040 10.609737 10.679195 10.514232 10.679195 5.230201e+05
736041 10.505549 10.783382 10.418726 10.722606 4.795219e+05
736042 10.705241 10.818111 10.609736 10.696559 2.103714e+05
736043 10.783382 10.870205 10.783382 10.852840 1.678283e+05
736046 11.148038 11.252225 11.078579 11.226178 1.356084e+06
736047 11.087262 11.104626 10.887569 10.939663 4.584240e+05
736048 11.564786 11.660291 11.451916 11.599515 2.332840e+06
736049 11.373776 11.425870 11.156719 11.174084 5.589647e+05
736050 11.113308 11.182766 10.991756 11.182766 4.977546e+05
736053 11.174084 11.243542 11.113308 11.243542 5.500219e+05
736054 11.078579 11.321682 11.000438 11.313000 9.939465e+05
736055 11.410000 11.510000 11.320000 11.390000 7.099000e+05
736056 11.380000 11.520000 11.370000 11.470000 4.456000e+05
736060 11.450000 11.570000 11.420000 11.430000 4.296000e+05
736061 11.060000 11.160000 11.010000 11.060000 9.215000e+05
736062 10.750000 10.860000 10.750000 10.790000 6.532000e+05
736063 10.860000 10.900000 10.750000 10.820000 5.763000e+05
736064 10.840000 10.910000 10.820000 10.900000 4.925000e+05
736067 10.760000 10.790000 10.710000 10.720000 5.937000e+05
736068 10.650000 10.740000 10.620000 10.640000 7.876000e+05
736069 10.610000 10.610000 10.430000 10.530000 6.997000e+05
736070 10.630000 10.720000 10.600000 10.720000 4.788000e+05
736071 10.690000 10.830000 10.670000 10.760000 4.020000e+05
736074 10.690000 10.690000 10.610000 10.650000 2.666000e+05
736075 10.770000 10.850000 10.750000 10.830000 3.852000e+05
736076 10.910000 10.970000 10.860000 10.900000 3.778000e+05
736077 10.890000 11.000000 10.890000 10.960000 3.861000e+05
736078 11.030000 11.230000 11.030000 11.180000 3.750000e+05
736081 11.250000 11.440000 11.250000 11.370000 3.384000e+05
736082 11.390000 11.580000 11.390000 11.480000 4.689000e+05
736083 11.590000 11.670000 11.470000 11.530000 3.922000e+05
736084 11.160000 11.170000 11.020000 11.060000 4.853000e+05
736085 11.120000 11.130000 11.020000 11.090000 1.809000e+05
736088 10.790000 10.830000 10.720000 10.780000 3.596000e+05
736089 10.800000 10.830000 10.730000 10.770000 2.327000e+05
736090 10.870000 10.910000 10.780000 10.810000 1.460000e+05
736091 11.050000 11.200000 11.050000 11.160000 5.176000e+05
736092 11.440000 11.500000 11.300000 11.300000 2.456000e+05
736095 11.430000 11.590000 11.420000 11.520000 3.378000e+05
736096 11.630000 11.690000 11.610000 11.640000 3.285000e+05
736097 11.790000 11.850000 11.710000 11.730000 2.718000e+05
736098 12.010000 12.080000 11.960000 12.020000 3.461000e+05
736099 11.900000 12.030000 11.840000 12.010000 2.403000e+05
736102 11.980000 11.980000 11.800000 11.810000 1.615000e+05
736103 11.770000 11.860000 11.650000 11.840000 2.249000e+05
736104 11.680000 11.700000 11.580000 11.630000 1.959000e+05
736105 11.630000 11.670000 11.580000 11.620000 2.318000e+05
736106 11.590000 11.720000 11.580000 11.670000 3.158000e+05
736110 11.430000 11.450000 11.250000 11.360000 2.136000e+05
736111 11.100000 11.320000 11.050000 11.310000 2.144000e+05
736112 11.240000 11.240000 11.040000 11.220000 5.367000e+05
736113 11.200000 11.200000 10.970000 11.020000 6.311000e+05
736116 10.930000 10.990000 10.870000 10.910000 5.688000e+05
736117 10.890000 11.060000 10.890000 11.010000 1.621000e+05
736118 11.180000 11.350000 11.180000 11.300000 1.736000e+05
736119 11.470000 11.560000 11.370000 11.390000 3.266000e+05
736120 11.310000 11.350000 11.230000 11.330000 2.296000e+05
736123 10.620000 10.770000 10.540000 10.740000 5.707000e+05
736124 10.660000 10.800000 10.640000 10.720000 3.913000e+05
736125 10.860000 10.990000 10.820000 10.900000 3.368000e+05
736126 11.070000 11.130000 10.960000 11.060000 1.808000e+05
736127 11.040000 11.090000 11.020000 11.040000 3.278000e+05
736130 10.910000 10.910000 10.650000 10.720000 6.252000e+05
736131 10.840000 10.900000 10.810000 10.840000 1.562000e+05
736132 10.950000 11.090000 10.950000 11.080000 2.842000e+05
736133 11.250000 11.360000 11.200000 11.320000 3.454000e+05
736134 11.330000 11.420000 11.280000 11.390000 2.958000e+05
736137 11.530000 11.750000 11.520000 11.740000 3.090000e+05
736138 11.720000 11.800000 11.650000 11.780000 4.006000e+05
736139 11.770000 11.860000 11.690000 11.710000 3.263000e+05
736140 11.860000 11.920000 11.770000 11.800000 6.351000e+05
736141 11.790000 11.810000 11.640000 11.670000 3.759000e+05
736144 11.420000 11.430000 11.260000 11.270000 1.499000e+05
736145 11.570000 11.590000 11.470000 11.490000 1.274000e+05
736146 11.530000 11.560000 11.290000 11.410000 3.796000e+05
736147 11.490000 11.620000 11.430000 11.570000 2.512000e+05
736151 11.590000 11.740000 11.540000 11.740000 1.746000e+05
736152 11.650000 11.750000 11.470000 11.730000 2.353000e+05
736153 11.330000 11.360000 11.190000 11.220000 1.844000e+05
736154 11.560000 11.660000 11.560000 11.580000 2.003000e+05
736155 11.720000 11.860000 11.700000 11.780000 2.284000e+05
736158 11.820000 11.900000 11.780000 11.890000 1.617000e+05
736159 11.870000 11.930000 11.810000 11.900000 1.584000e+05
736160 11.750000 11.750000 11.570000 11.620000 1.676000e+05
736161 11.660000 11.760000 11.570000 11.760000 2.333000e+05
736162 11.750000 11.770000 11.640000 11.730000 1.579000e+05
736165 11.520000 11.540000 11.400000 11.540000 1.090000e+05
736166 11.560000 11.710000 11.560000 11.640000 1.394000e+05
736167 11.490000 11.660000 11.490000 11.660000 1.457000e+05
736168 11.410000 11.430000 11.130000 11.200000 3.235000e+05
736169 11.250000 11.320000 11.040000 11.160000 3.026000e+05
736172 11.010000 11.020000 10.800000 10.840000 1.760000e+05
736173 11.120000 11.250000 11.050000 11.190000 3.472000e+05
736174 11.240000 11.290000 11.080000 11.090000 2.614000e+05
736175 11.030000 11.520000 11.030000 11.440000 2.034000e+05
736176 11.490000 11.550000 11.430000 11.480000 2.883000e+05
736179 11.160000 11.160000 10.920000 11.040000 3.377000e+05
736180 11.070000 11.240000 11.060000 11.150000 1.548000e+05
736181 11.200000 11.200000 11.070000 11.110000 1.598000e+05
736182 11.100000 11.100000 10.930000 11.010000 2.647000e+05
736183 10.810000 10.940000 10.800000 10.920000 3.444000e+05
736186 10.740000 10.890000 10.720000 10.850000 3.318000e+05
736187 10.850000 10.980000 10.830000 10.890000 3.033000e+05
736188 10.760000 10.890000 10.740000 10.850000 2.018000e+05
736189 10.580000 10.580000 10.430000 10.500000 1.949000e+05
736190 10.540000 10.630000 10.510000 10.550000 1.194000e+05
736193 10.510000 10.600000 10.440000 10.510000 1.158000e+05
736194 10.360000 10.380000 10.290000 10.350000 2.239000e+05
736195 10.140000 10.210000 10.020000 10.150000 3.369000e+05
736196 9.970000 10.260000 9.920000 10.080000 3.021000e+05
736197 9.960000 9.960000 9.770000 9.770000 1.805000e+05
736200 9.260000 9.260000 9.150000 9.210000 3.881000e+05
736201 9.520000 9.580000 9.310000 9.310000 2.831000e+05
736202 9.830000 9.960000 9.590000 9.720000 2.807000e+05
736203 9.980000 10.030000 9.840000 9.910000 2.021000e+05
736204 9.720000 9.800000 9.690000 9.780000 1.513000e+05
736207 9.740000 9.860000 9.690000 9.760000 2.393000e+05
736208 9.550000 9.680000 9.540000 9.590000 2.399000e+05
736209 9.690000 9.690000 9.530000 9.640000 9.820000e+04
736210 9.390000 9.430000 9.290000 9.320000 4.426000e+05
736211 9.270000 9.290000 9.130000 9.150000 3.407000e+05
736215 9.190000 9.210000 9.000000 9.080000 4.773000e+05
736216 9.010000 9.050000 8.800000 8.810000 3.630000e+05
736217 8.800000 8.850000 8.720000 8.820000 5.277000e+05
736218 8.720000 8.820000 8.710000 8.820000 1.631000e+05
736221 8.640000 8.850000 8.620000 8.780000 9.164000e+05
736222 8.850000 9.090000 8.850000 9.050000 5.570000e+05
736223 9.100000 9.150000 9.040000 9.060000 6.830000e+05
736224 9.200000 9.550000 9.130000 9.340000 7.294000e+05
736225 9.190000 9.520000 9.190000 9.260000 1.625700e+06
736228 9.270000 9.310000 9.130000 9.150000 3.517000e+05
736229 9.100000 9.170000 9.020000 9.140000 2.365000e+05
736230 9.140000 9.200000 8.960000 8.960000 2.362000e+05
736231 8.960000 8.960000 8.760000 8.860000 7.682000e+05
736232 8.870000 8.960000 8.820000 8.870000 6.147000e+05
736235 8.840000 8.860000 8.680000 8.680000 4.078000e+05
736236 8.770000 8.850000 8.740000 8.820000 3.923000e+05
736237 8.810000 8.850000 8.660000 8.680000 4.380000e+05
736238 8.700000 8.760000 8.560000 8.620000 5.013000e+05
736239 8.630000 9.010000 8.620000 8.970000 3.627000e+05
736242 9.000000 9.120000 8.990000 9.050000 2.875000e+05
736243 9.050000 9.150000 9.030000 9.120000 2.818000e+05
736244 9.340000 9.520000 9.320000 9.440000 3.271000e+05
736245 9.450000 9.560000 9.440000 9.550000 3.014000e+05
736246 9.560000 9.570000 9.410000 9.460000 2.396000e+05
736249 9.630000 9.670000 9.560000 9.610000 3.474000e+05
736250 9.480000 9.480000 9.350000 9.390000 2.951000e+05
736251 9.540000 9.640000 9.530000 9.600000 4.595000e+05
736252 9.710000 9.740000 9.580000 9.710000 3.921000e+05
736253 9.680000 9.680000 9.450000 9.590000 4.610000e+05
736256 9.590000 9.700000 9.570000 9.650000 4.940000e+05
736257 9.740000 9.740000 9.600000 9.680000 6.871000e+05
736258 9.640000 9.780000 9.620000 9.760000 1.182800e+06
736259 9.890000 10.040000 9.800000 9.920000 1.252900e+06
736260 9.990000 10.030000 9.900000 9.940000 3.449000e+05
736263 10.020000 10.060000 9.940000 10.010000 3.832000e+05
736264 9.980000 10.010000 9.750000 9.860000 5.816000e+05
736265 9.980000 10.130000 9.920000 10.060000 4.101000e+05
736266 10.070000 10.070000 9.870000 9.960000 3.030000e+05
736267 9.820000 9.970000 9.780000 9.910000 2.530000e+05
736270 10.480000 10.480000 10.210000 10.400000 7.920000e+05
736271 10.410000 10.490000 10.340000 10.470000 4.620000e+05
736272 10.570000 10.700000 10.460000 10.500000 5.460000e+05
736273 10.480000 10.490000 10.360000 10.450000 2.235000e+05
736274 10.220000 10.230000 10.020000 10.090000 2.788000e+05
736277 10.100000 10.200000 9.980000 10.110000 4.293000e+05
736278 10.050000 10.100000 9.950000 10.060000 3.145000e+05
736279 10.160000 10.160000 9.990000 10.040000 1.724000e+05
736280 10.000000 10.200000 9.990000 10.180000 2.925000e+05
736281 10.290000 10.310000 10.150000 10.180000 4.327000e+05
736284 10.150000 10.160000 10.040000 10.120000 1.488000e+05
736285 10.380000 10.400000 10.290000 10.320000 2.679000e+05
736286 10.520000 10.630000 10.470000 10.630000 2.894000e+05
736287 10.560000 10.610000 10.490000 10.530000 2.812000e+05
736288 10.650000 10.770000 10.610000 10.660000 1.718000e+05
736291 10.630000 10.640000 10.480000 10.540000 2.717000e+05
736292 10.300000 10.300000 9.840000 9.860000 1.260700e+06
736293 9.900000 10.030000 9.850000 9.900000 2.290000e+05
736295 9.570000 9.660000 9.510000 9.650000 1.343000e+05
736298 9.650000 9.710000 9.500000 9.520000 4.043000e+05
736299 9.610000 9.670000 9.590000 9.650000 2.557000e+05
736300 9.650000 9.670000 9.550000 9.560000 2.444000e+05
736301 9.630000 9.680000 9.530000 9.600000 2.999000e+05
736302 9.450000 9.500000 9.360000 9.420000 1.046200e+06
736305 9.350000 9.350000 9.220000 9.260000 4.345000e+05
736306 9.280000 9.320000 9.250000 9.280000 3.607000e+05
736307 9.320000 9.360000 9.190000 9.240000 5.534000e+05
736308 9.040000 9.040000 8.730000 8.750000 7.287000e+05
736309 8.620000 8.640000 8.460000 8.480000 4.789000e+05
736312 8.430000 8.490000 8.300000 8.380000 9.094000e+05
736313 8.810000 8.850000 8.720000 8.780000 8.944000e+05
736314 8.920000 8.980000 8.790000 8.960000 6.724000e+05
736315 9.040000 9.110000 8.960000 9.010000 4.482000e+05
736316 8.770000 8.830000 8.710000 8.750000 3.147000e+05
736319 8.860000 8.880000 8.710000 8.760000 2.855000e+05
736320 8.540000 8.620000 8.510000 8.560000 3.932000e+05
736321 8.760000 8.810000 8.710000 8.790000 3.187000e+05
736322 8.710000 8.760000 8.690000 8.720000 1.141000e+05
736326 8.680000 8.710000 8.650000 8.700000 2.338000e+05
736327 8.860000 8.890000 8.790000 8.850000 2.236000e+05
736328 8.750000 8.760000 8.630000 8.630000 3.061000e+05
736329 8.640000 8.670000 8.450000 8.490000 3.330000e+05
736333 8.240000 8.360000 8.220000 8.310000 5.089000e+05
736334 8.220000 8.290000 8.170000 8.240000 5.212000e+05
736335 8.110000 8.200000 8.110000 8.170000 2.568000e+05
736336 8.100000 8.350000 8.090000 8.190000 3.690000e+05
736337 8.270000 8.290000 8.000000 8.020000 2.717000e+05
736340 8.190000 8.220000 8.060000 8.140000 4.474000e+05
736341 8.200000 8.220000 8.070000 8.170000 9.195000e+05
736342 8.490000 8.550000 8.390000 8.430000 4.641000e+05
736343 8.310000 8.370000 8.210000 8.350000 3.912000e+05
736344 8.110000 8.150000 7.960000 8.090000 3.589000e+05
736348 8.070000 8.180000 8.030000 8.160000 4.262000e+05
736349 7.930000 7.970000 7.800000 7.950000 3.744000e+05
736350 7.780000 7.900000 7.710000 7.860000 4.561000e+05
736351 8.010000 8.240000 7.980000 8.200000 7.352000e+05
736354 8.230000 8.340000 8.190000 8.260000 2.794000e+05
736355 8.460000 8.540000 8.450000 8.480000 3.401000e+05
736356 8.600000 8.630000 8.470000 8.490000 2.657000e+05
736357 8.580000 8.630000 8.500000 8.590000 2.222000e+05
736358 8.790000 8.880000 8.710000 8.860000 3.808000e+05
736361 8.810000 9.000000 8.750000 8.950000 2.697000e+05
736362 9.000000 9.040000 8.860000 8.990000 6.897000e+05
736363 9.050000 9.220000 9.020000 9.140000 4.324000e+05
736364 9.410000 9.470000 9.310000 9.420000 5.085000e+05
736365 9.390000 9.410000 9.260000 9.270000 1.548000e+05
736368 9.150000 9.160000 9.020000 9.130000 2.894000e+05
736369 8.850000 9.050000 8.850000 8.980000 1.790000e+05
736370 8.900000 9.070000 8.900000 9.010000 1.212000e+05
736371 8.990000 9.020000 8.860000 8.940000 4.408000e+05
736372 8.910000 9.020000 8.860000 9.000000 3.012000e+05
736376 9.010000 9.030000 8.910000 9.000000 1.886000e+05
736377 9.270000 9.370000 9.260000 9.270000 2.875000e+05
736378 9.400000 9.400000 9.290000 9.340000 1.513000e+05
736379 9.290000 9.340000 9.240000 9.310000 3.473000e+05
736382 9.340000 9.380000 9.310000 9.370000 3.142000e+05
736383 9.280000 9.300000 9.150000 9.180000 1.866000e+05
736384 9.010000 9.130000 8.950000 9.130000 4.758000e+05
736385 9.340000 9.390000 9.280000 9.360000 2.354000e+05
736386 9.250000 9.290000 8.920000 9.040000 2.795000e+05
736389 9.240000 9.390000 9.180000 9.330000 3.288000e+05
736390 9.340000 9.430000 9.280000 9.400000 2.793000e+05
736391 9.300000 9.450000 9.290000 9.430000 1.089000e+05
736392 9.480000 9.570000 9.460000 9.550000 1.752000e+05
736393 9.620000 9.790000 9.590000 9.710000 2.394000e+05
736396 9.820000 9.970000 9.800000 9.960000 4.183000e+05
736397 10.080000 10.120000 9.970000 10.030000 6.101000e+05
736398 10.080000 10.140000 10.040000 10.090000 2.444000e+05
736399 10.020000 10.030000 9.820000 9.990000 3.485000e+05
736400 10.110000 10.160000 10.060000 10.130000 1.135000e+05
736403 10.240000 10.390000 10.220000 10.350000 2.474000e+05
736404 10.170000 10.170000 10.070000 10.120000 1.714000e+05
736405 10.120000 10.400000 10.060000 10.360000 2.888000e+05
736406 10.530000 10.750000 10.480000 10.730000 3.233000e+05
736407 10.730000 10.810000 10.700000 10.780000 1.131400e+06
736410 10.720000 10.810000 10.660000 10.780000 1.322000e+05
736411 10.650000 10.840000 10.610000 10.780000 4.728000e+05
736412 10.500000 10.510000 10.390000 10.440000 3.800000e+05
736413 10.110000 10.380000 10.070000 10.370000 5.301000e+05
736417 10.400000 10.410000 10.300000 10.350000 2.143000e+05
736418 10.140000 10.300000 10.070000 10.290000 4.224000e+05
736419 10.300000 10.340000 10.230000 10.250000 2.658000e+05
736420 10.470000 10.530000 10.450000 10.510000 3.301000e+05
736421 10.300000 10.370000 10.220000 10.280000 2.621000e+05
736424 10.400000 10.440000 10.320000 10.340000 3.520000e+05
736425 10.180000 10.180000 10.020000 10.050000 2.980000e+05
736426 9.880000 9.960000 9.810000 9.870000 4.363000e+05
736427 9.810000 9.820000 9.660000 9.690000 1.344000e+05
736428 9.920000 9.960000 9.880000 9.940000 1.980000e+05
736431 10.120000 10.180000 10.080000 10.110000 2.083000e+05
736432 10.130000 10.230000 10.100000 10.170000 1.306000e+05
736433 10.250000 10.280000 10.190000 10.210000 1.778000e+05
736434 10.270000 10.320000 10.230000 10.280000 1.007000e+05
736435 10.170000 10.240000 10.150000 10.210000 1.123000e+05
736438 10.200000 10.330000 10.190000 10.260000 2.721000e+05
736439 10.360000 10.430000 10.320000 10.390000 2.719000e+05
736440 10.740000 10.740000 10.480000 10.520000 5.397000e+05
736441 10.430000 10.430000 10.230000 10.250000 1.817000e+05
736442 10.400000 10.550000 10.360000 10.430000 2.799000e+05
736445 10.580000 10.580000 10.450000 10.510000 2.899000e+05
736446 10.700000 10.700000 10.600000 10.660000 3.021000e+05
736447 10.730000 10.730000 10.570000 10.670000 2.068000e+05
736448 10.510000 10.630000 10.500000 10.530000 1.554000e+05
736449 10.690000 10.870000 10.620000 10.800000 2.688000e+05
736452 10.710000 10.720000 10.590000 10.590000 1.753000e+05
736453 10.410000 10.410000 10.310000 10.370000 1.680000e+05
736454 9.620000 9.680000 9.350000 9.360000 5.958000e+05
736455 9.440000 9.470000 9.290000 9.320000 3.523000e+05
736456 9.250000 9.270000 9.150000 9.200000 1.759000e+05
736459 9.300000 9.340000 9.280000 9.310000 1.812000e+05
736460 9.440000 9.480000 9.400000 9.470000 1.572000e+05
736461 9.240000 9.280000 9.220000 9.270000 2.474000e+05
736462 9.400000 9.400000 9.230000 9.240000 2.097000e+05
736463 9.180000 9.180000 9.070000 9.080000 1.519000e+05
736466 8.990000 9.100000 8.990000 9.070000 1.478000e+05
736467 9.070000 9.110000 9.030000 9.060000 1.919000e+05
736468 8.980000 9.030000 8.860000 8.930000 2.107000e+05
736469 8.840000 8.890000 8.770000 8.830000 2.953000e+05
736470 8.920000 9.010000 8.870000 8.880000 7.410000e+04
736473 8.950000 9.080000 8.910000 8.940000 1.985000e+05
736474 9.260000 9.310000 9.210000 9.270000 2.752000e+05
736475 9.320000 9.350000 9.240000 9.250000 1.251000e+05
736476 9.140000 9.140000 9.060000 9.130000 1.610000e+05
736477 9.050000 9.120000 9.050000 9.120000 2.486000e+05
736481 9.200000 9.230000 9.130000 9.200000 2.710000e+05
736482 9.130000 9.160000 9.070000 9.130000 3.229000e+05
736483 9.060000 9.060000 9.000000 9.050000 1.116000e+05
736484 9.280000 9.360000 9.270000 9.320000 1.981000e+05
736487 9.360000 9.410000 9.320000 9.360000 1.157000e+05
736488 9.190000 9.310000 9.190000 9.260000 2.452000e+05
736489 9.380000 9.520000 9.380000 9.470000 2.296000e+05
736490 9.290000 9.320000 9.230000 9.290000 2.497000e+05
736491 9.180000 9.190000 9.010000 9.040000 3.623000e+05
736494 9.030000 9.100000 9.020000 9.040000 5.460000e+05
736495 9.000000 9.000000 8.760000 8.820000 4.490000e+05
736496 8.800000 8.800000 8.600000 8.680000 5.132000e+05
736497 8.610000 8.610000 8.460000 8.600000 4.269000e+05
736498 8.590000 8.700000 8.570000 8.640000 1.477000e+06
736501 8.970000 9.110000 8.960000 9.040000 4.796000e+05
736502 9.010000 9.090000 8.940000 9.030000 3.595000e+05
736503 9.020000 9.050000 8.960000 8.990000 1.742000e+05
736504 9.100000 9.280000 9.100000 9.280000 2.734000e+05
736505 8.780000 8.890000 8.710000 8.750000 4.715000e+05
736508 8.760000 8.770000 8.630000 8.690000 2.081000e+05
736509 8.910000 8.980000 8.880000 8.910000 2.542000e+05
736510 9.200000 9.270000 9.140000 9.180000 1.547000e+05
736511 9.230000 9.260000 9.120000 9.150000 7.988000e+05
736512 9.170000 9.230000 9.150000 9.220000 3.175000e+05
736516 9.160000 9.330000 9.140000 9.140000 1.943000e+05
736517 9.070000 9.180000 8.960000 9.170000 4.523000e+05
736518 9.160000 9.190000 9.100000 9.140000 2.589000e+05
736519 8.880000 9.010000 8.840000 8.970000 3.369000e+05
736522 9.010000 9.120000 9.000000 9.100000 2.447000e+05
736523 9.150000 9.320000 9.150000 9.240000 1.324000e+05
736524 9.350000 9.400000 9.290000 9.330000 1.813000e+05
736525 9.730000 9.890000 9.710000 9.770000 3.878000e+05
736526 9.700000 9.760000 9.510000 9.580000 5.262000e+05
736529 9.160000 9.200000 8.960000 9.110000 8.115000e+05
736530 9.070000 9.160000 8.790000 8.810000 6.970000e+05
736531 8.740000 8.780000 8.560000 8.590000 5.636000e+05
736532 8.350000 8.490000 8.280000 8.420000 1.703000e+06
736533 8.560000 8.760000 8.470000 8.730000 9.892000e+05
736536 8.850000 8.910000 8.760000 8.830000 1.099800e+06
736537 8.850000 8.870000 8.730000 8.780000 5.286000e+05
736538 8.810000 8.870000 8.660000 8.810000 3.716000e+05
736539 8.810000 8.810000 8.630000 8.670000 2.264000e+05
736540 8.730000 8.730000 8.610000 8.630000 3.810000e+05
736543 8.720000 8.750000 8.640000 8.650000 4.367000e+05
736544 8.600000 8.600000 8.330000 8.470000 5.194000e+05
736545 8.310000 8.350000 8.250000 8.280000 2.730000e+05
736546 8.340000 8.380000 8.330000 8.360000 2.106000e+05
736547 8.330000 8.420000 8.330000 8.410000 1.726000e+05
736550 8.600000 8.660000 8.560000 8.610000 4.606000e+05
736551 8.640000 8.700000 8.610000 8.640000 1.792000e+05
736552 8.710000 8.790000 8.670000 8.740000 2.931000e+05
736553 8.840000 8.900000 8.810000 8.870000 2.105000e+05
736554 8.780000 8.810000 8.660000 8.690000 1.722000e+05
736557 8.650000 8.700000 8.610000 8.680000 1.352000e+05
736558 8.660000 8.660000 8.570000 8.580000 1.557000e+05
736559 8.650000 8.700000 8.610000 8.670000 1.350000e+05
736560 8.600000 8.620000 8.500000 8.570000 2.350000e+05
736561 8.510000 8.580000 8.490000 8.580000 1.448000e+05
736564 8.530000 8.530000 8.440000 8.450000 2.677000e+05
736565 8.500000 8.530000 8.340000 8.350000 2.156000e+05
736566 8.310000 8.400000 8.290000 8.360000 1.805000e+05
736567 8.400000 8.460000 8.400000 8.430000 1.593000e+05
736568 8.370000 8.490000 8.170000 8.260000 6.381000e+05
736571 8.310000 8.310000 8.230000 8.240000 2.027000e+05
736572 8.270000 8.280000 8.190000 8.230000 2.925000e+05
736573 8.370000 8.400000 8.230000 8.300000 2.251000e+05
736574 8.360000 8.390000 8.320000 8.390000 3.382000e+05
736575 8.450000 8.510000 8.410000 8.470000 1.383000e+05
736579 8.470000 8.510000 8.420000 8.470000 5.196000e+05
736580 8.490000 8.500000 8.400000 8.440000 2.016000e+05
736581 8.410000 8.430000 8.350000 8.370000 7.990000e+04
736582 8.230000 8.260000 8.170000 8.200000 1.854000e+05
736585 8.110000 8.250000 8.090000 8.250000 1.236000e+05
736586 8.150000 8.150000 7.930000 8.000000 2.784000e+05
736587 8.250000 8.250000 7.950000 7.990000 1.443000e+05
736588 7.980000 8.200000 7.980000 8.160000 3.606000e+05
736589 8.110000 8.140000 8.060000 8.110000 2.584000e+05
736592 8.240000 8.270000 8.180000 8.220000 2.446000e+05
736593 8.220000 8.230000 8.110000 8.140000 2.568000e+05
736594 8.250000 8.320000 8.190000 8.320000 1.167000e+05
736595 8.370000 8.470000 8.370000 8.430000 1.277000e+05
736596 8.400000 8.440000 8.370000 8.400000 2.370000e+05
736599 8.220000 8.260000 8.170000 8.240000 2.038000e+05
736600 8.210000 8.230000 8.160000 8.220000 1.454000e+05
736601 8.230000 8.290000 8.160000 8.270000 1.169000e+05
736602 8.190000 8.210000 8.090000 8.120000 1.705000e+05
736603 8.110000 8.120000 8.020000 8.060000 1.401000e+05
736606 8.040000 8.110000 7.990000 8.100000 1.469000e+05
736607 8.010000 8.030000 7.920000 7.960000 1.859000e+05
736608 7.980000 8.050000 7.940000 8.040000 1.721000e+05
736609 8.040000 8.120000 8.030000 8.090000 9.220000e+04
736610 8.200000 8.250000 8.090000 8.130000 5.586000e+05
736613 8.020000 8.040000 7.950000 7.990000 2.917000e+05
736614 8.100000 8.120000 8.010000 8.080000 2.986000e+05
736615 8.030000 8.060000 7.980000 8.040000 1.956000e+05
736616 7.990000 7.990000 7.860000 7.930000 1.739000e+05
736617 8.000000 8.000000 7.900000 7.960000 9.950000e+04
736620 7.870000 7.910000 7.830000 7.910000 1.689000e+05
736621 7.870000 7.930000 7.870000 7.920000 2.292000e+05
736622 8.030000 8.110000 8.020000 8.060000 4.573000e+05
736623 8.120000 8.180000 8.040000 8.080000 2.790000e+05
736624 7.970000 8.020000 7.930000 8.000000 2.496000e+05
736627 8.080000 8.110000 8.060000 8.080000 9.800000e+04
736628 8.170000 8.190000 8.120000 8.160000 1.961000e+05
736629 8.170000 8.290000 8.140000 8.220000 6.146000e+05
736630 8.110000 8.120000 8.040000 8.090000 2.294000e+05
736631 8.000000 8.110000 7.990000 8.010000 1.212000e+05
736634 7.960000 8.040000 7.960000 8.020000 1.253000e+05
736635 7.930000 7.930000 7.800000 7.830000 1.878000e+05
736636 7.780000 7.790000 7.520000 7.530000 2.404000e+05
736637 7.720000 7.830000 7.700000 7.710000 1.572000e+05
736638 7.660000 7.660000 7.570000 7.620000 2.747000e+05
736641 7.690000 7.720000 7.580000 7.580000 6.895000e+05
736642 7.590000 7.640000 7.550000 7.570000 8.634000e+05
736643 7.440000 7.580000 7.370000 7.540000 3.453000e+05
736644 7.450000 7.480000 7.310000 7.330000 4.766000e+05
736645 7.240000 7.270000 7.160000 7.220000 2.191000e+05
736648 7.180000 7.180000 7.060000 7.090000 2.228000e+05
736649 7.090000 7.230000 7.090000 7.170000 1.616000e+05
736650 7.040000 7.160000 7.020000 7.100000 4.315000e+05
736651 7.050000 7.100000 7.000000 7.040000 6.191000e+05
736652 7.160000 7.230000 7.150000 7.190000 2.213000e+05
736655 7.170000 7.230000 7.120000 7.140000 3.271000e+05
736656 7.130000 7.170000 7.030000 7.070000 3.085000e+05
736657 6.990000 7.060000 6.990000 7.050000 1.860000e+05
736659 7.110000 7.170000 7.100000 7.140000 1.109000e+05
736662 7.040000 7.130000 7.020000 7.090000 2.345000e+05
736663 6.850000 6.870000 6.770000 6.800000 2.860000e+05
736664 6.620000 6.720000 6.570000 6.600000 6.863000e+05
736665 6.390000 6.580000 6.350000 6.420000 6.999000e+05
736666 6.400000 6.470000 6.370000 6.440000 3.879000e+05
736669 6.420000 6.540000 6.400000 6.500000 6.001000e+05
736670 6.550000 6.680000 6.530000 6.630000 3.649000e+05
736671 6.740000 6.820000 6.720000 6.750000 5.349000e+05
736672 6.560000 6.770000 6.560000 6.700000 4.807000e+05
736673 6.620000 6.690000 6.560000 6.640000 4.094000e+05
736676 6.560000 6.660000 6.550000 6.610000 2.654000e+05
736677 6.570000 6.700000 6.570000 6.630000 4.858000e+05
736678 6.590000 6.590000 6.360000 6.370000 5.997000e+05
736679 6.540000 6.570000 6.370000 6.490000 7.865000e+05
736680 6.630000 6.650000 6.550000 6.570000 3.291000e+05
736683 6.690000 6.700000 6.540000 6.620000 6.244000e+05
736684 6.630000 6.650000 6.530000 6.580000 5.369000e+05
736685 6.620000 6.640000 6.560000 6.580000 3.448000e+05
736686 6.610000 6.780000 6.610000 6.730000 5.234000e+05
736687 6.690000 6.810000 6.670000 6.800000 2.759000e+05
736691 6.670000 6.780000 6.660000 6.760000 3.972000e+05
736692 6.710000 6.750000 6.690000 6.730000 2.160000e+05
736693 6.760000 6.890000 6.760000 6.860000 3.630000e+05
736694 6.890000 6.940000 6.840000 6.900000 3.776000e+05
736698 6.560000 6.740000 6.540000 6.670000 1.102400e+06
736699 6.680000 6.850000 6.670000 6.820000 6.479000e+05
736700 6.730000 6.870000 6.720000 6.820000 5.433000e+05
736701 6.830000 6.940000 6.820000 6.830000 4.709000e+05
736704 6.780000 6.990000 6.760000 6.900000 6.057000e+05
736705 6.820000 6.860000 6.810000 6.810000 2.727000e+05
736706 6.620000 6.740000 6.500000 6.680000 7.702000e+05
736707 6.890000 7.020000 6.870000 6.970000 6.961000e+05
736708 6.980000 7.120000 6.880000 7.050000 7.528000e+05
736712 6.970000 7.100000 6.890000 7.030000 7.355000e+05
736713 6.940000 7.000000 6.900000 6.940000 3.727000e+05
736714 6.950000 7.140000 6.900000 7.110000 1.005900e+06
736715 7.150000 7.210000 7.090000 7.160000 5.457000e+05
736718 7.190000 7.310000 7.190000 7.270000 4.216000e+05
736719 7.320000 7.410000 7.280000 7.370000 8.747000e+05
736720 7.190000 7.250000 7.160000 7.230000 4.348000e+05
736721 7.210000 7.280000 7.180000 7.220000 2.597000e+05
736722 7.210000 7.310000 7.190000 7.310000 3.203000e+05
736725 7.490000 7.550000 7.430000 7.510000 7.181000e+05
736726 7.520000 7.550000 7.410000 7.450000 6.062000e+05
736727 7.350000 7.400000 7.270000 7.360000 5.646000e+05
736728 7.480000 7.540000 7.440000 7.470000 4.194000e+05
736729 7.560000 7.560000 7.490000 7.500000 4.157000e+05
736732 7.490000 7.510000 7.440000 7.480000 3.244000e+05
736733 7.430000 7.470000 7.390000 7.440000 3.949000e+05
736734 7.440000 7.510000 7.410000 7.500000 2.319000e+05
736735 7.600000 7.720000 7.590000 7.710000 7.869000e+05
736736 7.520000 7.790000 7.450000 7.690000 9.454000e+05
736739 7.660000 7.720000 7.620000 7.670000 4.663000e+05
736740 7.660000 7.670000 7.510000 7.580000 6.835000e+05
736741 7.420000 7.670000 7.400000 7.550000 1.199900e+06
736742 7.700000 7.790000 7.670000 7.720000 2.571000e+06
736743 7.900000 8.190000 7.900000 8.170000 1.826900e+06
736747 8.140000 8.260000 8.110000 8.250000 6.612000e+05
736748 8.270000 8.320000 8.170000 8.320000 7.770000e+05
736749 8.400000 8.550000 8.400000 8.460000 6.979000e+05
736750 8.350000 8.390000 8.300000 8.320000 3.161000e+05
736753 8.320000 8.320000 8.200000 8.280000 4.609000e+05
736754 8.260000 8.290000 8.220000 8.250000 4.073000e+05
736755 8.300000 8.430000 8.300000 8.390000 2.699000e+05
736756 8.320000 8.370000 8.290000 8.360000 2.410000e+05
736757 8.330000 8.430000 8.310000 8.390000 3.558000e+05
736760 8.400000 8.460000 8.370000 8.410000 3.172000e+05
736761 8.390000 8.430000 8.340000 8.400000 2.808000e+05
736762 8.140000 8.280000 8.140000 8.210000 4.534000e+05
736763 8.160000 8.180000 8.060000 8.080000 5.867000e+05
736764 8.140000 8.210000 8.080000 8.180000 3.322000e+05
