736034 39.768051 39.834016 39.287440 39.475914 2.068598e+06
736035 39.739776 40.192117 39.654966 39.758624 9.049587e+05
736036 39.636118 39.720932 38.844527 39.353404 1.576304e+06
736039 39.532457 39.730354 39.249747 39.409948 7.519177e+05
736040 39.174356 39.174356 38.608935 38.731440 1.350417e+06
736041 38.524120 39.466491 38.477003 39.212051 1.448518e+06
736042 39.023575 39.315711 38.608933 38.740865 8.236321e+05
736043 39.023576 39.362829 38.853949 39.296864 1.448518e+06
736046 39.296865 39.532457 39.146085 39.183781 8.148681e+05
736047 39.108389 39.259169 38.872797 38.957610 1.016253e+06
736048 39.089541 39.400525 38.750287 38.778561 8.634001e+05
736049 38.712596 39.014155 38.608934 38.684322 1.104930e+06
736050 38.552391 38.806831 38.335645 38.448729 1.080617e+06
736053 38.665474 39.758624 38.665474 39.636118 1.017478e+06
736054 39.372252 39.749202 39.183781 39.711506 1.243270e+06
736055 39.636118 39.805746 39.362830 39.645541 9.692284e+05
736056 39.504183 40.380588 39.504183 39.890559 1.038493e+06
736060 39.702084 40.578489 39.598422 40.408862 1.176833e+06
736061 40.342896 40.361745 39.645541 39.711506 9.582027e+05
736062 39.607846 39.862286 39.240321 39.306287 8.869594e+05
736063 39.221473 39.315712 39.042424 39.164933 1.145546e+06
736064 39.268591 39.428796 39.155507 39.353404 6.751145e+05
736067 39.193203 39.579575 39.032998 39.212051 6.611674e+05
736068 39.155507 39.391099 38.995305 39.174355 1.051309e+06
736069 39.240321 39.890560 39.183782 39.626693 1.516746e+06
736070 39.617270 39.796320 39.296864 39.372252 8.683005e+05
736071 38.882219 38.929340 37.921004 38.052935 1.979827e+06
736074 38.203715 38.618357 38.203715 38.260254 6.949043e+05
736075 38.373341 38.458155 37.694833 37.770225 1.229323e+06
736076 37.798495 38.090627 37.647716 37.958696 9.709247e+05
736077 37.855034 38.250832 37.723103 38.043509 8.694313e+05
736078 38.071784 38.118902 37.675986 37.855035 6.816168e+05
736081 37.911578 38.373341 37.883308 38.203714 7.848064e+05
736082 38.034088 38.561813 37.883309 38.533543 7.015009e+05
736083 38.260254 38.853950 38.043510 38.561813 1.086082e+06
736084 37.129413 38.175441 36.743041 37.025751 2.243502e+06
736085 36.752463 37.694833 36.752463 37.091717 1.334868e+06
736088 37.167104 37.704255 36.978633 37.496936 8.293806e+05
736089 37.553476 37.968122 36.846698 36.997477 7.530485e+05
736090 37.129412 37.421544 37.129412 37.336731 7.394784e+05
736091 37.289613 37.610019 37.110564 37.138834 9.589565e+05
736092 37.525206 37.892730 37.487510 37.525206 4.383909e+05
736095 37.779647 38.166019 37.562902 38.052935 6.899097e+05
736096 37.996392 38.137748 37.751376 37.892730 5.641974e+05
736097 38.137749 38.316798 37.911579 38.156597 1.126604e+06
736098 38.412678 38.763608 38.308347 38.668763 8.866215e+05
736099 38.611853 38.754124 38.099683 38.517009 4.562098e+05
736102 38.393708 38.782576 38.213501 38.754124 6.616465e+05
736103 38.659276 38.782577 37.928965 38.460100 6.538691e+05
736104 38.564431 38.725671 38.403194 38.488556 5.678437e+05
736105 38.450617 38.754125 38.365255 38.526492 6.680961e+05
736106 38.526492 38.744637 38.365256 38.479070 4.200735e+05
736110 38.260924 38.498040 37.872055 38.099684 5.746726e+05
736111 38.241955 38.545461 37.976386 38.450617 8.479243e+05
736112 38.327316 38.403195 37.492670 37.872055 5.920295e+05
736113 37.748754 37.748754 37.056378 37.084830 1.054215e+06
736116 37.255554 37.407308 36.809779 37.274523 4.914926e+05
736117 37.217619 37.824633 36.980503 37.559061 5.698355e+05
736118 37.720301 37.976386 37.350402 37.568548 6.877292e+05
736119 37.359885 37.416794 36.819263 37.037408 4.493809e+05
736120 36.971017 37.094317 36.781323 37.084830 4.014836e+05
736123 37.056378 37.084829 36.885654 36.895141 4.145724e+05
736124 36.980503 37.170193 36.771840 36.819263 5.491590e+05
736125 37.122770 37.397825 36.885655 37.246071 4.475788e+05
736126 37.274523 37.397824 37.046894 37.179679 4.040445e+05
736127 37.027926 37.132257 36.771840 36.923594 3.647782e+05
736130 36.686478 36.790810 36.487302 36.658026 7.950950e+05
736131 36.591634 36.714931 36.259671 36.496786 5.696458e+05
736132 36.563177 36.743388 36.288123 36.544208 7.467235e+05
736133 36.620088 36.733902 36.335549 36.373485 5.155835e+05
736134 36.354518 36.449363 35.832862 35.832862 1.117098e+06
736137 36.212248 36.212248 35.899254 36.013072 4.327828e+05
736138 35.870801 35.975132 35.614715 35.747500 8.152972e+05
736139 35.738017 35.756987 35.538841 35.567294 4.020527e+05
736140 35.576777 35.643173 34.988732 35.074094 4.779296e+05
736141 35.121517 35.557812 35.064611 35.387088 8.134003e+05
736144 35.093064 35.093064 34.372235 34.429140 6.711311e+05
736145 34.988732 35.026671 34.476562 34.685225 7.103026e+05
736146 34.903370 35.045641 34.571411 34.761104 5.236454e+05
736147 34.808526 34.922341 34.201511 34.372235 3.653472e+05
736151 34.068723 34.192024 33.641918 33.812642 3.947495e+05
736152 33.812643 34.144602 33.490165 34.125633 6.838405e+05
736153 33.860065 33.964396 33.433256 33.537588 8.388191e+05
736154 33.954909 34.040271 32.949543 32.949543 9.949358e+05
736155 33.272019 33.319441 32.977994 33.034904 5.976254e+05
736158 33.262533 33.556557 33.120262 33.518618 6.617414e+05
736159 33.404803 33.708311 33.290985 33.537588 6.444794e+05
736160 33.300473 33.300473 32.636549 32.959026 1.093765e+06
736161 33.243563 33.357377 32.883146 33.034904 5.458394e+05
736162 32.959025 33.101296 32.532217 32.551187 4.341107e+05
736165 32.532218 32.636549 32.295102 32.370981 4.527954e+05
736166 32.304589 32.579639 31.972625 32.124379 5.575055e+05
736167 31.991595 32.048504 31.469942 31.507881 4.870348e+05
736168 31.413033 31.602726 30.929320 30.976742 6.451433e+05
736169 31.005195 31.005195 30.094673 30.236941 6.583269e+05
736172 29.829104 30.142097 29.743743 29.914466 5.874768e+05
736173 30.018796 30.331788 29.781681 30.331788 1.030313e+06
736174 30.331788 31.564787 30.312818 31.346641 1.388832e+06
736175 29.459203 31.820871 29.459203 31.763966 1.075650e+06
736176 31.669118 31.858811 31.308702 31.659635 1.002049e+06
736179 31.659635 31.716541 30.815506 30.938803 7.996476e+05
736180 30.948288 31.450972 30.824987 31.052620 8.042002e+05
736181 31.327671 31.650148 31.128495 31.251796 7.679690e+05
736182 31.251796 31.593242 31.147464 31.251796 5.967718e+05
736183 31.166435 31.564787 30.948289 31.024164 4.766966e+05
736186 31.346641 31.963143 31.185404 31.877781 6.940839e+05
736187 31.422519 31.545816 31.052620 31.090556 4.528902e+05
736188 30.787048 31.270765 30.530964 31.251796 5.592127e+05
736189 31.052621 31.232827 30.986225 31.081073 3.622173e+05
736190 31.109525 31.403550 31.043134 31.261279 3.317717e+05
736193 31.052621 31.526852 30.862928 31.498395 4.131497e+05
736194 31.460455 31.583756 31.156947 31.261279 5.792252e+05
736195 31.119012 31.365611 30.625812 31.090556 6.449536e+05
736196 30.947152 31.138362 30.574296 30.583856 7.960981e+05
736197 30.325723 30.440449 29.847701 29.847701 7.467662e+05
736200 28.375394 29.838141 27.170778 28.652646 1.198497e+06
736201 29.446162 29.522646 28.069460 28.107701 1.025262e+06
736202 28.662207 28.738690 28.021657 28.652646 8.895036e+05
736203 29.035066 29.532207 28.786494 29.407922 1.333204e+06
736204 29.331438 30.029351 29.331438 29.971988 5.734354e+05
736207 29.838140 30.497812 29.771217 30.354405 6.774530e+05
736208 29.685173 30.058032 28.996822 29.101988 7.008760e+05
736209 29.427043 29.513087 28.996822 29.350559 4.958045e+05
736210 29.312317 29.866823 29.226273 29.522646 5.219046e+05
736211 29.226273 29.455723 28.977701 28.987262 7.395958e+05
736215 29.455723 29.742538 29.302757 29.694734 4.113858e+05
736216 29.933744 30.086712 29.111548 29.168910 5.916002e+05
736217 29.140228 29.350559 28.872537 29.025504 4.484804e+05
736218 28.843855 29.092427 28.729129 29.054184 2.525869e+05
736221 28.910778 28.910778 27.878251 27.887811 1.000500e+06
736222 27.992977 28.557043 27.878251 28.442317 6.380639e+05
736223 28.595284 28.920339 28.451877 28.748251 7.688508e+05
736224 28.585723 28.786494 28.384955 28.576162 1.188745e+06
736225 28.203306 28.270229 27.629680 27.744405 1.551564e+06
736228 27.906932 28.270228 27.600998 27.639239 8.430398e+05
736229 27.285504 27.629679 27.017810 27.228140 7.394046e+05
736230 27.228141 27.390668 26.836163 26.864844 8.384508e+05
736231 26.587590 26.635394 26.023524 26.109568 1.570876e+06
736232 26.281657 26.348579 25.870557 25.908800 7.634014e+05
736235 25.717590 25.813195 25.153523 25.296930 2.178442e+06
736236 25.354293 25.794074 25.172645 25.736711 1.268480e+06
736237 25.918360 26.310337 25.765393 26.281656 1.078896e+06
736238 26.329459 26.587589 25.956601 26.252974 8.448563e+05
736239 25.899239 26.998690 25.660228 26.979568 1.041132e+06
736242 27.189900 28.375394 27.189900 28.222427 8.183739e+05
736243 28.298910 28.729129 28.279790 28.461438 7.596728e+05
736244 28.614405 29.360119 28.337151 28.528361 1.039411e+06
736245 28.480559 29.761657 28.480559 29.637372 1.021724e+06
736246 29.752098 30.096273 29.427043 29.627811 1.072873e+06
736249 29.685173 29.704295 28.996822 29.054184 5.259199e+05
736250 28.767372 29.283635 28.461438 28.566602 9.165596e+05
736251 28.528360 28.824734 28.212866 28.585723 7.325211e+05
736252 28.490118 28.996822 28.212866 28.996822 6.352914e+05
736253 28.203305 28.203305 26.979568 27.333305 1.708642e+06
736256 27.161217 27.495832 27.122976 27.428910 7.830002e+05
736257 27.304622 28.126821 27.122976 27.428910 1.067137e+06
736258 27.543634 27.792206 27.247261 27.314184 4.883474e+05
736259 27.524515 28.470999 27.400228 28.002537 4.753452e+05
736260 28.193746 28.595284 28.002538 28.413635 7.343376e+05
736263 28.384955 28.566602 28.098140 28.231988 6.118683e+05
736264 27.687040 27.964294 27.361987 27.514954 1.455195e+06
736265 27.849569 29.446163 27.849569 29.254955 1.830442e+06
736266 29.054184 29.742538 28.901218 29.694734 1.244387e+06
736267 29.819022 30.545615 29.627812 30.210999 1.497739e+06
736270 30.220559 31.004515 29.971987 30.861107 9.335772e+05
736271 30.727261 31.233964 30.717703 30.985394 7.469574e+05
736272 31.061880 31.444294 30.631659 30.832427 5.691331e+05
736273 30.832428 31.071439 30.450010 30.947152 4.713298e+05
736274 30.708141 30.956714 30.363966 30.841986 7.345288e+05
736277 30.822869 30.822869 29.905066 30.163196 4.851925e+05
736278 29.971987 30.507371 29.828581 30.497811 5.532628e+05
736279 30.545615 30.545615 30.010228 30.134515 3.349023e+05
736280 29.761656 29.895504 28.882096 28.910778 7.126354e+05
736281 28.786494 29.321878 28.671768 29.178471 8.154102e+05
736284 29.111549 29.876383 28.996823 29.828582 5.855771e+05
736285 29.905065 29.905065 29.264516 29.379240 6.136848e+05
736286 29.493965 29.971987 29.340999 29.905065 5.619628e+05
736287 29.866502 30.203922 29.702611 30.088234 4.797150e+05
736288 30.213562 30.849840 30.213562 30.608826 8.979232e+05
736291 30.676310 30.888404 30.367812 30.454577 4.897412e+05
736292 30.271405 31.061933 30.213562 31.004089 5.442105e+05
736293 30.965526 31.139056 30.743792 30.888403 6.051389e+05
736295 30.888403 31.110135 30.338888 31.004089 3.635461e+05
736298 31.119775 31.418634 30.994451 31.081216 5.012135e+05
736299 31.148699 31.322231 30.714873 30.926967 4.498292e+05
736300 30.734152 31.013728 30.165360 30.329248 6.405198e+05
736301 30.502779 30.502779 29.895424 30.203922 9.190360e+05
736302 30.097875 30.454577 29.905064 30.203922 5.292676e+05
736305 30.030391 30.030391 29.519442 29.770095 6.548843e+05
736306 29.297707 29.394113 28.555384 28.584305 6.145867e+05
736307 28.497539 29.201303 28.391495 28.632509 5.365944e+05
736308 28.603586 28.892803 28.352931 28.430056 7.037620e+05
736309 28.005869 28.121557 27.726293 27.755216 4.502148e+05
736312 27.735934 27.851620 27.157500 27.465998 9.618402e+05
736313 27.552763 27.552763 26.752596 26.945408 9.659856e+05
736314 27.128577 27.543123 26.752596 27.022533 8.575292e+05
736315 27.090016 27.109298 26.270567 26.280208 8.953202e+05
736316 26.212724 26.424816 25.971710 26.106677 9.985708e+05
736319 26.270567 26.501941 26.087395 26.386255 5.523085e+05
736320 26.463379 27.186422 26.434456 26.897204 7.813686e+05
736321 27.080376 27.851621 27.080376 27.803419 9.231815e+05
736322 27.735934 28.140839 27.735934 27.938386 2.392791e+05
736326 27.774496 27.899825 27.273188 27.427437 4.692068e+05
736327 27.629888 27.813059 27.253905 27.581686 4.758588e+05
736328 27.475639 27.861262 27.446716 27.629888 4.412491e+05
736329 27.523841 27.909466 27.388874 27.562404 6.319397e+05
736333 26.935768 27.340672 26.742955 27.311749 6.664530e+05
736334 27.311748 27.408154 26.521221 26.820079 5.349555e+05
736335 26.135600 26.646548 26.087395 26.473018 9.001405e+05
736336 26.116317 26.318769 25.653571 25.740336 1.510003e+06
736337 25.913865 26.116318 24.766638 24.814840 1.274002e+06
736340 24.978730 25.065495 24.159280 24.409936 1.001367e+06
736341 24.679872 24.805199 23.870063 24.583466 8.827874e+05
736342 24.737715 24.882323 23.870063 23.898986 8.286074e+05
736343 24.091797 24.149639 23.310910 23.898986 9.411129e+05
736344 23.214505 23.764017 22.848164 23.638690 6.229740e+05
736348 23.494082 23.812221 22.385414 22.655351 9.561522e+05
736349 21.874466 22.771039 21.421357 22.568586 1.502869e+06
736350 22.607150 23.147021 22.308290 22.703554 6.839024e+05
736351 23.156661 23.918266 23.002413 23.388035 7.613162e+05
736354 23.233786 23.455519 22.722835 22.799960 5.234832e+05
736355 22.973490 24.197843 22.742116 24.111078 1.230619e+06
736356 23.995390 24.737715 23.927907 24.246046 7.389501e+05
736357 24.535264 24.930528 24.082156 24.496701 8.538657e+05
736358 24.573826 25.605367 24.573826 25.595726 1.059210e+06
736361 25.142619 25.364351 24.660590 25.210103 8.071089e+05
736362 24.737716 24.805200 24.217126 24.593107 1.415140e+06
736363 25.470400 27.051453 24.660592 27.012892 1.712745e+06
736364 26.926126 29.047052 26.685112 28.266166 2.027413e+06
736365 28.227605 29.172381 27.996231 28.458978 1.401836e+06
736368 28.092635 28.603586 27.523841 28.044433 1.082155e+06
736369 27.475639 28.622869 27.475639 27.957668 1.136527e+06
736370 27.957667 28.150480 26.926126 27.196061 1.114354e+06
736371 26.752596 27.552764 26.636908 27.090016 9.305083e+05
736372 27.379233 28.941006 27.302109 28.815678 1.140384e+06
736376 29.355551 29.664049 28.632508 29.268786 1.018527e+06
736377 29.635128 30.502778 29.461596 29.606205 1.414272e+06
736378 29.182021 29.721893 28.410774 29.702611 1.453510e+06
736379 29.391489 29.556773 28.749795 29.303984 9.592340e+05
736382 29.741502 30.285969 29.576217 29.838729 6.745555e+05
736383 29.624830 30.062349 28.817853 28.837299 5.844269e+05
736384 28.253941 29.352599 27.845590 29.245649 6.925424e+05
736385 29.294261 29.469269 28.419226 28.944248 9.706094e+05
736386 29.274817 29.294260 28.798409 28.992860 5.995941e+05
736389 29.167868 29.333152 28.983137 29.002583 6.002747e+05
736390 29.362322 30.227634 28.992861 30.033181 1.015820e+06
736391 29.955400 30.324861 29.333153 29.974846 1.590427e+06
736392 30.004015 30.276246 29.731780 30.023458 8.660912e+05
736393 30.227634 31.316567 30.023458 30.723488 2.266732e+06
736396 30.723487 31.413795 30.723487 31.170729 9.634147e+05
736397 30.752654 30.869326 29.731780 29.799838 7.827683e+05
736398 29.926234 30.091518 29.420656 29.605387 7.333774e+05
736399 29.663721 29.809561 29.041475 29.595664 6.730972e+05
736400 29.838730 30.499868 29.819284 30.451254 4.426710e+05
736403 30.256802 30.635984 30.110961 30.344304 7.269605e+05
736404 29.916510 29.935956 29.303984 29.653999 7.115015e+05
736405 29.585941 30.548480 29.585941 30.509589 5.461197e+05
736406 30.548481 32.308275 30.480422 32.084655 1.249260e+06
736407 32.162438 32.590231 31.938813 32.512449 1.739086e+06
736410 32.463836 32.638844 32.181879 32.308275 9.651647e+05
736411 32.065209 32.687456 31.861034 32.473561 9.677898e+05
736412 32.473562 32.541619 31.617969 31.695748 6.790280e+05
736413 31.345738 31.870756 30.840158 31.851310 8.060054e+05
736417 31.073502 31.462409 30.937386 31.374904 1.332097e+06
736418 31.180451 32.084655 31.092948 31.958260 7.399888e+05
736419 32.249937 32.551341 32.152713 32.386057 6.686248e+05
736420 32.454115 32.706901 32.269383 32.561065 1.102156e+06
736421 32.084655 32.813852 31.802698 32.736069 1.118977e+06
736424 32.697181 32.901355 32.142991 32.609677 8.444098e+05
736425 32.327721 32.629123 32.172159 32.366612 7.200574e+05
736426 32.327721 32.483283 31.297122 32.424945 1.021459e+06
736427 32.230496 32.279108 31.452682 31.686027 7.055707e+05
736428 32.220771 33.018026 31.890202 32.220771 5.159796e+05
736431 32.531895 32.979135 32.493004 32.590232 4.808809e+05
736432 32.843019 33.144421 32.434671 32.949968 5.676067e+05
736433 33.329150 33.825006 32.998581 33.795835 7.821850e+05
736434 34.029179 34.029179 33.523603 33.669443 5.732458e+05
736435 33.591660 34.097237 33.523603 33.980567 5.499115e+05
736438 33.679164 34.155574 33.562493 33.727777 8.882588e+05
736439 34.077791 34.651425 33.825004 34.505589 5.554534e+05
736440 34.554202 34.748655 34.223633 34.476419 4.061139e+05
736441 34.437528 35.050054 34.379195 34.719485 9.526226e+05
736442 34.797267 35.633414 34.709764 35.575076 8.472293e+05
736445 35.380623 35.468127 34.806988 34.933383 7.944355e+05
736446 35.059779 35.847309 34.690318 35.487573 1.445948e+06
736447 35.555631 35.555631 33.708331 34.806988 1.424461e+06
736448 34.680592 36.041761 34.505589 34.943104 1.045765e+06
736449 35.020886 35.438960 34.437527 34.641705 9.462056e+05
736452 34.670873 34.855601 34.029180 34.816713 6.132058e+05
736453 34.379194 34.379194 33.387486 33.465265 1.315860e+06
736454 33.319428 33.533328 32.386057 32.580507 1.115282e+06
736455 32.872189 33.056917 32.337441 32.502728 1.162534e+06
736456 32.415224 32.755515 32.269384 32.658290 1.075711e+06
736459 32.424944 32.629122 31.608244 31.676306 1.219314e+06
736460 31.812422 32.833297 31.637415 32.774960 6.580271e+05
736461 32.784684 33.193032 32.609677 32.813851 4.271148e+05
736462 33.105529 33.270816 32.230496 32.541619 7.906437e+05
736463 32.512449 32.784684 31.822143 31.987430 5.123822e+05
736466 32.269384 32.745793 32.113822 32.493003 4.651303e+05
736467 32.415224 33.261091 32.259662 32.619398 7.603091e+05
736468 32.462623 32.864364 32.100073 32.237257 4.426009e+05
736469 31.884508 32.070680 31.316190 31.737528 4.845387e+05
736470 31.992292 32.178463 31.825715 31.913902 4.145770e+05
736473 31.766923 32.070680 31.610146 32.021687 4.581806e+05
736474 32.188260 32.687990 31.943296 32.550810 5.000204e+05
736475 32.795774 33.471874 32.580205 33.354292 4.964929e+05
736476 33.540464 33.736435 32.893759 33.001543 5.114847e+05
736477 32.913355 33.217113 32.590001 32.766376 5.680224e+05
736481 32.844766 33.295500 32.472420 32.580205 9.471286e+05
736482 32.296045 32.746778 31.943296 32.590001 7.629157e+05
736483 32.423427 33.158319 32.423427 33.119124 6.223064e+05
736484 33.275901 33.275901 32.638997 32.883961 6.420995e+05
736487 33.109328 33.383686 32.815372 33.256304 6.898185e+05
736488 33.266105 33.677643 33.187715 33.579658 3.689157e+05
736489 33.805025 33.873615 33.560061 33.687443 7.259752e+05
736490 33.275902 33.452276 33.060336 33.403284 2.428083e+05
736491 32.932953 32.952551 32.403830 32.766376 8.602154e+05
736494 32.697786 32.825168 32.227455 32.247053 4.391714e+05
736495 32.060882 32.462623 31.678739 31.864910 8.616852e+05
736496 32.109873 32.305846 31.757125 31.786520 4.067381e+05
736497 31.570954 31.962894 31.159413 31.835516 5.571460e+05
736498 31.943296 32.403830 31.757126 32.256850 8.753052e+05
736501 32.805571 33.040737 32.590000 32.687989 3.984094e+05
736502 32.668391 32.746777 31.874707 32.002089 7.323442e+05
736503 32.188260 32.237257 31.835516 31.972695 4.745442e+05
736504 32.501814 32.795774 32.501814 32.785973 4.527914e+05
736505 31.267197 31.365181 29.807212 29.826810 1.158777e+06
736508 29.376076 29.395673 28.141457 28.386421 9.835792e+05
736509 28.846955 29.121313 28.582393 28.984134 1.325255e+06
736510 29.395674 29.581847 28.905746 29.121313 8.921587e+05
736511 29.336883 30.061975 29.160508 30.042378 7.875101e+05
736512 29.973788 30.551903 29.895399 30.277543 5.031559e+05
736516 29.954192 30.140364 29.150710 29.415271 6.327909e+05
736517 29.248695 29.611240 28.719571 29.503458 1.155936e+06
736518 29.552450 30.012981 29.052723 29.395673 7.886859e+05
736519 29.885601 30.365730 29.826811 30.081573 1.086660e+06
736522 30.865456 30.983040 30.395126 30.649889 6.865849e+05
736523 31.120219 31.247599 30.718478 31.179010 7.234275e+05
736524 31.414177 31.414177 30.620492 30.894853 5.952624e+05
736525 31.218207 31.384780 30.865458 30.885055 5.569500e+05
736526 30.924247 31.139817 30.718478 31.090823 6.447451e+05
736529 30.728278 31.169211 30.728278 31.061429 3.233524e+05
736530 30.826261 31.061428 30.787068 30.894853 4.305486e+05
736531 30.816466 31.198608 30.747874 30.963443 4.348600e+05
736532 30.747874 30.767472 29.993387 30.257946 9.716250e+05
736533 29.895400 30.532307 29.856205 30.434320 5.502870e+05
736536 30.414724 30.561702 30.218752 30.502909 4.674892e+05
736537 30.571501 31.384779 30.414724 31.345586 5.197155e+05
736538 31.433776 32.188261 31.374982 31.757126 1.235598e+06
736539 30.904653 32.913356 30.904653 32.678189 1.360040e+06
736540 32.609599 32.942750 32.070679 32.776176 9.096981e+05
736543 32.687989 33.128924 32.492017 32.932953 1.027281e+06
736544 32.893759 33.089730 32.492018 32.668392 8.590396e+05
736545 32.609599 32.913355 32.472419 32.746778 8.217071e+05
736546 32.678188 33.011339 32.658594 32.687989 6.523880e+05
736547 32.893758 33.432678 32.844766 33.324893 4.727804e+05
736550 33.442478 33.677642 33.344491 33.471873 5.072713e+05
736551 33.364089 33.520865 33.109328 33.197515 3.398140e+05
736552 33.324893 33.383686 32.991742 33.050535 3.128679e+05
736553 33.238153 33.633141 33.238153 33.455397 3.934070e+05
736554 33.317153 33.465270 33.011036 33.099908 2.971289e+05
736557 33.238153 33.415897 33.109781 33.297402 4.115764e+05
736558 33.277653 33.346775 33.001159 33.119658 2.487430e+05
736559 33.080158 33.248026 32.912291 33.208530 3.208282e+05
736560 33.169030 33.297402 33.080158 33.178903 3.245805e+05
736561 32.941914 33.386274 32.744419 33.297402 2.780708e+05
736564 32.823419 33.238153 32.813542 33.218403 2.635551e+05
736565 33.396148 33.949130 33.396148 33.870131 4.850440e+05
736566 33.741759 33.978753 33.583764 33.643014 4.669733e+05
736567 33.396147 33.949130 33.386274 33.771386 4.496927e+05
736568 33.889880 34.186120 33.583764 33.722013 3.332702e+05
736571 33.781260 34.067626 33.771387 33.949131 3.464036e+05
736572 33.840509 34.136749 33.820759 33.949131 3.230006e+05
736573 33.820759 34.038002 33.198653 33.445520 5.410334e+05
736574 33.494892 33.564019 32.853040 33.277652 5.526855e+05
736575 33.652891 33.712136 33.376397 33.524519 2.634563e+05
736579 33.583765 33.722014 33.001159 33.090031 3.650667e+05
736580 32.951786 33.386274 32.951786 33.386274 2.965365e+05
736581 33.317153 33.455397 33.149282 33.257903 2.506192e+05
736582 33.060409 33.070286 32.329685 32.339558 1.080487e+06
736585 31.924823 33.080158 31.924823 32.951786 4.824766e+05
736586 32.388930 32.665424 31.648330 31.944569 6.076874e+05
736587 32.013691 32.151940 31.312590 31.470587 5.759897e+05
736588 31.519960 32.181563 31.361965 32.122314 6.520247e+05
736589 31.796452 31.964319 31.460713 31.766825 6.884623e+05
736592 32.201312 32.428429 31.865573 32.033441 6.819450e+05
736593 32.191436 32.230935 31.816201 31.816201 3.520321e+05
736594 32.003819 32.537052 31.885324 32.517302 3.588457e+05
736595 32.922164 33.257903 32.833292 33.248026 5.422184e+05
736596 33.070285 33.218403 32.606174 32.843164 4.064416e+05
736599 32.744419 33.336897 32.546925 33.198653 6.577520e+05
736600 32.872791 33.465269 32.872791 33.386274 5.469582e+05
736601 33.613391 34.274992 33.435647 34.255243 3.619068e+05
736602 34.067626 34.511987 34.028126 34.126875 5.553517e+05
736603 34.215748 34.837849 34.166371 34.699604 6.249681e+05
736606 34.511987 34.827975 34.353992 34.442864 5.013372e+05
736607 34.561360 34.788477 34.047877 34.126875 4.416942e+05
736608 34.314493 34.995844 34.314493 34.966221 4.097002e+05
736609 34.827976 35.420455 34.669982 35.420455 4.794154e+05
736610 35.380959 35.380959 34.176248 34.511987 6.182533e+05
736613 34.630482 34.966221 34.353992 34.452737 4.334982e+05
736614 34.255244 34.403365 33.909631 34.057753 3.682266e+05
736615 34.107126 34.442864 33.781259 34.274993 3.782000e+05
736616 33.781260 33.988627 33.593642 33.830632 3.228031e+05
736617 34.235493 34.324365 33.702263 33.988626 3.787925e+05
736620 33.949131 34.344116 33.939254 34.087375 2.859706e+05
736621 34.660103 34.669981 33.909630 34.215747 3.443299e+05
736622 34.294743 34.314493 33.712137 34.156498 7.340833e+05
736623 33.939254 34.255243 33.692387 33.781259 3.502547e+05
736624 33.494893 34.215748 33.050535 34.028126 5.414284e+05
736627 34.511986 34.669981 33.761509 33.968880 4.183899e+05
736628 33.889882 34.284870 33.731887 34.156498 5.853707e+05
736629 33.919504 34.887226 33.919504 34.511987 9.851962e+05
736630 34.304620 34.304620 32.418557 32.783919 1.274722e+06
736631 32.458053 33.060409 32.458053 32.566675 8.540606e+05
736634 32.734547 33.030786 32.566675 32.635797 6.595295e+05
736635 32.981414 32.981414 32.043319 32.191436 4.982761e+05
736636 32.142064 32.240813 31.549585 31.648330 5.306650e+05
736637 31.648329 31.747079 31.203970 31.598957 5.879381e+05
736638 31.500211 32.339558 31.500211 31.895197 4.274747e+05
736641 34.314492 34.808226 33.080158 33.327025 1.054714e+06
736642 33.376397 34.067625 33.178902 33.524519 8.954354e+05
736643 33.623264 36.516545 33.623264 36.289427 9.938859e+05
736644 36.486922 38.511229 36.486922 37.968123 1.348091e+06
736645 37.671883 38.264362 37.425016 37.918750 7.007069e+05
736648 38.363107 38.659351 37.918750 38.659351 9.099512e+05
736649 38.461856 39.251829 38.126117 39.153084 4.569012e+05
736650 38.758095 38.906218 37.671883 38.165617 5.996890e+05
736651 37.671884 38.214990 37.326267 38.116240 6.344478e+05
736652 37.977061 38.374723 37.678813 38.026768 6.946223e+05
736655 38.374724 39.249590 38.305134 38.374724 1.113961e+06
736656 38.772391 39.468306 38.325016 39.418599 9.028002e+05
736657 39.418599 39.667140 39.170058 39.319180 7.215641e+05
736659 39.368888 39.518015 39.120347 39.368888 2.002246e+05
736662 39.319179 39.468306 38.822097 38.971224 3.973673e+05
736663 38.772390 39.020931 38.374723 38.424435 2.085756e+05
736664 39.120346 39.219766 38.474143 38.822098 8.401679e+05
736665 39.170059 39.766555 38.802216 38.871806 1.232962e+06
736666 38.871805 39.349007 38.623264 39.219765 6.344754e+05
736669 39.518013 39.915681 38.822098 38.921517 6.014691e+05
736670 38.772392 39.120347 38.523851 38.871806 1.327905e+06
736671 38.971224 39.865969 38.772390 39.716847 5.577259e+05
736672 39.368887 40.114510 38.871805 39.965388 6.280133e+05
736673 39.816262 40.064803 38.871805 39.070639 6.814993e+05
736676 39.020933 39.667141 38.672977 39.617429 7.020785e+05
736677 39.816262 40.263636 39.269473 39.915681 8.254543e+05
736678 39.816262 40.313343 39.120346 39.170058 5.455971e+05
736679 39.070639 39.846090 38.971225 39.269473 2.838338e+05
736680 39.170058 39.567721 39.020931 39.418599 9.182097e+05
736683 39.368888 39.965389 39.368888 39.865970 4.407129e+05
736684 40.263636 40.810425 40.164222 40.711011 6.306976e+05
736685 40.760719 40.909846 40.213930 40.512178 1.278892e+06
736686 40.412763 40.462471 40.064803 40.313344 4.740173e+05
736687 40.363051 40.561885 40.114510 40.412763 2.432719e+05
736691 40.561885 40.909845 40.243753 40.412763 4.370344e+05
736692 40.561884 40.810425 39.518013 39.716847 4.729237e+05
736693 39.816261 40.015095 39.567720 39.716847 3.412965e+05
736694 39.766554 39.766554 39.170058 39.468306 4.104903e+05
736698 40.015095 40.909845 39.816262 40.711011 1.047650e+06
736699 40.810425 41.506341 40.661304 41.208093 1.296390e+06
736700 41.307508 41.904010 40.711012 41.257801 7.154997e+05
736701 41.257800 42.102838 41.058967 41.904009 1.538469e+06
736704 41.655469 41.854298 40.959553 41.357216 8.002025e+05
736705 41.556049 42.202257 40.959553 42.102838 1.353355e+06
736706 42.848461 43.176537 42.599920 43.097002 1.153727e+06
736707 43.097002 43.097002 42.102838 42.599920 8.176998e+05
736708 42.848461 44.289999 42.798754 43.942044 8.278403e+05
736712 43.594084 43.942045 43.295836 43.544377 1.100738e+06
736713 43.544377 43.792918 43.395255 43.594084 1.007088e+06
736714 43.991751 44.041459 42.947880 43.097002 6.864702e+05
736715 43.196421 43.395255 42.480622 42.699339 6.292063e+05
736718 42.500506 42.699340 41.784707 42.301672 5.918258e+05
736719 42.749046 44.120993 42.351378 43.892336 8.856012e+05
736720 44.140878 44.488833 43.792917 44.439126 8.957416e+05
736721 44.190585 44.488833 43.594084 43.693503 6.837859e+05
736722 44.389418 45.333870 44.389418 45.135041 2.017556e+06
736725 44.836788 44.886501 44.289999 44.488833 1.178084e+06
736726 44.339706 44.339706 43.256067 44.140877 7.327982e+05
736727 44.389419 44.637960 43.842624 44.488833 5.749250e+05
736728 44.339707 44.588248 43.643796 43.942044 5.323748e+05
736729 44.041459 44.538541 43.842625 44.339707 7.854889e+05
736732 44.339706 44.637960 44.210468 44.488833 1.217851e+06
736733 44.787081 44.936208 43.942044 44.240292 6.868678e+05
736734 44.140878 44.140878 43.047294 43.743210 1.212880e+06
736735 44.190586 44.836789 42.301672 44.041459 1.458637e+06
736736 44.737373 45.582411 44.289999 44.886500 1.292612e+06
736739 45.085330 46.178913 44.985916 45.284164 1.546720e+06
736740 45.035623 45.184749 44.488834 45.085330 5.574277e+05
736741 44.985915 45.234456 44.488833 44.687667 1.087914e+06
736742 44.588248 44.787082 43.842625 44.290000 7.475118e+05
736743 44.000000 44.599998 43.700001 44.500000 5.561000e+05
736747 44.549999 44.950001 44.299999 44.750000 6.713000e+05
736748 44.349998 44.450001 44.029999 44.150002 8.520000e+05
736749 44.349998 44.450001 42.849998 43.049999 9.440000e+05
736750 42.500000 43.150002 42.150002 43.049999 7.362000e+05
736753 43.150002 44.680000 43.000000 44.599998 1.005400e+06
736754 44.400002 44.549999 44.049999 44.200001 8.173000e+05
736755 45.150002 46.049999 45.099998 45.500000 1.318300e+06
736756 45.549999 45.750000 44.349998 44.450001 6.566000e+05
736757 44.750000 45.330002 44.549999 45.000000 9.406000e+05
736760 44.400002 45.599998 44.250000 45.549999 1.312100e+06
736761 45.299999 45.500000 44.500000 44.750000 7.842000e+05
736762 44.849998 45.200001 44.299999 44.400002 6.121000e+05
736763 44.150002 44.349998 42.880001 43.349998 4.674000e+05
736764 43.750000 44.680000 43.450001 44.549999 8.087000e+05
