736034 29.900000 29.990000 29.040001 29.200001 7.461000e+05
736035 28.559999 29.530001 28.510000 29.240000 8.947000e+05
736036 29.500000 29.680000 28.930000 29.530001 4.710000e+05
736039 28.700001 29.129999 28.530001 28.700001 5.440000e+05
736040 28.250000 28.440001 27.900000 27.980000 4.526000e+05
736041 27.379999 28.200001 26.320000 26.340000 9.312000e+05
736042 26.480000 27.040001 26.260000 26.690001 7.084000e+05
736043 26.510000 26.530001 26.200001 26.260000 4.499000e+05
736046 26.180000 26.610001 26.170000 26.389999 2.816000e+05
736047 26.120001 26.309999 25.629999 25.629999 4.031000e+05
736048 25.530001 26.299999 25.530001 26.280001 3.601000e+05
736049 26.580000 27.670000 26.530001 27.459999 7.365000e+05
736050 27.180000 27.180000 26.459999 26.520000 3.644000e+05
736053 26.590000 27.040001 26.510000 26.870001 3.689000e+05
736054 26.980000 27.160000 26.530001 26.700001 3.638000e+05
736055 26.160000 26.160000 25.440001 25.639999 6.989000e+05
736056 25.770000 26.500000 25.740000 26.410000 4.090000e+05
736060 26.040001 27.049999 25.980000 26.850000 4.109000e+05
736061 26.770000 26.959999 26.139999 26.219999 3.993000e+05
736062 26.209999 26.840000 26.059999 26.209999 4.135000e+05
736063 26.299999 27.350000 26.299999 27.180000 4.361000e+05
736064 26.639999 27.120001 26.559999 27.080000 3.549000e+05
736067 27.150000 27.209999 26.840000 26.959999 3.832000e+05
736068 26.000000 26.530001 25.670000 26.389999 5.521000e+05
736069 26.200001 26.620001 26.059999 26.440001 3.726000e+05
736070 26.370001 27.170000 26.299999 26.830000 4.912000e+05
736071 26.969999 26.980000 25.770000 25.940001 4.682000e+05
736074 26.190001 26.790001 26.190001 26.570000 2.597000e+05
736075 26.629999 27.020000 26.520000 26.930000 3.061000e+05
736076 27.070000 28.280001 27.059999 28.190001 7.536000e+05
736077 28.139999 28.230000 27.440001 27.830000 1.733500e+06
736078 27.580000 27.610001 27.070000 27.290001 3.578000e+05
736081 27.320000 27.719999 27.020000 27.280001 3.262000e+05
736082 27.840000 28.420000 27.500000 28.410000 4.988000e+05
736083 29.340000 29.719999 28.959999 29.420000 9.107000e+05
736084 29.900000 30.280001 29.170000 29.240000 9.746000e+05
736085 29.900000 30.670000 29.719999 30.459999 5.622000e+05
736088 30.250000 31.400000 30.090000 31.299999 7.439000e+05
736089 31.340000 32.200001 31.209999 31.440001 1.410700e+06
736090 31.940001 33.200001 31.920000 33.029999 1.846200e+06
736091 32.340000 32.410000 31.410000 31.730000 1.462400e+06
736092 30.799999 31.629999 30.670000 31.440001 7.261000e+05
736095 32.119999 33.790001 32.119999 33.750000 1.062500e+06
736096 34.040001 34.340000 32.820000 33.500000 1.022500e+06
736097 32.810001 34.490002 32.750000 34.310001 1.523900e+06
736098 34.270000 34.430000 33.500000 34.040001 8.324000e+05
736099 32.990002 33.090000 31.670000 32.000000 1.618800e+06
736102 32.959999 33.599998 32.860001 33.509998 9.366000e+05
736103 34.669998 34.730000 33.310001 34.419998 1.030600e+06
736104 34.200001 34.720001 33.599998 34.250000 6.331000e+05
736105 33.500000 33.599998 32.610001 32.840000 6.155000e+05
736106 32.570000 33.270000 32.500000 32.799999 5.624000e+05
736110 32.439999 32.529999 31.010000 31.100000 1.501500e+06
736111 31.299999 31.750000 30.780001 30.870001 6.470000e+05
736112 31.080000 31.250000 30.639999 31.090000 3.899000e+05
736113 30.510000 31.020000 30.240000 30.860001 8.020000e+05
736116 31.120001 32.169998 30.930000 31.840000 7.621000e+05
736117 32.599998 33.439999 32.560001 33.200001 6.174000e+05
736118 34.040001 35.060001 33.889999 34.869999 9.652000e+05
736119 34.180000 34.209999 33.220001 33.459999 8.507000e+05
736120 34.480000 34.810001 33.840000 34.639999 9.455000e+05
736123 34.340000 34.840000 34.160000 34.759998 6.538000e+05
736124 35.080002 35.930000 35.029999 35.560001 1.503900e+06
736125 36.169998 36.740002 35.959999 36.509998 1.270200e+06
736126 35.520000 35.810001 34.169998 34.240002 1.439800e+06
736127 34.450001 34.540001 33.209999 34.189999 6.808000e+05
736130 33.299999 34.360001 33.240002 34.040001 4.371000e+05
736131 33.619999 34.180000 33.220001 33.240002 5.896000e+05
736132 33.700001 34.720001 33.590000 33.959999 1.043000e+06
736133 34.619999 35.169998 34.349998 34.490002 7.827000e+05
736134 33.660000 33.660000 33.040001 33.150002 9.004000e+05
736137 34.169998 35.200001 33.919998 35.130001 9.264000e+05
736138 35.980000 36.009998 34.869999 35.790001 1.301000e+06
736139 35.259998 35.580002 34.660000 34.910000 6.202000e+05
736140 35.189999 35.529999 34.750000 35.240002 4.999000e+05
736141 35.950001 36.700001 35.820000 36.389999 1.014900e+06
736144 34.750000 35.209999 33.160000 33.599998 1.735200e+06
736145 34.250000 34.310001 33.150002 34.130001 1.315700e+06
736146 35.349998 35.759998 34.930000 35.560001 1.454800e+06
736147 34.860001 35.310001 34.610001 35.130001 7.193000e+05
736151 33.340000 34.230000 32.799999 33.250000 1.623300e+06
736152 32.020000 32.570000 31.270000 32.330002 1.826200e+06
736153 31.740000 32.110001 31.240000 31.459999 1.150600e+06
736154 32.700001 33.380001 32.369999 33.310001 1.010900e+06
736155 34.930000 35.160000 34.340000 34.900002 1.782100e+06
736158 35.450001 35.500000 34.529999 35.189999 2.171300e+06
736159 34.889999 35.230000 34.689999 34.869999 4.035000e+05
736160 34.799999 34.889999 33.540001 33.770000 6.386000e+05
736161 34.020000 34.130001 33.020000 33.060001 8.083000e+05
736162 32.840000 32.849998 32.410000 32.570000 9.041000e+05
736165 32.869999 33.209999 32.630001 32.950001 1.210600e+06
736166 33.340000 33.419998 32.380001 32.400002 5.886000e+05
736167 32.310001 32.320000 31.570000 31.830000 5.169000e+05
736168 31.799999 31.920000 30.540001 30.610001 8.789000e+05
736169 30.370001 30.730000 30.260000 30.379999 8.937000e+05
736172 29.840000 30.290001 29.700001 29.850000 8.111000e+05
736173 30.530001 30.709999 30.250000 30.520000 7.182000e+05
736174 30.610001 31.100000 30.530001 30.850000 6.233000e+05
736175 30.520000 30.520000 29.930000 30.150000 4.734000e+05
736176 29.559999 29.830000 29.219999 29.440001 5.605000e+05
736179 29.440001 29.440001 28.400000 28.530001 7.529000e+05
736180 28.799999 29.299999 28.709999 29.190001 6.259000e+05
736181 29.770000 30.200001 29.690001 29.870001 6.594000e+05
736182 29.620001 29.620001 28.980000 29.110001 4.369000e+05
736183 28.680000 28.700001 27.830000 27.969999 7.012000e+05
736186 28.530001 29.139999 28.469999 28.950001 6.284000e+05
736187 27.950001 28.010000 27.320000 27.600000 9.409000e+05
736188 27.469999 28.070000 26.950001 28.010000 9.095000e+05
736189 28.180000 28.629999 27.790001 28.309999 5.126000e+05
736190 28.469999 28.620001 27.820000 28.100000 4.554000e+05
736193 27.629999 27.790001 27.320000 27.730000 5.044000e+05
736194 28.170000 28.459999 27.870001 28.350000 5.831000e+05
736195 28.709999 28.730000 27.400000 27.549999 1.000100e+06
736196 27.139999 27.230000 26.620001 26.680000 1.113500e+06
736197 26.620001 26.940001 26.209999 26.440001 1.302800e+06
736200 25.150000 26.780001 24.840000 26.420000 2.545200e+06
736201 27.530001 28.190001 27.420000 27.650000 1.520600e+06
736202 28.590000 29.690001 28.260000 29.299999 1.922600e+06
736203 29.370001 29.510000 28.629999 29.270000 1.245600e+06
736204 28.420000 29.070000 28.200001 29.049999 8.615000e+05
736207 28.250000 29.700001 28.200001 29.650000 8.354000e+05
736208 29.320000 29.790001 28.980000 29.059999 9.973000e+05
736209 29.430000 29.840000 29.049999 29.770000 7.807000e+05
736210 29.440001 29.969999 29.260000 29.350000 5.781000e+05
736211 28.730000 29.129999 28.350000 28.530001 5.328000e+05
736215 29.410000 29.840000 29.290001 29.750000 6.773000e+05
736216 30.680000 30.740000 29.160000 29.360001 8.660000e+05
736217 29.700001 30.070000 29.540001 29.930000 5.453000e+05
736218 29.290001 29.410000 28.870001 29.389999 3.922000e+05
736221 28.969999 29.430000 28.830000 29.209999 4.511000e+05
736222 29.690001 30.969999 29.610001 30.860001 1.054200e+06
736223 31.059999 31.430000 30.740000 31.219999 8.440000e+05
736224 31.209999 31.280001 30.010000 30.059999 2.422900e+06
736225 29.379999 29.410000 28.620001 28.740000 9.491000e+05
736228 29.450001 30.320000 29.379999 30.080000 8.444000e+05
736229 29.120001 29.309999 28.370001 28.860001 6.650000e+05
736230 28.940001 29.400000 28.620001 28.820000 6.098000e+05
736231 27.860001 28.330000 27.490000 28.260000 6.518000e+05
736232 28.879999 29.150000 28.709999 28.959999 5.908000e+05
736235 28.450001 28.500000 27.379999 27.500000 6.698000e+05
736236 27.580000 27.730000 27.020000 27.219999 1.100200e+06
736237 27.620001 27.790001 27.350000 27.500000 5.301000e+05
736238 27.000000 27.270000 26.690001 27.190001 1.044000e+06
736239 26.000000 26.940001 25.590000 26.690001 1.350900e+06
736242 27.219999 27.820000 27.150000 27.740000 8.064000e+05
736243 27.969999 28.059999 27.270000 27.400000 5.285000e+05
736244 27.809999 27.980000 27.450001 27.660000 5.369000e+05
736245 27.430000 28.559999 27.420000 28.309999 6.675000e+05
736246 28.320000 28.400000 27.889999 28.150000 5.132000e+05
736249 27.620001 27.680000 27.320000 27.459999 3.350000e+05
736250 27.200001 27.750000 27.200001 27.330000 4.564000e+05
736251 27.129999 27.410000 26.600000 26.629999 5.329000e+05
736252 26.730000 27.070000 26.650000 27.000000 3.839000e+05
736253 26.780001 27.010000 26.639999 26.990000 2.512000e+05
736256 27.059999 27.629999 26.990000 27.209999 3.963000e+05
736257 27.730000 27.879999 27.610001 27.719999 3.110000e+05
736258 27.200001 27.260000 26.750000 26.850000 5.899000e+05
736259 26.870001 27.200001 26.400000 26.730000 3.137000e+05
736260 27.480000 27.610001 27.240000 27.379999 2.942000e+05
736263 26.959999 26.980000 26.719999 26.840000 2.997000e+05
736264 26.530001 26.740000 26.280001 26.639999 2.371000e+05
736265 26.670000 27.299999 26.639999 26.959999 4.916000e+05
736266 27.330000 28.350000 27.330000 28.219999 1.390800e+06
736267 27.969999 28.139999 27.590000 27.629999 3.229000e+05
736270 28.090000 28.160000 27.830000 27.990000 3.926000e+05
736271 28.139999 28.770000 28.129999 28.650000 3.642000e+05
736272 28.559999 28.840000 28.240000 28.559999 4.426000e+05
736273 28.580000 29.120001 28.580000 28.780001 5.186000e+05
736274 29.690001 30.240000 29.670000 30.020000 7.974000e+05
736277 30.740000 30.799999 30.120001 30.500000 9.589000e+05
736278 30.410000 30.500000 29.870001 30.280001 4.963000e+05
736279 30.530001 30.580000 30.360001 30.469999 3.240000e+05
736280 30.190001 30.260000 29.549999 30.040001 3.991000e+05
736281 29.820000 29.840000 29.340000 29.530001 4.381000e+05
736284 29.379999 29.889999 29.270000 29.570000 4.350000e+05
736285 29.990000 30.250000 29.170000 29.450001 4.789000e+05
736286 29.549999 29.730000 29.120001 29.240000 5.832000e+05
736287 28.620001 28.760000 28.420000 28.680000 5.090000e+05
736288 28.610001 29.020000 28.500000 28.889999 6.292000e+05
736291 28.850000 29.000000 28.440001 28.650000 4.331000e+05
736292 28.650000 28.790001 28.379999 28.620001 3.452000e+05
736293 28.420000 28.549999 28.219999 28.440001 3.481000e+05
736295 28.330000 28.530001 28.280001 28.490000 1.862000e+05
736298 28.450001 28.459999 28.129999 28.180000 6.462000e+05
736299 28.120001 28.120001 27.030001 27.049999 9.171000e+05
736300 27.200001 27.440001 26.900000 27.000000 6.754000e+05
736301 27.980000 29.559999 27.959999 29.170000 1.498800e+06
736302 29.230000 29.230000 28.180000 28.450001 1.027100e+06
736305 28.280001 28.280001 27.100000 27.629999 6.938000e+05
736306 27.230000 27.799999 27.160000 27.549999 6.147000e+05
736307 27.860001 28.440001 27.320000 27.629999 8.157000e+05
736308 27.570000 27.790001 27.420000 27.559999 7.419000e+05
736309 26.750000 26.820000 26.000000 26.240000 2.188500e+06
736312 26.650000 27.500000 26.620001 27.240000 7.630000e+05
736313 28.000000 28.120001 27.610001 27.700001 1.259400e+06
736314 27.930000 28.370001 27.219999 27.879999 1.051300e+06
736315 27.450001 27.549999 26.770000 26.940001 5.099000e+05
736316 26.600000 26.740000 26.290001 26.469999 2.209400e+06
736319 26.320000 26.680000 26.120001 26.520000 8.720000e+05
736320 26.809999 27.270000 26.750000 27.040001 6.483000e+05
736321 27.770000 28.020000 27.540001 27.680000 5.810000e+05
736322 27.490000 27.490000 27.170000 27.230000 3.505000e+05
736326 27.110001 27.180000 26.620001 26.950001 5.244000e+05
736327 27.219999 28.389999 27.219999 28.260000 8.159000e+05
736328 28.440001 28.639999 28.030001 28.370001 4.817000e+05
736329 27.980000 28.209999 27.790001 27.980000 5.152000e+05
736333 27.049999 27.469999 26.690001 27.360001 1.192100e+06
736334 27.730000 27.900000 27.350000 27.700001 5.319000e+05
736335 26.780001 26.959999 26.580000 26.610001 8.026000e+05
736336 26.520000 27.110001 26.360001 26.420000 9.036000e+05
736337 26.719999 26.809999 26.020000 26.100000 7.816000e+05
736340 26.879999 27.020000 26.450001 26.940001 6.270000e+05
736341 26.740000 26.840000 25.410000 25.790001 7.794000e+05
736342 25.860001 26.090000 24.680000 25.010000 6.728000e+05
736343 25.320000 25.990000 25.010000 25.670000 6.708000e+05
736344 24.730000 24.910000 24.370001 24.510000 1.033600e+06
736348 24.850000 24.940001 24.320000 24.690001 7.252000e+05
736349 23.750000 24.090000 23.200001 23.930000 1.024200e+06
736350 23.770000 24.500000 23.590000 24.410000 5.836000e+05
736351 24.920000 25.160000 24.580000 24.670000 5.412000e+05
736354 24.330000 24.500000 24.150000 24.299999 4.380000e+05
736355 24.299999 24.440001 24.030001 24.219999 3.043000e+05
736356 24.450001 24.760000 24.129999 24.270000 6.083000e+05
736357 24.580000 24.600000 24.080000 24.150000 3.077000e+05
736358 23.500000 23.760000 23.230000 23.570000 1.053100e+06
736361 23.670000 23.959999 23.530001 23.750000 3.393000e+05
736362 22.969999 23.000000 22.430000 22.450001 6.202000e+05
736363 22.820000 23.020000 21.950001 23.010000 8.440000e+05
736364 22.850000 23.230000 22.660000 22.680000 2.673000e+05
736365 23.049999 23.170000 22.430000 22.590000 3.405000e+05
736368 22.080000 22.080000 21.000000 21.160000 1.009600e+06
736369 20.879999 21.370001 20.850000 21.020000 5.587000e+05
736370 21.040001 21.309999 20.469999 20.490000 6.960000e+05
736371 19.740000 20.379999 19.350000 20.110001 1.310700e+06
736372 20.500000 21.309999 20.320000 21.030001 9.501000e+05
736376 21.440001 21.860001 21.420000 21.660000 5.615000e+05
736377 21.920000 22.400000 21.850000 22.110001 7.996000e+05
736378 22.080000 22.090000 21.250000 21.299999 4.985000e+05
736379 21.299999 21.370001 20.850000 21.240000 3.433000e+05
736382 21.219999 21.379999 21.190001 21.299999 2.963000e+05
736383 21.780001 21.830000 20.889999 21.020000 3.855000e+05
736384 20.580000 21.260000 20.110001 21.139999 4.697000e+05
736385 21.020000 21.080000 20.490000 20.930000 3.495000e+05
736386 21.549999 21.680000 21.330000 21.480000 6.505000e+05
736389 21.480000 21.500000 21.139999 21.280001 2.873000e+05
736390 21.209999 22.389999 21.170000 22.309999 7.877000e+05
736391 22.379999 22.450001 22.059999 22.059999 2.978000e+05
736392 22.040001 22.160000 21.570000 21.830000 6.485000e+05
736393 22.160000 22.660000 21.980000 22.219999 7.338000e+05
736396 22.340000 22.520000 22.209999 22.250000 4.053000e+05
736397 21.350000 21.530001 20.990000 21.490000 4.206000e+05
736398 21.980000 22.090000 21.660000 21.950001 4.352000e+05
736399 21.780001 22.570000 21.590000 22.150000 6.070000e+05
736400 22.049999 22.920000 22.049999 22.820000 6.855000e+05
736403 22.580000 22.680000 22.290001 22.629999 3.858000e+05
736404 22.219999 22.700001 22.150000 22.570000 3.292000e+05
736405 22.620001 22.820000 22.230000 22.370001 6.284000e+05
736406 22.260000 22.260000 21.780001 22.090000 5.059000e+05
736407 21.959999 22.120001 21.700001 21.940001 3.487000e+05
736410 22.340000 22.600000 22.160000 22.450001 4.528000e+05
736411 22.049999 22.520000 21.950001 22.450001 4.047000e+05
736412 22.299999 22.320000 21.530001 21.690001 5.451000e+05
736413 21.129999 21.930000 21.120001 21.680000 3.318000e+05
736417 21.750000 21.780001 21.360001 21.570000 1.684000e+05
736418 21.250000 21.410000 20.889999 20.900000 4.399000e+05
736419 21.379999 21.889999 21.370001 21.549999 3.874000e+05
736420 21.389999 21.500000 21.010000 21.150000 2.740000e+05
736421 20.799999 21.290001 20.709999 20.930000 4.166000e+05
736424 20.870001 21.120001 20.780001 20.889999 2.119000e+05
736425 20.309999 20.389999 20.120001 20.230000 4.557000e+05
736426 20.510000 20.860001 20.450001 20.610001 4.013000e+05
736427 20.170000 20.260000 19.809999 19.870001 6.780000e+05
736428 20.160000 20.410000 20.090000 20.230000 3.401000e+05
736431 20.530001 20.660000 20.190001 20.320000 3.540000e+05
736432 20.670000 20.930000 20.480000 20.750000 4.889000e+05
736433 20.879999 20.920000 20.440001 20.530001 5.280000e+05
736434 20.730000 20.940001 20.549999 20.820000 5.252000e+05
736435 20.600000 20.600000 20.160000 20.309999 1.212200e+06
736438 20.510000 20.850000 20.490000 20.540001 4.246000e+05
736439 20.639999 21.010000 20.540001 20.709999 2.749000e+05
736440 20.570000 21.490000 20.379999 21.400000 8.164000e+05
736441 21.930000 22.000000 21.620001 21.790001 1.024400e+06
736442 21.719999 22.010000 21.690001 21.950001 3.364000e+05
736445 22.070000 22.219999 21.879999 22.219999 4.270000e+05
736446 22.260000 22.580000 22.260000 22.530001 4.629000e+05
736447 22.170000 22.309999 21.700001 21.889999 5.806000e+05
736448 21.990000 22.080000 21.540001 21.600000 9.120000e+05
736449 21.870001 22.010000 21.250000 21.379999 7.866000e+05
736452 21.639999 22.040001 21.520000 22.020000 5.636000e+05
736453 21.200001 21.260000 20.930000 21.200001 7.646000e+05
736454 21.080000 21.340000 20.850000 20.850000 4.067000e+05
736455 20.910000 21.070000 20.430000 20.430000 4.415000e+05
736456 20.520000 20.770000 20.520000 20.700001 3.057000e+05
736459 20.700001 20.770000 20.510000 20.520000 2.344000e+05
736460 20.500000 20.620001 20.410000 20.520000 3.549000e+05
736461 20.549999 20.600000 19.980000 20.160000 4.696000e+05
736462 20.620001 20.639999 20.370001 20.430000 3.720000e+05
736463 20.230000 20.320000 19.830000 19.860001 5.775000e+05
736466 20.129999 20.420000 20.129999 20.320000 2.813000e+05
736467 20.320000 20.320000 20.040001 20.290001 2.056000e+05
736468 20.520000 21.370001 20.490000 21.100000 7.161000e+05
736469 21.030001 21.030001 20.709999 20.820000 3.416000e+05
736470 21.000000 21.059999 20.670000 20.809999 2.230000e+05
736473 20.650000 20.860001 20.500000 20.660000 2.062000e+05
736474 20.889999 21.200001 20.760000 20.879999 2.932000e+05
736475 20.920000 21.180000 20.730000 21.150000 4.844000e+05
736476 20.940001 20.940001 20.629999 20.830000 2.723000e+05
736477 20.799999 20.980000 20.719999 20.920000 1.954000e+05
736481 21.299999 21.340000 20.629999 20.760000 6.429000e+05
736482 20.410000 20.670000 20.110001 20.530001 7.101000e+05
736483 20.280001 20.290001 19.920000 20.070000 5.983000e+05
736484 19.410000 19.500000 19.230000 19.240000 1.144500e+06
736487 19.389999 19.700001 19.360001 19.639999 2.730000e+05
736488 19.459999 19.500000 19.320000 19.480000 4.266000e+05
736489 19.379999 19.420000 19.120001 19.200001 5.775000e+05
736490 18.799999 18.889999 18.639999 18.809999 8.418000e+05
736491 18.540001 18.760000 18.299999 18.590000 1.073300e+06
736494 18.430000 18.530001 18.290001 18.290001 8.502000e+05
736495 17.969999 18.350000 17.940001 18.290001 1.128800e+06
736496 18.209999 18.299999 17.950001 18.129999 1.003800e+06
736497 17.730000 17.950001 17.410000 17.850000 6.623000e+05
736498 17.980000 18.320000 17.940001 18.180000 4.586000e+05
736501 18.719999 18.820000 18.610001 18.780001 6.342000e+05
736502 18.700001 19.049999 18.600000 18.980000 6.432000e+05
736503 19.020000 19.129999 18.820000 18.930000 2.907000e+05
736504 19.420000 19.610001 19.110001 19.500000 4.111000e+05
736505 17.700001 18.200001 17.629999 18.000000 9.517000e+05
736508 16.950001 16.950001 16.480000 16.600000 1.663900e+06
736509 16.549999 16.730000 16.389999 16.559999 1.003000e+06
736510 16.469999 16.969999 16.299999 16.920000 1.123300e+06
736511 16.750000 17.030001 16.350000 16.760000 9.356000e+05
736512 15.940000 16.540001 15.940000 16.020000 1.376800e+06
736516 15.600000 15.650000 15.240000 15.430000 1.166100e+06
736517 15.280000 15.520000 15.210000 15.360000 7.593000e+05
736518 15.520000 15.600000 15.160000 15.280000 9.991000e+05
736519 15.230000 15.410000 15.030000 15.040000 1.189200e+06
736522 15.170000 15.440000 15.060000 15.400000 8.761000e+05
736523 16.030001 16.290001 15.890000 16.129999 1.291400e+06
736524 15.710000 15.830000 15.570000 15.600000 1.031700e+06
736525 16.370001 16.440001 16.200001 16.260000 9.324000e+05
736526 16.510000 16.780001 16.450001 16.670000 9.680000e+05
736529 16.430000 16.930000 16.370001 16.760000 6.839000e+05
736530 16.500000 16.680000 16.360001 16.440001 4.700000e+05
736531 16.750000 16.850000 15.900000 16.719999 8.146000e+05
736532 17.160000 17.190001 16.590000 16.629999 1.142600e+06
736533 16.860001 16.860001 16.379999 16.530001 6.190000e+05
736536 16.480000 16.600000 16.370001 16.559999 4.458000e+05
736537 16.270000 16.650000 16.270000 16.490000 6.407000e+05
736538 16.260000 16.309999 15.880000 15.880000 1.425600e+06
736539 16.160000 16.190001 15.800000 15.950000 6.842000e+05
736540 15.930000 16.120001 15.520000 15.560000 1.363000e+06
736543 16.070000 16.110001 15.830000 16.049999 8.108000e+05
736544 16.719999 16.840000 16.240000 16.570000 1.682000e+06
736545 16.469999 16.709999 16.410000 16.530001 7.768000e+05
736546 16.160000 16.219999 15.910000 16.160000 5.621000e+05
736547 16.290001 16.719999 16.250000 16.670000 1.158300e+06
736550 16.820000 16.910000 16.469999 16.580000 8.242000e+05
736551 16.410000 16.430000 16.049999 16.100000 7.796000e+05
736552 15.990000 16.120001 15.770000 15.900000 7.003000e+05
736553 15.930000 16.440001 15.930000 16.320000 6.913000e+05
736554 15.790000 15.970000 15.630000 15.900000 8.908000e+05
736557 16.139999 16.360001 16.049999 16.340000 6.041000e+05
736558 16.270000 16.530001 16.209999 16.480000 6.706000e+05
736559 16.370001 16.440001 16.110001 16.180000 1.002800e+06
736560 16.190001 16.330000 15.990000 16.110001 2.942000e+05
736561 16.379999 16.570000 16.240000 16.350000 1.006600e+06
736564 16.000000 16.129999 15.850000 15.930000 7.674000e+05
736565 15.800000 16.010000 15.700000 15.900000 6.127000e+05
736566 15.870000 16.100000 15.830000 16.000000 4.706000e+05
736567 16.170000 16.250000 15.980000 16.190001 7.374000e+05
736568 15.990000 16.510000 15.670000 16.450001 1.950300e+06
736571 16.100000 16.160000 15.750000 15.790000 6.972000e+05
736572 15.810000 15.970000 15.780000 15.960000 5.214000e+05
736573 15.990000 16.090000 15.810000 15.900000 8.672000e+05
736574 16.250000 16.260000 15.750000 15.860000 8.655000e+05
736575 16.129999 16.400000 16.100000 16.230000 1.237700e+06
736579 16.230000 16.270000 15.740000 15.880000 1.268900e+06
736580 15.660000 15.920000 15.630000 15.910000 8.233000e+05
736581 16.150000 16.700001 16.020000 16.520000 1.472600e+06
736582 17.110001 17.370001 17.110001 17.340000 2.023900e+06
736585 17.400000 17.469999 17.209999 17.309999 1.595300e+06
736586 17.190001 18.160000 17.150000 17.879999 1.922400e+06
736587 17.900000 17.900000 17.549999 17.809999 8.558000e+05
736588 18.080000 18.299999 17.900000 18.030001 1.238200e+06
736589 17.690001 17.820000 17.600000 17.610001 7.259000e+05
736592 17.700001 17.799999 17.570000 17.799999 3.933000e+05
736593 17.459999 17.629999 17.270000 17.590000 6.867000e+05
736594 17.660000 17.799999 17.139999 17.139999 1.416800e+06
736595 16.879999 16.930000 16.629999 16.790001 8.096000e+05
736596 16.709999 16.840000 16.620001 16.809999 2.689000e+05
736599 16.700001 16.709999 16.430000 16.500000 5.438000e+05
736600 16.160000 16.379999 16.080000 16.129999 8.435000e+05
736601 16.190001 16.290001 15.970000 16.190001 7.829000e+05
736602 16.540001 16.549999 16.000000 16.129999 8.143000e+05
736603 16.170000 16.750000 16.139999 16.510000 8.494000e+05
736606 16.379999 16.719999 16.350000 16.700001 6.275000e+05
736607 16.750000 17.309999 16.680000 17.290001 9.615000e+05
736608 17.340000 17.700001 17.330000 17.510000 1.472100e+06
736609 17.780001 17.870001 17.490000 17.820000 9.112000e+05
736610 17.790001 18.110001 17.639999 17.770000 7.285000e+05
736613 18.180000 18.340000 18.080000 18.090000 7.065000e+05
736614 18.209999 18.309999 17.920000 18.219999 7.771000e+05
736615 18.290001 18.450001 18.129999 18.160000 8.061000e+05
736616 17.870001 17.990000 17.760000 17.959999 8.881000e+05
736617 18.430000 18.719999 18.160000 18.690001 6.749000e+05
736620 18.480000 18.480000 18.209999 18.309999 6.750000e+05
736621 18.559999 18.580000 18.150000 18.170000 7.366000e+05
736622 18.360001 18.370001 17.990000 18.090000 7.494000e+05
736623 17.830000 18.139999 17.790001 18.059999 4.970000e+05
736624 17.889999 18.150000 17.809999 17.950001 6.550000e+05
736627 17.900000 18.379999 17.900000 18.180000 8.253000e+05
736628 18.290001 18.290001 17.870001 18.090000 4.271000e+05
736629 18.330000 18.490000 18.180000 18.400000 6.684000e+05
736630 18.910000 19.309999 18.889999 19.030001 9.821000e+05
736631 19.200001 19.209999 18.950001 19.160000 1.171300e+06
736634 18.980000 19.040001 18.799999 18.820000 5.371000e+05
736635 19.190001 19.280001 18.559999 18.799999 9.813000e+05
736636 18.670000 18.790001 18.330000 18.530001 8.382000e+05
736637 18.879999 19.040001 18.790001 18.969999 7.738000e+05
736638 18.680000 18.740000 18.459999 18.490000 7.832000e+05
736641 18.900000 19.010000 18.780001 18.950001 4.043000e+05
736642 18.780001 19.330000 18.690001 19.190001 7.283000e+05
736643 20.400000 21.750000 20.370001 21.580000 2.573900e+06
736644 21.910000 22.549999 21.410000 22.520000 2.490100e+06
736645 22.430000 23.150000 22.379999 22.920000 1.762100e+06
736648 23.350000 23.670000 22.600000 23.330000 2.496800e+06
736649 22.850000 23.059999 22.480000 23.000000 1.319300e+06
736650 22.760000 22.850000 22.309999 22.360001 1.269900e+06
736651 22.950001 23.459999 22.850000 23.350000 1.875900e+06
736652 23.120001 23.850000 22.910000 23.540001 2.392300e+06
736655 23.340000 23.530001 23.200001 23.360001 1.333400e+06
736656 23.120001 23.530001 23.030001 23.420000 1.094300e+06
736657 24.040001 24.480000 23.530001 23.670000 2.543600e+06
736659 23.350000 23.820000 23.299999 23.570000 6.623000e+05
736662 23.250000 23.400000 23.040001 23.040001 1.132500e+06
736663 23.190001 23.330000 22.650000 22.790001 1.173000e+06
736664 24.059999 24.270000 23.430000 23.870001 2.229600e+06
736665 24.780001 25.280001 24.459999 24.580000 2.624500e+06
736666 24.320000 24.360001 23.700001 24.070000 1.478900e+06
736669 24.459999 24.760000 23.600000 24.150000 1.499900e+06
736670 24.000000 24.350000 23.870001 24.180000 9.850000e+05
736671 23.940001 23.940001 23.450001 23.600000 1.209600e+06
736672 24.290001 24.530001 24.219999 24.410000 1.838600e+06
736673 24.629999 25.469999 24.500000 25.299999 1.924700e+06
736676 25.490000 25.709999 25.139999 25.209999 1.347100e+06
736677 24.780001 25.360001 24.690001 24.889999 1.568500e+06
736678 24.330000 25.740000 24.230000 25.740000 2.715800e+06
736679 25.270000 25.600000 24.780001 25.360001 1.902000e+06
736680 25.230000 25.750000 25.030001 25.500000 2.099100e+06
736683 24.990000 25.120001 24.590000 24.709999 1.517700e+06
736684 25.230000 25.330000 25.000000 25.059999 7.607000e+05
736685 24.959999 25.110001 24.690001 24.709999 5.964000e+05
736686 25.020000 25.049999 24.750000 24.870001 1.038800e+06
736687 24.590000 24.760000 24.510000 24.719999 5.516000e+05
736691 25.090000 25.200001 24.940001 24.959999 5.670000e+05
736692 24.840000 24.930000 24.180000 24.410000 1.039700e+06
736693 24.270000 24.309999 23.940001 24.170000 1.074800e+06
736694 24.270000 24.270000 23.709999 23.980000 1.024700e+06
736698 24.490000 24.600000 23.510000 23.680000 1.277100e+06
736699 23.650000 23.820000 23.379999 23.469999 1.103500e+06
736700 23.240000 23.410000 22.340000 22.370001 1.390400e+06
736701 22.840000 23.010000 22.580000 22.969999 1.114200e+06
736704 22.410000 22.610001 22.309999 22.400000 7.384000e+05
736705 22.559999 22.709999 22.370001 22.500000 4.128000e+05
736706 22.389999 22.639999 21.950001 22.260000 9.712000e+05
736707 21.910000 22.410000 21.690001 22.360001 1.010000e+06
736708 22.650000 23.059999 22.459999 22.690001 9.807000e+05
736712 21.850000 22.320000 21.790001 22.010000 9.234000e+05
736713 22.400000 22.879999 22.320000 22.820000 7.546000e+05
736714 23.150000 23.650000 23.080000 23.299999 1.108000e+06
736715 23.490000 23.820000 23.240000 23.420000 1.150200e+06
736718 23.219999 23.379999 22.309999 22.700001 1.749900e+06
736719 22.940001 23.459999 22.740000 23.160000 1.993800e+06
736720 23.799999 24.200001 23.600000 24.049999 1.214600e+06
736721 23.980000 24.360001 23.790001 23.799999 8.072000e+05
736722 23.719999 23.790001 23.450001 23.580000 6.850000e+05
736725 23.670000 23.809999 23.420000 23.750000 6.639000e+05
736726 23.750000 23.790001 23.100000 23.260000 9.001000e+05
736727 23.740000 24.020000 23.469999 23.719999 8.066000e+05
736728 23.230000 23.770000 23.100000 23.730000 6.690000e+05
736729 23.480000 24.080000 23.260000 23.780001 7.881000e+05
736732 23.340000 23.700001 23.100000 23.340000 8.941000e+05
736733 23.330000 23.480000 22.590000 22.850000 1.018700e+06
736734 22.360001 22.379999 21.879999 21.920000 1.444700e+06
736735 22.360001 22.730000 22.250000 22.629999 1.213900e+06
736736 23.040001 23.049999 22.590000 22.670000 1.023300e+06
736739 23.000000 23.180000 22.889999 22.900000 7.767000e+05
736740 22.950001 23.790001 22.950001 23.410000 1.598500e+06
736741 23.850000 23.920000 23.570000 23.730000 9.779000e+05
736742 23.570000 23.629999 22.990000 23.320000 9.647000e+05
736743 22.770000 23.030001 22.709999 22.930000 5.962000e+05
736747 23.270000 23.330000 22.760000 23.059999 7.647000e+05
736748 22.650000 23.340000 22.639999 22.930000 9.249000e+05
736749 22.780001 22.910000 22.690001 22.709999 5.507000e+05
736750 22.320000 22.379999 21.900000 21.990000 1.194200e+06
736753 22.090000 22.389999 22.030001 22.340000 7.877000e+05
736754 22.230000 22.330000 21.930000 22.090000 8.054000e+05
736755 23.240000 23.490000 23.170000 23.209999 1.053800e+06
736756 23.480000 23.709999 23.370001 23.440001 9.570000e+05
736757 23.350000 23.750000 23.290001 23.290001 1.145100e+06
736760 23.410000 23.760000 23.410000 23.620001 6.281000e+05
736761 23.809999 23.930000 23.670000 23.840000 5.880000e+05
736762 24.480000 24.540001 24.120001 24.230000 1.672300e+06
736763 24.490000 24.830000 24.400000 24.790001 1.990400e+06
736764 24.600000 24.889999 24.490000 24.520000 1.311700e+06
