736034 10.600000 10.700000 10.600000 10.700000 1.000000e+03
736035 10.600001 10.700001 10.500001 10.600001 9.000001e+03
736036 10.800001 10.800001 10.400001 10.600001 2.000000e+04
736039 10.600000 11.100000 10.500000 11.000000 6.000000e+03
736040 10.700000 11.000000 10.600000 10.700000 1.600000e+04
736041 10.900000 11.000000 10.500000 10.500000 2.400000e+04
736042 10.800001 11.000001 10.500001 10.600001 1.800000e+04
736043 11.000000 11.300000 10.700000 10.800000 9.000000e+03
736046 11.000000 11.400000 10.500000 10.900000 1.900000e+04
736047 11.400001 11.500001 10.600001 11.100001 1.100000e+04
736048 11.200001 11.200001 10.600001 10.600001 9.000001e+03
736049 10.600000 11.100000 10.600000 10.900000 6.000000e+03
736050 10.900000 11.100000 10.100000 10.300000 1.700000e+04
736053 10.300000 10.900000 10.300000 10.700000 3.000000e+03
736054 10.900000 11.000000 10.600000 10.900000 2.800000e+04
736055 11.300000 11.800000 10.900000 11.400000 9.000000e+03
736056 11.600000 11.700000 11.100000 11.400000 7.000000e+03
736060 11.300000 11.600000 11.100000 11.400000 5.000000e+03
736061 11.200000 12.100000 11.200000 11.700000 1.500000e+04
736062 12.000000 12.000000 11.700000 11.700000 2.000000e+03
736063 11.400000 11.500000 10.800000 11.300000 8.000000e+03
736064 11.000000 11.100000 11.000000 11.000000 5.000000e+03
736067 11.400001 11.500001 11.100001 11.100001 5.000000e+03
736068 11.100001 11.100001 11.100001 11.100001 0.000000e+00
736069 11.100000 11.100000 10.400000 10.900000 1.700000e+04
736070 10.900000 10.900000 10.900000 10.900000 0.000000e+00
736071 10.900000 11.300000 10.900000 10.900000 1.000000e+03
736074 11.100000 11.100000 10.600000 11.000000 4.800000e+04
736075 10.900000 11.000000 10.400000 11.000000 3.400000e+04
736076 10.700000 11.300000 10.100000 10.700000 4.500000e+04
736077 10.600001 11.900001 10.400001 11.600001 6.500001e+04
736078 11.900000 14.100000 10.900000 11.300000 3.280000e+05
736081 10.800001 11.400001 10.800001 11.100001 2.600000e+04
736082 11.200000 11.200000 10.900000 10.900000 2.000000e+03
736083 11.100000 11.100000 10.700000 10.800000 2.000000e+03
736084 10.700000 10.800000 10.700000 10.700000 2.000000e+03
736085 11.100000 11.100000 10.800000 10.800000 4.000000e+03
736088 10.800001 11.100001 10.800001 11.100001 5.000000e+03
736089 11.000000 11.000000 10.500000 10.900000 5.300000e+04
736090 10.600000 10.600000 10.300000 10.300000 2.000000e+04
736091 10.300000 10.700000 10.300000 10.400000 1.300000e+04
736092 10.700001 10.700001 10.300001 10.600001 2.700000e+04
736095 11.300000 11.500000 10.400000 10.400000 9.000000e+03
736096 10.700000 10.800000 10.300000 10.300000 3.200000e+04
736097 10.400000 10.600000 10.400000 10.500000 5.000000e+03
736098 10.400000 10.900000 10.400000 10.900000 4.000000e+04
736099 10.500000 11.000000 10.300000 10.300000 4.600000e+04
736102 10.500000 10.500000 10.400000 10.500000 1.200000e+04
736103 10.500000 10.700000 10.100000 10.700000 4.300000e+04
736104 10.400000 12.300000 10.100000 10.500000 3.170000e+05
736105 10.900001 10.900001 10.300001 10.600001 9.000001e+03
736106 10.400000 10.500000 10.100000 10.500000 1.200000e+04
736110 10.300000 10.400000 10.300000 10.400000 2.000000e+03
736111 10.400000 10.500000 10.400000 10.500000 1.000000e+03
736112 10.500000 10.500000 10.500000 10.500000 2.000000e+03
736113 10.400000 10.700000 10.400000 10.700000 2.000000e+03
736116 10.700000 10.700000 10.400000 10.500000 1.900000e+04
736117 10.500000 10.500000 10.400000 10.400000 5.000000e+03
736118 10.400000 10.500000 10.000000 10.500000 3.200000e+04
736119 10.100000 10.400000 10.000000 10.400000 2.100000e+04
736120 10.300000 10.400000 10.300000 10.400000 7.000000e+03
736123 10.500000 10.600000 10.200000 10.300000 1.500000e+04
736124 10.300000 10.800000 10.300000 10.700000 1.200000e+04
736125 10.500000 10.600000 10.500000 10.500000 2.000000e+03
736126 10.500000 10.800000 10.500000 10.500000 3.000000e+03
736127 10.700001 10.700001 10.600001 10.600001 2.300000e+04
736130 10.500000 10.500000 10.000000 10.500000 9.000000e+04
736131 10.100000 10.500000 10.000000 10.200000 2.900000e+04
736132 9.900000 10.700000 9.900000 10.700000 3.000000e+04
736133 10.600001 10.600001 10.100001 10.100001 1.900000e+04
736134 10.500001 12.200001 10.500001 10.600001 3.700000e+05
736137 10.600000 11.400000 10.500000 10.900000 7.200000e+04
736138 11.300000 11.300000 10.400000 10.700000 5.100000e+04
736139 10.300000 10.800000 10.300000 10.700000 1.100000e+04
736140 10.700000 10.700000 10.300000 10.500000 5.100000e+04
736141 10.400000 10.400000 9.900000 10.300000 4.200000e+04
736144 9.900001 10.600001 9.800001 10.600001 4.300000e+04
736145 10.400000 10.600000 10.100000 10.300000 3.200000e+04
736146 10.600000 12.100000 10.300000 10.500000 9.900000e+04
736147 10.400000 10.700000 10.300000 10.300000 3.500000e+04
736151 10.400000 11.000000 10.400000 10.500000 4.700000e+04
736152 10.500000 10.500000 10.300000 10.400000 5.500000e+04
736153 10.400000 10.500000 10.400000 10.400000 3.000000e+04
736154 10.500000 11.400000 10.500000 11.400000 1.800000e+04
736155 11.200000 11.200000 10.600000 11.000000 8.000000e+03
736158 10.800000 11.000000 10.700000 10.700000 8.000000e+03
736159 10.600000 12.400000 10.600000 11.900000 2.020000e+05
736160 11.600000 13.000000 11.000000 11.900000 1.880000e+05
736161 11.600001 12.900001 11.600001 12.100001 1.120000e+05
736162 12.100001 12.900001 12.000001 12.600001 1.190000e+05
736165 12.800000 12.900000 11.100000 12.200000 1.380000e+05
736166 11.800000 12.100000 10.900000 11.200000 6.200000e+04
736167 11.600000 11.600000 10.800000 11.300000 3.600000e+04
736168 11.400000 11.700000 11.100000 11.300000 1.400000e+04
736169 11.500000 11.500000 10.900000 11.500000 4.400000e+04
736172 11.400001 11.400001 10.800001 11.100001 2.500000e+04
736173 11.500000 11.700000 11.300000 11.700000 4.000000e+04
736174 11.700000 11.700000 11.400000 11.700000 1.000000e+03
736175 12.400000 12.400000 11.600000 12.000000 7.000000e+03
736176 12.300000 12.300000 11.700000 11.700000 5.000000e+03
736179 12.000000 12.000000 11.400000 12.000000 8.000000e+03
736180 11.700000 11.900000 11.400000 11.700000 2.200000e+04
736181 11.600000 11.800000 11.200000 11.200000 2.300000e+04
736182 11.100001 11.600001 11.100001 11.600001 4.000000e+03
736183 11.700000 11.700000 10.600000 10.900000 4.500000e+04
736186 10.600001 11.400001 10.600001 11.100001 6.000001e+03
736187 10.800000 11.400000 10.800000 11.300000 1.000000e+03
736188 11.200000 11.400000 10.900000 11.200000 4.000000e+03
736189 11.100000 11.500000 10.600000 11.500000 7.500000e+04
736190 11.400000 11.700000 11.000000 11.500000 8.100000e+04
736193 11.100001 11.400001 11.000001 11.100001 1.000000e+03
736194 10.700000 11.100000 10.700000 10.900000 9.000000e+03
736195 11.500001 11.500001 11.000001 11.100001 5.000000e+03
736196 11.000000 11.000000 10.800000 10.900000 3.000000e+03
736197 11.400001 11.400001 10.800001 11.100001 4.000000e+03
736200 10.700000 10.700000 9.000000 10.300000 6.100000e+04
736201 10.000000 11.000000 9.700000 11.000000 2.700000e+04
736202 10.900000 10.900000 10.000000 10.700000 1.400000e+04
736203 11.200000 11.200000 10.100000 10.200000 1.300000e+04
736204 10.100000 11.100000 9.700000 10.400000 6.800000e+04
736207 11.500000 11.500000 10.100000 10.400000 1.200000e+04
736208 10.000000 10.300000 10.000000 10.300000 5.000000e+03
736209 9.800000 10.300000 9.800000 10.300000 9.000000e+03
736210 10.500000 10.600000 10.100000 10.400000 6.000000e+03
736211 10.700000 11.000000 10.100000 11.000000 9.000000e+03
736215 10.000000 10.800000 10.000000 10.700000 1.200000e+04
736216 10.100000 11.200000 10.100000 10.500000 5.000000e+03
736217 10.800000 10.900000 10.500000 10.500000 2.200000e+04
736218 10.500000 10.700000 10.000000 10.700000 5.000000e+03
736221 10.100001 10.700001 10.100001 10.100001 1.000000e+04
736222 10.100000 10.400000 10.100000 10.300000 1.400000e+04
736223 10.000000 10.200000 10.000000 10.200000 2.000000e+03
736224 10.000000 10.400000 10.000000 10.400000 6.000000e+03
736225 10.000000 10.400000 10.000000 10.200000 3.000000e+03
736228 10.100000 10.400000 10.100000 10.400000 6.000000e+03
736229 10.300000 10.400000 10.000000 10.400000 3.000000e+03
736230 10.300000 10.400000 9.900000 10.000000 2.500000e+04
736231 10.000000 10.000000 9.600000 10.000000 3.100000e+04
736232 10.000000 10.000000 7.900000 8.700000 1.000000e+05
736235 8.700000 9.400000 8.600000 9.400000 5.000000e+03
736236 9.400000 9.400000 9.200000 9.200000 9.000000e+03
736237 9.100000 9.300000 8.600000 9.300000 2.000000e+04
736238 9.500000 9.500000 8.800000 8.800000 1.000000e+03
736239 9.000000 9.200000 9.000000 9.200000 0.000000e+00
736242 8.800000 9.400000 8.800000 9.200000 1.100000e+04
736243 9.000000 9.000000 8.500000 8.700000 0.000000e+00
736244 8.500000 8.900000 8.500000 8.900000 7.000000e+03
736245 8.500000 8.500000 8.500000 8.500000 0.000000e+00
736246 8.700000 9.300000 8.500000 8.500000 1.200000e+04
736249 8.800000 8.800000 8.600000 8.800000 9.000000e+03
736250 8.700000 8.900000 8.700000 8.900000 2.000000e+03
736251 8.700000 8.700000 8.700000 8.700000 3.000000e+03
736252 8.700000 8.900000 8.500000 8.500000 7.000000e+03
736253 8.800000 9.900000 8.800000 9.800000 5.000000e+03
736256 9.500000 9.500000 9.500000 9.500000 0.000000e+00
736257 8.800000 9.500000 8.800000 9.200000 1.000000e+03
736258 9.100000 9.100000 8.600000 8.700000 6.000000e+03
736259 9.700000 9.700000 8.500000 8.500000 0.000000e+00
736260 8.600000 8.800000 8.600000 8.800000 0.000000e+00
736263 9.600000 9.700000 8.700000 9.300000 1.200000e+04
736264 9.300000 9.300000 9.300000 9.300000 0.000000e+00
736265 9.500001 9.500001 8.400001 8.600001 3.100000e+04
736266 8.700000 8.700000 8.400000 8.400000 1.100000e+04
736267 8.400000 8.400000 8.400000 8.400000 0.000000e+00
736270 8.500000 8.800000 8.500000 8.800000 6.000000e+03
736271 8.500000 8.600000 8.400000 8.400000 3.000000e+03
736272 8.400000 8.500000 8.400000 8.500000 3.000000e+03
736273 8.800000 8.800000 8.300000 8.500000 3.000000e+03
736274 8.600001 8.600001 8.600001 8.600001 2.000000e+03
736277 8.600000 8.800000 8.500000 8.500000 0.000000e+00
736278 8.100001 8.600001 8.100001 8.600001 1.000000e+03
736279 8.600001 8.600001 8.600001 8.600001 0.000000e+00
736280 8.300000 8.300000 7.500000 8.000000 4.000000e+04
736281 7.800000 7.800000 7.000000 7.000000 1.120000e+05
736284 7.200000 8.700000 7.100000 7.800000 1.500000e+04
736285 7.700000 7.800000 7.500000 7.800000 6.000000e+03
736286 7.800000 7.800000 7.800000 7.800000 7.000000e+03
736287 8.000000 8.000000 7.900000 8.000000 1.600000e+04
736288 8.000000 8.000000 8.000000 8.000000 0.000000e+00
736291 8.200000 8.200000 8.000000 8.000000 1.100000e+04
736292 8.000000 8.000000 7.900000 7.900000 1.700000e+04
736293 7.800000 7.800000 7.800000 7.800000 0.000000e+00
736295 7.900000 7.900000 7.900000 7.900000 0.000000e+00
736298 7.800000 8.000000 7.700000 8.000000 3.000000e+03
736299 8.100000 8.100000 7.600000 8.000000 4.000000e+03
736300 7.500000 7.900000 7.400000 7.400000 1.000000e+03
736301 7.500000 7.500000 7.500000 7.500000 0.000000e+00
736302 7.300000 7.500000 7.200000 7.200000 4.000000e+03
736305 7.400000 7.400000 7.100000 7.100000 3.000000e+03
736306 7.100000 7.700000 5.100000 6.500000 6.200000e+04
736307 6.300000 7.200000 5.200000 6.000000 1.020000e+05
736308 6.000000 6.000000 5.200000 5.800000 1.200000e+04
736309 5.500000 5.900000 4.500000 5.100000 9.500000e+04
736312 5.000000 5.000000 4.400000 4.400000 2.000000e+04
736313 4.200000 4.200000 3.100000 3.500000 1.530000e+05
736314 3.200000 4.300000 3.200000 3.900000 5.400000e+04
736315 3.300000 4.000000 3.300000 3.700000 1.600000e+04
736316 3.900000 4.000000 3.400000 3.400000 2.300000e+04
736319 3.700000 4.000000 3.400000 3.400000 2.500000e+04
736320 3.400000 3.400000 3.200000 3.200000 6.500000e+04
736321 3.200000 3.900000 3.000000 3.300000 1.500000e+04
736322 3.300000 3.900000 3.300000 3.700000 1.500000e+04
736326 3.700000 4.400000 3.600000 3.600000 7.300000e+04
736327 3.600000 3.600000 3.400000 3.500000 1.900000e+04
736328 3.300000 3.500000 2.700000 3.400000 2.600000e+04
736329 3.400000 3.400000 2.800000 3.200000 4.600000e+04
736333 3.000000 3.100000 3.000000 3.100000 2.000000e+03
736334 4.200000 4.200000 3.300000 3.600000 3.200000e+04
736335 3.200000 3.400000 3.200000 3.300000 1.500000e+04
736336 3.200000 3.200000 3.200000 3.200000 4.000000e+03
736337 3.000000 3.100000 3.000000 3.000000 1.600000e+04
736340 3.000000 3.000000 2.500000 2.800000 2.300000e+04
736341 2.500000 3.200000 2.500000 2.700000 1.100000e+04
736342 3.200000 3.200000 2.700000 2.700000 1.900000e+04
736343 2.500000 2.800000 2.500000 2.700000 1.000000e+03
736344 2.600000 3.000000 2.500000 2.500000 1.700000e+04
736348 2.500000 2.600000 2.500000 2.500000 3.000000e+03
736349 2.500000 2.500000 2.000000 2.000000 3.200000e+04
736350 1.300000 2.000000 1.300000 1.900000 2.500000e+04
736351 1.800000 3.100000 1.800000 3.000000 4.400000e+04
736354 3.200000 3.300000 2.200000 2.600000 2.800000e+04
736355 3.200000 3.200000 3.200000 3.200000 0.000000e+00
736356 3.200000 3.200000 2.600000 2.600000 2.000000e+04
736357 2.800000 2.800000 2.800000 2.800000 0.000000e+00
736358 3.100000 3.100000 2.500000 2.700000 6.000000e+03
736361 2.500000 3.000000 2.500000 2.700000 1.100000e+04
736362 2.700000 2.700000 2.500000 2.700000 4.000000e+03
736363 2.700000 3.000000 2.700000 3.000000 0.000000e+00
736364 3.000000 3.000000 2.600000 2.600000 8.000000e+03
736365 2.800000 3.000000 2.800000 2.900000 3.000000e+03
736368 2.900000 2.900000 2.000000 2.400000 2.100000e+04
736369 2.600000 2.600000 2.600000 2.600000 4.000000e+03
736370 1.500000 2.500000 1.500000 2.100000 2.300000e+04
736371 2.300000 2.300000 2.200000 2.200000 1.300000e+04
736372 2.200000 2.200000 2.200000 2.200000 0.000000e+00
736376 2.400000 2.400000 2.400000 2.400000 4.000000e+03
736377 2.400000 2.400000 2.100000 2.100000 1.000000e+04
736378 2.900000 2.900000 2.100000 2.300000 0.000000e+00
736379 2.800000 2.800000 2.100000 2.100000 9.000000e+03
736382 2.300000 3.000000 2.070000 2.250000 5.300000e+03
736383 1.950000 2.280000 1.510000 2.180000 3.060000e+04
736384 2.090000 2.130000 1.910000 2.050000 2.800000e+03
736385 2.260000 4.210000 2.260000 2.800000 3.204000e+05
736386 2.690000 2.970000 2.550000 2.810000 8.450000e+04
736389 2.810000 3.000000 2.680000 2.890000 1.280000e+04
736390 2.900000 3.780000 2.860000 3.540000 2.074000e+05
736391 3.470000 3.470000 2.780000 3.350000 1.470000e+04
736392 3.100000 3.750000 3.100000 3.470000 1.770000e+04
736393 3.610000 4.440000 3.210000 3.500000 6.490000e+04
736396 3.690000 3.990000 3.270000 3.270000 3.730000e+04
736397 3.140000 3.240000 2.900000 3.110000 3.260000e+04
736398 2.880000 3.230000 2.850000 3.010000 3.920000e+04
736399 2.900000 2.950000 2.700000 2.700000 1.750000e+04
736400 2.960000 2.960000 2.640000 2.650000 2.040000e+04
736403 2.680000 2.680000 2.250000 2.410000 2.320000e+04
736404 2.400000 2.530000 2.260000 2.270000 1.900000e+03
736405 2.260000 2.480000 2.250000 2.270000 6.300000e+03
736406 2.300000 2.480000 2.300000 2.470000 4.500000e+03
736407 2.440000 2.440000 1.850000 2.200000 3.000000e+04
736410 2.270000 2.270000 2.200000 2.200000 1.800000e+03
736411 2.000000 2.390000 2.000000 2.190000 3.700000e+03
736412 2.170000 2.190000 1.860000 2.010000 5.000000e+03
736413 1.990000 2.050000 1.990000 2.010000 1.000000e+03
736417 1.990000 2.180000 1.960000 1.980000 1.040000e+04
736418 2.190000 2.190000 1.900000 1.960000 6.700000e+03
736419 2.010000 2.020000 1.980000 1.980000 6.000000e+03
736420 1.910000 2.090000 1.910000 1.990000 2.400000e+03
736421 1.990000 2.010000 1.980000 2.010000 3.000000e+03
736424 1.930000 1.960000 1.910000 1.920000 3.800000e+03
736425 2.120000 2.140000 2.000000 2.020000 1.400000e+03
736426 1.950000 1.950000 1.810000 1.820000 5.300000e+03
736427 2.030000 2.160000 1.890000 1.890000 4.200000e+03
736428 1.860000 1.910000 1.840000 1.870000 3.100000e+03
736431 1.960000 2.050000 1.950000 2.030000 7.400000e+03
736432 2.140000 2.140000 1.930000 1.990000 4.200000e+03
736433 2.000000 2.070000 2.000000 2.070000 9.000000e+02
736434 2.100000 2.190000 2.080000 2.160000 3.400000e+03
736435 2.110000 2.160000 1.970000 2.090000 7.600000e+03
736438 1.900000 2.100000 1.900000 2.000000 7.800000e+03
736439 2.090000 3.310000 2.090000 2.530000 1.777000e+05
736440 2.530000 2.750000 2.360000 2.580000 4.410000e+04
736441 2.650000 2.690000 2.510000 2.600000 8.200000e+03
736442 2.670000 2.860000 2.470000 2.710000 2.700000e+04
736445 2.670000 2.830000 2.670000 2.750000 8.700000e+03
736446 2.840000 2.840000 2.680000 2.680000 3.500000e+03
736447 2.760000 2.760000 2.550000 2.630000 7.200000e+03
736448 2.620000 3.440000 2.500000 2.760000 1.318000e+05
736449 2.900000 3.230000 2.610000 2.790000 8.260000e+04
736452 2.680000 2.730000 2.570000 2.570000 9.800000e+03
736453 2.570000 2.570000 2.330000 2.360000 7.000000e+03
736454 2.330000 2.630000 2.330000 2.450000 6.700000e+03
736455 2.460000 2.460000 2.290000 2.310000 2.000000e+03
736456 2.380000 2.520000 2.370000 2.380000 1.900000e+03
736459 2.410000 2.410000 2.370000 2.370000 6.100000e+03
736460 2.390000 2.390000 2.350000 2.370000 9.000000e+02
736461 2.400000 2.400000 2.350000 2.360000 7.500000e+03
736462 2.410000 2.410000 2.370000 2.370000 8.000000e+02
736463 2.380000 2.460000 2.310000 2.360000 2.000000e+03
736466 2.400000 2.400000 2.210000 2.310000 1.020000e+04
736467 2.310000 2.310000 2.300000 2.300000 8.000000e+02
736468 2.300000 2.390000 2.270000 2.390000 6.600000e+03
736469 2.360000 2.640000 2.290000 2.310000 6.500000e+03
736470 2.330000 2.530000 2.330000 2.450000 2.460000e+04
736473 2.430000 2.620000 2.360000 2.610000 3.100000e+03
736474 2.510000 2.570000 2.380000 2.380000 5.800000e+03
736475 2.390000 2.400000 2.060000 2.190000 9.600000e+03
736476 2.210000 2.210000 2.170000 2.190000 2.900000e+03
736477 2.380000 2.410000 2.240000 2.300000 4.000000e+03
736481 2.510000 2.510000 2.260000 2.260000 2.700000e+03
736482 2.340000 2.390000 2.330000 2.350000 6.400000e+03
736483 2.410000 2.420000 2.340000 2.340000 1.700000e+03
736484 2.330000 2.330000 2.330000 2.330000 3.100000e+03
736487 2.350000 2.350000 2.330000 2.330000 1.800000e+03
736488 2.370000 2.390000 2.360000 2.390000 2.900000e+03
736489 2.410000 3.010000 2.180000 2.200000 3.680000e+04
736490 2.220000 2.390000 2.210000 2.220000 5.300000e+03
736491 2.210000 2.210000 1.960000 2.000000 2.680000e+04
736494 2.190000 2.190000 2.040000 2.040000 1.140000e+04
736495 2.100000 2.100000 1.790000 1.800000 1.290000e+04
736496 1.890000 2.050000 1.700000 1.880000 1.970000e+04
736497 1.770000 2.010000 1.770000 1.920000 9.400000e+03
736498 1.920000 1.920000 1.920000 1.920000 0.000000e+00
736501 1.790000 1.910000 1.620000 1.810000 2.900000e+03
736502 1.840000 1.840000 1.690000 1.760000 1.670000e+04
736503 1.710000 1.710000 1.710000 1.710000 2.000000e+02
736504 1.810000 1.810000 1.810000 1.810000 6.000000e+02
736505 1.500000 1.720000 1.450000 1.660000 1.100000e+04
736508 1.600000 1.600000 1.600000 1.600000 7.000000e+02
736509 1.690000 1.830000 1.690000 1.690000 3.000000e+03
736510 1.620000 1.690000 1.620000 1.690000 2.100000e+03
736511 1.630000 1.690000 1.610000 1.690000 2.300000e+03
736512 1.690000 1.690000 1.690000 1.690000 4.000000e+02
736516 1.620000 1.640000 1.620000 1.620000 2.500000e+03
736517 1.600000 1.600000 1.560000 1.560000 3.500000e+03
736518 1.560000 1.640000 1.530000 1.630000 3.600000e+03
736519 1.580000 1.580000 1.490000 1.490000 3.000000e+02
736522 1.570000 1.570000 1.550000 1.550000 1.800000e+03
736523 1.500000 1.500000 1.500000 1.500000 2.000000e+02
736524 1.590000 1.620000 1.590000 1.620000 8.000000e+02
736525 1.580000 1.580000 1.560000 1.570000 3.400000e+03
736526 1.590000 1.640000 1.480000 1.540000 6.600000e+03
736529 1.540000 1.540000 1.540000 1.540000 0.000000e+00
736530 1.560000 1.640000 1.560000 1.640000 4.500000e+03
736531 1.660000 2.570000 1.650000 2.220000 1.192900e+06
736532 2.980000 4.290000 2.900000 3.220000 1.324670e+07
736533 3.050000 4.900000 3.000000 4.040000 5.251000e+06
736536 4.490000 4.490000 3.270000 3.450000 9.587000e+05
736537 3.510000 3.510000 2.940000 3.220000 4.976000e+05
736538 3.190000 3.750000 3.170000 3.520000 1.405500e+06
736539 3.400000 3.520000 3.000000 3.050000 3.318000e+05
736540 2.950000 3.050000 2.530000 2.590000 4.156000e+05
736543 4.350000 7.090000 4.350000 6.610000 2.164750e+07
736544 7.700000 8.400000 6.160000 6.250000 8.146800e+06
736545 6.000000 6.050000 5.250000 5.770000 1.628300e+06
736546 5.510000 5.690000 5.220000 5.300000 3.480000e+05
736547 5.180000 6.480000 5.030000 5.760000 3.360700e+06
736550 5.440000 5.750000 5.250000 5.260000 4.176000e+05
736551 5.600000 5.600000 4.940000 5.100000 2.344000e+05
736552 5.400000 6.070000 4.750000 4.790000 1.819500e+06
736553 4.850000 4.890000 4.330000 4.580000 4.309000e+05
736554 4.530000 4.580000 4.370000 4.580000 1.251000e+05
736557 4.720000 5.080000 4.280000 4.830000 2.777000e+05
736558 4.600000 4.720000 4.450000 4.570000 1.510000e+05
736559 4.570000 4.570000 4.350000 4.430000 9.120000e+04
736560 4.300000 4.600000 4.300000 4.370000 4.840000e+04
736561 4.250000 4.310000 4.150000 4.200000 6.710000e+04
736564 4.040000 4.440000 3.890000 3.950000 9.360000e+04
736565 3.840000 3.980000 3.760000 3.790000 9.040000e+04
736566 3.670000 5.420000 3.670000 4.650000 3.193700e+06
736567 4.650000 5.150000 4.500000 4.770000 2.632100e+06
736568 4.680000 5.080000 4.000000 4.270000 2.404800e+06
736571 4.310000 4.310000 3.890000 4.010000 3.525000e+05
736572 4.050000 4.330000 3.900000 3.970000 2.003000e+05
736573 4.060000 4.060000 3.660000 3.960000 2.164000e+05
736574 3.820000 4.820000 3.800000 4.040000 2.457700e+06
736575 4.050000 4.250000 3.860000 4.030000 3.836000e+05
736579 4.050000 4.370000 3.910000 4.100000 2.958000e+05
736580 4.210000 4.310000 4.000000 4.070000 3.161000e+05
736581 4.050000 4.430000 4.050000 4.050000 4.748000e+05
736582 4.050000 4.140000 3.880000 3.900000 1.582000e+05
736585 3.920000 4.170000 3.890000 4.020000 1.163000e+05
736586 4.060000 4.060000 3.750000 3.800000 1.656000e+05
736587 3.980000 4.100000 3.710000 3.810000 2.280000e+05
736588 3.730000 3.800000 3.380000 3.530000 1.949000e+05
736589 3.400000 3.570000 3.380000 3.390000 9.900000e+04
736592 3.460000 3.520000 3.110000 3.120000 1.949000e+05
736593 3.140000 3.550000 3.120000 3.380000 3.124000e+05
736594 3.330000 3.840000 3.250000 3.690000 4.490000e+05
736595 3.710000 3.840000 3.470000 3.560000 1.838000e+05
736596 3.610000 3.610000 3.300000 3.400000 8.240000e+04
736599 3.380000 3.490000 3.210000 3.350000 1.329000e+05
736600 3.300000 3.370000 3.100000 3.210000 1.410000e+05
736601 3.150000 3.350000 3.120000 3.340000 1.071000e+05
736602 3.380000 4.450000 3.380000 3.670000 1.866400e+06
736603 3.670000 3.850000 3.400000 3.480000 1.428000e+05
736606 3.550000 3.550000 3.260000 3.450000 7.330000e+04
736607 3.420000 3.540000 3.250000 3.300000 1.067000e+05
736608 3.250000 3.410000 3.210000 3.300000 8.160000e+04
736609 3.260000 3.580000 3.250000 3.320000 2.160000e+05
736610 3.280000 3.310000 3.160000 3.210000 6.780000e+04
736613 3.130000 3.400000 3.130000 3.340000 7.760000e+04
736614 3.370000 3.370000 3.070000 3.090000 9.810000e+04
736615 3.110000 3.230000 2.920000 2.990000 9.750000e+04
736616 3.000000 3.000000 2.740000 2.810000 8.390000e+04
736617 2.840000 2.840000 2.660000 2.670000 4.480000e+04
736620 2.620000 2.750000 2.500000 2.600000 8.020000e+04
736621 2.690000 2.690000 2.500000 2.610000 8.160000e+04
736622 2.590000 2.920000 2.590000 2.660000 7.660000e+04
736623 2.770000 3.670000 2.770000 3.000000 1.432900e+06
736624 2.860000 3.000000 2.660000 2.810000 1.219000e+05
736627 2.800000 2.870000 2.600000 2.690000 7.770000e+04
736628 2.990000 2.990000 2.680000 2.750000 4.810000e+04
736629 2.800000 2.850000 2.620000 2.670000 7.560000e+04
736630 2.670000 2.760000 2.540000 2.640000 6.950000e+04
736631 2.560000 2.810000 2.560000 2.600000 5.990000e+04
736634 2.620000 2.710000 2.460000 2.510000 5.360000e+04
736635 2.560000 2.670000 2.400000 2.520000 5.390000e+04
736636 2.600000 2.600000 2.000000 2.160000 1.550000e+05
736637 2.170000 2.500000 2.030000 2.300000 1.130000e+05
736638 2.230000 2.420000 2.070000 2.160000 3.790000e+04
736641 2.050000 2.390000 2.050000 2.210000 4.540000e+04
736642 2.130000 2.460000 2.130000 2.320000 4.690000e+04
736643 2.260000 2.400000 2.050000 2.350000 5.420000e+04
736644 2.510000 3.370000 2.350000 2.930000 1.200200e+06
736645 2.810000 3.600000 2.520000 2.830000 1.152100e+06
736648 2.780000 3.600000 2.750000 3.400000 1.432700e+06
736649 4.950000 6.520000 4.610000 5.390000 1.489380e+07
736650 6.480000 8.400000 5.600000 6.090000 1.228300e+07
736651 7.500000 7.930000 3.800000 4.350000 4.458500e+06
736652 4.360000 4.700000 3.600000 3.860000 1.506400e+06
736655 3.920000 4.120000 3.230000 3.290000 7.938000e+05
736656 3.190000 3.550000 3.100000 3.430000 4.365000e+05
736657 3.160000 3.870000 3.100000 3.390000 7.339000e+05
736659 3.390000 3.570000 3.100000 3.210000 2.599000e+05
736662 3.170000 3.420000 2.980000 3.000000 5.132000e+05
736663 3.010000 3.200000 2.930000 3.080000 2.713000e+05
736664 3.110000 3.360000 3.020000 3.190000 4.115000e+05
736665 3.350000 3.350000 2.910000 3.120000 2.526000e+05
736666 3.120000 3.210000 2.950000 3.040000 9.300000e+04
736669 3.090000 3.180000 2.990000 3.110000 8.650000e+04
736670 3.170000 3.170000 2.960000 3.010000 1.075000e+05
736671 2.950000 3.140000 2.950000 3.000000 9.830000e+04
736672 3.020000 3.050000 2.800000 2.950000 2.649000e+05
736673 2.870000 3.030000 2.830000 2.980000 8.000000e+04
736676 2.990000 2.990000 2.850000 2.850000 4.990000e+04
736677 2.800000 2.870000 2.610000 2.750000 1.182000e+05
736678 2.680000 2.780000 2.390000 2.390000 1.251000e+05
736679 2.500000 3.200000 2.440000 3.000000 1.708400e+06
736680 3.250000 3.290000 2.700000 2.780000 4.940000e+05
736683 2.750000 2.830000 2.560000 2.700000 1.441000e+05
736684 2.630000 2.800000 2.600000 2.630000 7.250000e+04
736685 2.720000 2.760000 2.600000 2.630000 6.990000e+04
736686 2.600000 2.660000 2.250000 2.560000 1.426000e+05
736687 2.470000 2.580000 2.360000 2.430000 1.291000e+05
736691 2.430000 2.550000 2.340000 2.420000 8.400000e+04
736692 2.410000 2.480000 2.310000 2.350000 1.120000e+05
736693 2.300000 2.400000 2.280000 2.320000 9.560000e+04
736694 2.280000 2.350000 2.250000 2.250000 1.080000e+05
736698 2.250000 2.410000 2.200000 2.340000 1.607000e+05
736699 2.450000 2.450000 2.280000 2.390000 1.189000e+05
736700 2.400000 2.540000 2.380000 2.430000 1.084000e+05
736701 2.430000 2.530000 2.360000 2.450000 9.520000e+04
736704 2.450000 2.470000 2.350000 2.350000 4.950000e+04
736705 2.300000 2.430000 2.280000 2.280000 5.820000e+04
736706 2.260000 2.490000 2.210000 2.330000 1.864000e+05
736707 2.280000 2.340000 2.250000 2.270000 6.370000e+04
736708 2.250000 2.680000 2.250000 2.500000 6.736000e+05
736712 2.500000 2.520000 2.310000 2.310000 1.855000e+05
736713 2.330000 2.540000 2.310000 2.370000 1.713000e+05
736714 2.340000 2.450000 2.320000 2.380000 1.366000e+05
736715 2.440000 2.580000 2.320000 2.380000 2.691000e+05
736718 2.350000 2.440000 2.250000 2.320000 1.150000e+05
736719 2.270000 2.350000 2.270000 2.300000 7.220000e+04
736720 2.270000 2.430000 2.260000 2.320000 5.700000e+04
736721 2.400000 2.400000 2.280000 2.290000 5.990000e+04
736722 2.340000 2.350000 2.110000 2.140000 2.219000e+05
736725 2.180000 2.180000 2.020000 2.030000 1.229000e+05
736726 2.320000 2.320000 2.100000 2.210000 3.715000e+05
736727 2.190000 2.300000 2.070000 2.120000 1.665000e+05
736728 2.080000 2.110000 2.060000 2.080000 4.760000e+04
736729 2.050000 2.130000 2.030000 2.080000 7.560000e+04
736732 2.080000 2.300000 2.040000 2.230000 3.649000e+05
736733 2.250000 2.280000 2.080000 2.120000 1.161000e+05
736734 2.150000 2.150000 2.050000 2.090000 7.450000e+04
736735 2.090000 2.110000 2.000000 2.090000 1.085000e+05
736736 2.090000 2.100000 2.040000 2.080000 3.850000e+04
736739 2.080000 2.270000 2.050000 2.110000 3.122000e+05
736740 2.400000 2.400000 2.100000 2.160000 1.137000e+05
736741 2.150000 2.240000 2.100000 2.190000 8.820000e+04
736742 2.230000 3.000000 2.200000 3.000000 1.187800e+06
736743 4.500000 4.950000 3.200000 3.220000 1.496840e+07
736747 3.250000 3.280000 2.520000 2.680000 1.309900e+06
736748 2.700000 2.770000 2.290000 2.400000 6.218000e+05
736749 2.450000 2.450000 2.180000 2.260000 5.665000e+05
736750 2.230000 2.600000 2.180000 2.390000 1.271700e+06
736753 2.380000 2.480000 2.210000 2.230000 4.263000e+05
736754 2.260000 2.300000 2.080000 2.150000 6.981000e+05
736755 2.090000 2.160000 2.040000 2.080000 6.046000e+05
736756 2.010000 2.050000 1.850000 1.940000 5.326000e+05
736757 1.920000 2.170000 1.900000 2.050000 3.841000e+05
736760 2.050000 2.050000 1.820000 1.890000 7.090000e+05
736761 1.800000 1.820000 1.620000 1.670000 9.122000e+05
736762 1.670000 1.680000 1.510000 1.570000 5.857000e+05
736763 1.570000 1.720000 1.350000 1.430000 1.874300e+06
736764 1.400000 1.490000 1.300000 1.360000 1.011200e+06
