736034 49.099998 51.000000 48.759998 50.400002 3.375000e+05
736035 50.900002 51.750000 50.060001 50.360001 4.464000e+05
736036 50.160000 50.580002 48.029999 48.610001 3.293000e+05
736039 48.610001 50.310001 48.439999 50.290001 3.768000e+05
736040 49.970001 50.389999 49.270000 49.549999 2.609000e+05
736041 49.400002 51.290001 48.889999 50.889999 3.354000e+05
736042 50.849998 51.360001 50.020000 50.639999 1.966000e+05
736043 50.959999 51.900002 50.700001 51.340000 1.657100e+06
736046 51.389999 52.299999 51.250000 51.790001 3.120000e+05
736047 51.770000 52.220001 51.209999 51.459999 1.764000e+05
736048 51.500000 51.740002 50.400002 50.470001 2.384000e+05
736049 50.169998 50.680000 48.939999 50.270000 2.476000e+05
736050 50.160000 51.320000 49.590000 50.720001 3.423000e+05
736053 50.919998 52.630001 50.799999 52.419998 4.830000e+05
736054 52.160000 55.130001 51.680000 54.529999 5.451000e+05
736055 54.779999 55.279999 53.330002 54.209999 3.469000e+05
736056 54.070000 55.650002 54.070000 54.549999 2.862000e+05
736060 54.310001 55.450001 53.810001 54.310001 1.931000e+05
736061 54.400002 54.970001 53.880001 54.060001 1.663000e+05
736062 54.200001 57.720001 53.310001 56.880001 5.988000e+05
736063 57.139999 57.330002 55.049999 56.139999 3.113000e+05
736064 55.939999 56.189999 53.779999 54.200001 3.978000e+05
736067 54.290001 54.740002 52.439999 52.740002 2.964000e+05
736068 52.630001 53.639999 51.869999 53.430000 2.584000e+05
736069 52.869999 53.840000 52.480000 52.549999 2.485000e+05
736070 52.189999 52.529999 51.060001 51.200001 2.080000e+05
736071 50.869999 50.869999 49.330002 49.849998 2.962000e+05
736074 50.189999 51.759998 49.840000 51.730000 2.441000e+05
736075 51.759998 52.650002 51.509998 51.970001 2.181000e+05
736076 51.889999 52.200001 51.090000 51.480000 2.019000e+05
736077 51.389999 51.410000 49.700001 49.970001 3.526000e+05
736078 50.130001 51.970001 49.259998 51.669998 3.755000e+05
736081 52.009998 52.599998 50.020000 50.200001 3.012000e+05
736082 50.169998 51.320000 49.490002 50.139999 2.814000e+05
736083 50.000000 50.349998 48.759998 49.160000 3.496000e+05
736084 48.990002 49.169998 46.720001 46.919998 5.233000e+05
736085 47.139999 49.270000 46.919998 48.790001 3.888000e+05
736088 49.000000 49.930000 48.860001 49.090000 2.528000e+05
736089 49.110001 49.430000 48.080002 48.279999 2.280000e+05
736090 48.520000 49.060001 47.639999 48.759998 2.070000e+05
736091 48.570000 50.880001 48.549999 50.689999 3.823000e+05
736092 55.939999 55.990002 52.049999 52.570000 8.629000e+05
736095 52.779999 53.029999 49.970001 50.860001 4.833000e+05
736096 50.410000 50.500000 48.900002 49.160000 2.844000e+05
736097 49.250000 49.250000 47.759998 48.799999 3.912000e+05
736098 49.279999 50.209999 48.540001 50.009998 2.319000e+05
736099 49.820000 50.490002 49.680000 50.230000 1.929000e+05
736102 50.020000 51.290001 49.580002 51.250000 2.526000e+05
736103 51.259998 52.439999 51.259998 52.180000 3.115000e+05
736104 52.180000 52.180000 51.029999 51.240002 1.825000e+05
736105 51.040001 51.750000 51.040001 51.560001 1.696000e+05
736106 51.389999 51.580002 49.930000 49.959999 2.440000e+05
736110 49.820000 50.389999 48.779999 50.349998 2.444000e+05
736111 50.360001 51.590000 49.820000 51.529999 1.523000e+05
736112 51.389999 51.740002 50.570000 51.700001 2.474000e+05
736113 51.549999 51.889999 50.529999 50.599998 1.961000e+05
736116 50.910000 51.540001 50.119999 51.049999 1.584000e+05
736117 50.720001 51.599998 50.250000 51.040001 1.477000e+05
736118 51.250000 52.230000 50.849998 51.980000 2.007000e+05
736119 51.650002 52.049999 50.470001 50.750000 1.175000e+05
736120 50.779999 51.389999 50.000000 51.320000 1.769000e+05
736123 51.009998 51.250000 49.950001 50.000000 1.638000e+05
736124 49.930000 50.410000 48.680000 49.650002 1.818000e+05
736125 49.990002 51.360001 49.849998 51.310001 1.828000e+05
736126 51.430000 52.220001 51.299999 51.720001 1.514000e+05
736127 51.560001 51.639999 51.000000 51.330002 1.399000e+05
736130 50.959999 51.540001 50.119999 51.209999 1.730000e+05
736131 51.000000 51.500000 49.970001 50.860001 2.395000e+05
736132 50.980000 51.430000 49.860001 50.549999 1.788000e+05
736133 50.590000 52.119999 50.590000 51.730000 3.247000e+05
736134 51.779999 52.520000 51.520000 51.970001 9.198000e+05
736137 52.490002 53.480000 52.180000 52.759998 2.833000e+05
736138 52.959999 53.139999 52.130001 52.599998 2.031000e+05
736139 52.950001 53.560001 52.029999 52.290001 1.922000e+05
736140 52.630001 52.680000 51.400002 51.689999 1.898000e+05
736141 51.910000 52.150002 50.919998 51.040001 4.741000e+05
736144 50.779999 51.139999 48.880001 49.080002 3.642000e+05
736145 49.599998 50.139999 49.259998 49.430000 2.988000e+05
736146 50.160000 50.160000 48.860001 49.750000 2.486000e+05
736147 49.900002 49.900002 48.029999 48.209999 2.789000e+05
736151 47.840000 48.680000 47.410000 47.869999 2.154000e+05
736152 48.160000 48.160000 45.799999 46.139999 4.963000e+05
736153 45.529999 46.049999 45.060001 45.250000 3.877000e+05
736154 46.049999 47.060001 45.529999 46.980000 4.800000e+05
736155 47.650002 48.250000 47.279999 47.900002 3.006000e+05
736158 48.400002 49.279999 47.980000 48.950001 8.135000e+05
736159 48.630001 49.130001 48.330002 48.450001 2.324000e+05
736160 48.500000 48.500000 46.930000 47.160000 2.991000e+05
736161 47.570000 48.320000 47.160000 47.439999 2.521000e+05
736162 47.540001 48.270000 47.259998 47.599998 3.684000e+05
736165 47.650002 48.070000 46.500000 46.689999 2.666000e+05
736166 46.639999 47.720001 46.520000 47.230000 1.578000e+05
736167 47.009998 48.139999 46.770000 47.230000 2.653000e+05
736168 47.180000 47.570000 46.450001 46.500000 2.459000e+05
736169 46.590000 46.930000 45.509998 45.730000 3.441000e+05
736172 45.639999 46.500000 45.169998 45.490002 2.510000e+05
736173 45.849998 45.849998 43.490002 44.270000 5.571000e+05
736174 44.310001 45.279999 43.880001 44.869999 3.184000e+05
736175 44.790001 45.189999 44.389999 45.070000 4.018000e+05
736176 45.240002 46.939999 45.029999 45.369999 5.825000e+05
736179 38.919998 41.180000 34.200001 38.840000 4.204400e+06
736180 39.000000 40.740002 38.619999 40.570000 1.589000e+06
736181 40.639999 41.320000 38.500000 39.419998 8.858000e+05
736182 39.090000 39.910000 38.720001 39.779999 1.023100e+06
736183 39.520000 40.270000 39.299999 40.099998 5.248000e+05
736186 40.209999 42.200001 40.209999 41.939999 5.716000e+05
736187 41.439999 41.990002 40.910000 41.669998 4.396000e+05
736188 41.000000 41.840000 40.480000 41.320000 4.157000e+05
736189 41.310001 41.840000 40.759998 40.869999 3.158000e+05
736190 40.669998 41.200001 40.020000 40.939999 3.130000e+05
736193 40.730000 41.529999 40.250000 41.169998 2.606000e+05
736194 41.169998 41.869999 40.770000 41.759998 4.206000e+05
736195 41.669998 42.610001 40.889999 42.200001 4.233000e+05
736196 41.669998 41.959999 39.720001 39.889999 5.081000e+05
736197 39.000000 40.900002 38.590000 40.279999 6.299000e+05
736200 37.009998 40.689999 33.840000 38.869999 6.280000e+05
736201 40.200001 40.200001 37.119999 37.310001 5.373000e+05
736202 38.180000 38.349998 36.790001 37.570000 5.758000e+05
736203 37.939999 39.080002 37.900002 39.009998 5.115000e+05
736204 39.000000 40.000000 38.810001 39.169998 5.758000e+05
736207 39.080002 39.400002 38.669998 38.810001 3.467000e+05
736208 38.029999 38.290001 36.930000 37.119999 3.856000e+05
736209 37.669998 38.180000 36.900002 38.150002 3.885000e+05
736210 38.349998 39.240002 38.349998 38.980000 3.820000e+05
736211 38.380001 38.540001 37.330002 37.709999 3.207000e+05
736215 38.520000 39.119999 38.230000 38.730000 4.097000e+05
736216 39.230000 39.230000 37.939999 38.049999 2.254000e+05
736217 37.630001 38.349998 37.259998 37.459999 3.589000e+05
736218 37.130001 37.889999 36.830002 37.419998 5.556000e+05
736221 37.490002 37.689999 36.520000 36.790001 4.721000e+05
736222 36.889999 37.360001 36.619999 37.139999 4.179000e+05
736223 37.180000 37.259998 36.790001 37.049999 3.792000e+05
736224 37.130001 37.799999 36.820000 37.040001 4.372000e+05
736225 36.610001 36.700001 34.750000 35.500000 3.721800e+06
736228 36.000000 36.400002 35.419998 35.500000 4.063000e+05
736229 35.139999 35.490002 33.779999 33.990002 5.143000e+05
736230 34.130001 34.130001 32.810001 32.849998 4.261000e+05
736231 33.209999 34.700001 32.610001 34.549999 1.158100e+06
736232 34.810001 35.290001 34.730000 34.930000 6.849000e+05
736235 34.720001 34.959999 33.509998 33.799999 5.673000e+05
736236 33.820000 33.939999 32.110001 32.150002 5.190000e+05
736237 32.630001 33.450001 31.730000 33.330002 7.914000e+05
736238 34.220001 36.410000 33.720001 36.090000 8.726000e+05
736239 35.529999 37.480000 35.189999 37.430000 5.613000e+05
736242 37.650002 39.419998 37.650002 39.070000 4.511000e+05
736243 39.060001 39.619999 38.470001 38.669998 3.199000e+05
736244 38.930000 40.660000 38.930000 40.450001 3.613000e+05
736245 40.080002 40.849998 39.910000 40.750000 2.962000e+05
736246 40.990002 40.990002 40.279999 40.540001 2.224000e+05
736249 40.439999 40.529999 39.250000 40.130001 3.150000e+05
736250 40.000000 40.360001 39.630001 39.959999 4.127000e+05
736251 39.889999 40.209999 39.070000 39.750000 3.828000e+05
736252 39.970001 40.700001 39.320000 40.680000 2.878000e+05
736253 40.759998 41.220001 40.080002 41.150002 1.658000e+05
736256 40.950001 41.410000 40.709999 40.930000 2.858000e+05
736257 40.869999 41.209999 39.959999 40.700001 4.259000e+05
736258 40.939999 41.279999 40.060001 40.570000 2.880000e+05
736259 40.700001 41.500000 39.820000 41.200001 3.280000e+05
736260 41.580002 42.580002 41.380001 42.480000 5.467000e+05
736263 42.549999 42.959999 40.720001 41.639999 4.855000e+05
736264 40.310001 40.310001 36.299999 39.240002 1.311200e+06
736265 39.369999 40.419998 38.680000 40.419998 6.087000e+05
736266 39.849998 40.799999 38.320000 38.959999 4.701000e+05
736267 38.910000 39.619999 38.450001 39.070000 4.725000e+05
736270 39.090000 39.680000 38.810001 39.389999 4.384000e+05
736271 39.180000 39.520000 38.669998 38.970001 5.827000e+05
736272 38.930000 39.660000 38.689999 39.029999 3.898000e+05
736273 38.910000 39.270000 38.340000 39.099998 2.726000e+05
736274 38.849998 40.680000 38.849998 40.470001 3.682000e+05
736277 40.430000 40.459999 38.830002 39.330002 3.552000e+05
736278 39.189999 40.380001 39.130001 40.029999 2.392000e+05
736279 40.230000 40.439999 39.279999 40.090000 2.296000e+05
736280 39.709999 40.049999 38.290001 38.450001 4.437000e+05
736281 38.130001 39.389999 38.009998 38.889999 2.631000e+05
736284 38.820000 40.410000 38.820000 40.240002 2.503000e+05
736285 40.450001 41.000000 39.470001 39.500000 2.080000e+05
736286 39.779999 40.889999 39.459999 40.849998 2.757000e+05
736287 40.790001 41.529999 40.580002 41.060001 2.261000e+05
736288 41.340000 41.900002 40.990002 41.180000 1.566000e+05
736291 41.029999 42.459999 41.029999 41.820000 2.735000e+05
736292 41.509998 43.450001 41.509998 43.000000 3.390000e+05
736293 42.869999 43.619999 42.639999 43.070000 2.570000e+05
736295 43.000000 43.709999 42.709999 42.990002 9.890000e+04
736298 43.169998 44.150002 42.849998 43.299999 3.081000e+05
736299 43.500000 43.660000 43.049999 43.400002 2.796000e+05
736300 43.410000 44.110001 43.220001 43.480000 2.190000e+05
736301 43.619999 44.169998 41.200001 41.279999 4.225000e+05
736302 41.419998 42.060001 40.889999 41.889999 3.090000e+05
736305 41.580002 42.299999 41.369999 41.820000 2.665000e+05
736306 41.139999 42.759998 41.000000 42.709999 3.822000e+05
736307 42.509998 43.220001 41.250000 41.290001 2.374000e+05
736308 41.250000 41.630001 40.330002 40.580002 2.839000e+05
736309 39.900002 40.250000 38.869999 39.009998 3.867000e+05
736312 38.939999 39.330002 37.430000 38.290001 4.294000e+05
736313 38.570000 39.119999 37.660000 39.000000 2.614000e+05
736314 39.410000 41.259998 39.169998 40.389999 2.738000e+05
736315 40.270000 40.380001 39.459999 39.459999 4.221000e+05
736316 39.180000 39.799999 38.029999 38.060001 5.278000e+05
736319 38.419998 38.990002 37.000000 37.150002 3.568000e+05
736320 37.240002 37.480000 36.369999 37.400002 3.826000e+05
736321 37.520000 38.349998 36.799999 38.200001 4.054000e+05
736322 38.299999 39.310001 38.299999 38.910000 1.314000e+05
736326 38.650002 38.700001 37.139999 37.560001 3.260000e+05
736327 37.889999 38.980000 37.750000 38.650002 1.935000e+05
736328 38.549999 38.880001 38.310001 38.430000 2.405000e+05
736329 38.330002 38.619999 37.520000 38.040001 4.636000e+05
736333 37.150002 37.200001 36.060001 36.110001 4.059000e+05
736334 36.189999 36.270000 35.009998 35.160000 2.302000e+05
736335 34.549999 35.490002 34.540001 35.040001 3.058000e+05
736336 34.240002 35.290001 34.150002 34.410000 4.343000e+05
736337 34.650002 34.990002 33.660000 33.709999 3.530000e+05
736340 33.820000 34.509998 33.200001 34.340000 2.978000e+05
736341 34.750000 35.299999 34.220001 34.689999 3.407000e+05
736342 34.689999 35.090000 32.419998 33.290001 3.662000e+05
736343 33.480000 33.639999 32.380001 33.090000 3.665000e+05
736344 32.080002 33.270000 31.900000 33.119999 3.585000e+05
736348 33.490002 33.599998 31.889999 32.200001 5.197000e+05
736349 31.740000 33.099998 31.110001 32.590000 6.603000e+05
736350 32.599998 34.470001 32.200001 33.740002 6.305000e+05
736351 34.330002 36.169998 34.330002 35.180000 3.730000e+05
736354 34.980000 35.959999 34.860001 35.240002 5.381000e+05
736355 35.259998 37.020000 34.939999 36.959999 3.953000e+05
736356 36.889999 36.900002 35.619999 35.669998 3.689000e+05
736357 36.209999 36.240002 35.380001 35.580002 1.513000e+05
736358 35.740002 37.630001 35.740002 37.560001 3.169000e+05
736361 36.580002 37.669998 35.790001 36.389999 2.868000e+05
736362 35.580002 35.779999 34.619999 34.680000 2.214000e+05
736363 35.090000 35.599998 34.110001 35.549999 2.863000e+05
736364 35.419998 37.080002 35.419998 36.709999 2.924000e+05
736365 36.590000 36.750000 34.840000 34.930000 2.666000e+05
736368 34.340000 34.340000 32.980000 33.410000 3.802000e+05
736369 32.759998 34.470001 32.669998 33.830002 3.386000e+05
736370 34.310001 34.720001 33.320000 33.369999 4.426000e+05
736371 32.750000 33.320000 32.299999 32.500000 4.962000e+05
736372 32.930000 34.000000 32.590000 33.709999 4.090000e+05
736376 34.419998 35.119999 33.900002 34.980000 3.275000e+05
736377 35.220001 35.840000 35.090000 35.090000 2.169000e+05
736378 35.209999 35.220001 34.419998 34.500000 3.384000e+05
736379 34.480000 34.910000 33.880001 34.660000 4.784000e+05
736382 34.880001 36.349998 34.830002 36.299999 9.066000e+05
736383 38.500000 41.299999 37.380001 39.840000 1.438100e+06
736384 41.360001 42.680000 41.310001 42.450001 5.549500e+06
736385 42.459999 42.880001 41.660000 42.599998 1.010500e+06
736386 42.650002 43.320000 42.150002 42.950001 7.142000e+05
736389 43.060001 43.630001 42.599998 43.070000 7.023000e+05
736390 43.180000 44.009998 42.560001 43.630001 6.686000e+05
736391 43.480000 44.070000 42.959999 43.910000 5.804000e+05
736392 43.860001 44.410000 43.680000 44.029999 4.193000e+05
736393 43.790001 44.520000 43.419998 43.930000 4.276000e+05
736396 43.709999 44.849998 43.520000 44.849998 4.031000e+05
736397 44.330002 44.650002 43.410000 43.520000 2.644000e+05
736398 43.590000 43.709999 42.310001 42.430000 5.036000e+05
736399 42.619999 43.209999 41.619999 42.450001 4.194000e+05
736400 42.830002 43.040001 42.119999 42.680000 4.564000e+05
736403 42.599998 43.529999 42.259998 43.450001 3.000000e+05
736404 43.130001 43.570000 42.770000 43.310001 3.208000e+05
736405 43.090000 44.520000 43.000000 44.080002 3.074000e+05
736406 43.970001 45.880001 43.779999 45.540001 4.475000e+05
736407 45.840000 46.400002 45.599998 45.639999 4.604000e+05
736410 45.820000 46.330002 45.410000 45.939999 3.869000e+05
736411 45.700001 47.320000 45.700001 46.730000 5.216000e+05
736412 46.639999 47.099998 45.400002 45.700001 4.461000e+05
736413 45.560001 46.279999 45.270000 46.009998 3.046000e+05
736417 46.049999 46.779999 45.759998 46.290001 2.604000e+05
736418 46.299999 48.049999 46.090000 47.849998 3.648000e+05
736419 48.049999 48.049999 46.799999 47.430000 2.109000e+05
736420 47.590000 48.139999 47.090000 47.930000 4.939000e+05
736421 47.299999 47.900002 46.799999 47.730000 2.127000e+05
736424 47.820000 48.570000 47.660000 48.049999 2.654000e+05
736425 47.570000 48.590000 47.570000 47.619999 2.837000e+05
736426 47.740002 48.730000 47.599998 48.650002 2.559000e+05
736427 48.330002 48.700001 47.959999 48.250000 2.711000e+05
736428 48.750000 49.310001 48.279999 48.500000 1.343000e+05
736431 49.099998 49.660000 47.849998 47.919998 2.018000e+05
736432 47.840000 48.900002 47.799999 48.459999 2.453000e+05
736433 48.830002 49.779999 47.910000 49.770000 2.552000e+05
736434 49.669998 50.619999 49.389999 50.459999 3.352000e+05
736435 50.279999 50.549999 48.959999 49.070000 2.966000e+05
736438 48.930000 50.180000 48.630001 49.490002 3.449000e+05
736439 49.580002 49.730000 48.029999 48.610001 2.217000e+05
736440 48.740002 49.279999 48.340000 49.009998 2.121000e+05
736441 48.799999 49.369999 48.750000 48.900002 2.465000e+05
736442 49.000000 49.410000 48.669998 49.169998 3.514000e+05
736445 49.009998 49.560001 48.830002 49.259998 2.669000e+05
736446 49.369999 49.959999 49.020000 49.450001 1.951000e+05
736447 49.520000 50.360001 48.740002 49.910000 3.147000e+05
736448 49.599998 50.000000 48.320000 48.400002 2.256000e+05
736449 48.369999 48.369999 47.139999 47.450001 3.012000e+05
736452 47.790001 48.220001 47.509998 47.700001 3.748000e+05
736453 47.389999 47.490002 46.150002 46.630001 2.784000e+05
736454 46.340000 46.770000 45.540001 45.709999 3.346000e+05
736455 45.990002 46.959999 45.689999 46.669998 2.755000e+05
736456 46.639999 47.310001 44.970001 45.930000 5.179000e+05
736459 46.049999 46.619999 45.900002 46.090000 4.782000e+05
736460 49.490002 50.000000 41.700001 44.020000 1.519500e+06
736461 43.790001 44.360001 42.060001 43.110001 5.464000e+05
736462 43.349998 43.520000 42.090000 42.209999 3.132000e+05
736463 42.090000 42.560001 41.299999 41.540001 4.859000e+05
736466 41.570000 42.369999 41.490002 41.580002 3.885000e+05
736467 41.520000 42.860001 41.110001 42.599998 4.159000e+05
736468 42.250000 43.020000 41.919998 42.200001 2.442000e+05
736469 42.000000 42.389999 41.330002 41.889999 1.707000e+05
736470 42.150002 42.869999 42.150002 42.860001 2.231000e+05
736473 43.009998 43.599998 42.310001 42.580002 2.264000e+05
736474 42.950001 44.660000 42.549999 44.509998 4.030000e+05
736475 44.750000 45.119999 44.349998 44.630001 2.259000e+05
736476 44.610001 45.130001 44.099998 44.660000 2.288000e+05
736477 44.480000 44.910000 44.290001 44.310001 4.530000e+05
736481 44.299999 45.360001 44.220001 45.169998 3.580000e+05
736482 45.139999 45.139999 44.110001 44.130001 2.618000e+05
736483 43.840000 44.119999 42.689999 43.279999 2.634000e+05
736484 43.270000 43.320000 42.820000 43.169998 2.018000e+05
736487 43.169998 43.639999 43.080002 43.590000 2.119000e+05
736488 43.610001 44.320000 43.410000 43.799999 2.318000e+05
736489 43.779999 44.599998 43.580002 44.529999 2.318000e+05
736490 44.340000 44.380001 43.660000 43.779999 1.582000e+05
736491 43.290001 43.290001 42.110001 42.439999 2.369000e+05
736494 42.119999 42.900002 41.330002 41.430000 2.141000e+05
736495 41.130001 41.730000 41.000000 41.290001 4.569000e+05
736496 41.480000 42.119999 41.400002 41.410000 1.803000e+05
736497 40.959999 41.349998 40.500000 41.310001 2.082000e+05
736498 41.410000 42.160000 40.779999 41.990002 4.056000e+05
736501 42.480000 43.220001 42.349998 42.400002 1.449000e+05
736502 42.480000 42.730000 41.630001 42.009998 1.325000e+05
736503 42.000000 42.790001 41.849998 42.049999 1.290000e+05
736504 42.470001 43.630001 42.439999 43.630001 1.950000e+05
736505 41.450001 42.369999 41.290001 41.619999 2.762000e+05
736508 41.189999 41.189999 39.740002 40.639999 2.749000e+05
736509 41.080002 41.709999 40.900002 41.509998 1.918000e+05
736510 41.980000 43.169998 41.700001 42.970001 2.041000e+05
736511 43.180000 44.930000 42.730000 44.919998 2.951000e+05
736512 44.889999 46.310001 44.779999 45.070000 3.119000e+05
736516 44.840000 45.160000 44.380001 45.029999 2.869000e+05
736517 44.849998 45.470001 44.509998 45.330002 2.392000e+05
736518 45.410000 45.720001 44.950001 45.520000 2.201000e+05
736519 45.610001 46.869999 45.500000 46.750000 2.310000e+05
736522 47.060001 48.480000 47.009998 48.360001 1.945000e+05
736523 48.500000 49.490002 48.459999 49.000000 2.212000e+05
736524 49.220001 49.299999 48.480000 48.849998 1.901000e+05
736525 49.000000 49.000000 48.340000 48.500000 1.475000e+05
736526 48.820000 48.820000 48.020000 48.750000 2.130000e+05
736529 48.830002 49.220001 48.480000 48.689999 2.771000e+05
736530 48.669998 48.919998 48.380001 48.720001 1.296000e+05
736531 48.720001 48.950001 48.310001 48.799999 1.593000e+05
736532 48.570000 48.790001 47.730000 47.759998 2.240000e+05
736533 47.660000 48.099998 47.380001 47.799999 2.193000e+05
736536 47.779999 48.340000 47.730000 48.090000 1.806000e+05
736537 48.259998 49.130001 48.259998 48.910000 1.407000e+05
736538 49.099998 49.450001 48.820000 49.439999 1.617000e+05
736539 49.330002 49.939999 48.860001 48.880001 1.993000e+05
736540 48.869999 48.919998 48.119999 48.500000 2.116000e+05
736543 48.610001 49.040001 48.029999 48.900002 2.060000e+05
736544 51.880001 57.740002 51.880001 56.950001 1.849800e+06
736545 55.480000 58.730000 53.910000 57.689999 1.038800e+06
736546 57.730000 58.709999 57.020000 58.119999 5.279000e+05
736547 58.500000 60.279999 58.360001 59.250000 4.737000e+05
736550 59.459999 60.360001 59.459999 59.570000 3.496000e+05
736551 59.419998 59.689999 58.520000 58.750000 4.232000e+05
736552 58.900002 60.169998 58.549999 60.160000 3.124000e+05
736553 60.480000 60.619999 59.720001 60.230000 2.429000e+05
736554 60.009998 60.459999 59.220001 60.009998 1.740000e+05
736557 59.959999 61.009998 59.820000 60.599998 1.377000e+05
736558 60.500000 60.500000 59.470001 59.919998 2.001000e+05
736559 60.000000 60.189999 59.580002 59.970001 2.474000e+05
736560 59.810001 60.540001 59.680000 60.080002 1.571000e+05
736561 60.000000 60.709999 59.730000 60.200001 1.399000e+05
736564 59.799999 60.959999 59.740002 60.910000 2.050000e+05
736565 61.000000 62.490002 60.980000 62.040001 2.227000e+05
736566 61.770000 62.150002 61.029999 61.330002 1.299000e+05
736567 61.310001 62.090000 61.009998 62.070000 1.370000e+05
736568 62.430000 62.930000 61.040001 61.779999 1.345000e+05
736571 61.689999 64.160004 61.689999 63.750000 3.792000e+05
736572 64.080002 64.360001 62.700001 63.110001 2.909000e+05
736573 62.750000 63.099998 61.540001 61.939999 2.721000e+05
736574 61.980000 62.320000 61.270000 62.040001 2.003000e+05
736575 62.009998 62.299999 61.700001 61.889999 1.941000e+05
736579 62.230000 62.389999 60.930000 61.840000 2.909000e+05
736580 61.849998 61.930000 61.150002 61.549999 3.404000e+05
736581 61.599998 61.680000 60.099998 60.380001 2.322000e+05
736582 59.770000 59.779999 57.029999 57.400002 3.478000e+05
736585 56.990002 58.910000 56.910000 58.680000 1.879000e+05
736586 58.200001 58.480000 56.720001 57.400002 2.065000e+05
736587 57.369999 57.990002 57.150002 57.910000 2.021000e+05
736588 58.020000 58.020000 56.130001 57.270000 2.953000e+05
736589 57.150002 57.270000 56.490002 56.619999 3.521000e+05
736592 56.759998 57.709999 56.500000 56.849998 1.520000e+05
736593 57.189999 57.209999 56.520000 56.790001 1.177000e+05
736594 57.180000 57.959999 56.700001 57.889999 1.530000e+05
736595 58.330002 58.730000 57.759998 58.560001 2.442000e+05
736596 58.560001 58.990002 57.959999 58.549999 1.379000e+05
736599 58.169998 59.110001 58.080002 58.139999 1.002000e+05
736600 58.340000 59.840000 58.150002 59.310001 1.807000e+05
736601 59.560001 59.959999 59.070000 59.639999 1.500000e+05
736602 59.680000 59.900002 58.180000 58.389999 1.794000e+05
736603 58.869999 59.009998 58.009998 58.720001 1.491000e+05
736606 58.709999 59.900002 57.950001 58.680000 2.807000e+05
736607 58.810001 59.470001 58.619999 58.880001 1.556000e+05
736608 58.990002 59.750000 58.990002 59.330002 9.280000e+04
736609 59.180000 61.080002 59.060001 60.509998 1.289000e+05
736610 60.450001 60.490002 59.369999 59.799999 1.334000e+05
736613 60.270000 61.330002 60.270000 60.900002 9.950000e+04
736614 60.619999 60.930000 59.020000 59.200001 1.149000e+05
736615 59.189999 59.910000 58.689999 59.270000 1.384000e+05
736616 58.660000 58.840000 58.040001 58.099998 1.306000e+05
736617 58.430000 59.459999 58.369999 58.590000 8.680000e+04
736620 58.770000 59.240002 58.270000 59.180000 9.530000e+04
736621 59.930000 59.930000 58.730000 58.740002 8.270000e+04
736622 58.849998 59.150002 58.119999 58.660000 1.541000e+05
736623 58.250000 58.250000 56.439999 56.650002 2.298000e+05
736624 55.930000 56.750000 55.610001 56.169998 2.083000e+05
736627 56.450001 56.860001 55.849998 55.939999 2.440000e+05
736628 55.709999 55.709999 52.869999 53.090000 3.393000e+05
736629 52.700001 54.020000 52.700001 52.759998 3.036000e+05
736630 52.900002 53.070000 51.680000 51.900002 1.870000e+05
736631 51.889999 53.130001 51.430000 52.549999 2.665000e+05
736634 52.619999 54.009998 52.200001 53.810001 3.181000e+05
736635 53.990002 54.009998 52.740002 53.250000 3.640000e+05
736636 53.200001 53.470001 51.720001 51.750000 2.889000e+05
736637 51.939999 52.169998 50.810001 50.910000 2.892000e+05
736638 51.220001 53.119999 51.049999 52.500000 3.178000e+05
736641 53.599998 53.810001 51.590000 52.459999 4.931000e+05
736642 55.000000 59.169998 55.000000 58.290001 9.434000e+05
736643 57.730000 60.560001 57.070000 59.290001 5.070000e+05
736644 60.250000 63.189999 59.820000 62.849998 3.750000e+05
736645 63.240002 65.160004 62.470001 64.209999 3.910000e+05
736648 65.000000 67.139999 63.470001 67.050003 3.297000e+05
736649 67.169998 67.839996 66.139999 66.349998 2.571000e+05
736650 66.330002 67.339996 65.639999 66.709999 1.978000e+05
736651 66.709999 69.580002 66.709999 68.989998 3.854000e+05
736652 69.029999 69.389999 68.360001 69.209999 2.559000e+05
736655 69.680000 72.209999 68.940002 70.139999 5.310000e+05
736656 68.809998 69.849998 67.690002 69.400002 4.732000e+05
736657 68.910004 70.220001 68.019997 69.820000 2.370000e+05
736659 70.300003 70.959999 69.379997 70.959999 6.560000e+04
736662 70.629997 70.849998 67.580002 68.010002 4.575000e+05
736663 68.010002 69.389999 67.589996 67.800003 4.025000e+05
736664 68.529999 68.970001 65.260002 65.790001 4.246000e+05
736665 66.059998 67.690002 65.860001 67.620003 3.844000e+05
736666 67.629997 68.790001 67.120003 67.940002 2.329000e+05
736669 68.400002 69.379997 68.129997 68.779999 2.066000e+05
736670 68.970001 69.190002 67.739998 68.220001 3.872000e+05
736671 67.970001 68.070000 66.959999 66.980003 3.038000e+05
736672 67.019997 68.839996 66.919998 68.720001 2.596000e+05
736673 68.879997 69.650002 68.830002 69.300003 1.796000e+05
736676 68.930000 69.199997 68.250000 68.849998 1.471000e+05
736677 69.290001 69.830002 68.769997 69.150002 2.257000e+05
736678 69.220001 69.510002 67.290001 67.519997 1.964000e+05
736679 67.760002 69.559998 66.559998 67.040001 2.451000e+05
736680 67.279999 67.730003 66.360001 66.779999 3.442000e+05
736683 66.570000 67.550003 65.879997 66.019997 1.573000e+05
736684 66.580002 66.580002 65.260002 65.970001 3.230000e+05
736685 66.050003 66.809998 65.690002 65.940002 2.043000e+05
736686 65.699997 66.489998 64.510002 65.059998 1.814000e+05
736687 65.029999 65.510002 64.739998 65.339996 8.620000e+04
736691 65.000000 66.730003 65.000000 66.139999 1.008000e+05
736692 66.220001 66.650002 65.400002 65.900002 1.688000e+05
736693 65.910004 66.650002 65.650002 65.980003 1.596000e+05
736694 66.180000 66.180000 64.029999 64.400002 1.579000e+05
736698 64.959999 67.800003 64.959999 67.129997 4.444000e+05
736699 68.290001 70.349998 67.379997 69.260002 6.218000e+05
736700 69.669998 69.959999 65.089996 67.129997 3.425000e+05
736701 67.089996 67.959999 66.730003 66.930000 1.785000e+05
736704 67.000000 67.419998 65.589996 67.320000 2.218000e+05
736705 67.779999 69.199997 67.160004 68.739998 2.027000e+05
736706 68.800003 69.790001 68.029999 69.269997 2.366000e+05
736707 69.290001 69.290001 66.949997 68.580002 1.429000e+05
736708 69.000000 70.529999 69.000000 69.790001 2.021000e+05
736712 69.669998 70.000000 68.260002 68.480003 1.537000e+05
736713 67.980003 69.589996 67.349998 69.309998 2.190000e+05
736714 69.320000 69.930000 67.680000 67.730003 1.419000e+05
736715 67.790001 68.489998 67.480003 67.709999 1.350000e+05
736718 67.209999 68.339996 66.949997 68.150002 1.540000e+05
736719 68.610001 70.839996 68.610001 70.290001 2.112000e+05
736720 71.209999 71.699997 69.720001 69.959999 2.510000e+05
736721 70.059998 70.379997 67.940002 68.309998 1.559000e+05
736722 67.959999 68.459999 66.849998 68.169998 1.221000e+05
736725 67.489998 67.860001 66.239998 67.370003 2.094000e+05
736726 67.110001 67.879997 66.599998 67.730003 1.286000e+05
736727 68.059998 68.790001 66.260002 67.669998 1.693000e+05
736728 67.550003 67.570000 66.089996 66.410004 1.723000e+05
736729 66.910004 68.779999 66.790001 68.550003 1.538000e+05
736732 68.269997 68.349998 67.480003 67.930000 1.292000e+05
736733 68.269997 68.720001 66.250000 67.000000 1.829000e+05
736734 66.650002 67.250000 66.080002 67.250000 1.949000e+05
736735 67.529999 68.239998 67.150002 68.070000 2.152000e+05
736736 68.349998 68.830002 67.650002 68.690002 2.485000e+05
736739 69.320000 69.650002 68.529999 68.889999 1.240000e+05
736740 68.699997 68.820000 67.769997 68.610001 1.395000e+05
736741 68.360001 70.430000 68.360001 70.089996 1.866000e+05
736742 70.260002 70.629997 69.080002 70.570000 1.775000e+05
736743 70.519997 71.000000 69.190002 69.809998 5.359000e+05
736747 72.750000 78.160004 70.529999 71.150002 7.388000e+05
736748 70.800003 71.769997 64.190002 65.809998 9.980000e+05
736749 66.650002 68.290001 65.129997 66.510002 5.196000e+05
736750 66.279999 66.389999 65.209999 66.300003 3.533000e+05
736753 66.580002 68.650002 66.300003 68.279999 4.237000e+05
736754 68.639999 68.660004 67.400002 68.010002 5.517000e+05
736755 69.160004 70.779999 68.690002 70.230003 5.332000e+05
736756 70.220001 70.669998 69.379997 69.830002 2.904000e+05
736757 70.000000 70.000000 68.230003 69.050003 2.015000e+05
736760 68.550003 69.519997 68.239998 68.459999 2.450000e+05
736761 68.150002 69.110001 67.529999 69.010002 2.413000e+05
736762 69.209999 69.839996 68.680000 69.260002 2.347000e+05
736763 69.250000 69.500000 68.220001 68.870003 2.307000e+05
736764 69.349998 70.930000 68.940002 70.809998 1.768000e+05
