736034 17.649776 18.014482 17.553803 17.822532 7.417897e+05
736035 18.139249 18.292808 17.774545 17.860923 7.184678e+05
736036 17.323462 17.582595 17.083525 17.534608 1.126073e+06
736039 17.601790 17.860923 17.553804 17.716959 2.288521e+06
736040 17.553803 17.889713 17.515412 17.822532 2.059237e+06
736041 17.668973 18.398382 17.668973 18.244822 1.274738e+06
736042 17.918507 18.043274 17.045136 17.121916 1.771120e+06
736043 17.150709 17.285072 16.747614 16.824394 2.524907e+06
736046 17.045136 17.515412 17.025941 17.429035 1.463617e+06
736047 17.429036 17.515413 17.256281 17.333060 2.135537e+06
736048 17.563399 17.563399 17.179500 17.198695 1.776783e+06
736049 17.073929 17.112318 16.094984 16.229349 2.652361e+06
736050 16.229349 16.248544 15.634306 15.807059 2.032652e+06
736053 15.951023 16.238946 15.855047 16.018205 1.227518e+06
736054 15.999009 16.123776 15.653499 15.912632 1.999540e+06
736055 16.344520 16.354118 15.672695 15.691890 2.061060e+06
736056 16.046996 16.488481 16.018205 16.075789 1.318215e+06
736060 16.296532 16.334922 15.778269 15.826255 1.053996e+06
736061 15.816658 15.845450 15.547929 15.720682 9.354670e+05
736062 16.190959 16.267739 15.835852 16.181362 2.361845e+06
736063 16.392507 16.651639 16.142973 16.171765 1.479453e+06
736064 15.999010 16.478884 15.951023 16.277336 2.270381e+06
736067 16.162166 16.354117 15.960618 16.018205 1.153234e+06
736068 16.114180 16.142971 15.691889 15.864645 2.832122e+06
736069 15.918225 16.103322 15.791580 16.005902 1.590166e+06
736070 16.015645 16.190998 15.966933 16.074095 6.529005e+05
736071 15.840290 16.015645 15.762355 15.830548 8.602076e+05
736074 15.820806 16.122803 15.801321 15.957191 8.476406e+05
736075 16.044868 16.171513 15.937709 15.957191 4.878731e+05
736076 16.035126 16.298158 15.986418 16.190998 1.057675e+06
736077 16.161772 16.424804 16.025387 16.317642 9.643483e+05
736078 16.327384 16.746286 16.288416 16.658608 1.343794e+06
736081 16.794993 16.999574 16.717058 16.746285 1.154510e+06
736082 16.921638 16.921638 16.259191 16.307899 1.363083e+06
736083 16.005901 16.181256 15.937709 15.966933 1.094792e+06
736084 15.937710 15.937710 15.304487 15.314229 1.983836e+06
736085 15.343454 15.382422 14.807651 14.875844 3.979848e+06
736088 14.846618 15.168100 14.788167 15.080423 1.810040e+06
736089 14.963521 15.265519 14.963521 15.109649 1.158406e+06
736090 15.275261 15.343454 14.262106 14.310815 3.444532e+06
736091 14.320557 14.525137 14.028301 14.174429 3.173708e+06
736092 14.349782 14.573845 14.047784 14.515394 2.048522e+06
736095 14.476427 14.642039 14.310815 14.320557 1.085732e+06
736096 14.340040 14.632297 14.223138 14.291331 1.974678e+06
736097 14.291331 14.437459 14.057526 14.310815 1.297715e+06
736098 14.486169 14.671265 14.242622 14.417976 1.047641e+06
736099 14.320557 14.758942 14.174429 14.671265 1.031762e+06
736102 14.583588 14.583588 14.047784 14.086752 1.983154e+06
736103 14.018560 14.242623 13.950366 14.223139 1.697424e+06
736104 14.174428 15.226551 14.077009 15.207067 3.315939e+06
736105 15.148616 15.440873 14.973263 15.177842 1.978672e+06
736106 15.148616 15.177842 14.603071 14.622555 1.974288e+06
736110 14.232881 14.642040 14.232881 14.388751 1.683981e+06
736111 14.310816 14.486170 14.145204 14.466686 1.358505e+06
736112 14.388750 14.564104 14.213396 14.554362 1.228938e+06
736113 14.495911 14.671265 14.379008 14.476427 1.278134e+06
736116 14.554362 14.632297 14.398492 14.603071 1.026014e+06
736117 14.944038 15.470099 14.914812 15.236294 2.215303e+06
736118 15.304487 15.918225 15.304487 15.820806 3.513213e+06
736119 15.723386 15.781839 15.401905 15.450614 2.068200e+06
736120 15.090165 15.421389 14.983004 15.168100 2.091775e+06
736123 15.431131 15.528550 15.051198 15.265519 1.986466e+06
736124 15.207068 15.509067 15.168101 15.479841 1.697814e+06
736125 15.733128 15.879256 15.431130 15.528549 1.560648e+06
736126 15.294744 15.470098 15.216809 15.470098 1.853100e+06
736127 15.323971 15.323971 14.963521 15.070682 3.774587e+06
736130 14.895327 14.914811 14.622555 14.846618 9.673682e+05
736131 14.856361 15.265520 14.807651 15.148617 1.274432e+06
736132 15.460357 16.064353 15.450615 15.850032 3.939127e+06
736133 15.859775 17.038541 15.625970 16.853444 6.465391e+06
736134 16.629382 16.756027 16.200738 16.288415 1.917104e+06
736137 16.531962 16.541705 16.200739 16.405319 9.811043e+05
736138 16.366350 16.463769 15.879256 16.103321 1.530254e+06
736139 16.054611 16.415060 15.927967 16.366350 2.064206e+06
736140 16.424803 16.970347 16.307899 16.473511 1.939900e+06
736141 16.376091 16.707316 16.366349 16.541704 7.689262e+05
736144 16.268933 16.376092 15.684419 15.879256 1.554608e+06
736145 15.957191 16.093578 15.723386 15.937709 1.268977e+06
736146 15.986418 16.015645 15.684420 15.762355 2.505026e+06
736147 15.820805 16.454026 15.811063 16.385834 1.567175e+06
736151 15.781840 16.035126 15.694163 15.830548 1.487779e+06
736152 15.567517 15.733129 15.294744 15.694162 2.115351e+06
736153 15.450615 15.499324 14.856361 14.905070 1.297618e+06
736154 15.080423 15.392163 14.642039 14.719974 1.252123e+06
736155 15.051198 15.080423 14.681006 14.778425 1.212084e+06
736158 14.836876 15.333712 14.807651 15.246035 1.387633e+06
736159 15.207068 15.431131 15.168100 15.255777 9.849036e+05
736160 14.856359 15.070681 14.671264 15.041455 1.514180e+06
736161 15.362938 15.362938 14.203654 14.476427 2.392020e+06
736162 14.495911 14.495911 14.174429 14.310815 1.834882e+06
736165 14.310815 14.330299 14.018559 14.096494 9.567496e+05
736166 14.086752 14.310815 13.999075 14.242622 9.119370e+05
736167 14.028301 14.106236 13.619142 13.716561 1.134734e+06
736168 13.404820 13.804237 13.404820 13.599658 1.245596e+06
736169 13.443788 13.473014 13.083339 13.151532 1.889729e+06
736172 13.063855 13.200241 12.966436 13.141790 1.846767e+06
736173 13.073597 13.151532 12.664438 12.898243 3.111945e+06
736174 13.102823 13.414563 12.839792 13.161274 1.924605e+06
736175 13.122306 13.239208 12.956694 13.112564 1.921487e+06
736176 13.258692 13.502239 13.161273 13.258692 9.367787e+05
736179 13.239210 13.248951 12.966437 13.044372 1.677843e+06
736180 13.034629 13.229466 12.615728 12.771598 1.897035e+06
736181 12.352698 13.209983 12.216312 13.141790 3.864992e+06
736182 12.859276 13.395079 12.771599 12.995662 2.541363e+06
736183 12.937211 13.034629 12.498826 12.508568 1.577210e+06
736186 12.615728 13.015145 12.459858 13.015145 1.000880e+06
736187 12.810566 12.907985 12.440375 12.576761 1.267418e+06
736188 12.401407 12.537794 12.109151 12.420891 1.642188e+06
736189 12.333214 12.352697 11.904571 11.924055 1.310185e+06
736190 11.875347 12.089668 11.836379 11.953282 1.116224e+06
736193 11.836378 12.303988 11.836378 12.255279 1.239167e+06
736194 12.235796 12.995662 12.138377 12.907985 2.513794e+06
736195 12.644954 12.878759 12.450117 12.674180 1.159575e+06
736196 12.644955 12.976179 12.576762 12.859276 1.542334e+06
736197 12.498827 12.703406 12.226054 12.226054 1.755389e+06
736200 10.969352 11.855862 10.832965 11.329801 1.951492e+06
736201 11.690251 11.719477 11.134964 11.134964 1.478914e+06
736202 11.290834 11.651283 11.154448 11.602574 1.537853e+06
736203 11.816895 12.148119 11.787669 12.138377 1.664399e+06
736204 12.050699 12.187086 11.768185 11.924055 1.224846e+06
736207 11.553865 11.894831 11.310318 11.777928 1.291870e+06
736208 11.154448 11.466188 10.959610 11.057029 2.424948e+06
736209 11.018062 11.018062 10.725805 10.979094 2.251055e+06
736210 10.910901 11.397994 10.891417 11.271350 1.170681e+06
736211 10.969352 11.154448 10.608902 10.725805 1.680181e+06
736215 10.930385 11.047287 10.852450 10.979094 1.106872e+06
736216 11.251866 11.436962 10.823224 10.881675 1.646961e+06
736217 10.618644 11.144705 10.569934 10.988835 2.347110e+06
736218 10.949867 10.949867 10.579676 10.745288 1.472192e+06
736221 10.774514 11.300575 10.686837 11.232382 1.837415e+06
736222 11.222641 11.310318 10.716063 10.735547 1.926358e+06
736223 10.910900 11.125221 10.803739 10.910900 2.380817e+06
736224 10.677095 11.057028 10.647869 10.901158 1.947011e+06
736225 10.667353 10.706321 10.277678 10.306904 2.005657e+06
736228 10.297162 10.482258 10.170518 10.316646 1.198738e+06
736229 10.121808 10.131550 9.868519 9.975680 1.007992e+06
736230 9.926970 9.985422 9.595747 9.722391 1.736099e+06
736231 9.371684 10.014648 9.245039 9.985422 2.689829e+06
736232 10.024391 10.034132 9.712650 9.751618 1.514082e+06
736235 9.576264 9.595748 9.176847 9.176847 1.815886e+06
736236 9.157362 9.313232 9.059944 9.196330 1.219683e+06
736237 9.498328 9.517812 9.069686 9.206072 2.334056e+06
736238 9.322975 9.400910 9.108653 9.284007 1.438875e+06
736239 9.128138 9.673683 9.098912 9.673683 2.394261e+06
736242 9.800327 9.897745 9.663940 9.771101 1.718759e+06
736243 9.702908 9.868520 9.644457 9.849036 2.167080e+06
736244 10.024390 10.287420 9.810068 9.907487 1.424262e+06
736245 10.004906 10.073099 9.800326 10.063357 2.806050e+06
736246 10.073099 10.151034 9.926971 10.102325 1.573800e+06
736249 10.131550 10.199743 9.858778 9.907487 7.741868e+05
736250 9.790585 9.888004 9.605489 9.634715 3.726170e+06
736251 9.878262 10.277679 9.810069 9.936713 2.924316e+06
736252 9.995164 10.199743 9.810068 9.985422 2.676580e+06
736253 10.014649 10.024391 9.634716 9.761360 1.612378e+06
736256 9.595747 9.732134 9.517812 9.624973 7.188530e+05
736257 9.644457 9.800327 9.430136 9.517813 1.122556e+06
736258 9.488587 9.556780 9.293749 9.449619 1.167271e+06
736259 9.615232 9.839295 9.595748 9.761360 1.281641e+06
736260 9.897745 10.131550 9.897745 10.063357 1.672193e+06
736263 10.492000 10.949868 10.336130 10.647870 3.573223e+06
736264 10.384839 10.443290 9.644457 9.771101 2.601470e+06
736265 9.722392 9.819811 9.420394 9.556780 1.623386e+06
736266 9.926970 10.102324 9.819810 9.888003 3.312919e+06
736267 10.014647 10.832965 9.868519 10.823223 3.500061e+06
736270 10.813481 10.949867 10.501741 10.579676 2.152759e+06
736271 10.871933 11.105738 10.706321 10.979094 2.190363e+06
736272 11.193415 11.349285 11.086254 11.154447 2.314670e+06
736273 11.105737 11.203156 10.793997 10.901158 1.626406e+06
736274 10.881676 11.047288 10.560194 11.018062 2.067908e+06
736277 10.784256 10.901158 10.482258 10.540709 9.724340e+05
736278 10.628386 10.988836 10.414065 10.949868 1.543405e+06
736279 11.300576 11.339544 10.784257 10.842708 1.178767e+06
736280 10.618645 10.823224 10.443291 10.511484 1.336975e+06
736281 10.511484 10.599161 10.228969 10.258195 1.137559e+06
736284 10.180260 10.423807 10.141292 10.326388 6.529979e+05
736285 10.618645 10.686838 10.336130 10.443291 1.240823e+06
736286 10.423807 10.716064 10.404323 10.599161 1.082128e+06
736287 10.725804 11.008319 10.667353 10.998577 1.029132e+06
736288 11.086254 11.232382 11.008319 11.086254 8.415032e+05
736291 11.193415 11.232383 11.008319 11.115480 9.802275e+05
736292 10.881675 11.134964 10.852449 10.940126 6.297148e+05
736293 10.599161 10.696580 10.267937 10.530968 1.179157e+06
736295 10.716062 10.716062 10.199743 10.209485 7.022918e+05
736298 9.897745 9.897745 9.605489 9.722391 2.813648e+06
736299 9.702909 9.829553 9.576264 9.751618 8.874849e+05
736300 9.917229 9.926971 9.332717 9.469103 2.032350e+06
736301 9.702908 9.829553 9.459361 9.488587 2.253296e+06
736302 9.303491 9.313233 8.982009 9.215814 1.450370e+06
736305 9.342459 9.342459 9.118395 9.157363 8.530960e+05
736306 8.952784 9.098912 8.757946 9.030719 1.478525e+06
736307 9.167105 9.254782 8.991751 9.079428 1.763767e+06
736308 8.943041 9.118395 8.874848 8.874848 9.789610e+05
736309 8.796914 8.826140 8.290336 8.319562 1.247155e+06
736312 8.309820 8.368271 8.153950 8.222143 1.335319e+06
736313 8.348788 8.572851 8.251369 8.494916 1.396206e+06
736314 8.329303 9.157362 8.329303 9.118395 3.985791e+06
736315 9.254781 9.274265 8.952783 9.050202 1.765228e+06
736316 8.767688 8.933300 8.436465 8.485174 1.817737e+06
736319 8.387755 8.455948 8.173433 8.446206 1.466639e+06
736320 8.319562 8.465690 8.261111 8.416981 8.244550e+05
736321 8.533883 8.806656 8.465690 8.699495 7.242110e+05
736322 8.660527 8.728720 8.436464 8.670269 2.301031e+05
736326 8.641044 8.709237 8.543625 8.650786 4.344877e+05
736327 8.806655 8.845622 8.485173 8.553366 8.551418e+05
736328 8.348787 8.436464 8.329303 8.368271 5.868506e+05
736329 8.319561 8.407238 8.231884 8.261110 5.112536e+05
736333 8.105240 8.261110 7.998080 8.202659 6.847564e+05
736334 8.173433 8.280594 8.144208 8.192917 8.236755e+05
736335 8.007822 8.251369 7.978596 8.231885 1.047446e+06
736336 7.832468 8.309820 7.783759 7.842210 1.755096e+06
736337 7.881177 7.920145 7.316148 7.355116 1.471121e+06
736340 7.530470 7.549954 7.189504 7.277181 1.068976e+06
736341 7.481761 7.491503 7.267440 7.394084 6.660521e+05
736342 7.462276 7.569437 7.325890 7.325890 9.013183e+05
736343 7.247956 7.491503 7.111570 7.472019 1.021338e+06
736344 7.228472 7.228472 7.014151 7.140795 1.047739e+06
736348 7.150537 7.247956 7.092086 7.140795 1.172143e+06
736349 6.965441 7.374600 6.897248 7.296665 1.220949e+06
736350 7.140794 7.286922 7.101827 7.160278 6.195832e+05
736351 7.540212 7.569438 7.296665 7.384342 1.173604e+06
736354 7.325891 7.413568 7.170021 7.228472 9.392143e+05
736355 7.160278 7.296664 7.140794 7.238213 1.034587e+06
736356 7.247956 7.657115 7.228472 7.559696 1.630498e+06
736357 7.686340 7.735049 7.179762 7.218730 9.812017e+05
736358 7.316148 7.744790 7.101827 7.705823 2.509897e+06
736361 7.686340 7.949371 7.608405 7.910403 1.359186e+06
736362 7.725307 7.725307 7.413567 7.433051 1.888755e+06
736363 7.618147 7.783759 7.403826 7.764275 9.998087e+05
736364 7.871435 8.144207 7.842209 8.017563 1.223092e+06
736365 8.105241 8.105241 7.442793 7.452535 2.029330e+06
736368 7.423310 7.462277 7.238214 7.316149 1.609261e+06
736369 7.277181 7.374600 7.179762 7.286923 1.255338e+06
736370 7.335632 7.491502 7.325890 7.355116 1.393770e+06
736371 7.199246 7.238213 6.897247 6.936215 1.046375e+06
736372 6.994667 7.355116 6.984925 7.306407 1.000588e+06
736376 7.335632 7.666856 7.306407 7.598663 1.105800e+06
736377 7.627889 7.968854 7.598663 7.686340 2.002735e+06
736378 7.627888 7.735049 7.520727 7.705823 1.189873e+06
736379 7.803242 7.822725 7.510986 7.627888 7.219703e+05
736382 7.910403 8.231885 7.871435 8.134466 1.536196e+06
736383 8.095499 8.114983 7.832468 7.842210 7.848055e+05
736384 7.647372 7.890919 7.579179 7.871435 5.384334e+05
736385 8.007822 8.153950 7.803243 7.929887 7.279130e+05
736386 8.066273 8.231885 8.017563 8.192917 1.335903e+06
736389 8.397496 8.572850 8.290336 8.514399 1.451637e+06
736390 8.582592 9.030719 8.524141 9.001493 1.478135e+06
736391 9.020976 9.128137 8.835881 9.118395 1.150321e+06
736392 9.449619 9.732134 9.176847 9.547038 1.690508e+06
736393 10.043875 10.199745 9.819811 10.004907 2.643458e+06
736396 10.034132 10.102325 9.741875 9.858778 1.426698e+06
736397 10.190002 10.209486 9.556780 9.741876 1.530644e+06
736398 9.985423 10.170518 9.839294 9.956197 1.534443e+06
736399 10.121809 10.219228 9.732134 10.190002 1.671901e+06
736400 10.190002 10.384840 9.917230 10.365356 1.894697e+06
736403 10.228969 10.375097 9.985422 10.209485 1.041114e+06
736404 9.839294 9.995164 9.527554 9.702908 9.006364e+05
736405 9.624974 10.092584 9.488588 10.082842 1.064300e+06
736406 10.599160 10.891416 10.267936 10.823223 1.586757e+06
736407 10.930384 10.969352 10.306904 10.472516 2.443847e+06
736410 10.599161 11.349285 10.433549 10.881675 3.444532e+06
736411 10.920643 11.018062 10.492001 11.008320 1.603610e+06
736412 10.832966 10.832966 10.569935 10.589419 1.548958e+06
736413 10.511484 10.803740 10.326388 10.803740 9.695115e+05
736417 10.949868 11.018061 10.735547 10.949868 1.022507e+06
736418 10.832966 11.086255 10.706322 11.018062 7.206066e+05
736419 11.173931 11.456445 11.076512 11.086254 1.433030e+06
736420 11.057029 11.125223 10.677096 10.774515 1.355874e+06
736421 10.677095 11.057028 10.608902 10.910900 1.058747e+06
736424 10.793998 10.803740 10.375098 10.423807 1.769709e+06
736425 10.170518 10.316646 9.975680 9.985422 1.257968e+06
736426 10.073099 10.180260 9.761359 9.849036 1.547107e+06
736427 9.878261 10.004906 9.732133 9.819810 8.757946e+05
736428 10.306904 10.316646 10.092583 10.160776 9.801301e+05
736431 10.267937 10.384839 10.082841 10.092583 1.006531e+06
736432 10.160776 10.443290 9.946455 10.384839 1.468783e+06
736433 10.735547 10.813482 10.462775 10.511484 2.403126e+06
736434 10.589419 10.618644 10.365355 10.404323 1.201758e+06
736435 10.355613 10.472516 10.199743 10.384839 1.249298e+06
736438 10.160776 10.384840 10.063358 10.199744 8.007822e+05
736439 10.180260 10.550451 10.151034 10.492000 7.672701e+05
736440 10.560000 10.680000 10.460000 10.490000 9.151000e+05
736441 10.500000 11.160000 10.390000 10.990000 2.260500e+06
736442 10.840000 11.370000 10.830000 11.200000 1.868200e+06
736445 11.600000 11.670000 10.690000 10.760000 1.294100e+06
736446 10.900000 11.160000 10.840000 11.050000 6.156000e+05
736447 11.060000 11.190000 10.940000 11.130000 6.022000e+05
736448 11.130000 11.190000 10.690000 10.730000 9.075000e+05
736449 10.890000 11.130000 10.860000 11.090000 1.367400e+06
736452 10.900000 11.060000 10.870000 10.990000 8.356000e+05
736453 10.750000 10.830000 10.600000 10.670000 9.336000e+05
736454 10.560000 10.600000 10.330000 10.380000 7.862000e+05
736455 10.390000 10.440000 10.080000 10.150000 6.441000e+05
736456 10.110000 10.450000 9.980000 10.330000 5.988000e+05
736459 10.260000 10.280000 9.800000 10.030000 1.056400e+06
736460 10.180000 10.510000 10.150000 10.510000 6.202000e+05
736461 10.690000 10.840000 10.450000 10.590000 8.519000e+05
736462 10.540000 10.980000 10.420000 10.890000 1.352300e+06
736463 10.630000 10.760000 10.380000 10.380000 1.016300e+06
736466 10.450000 10.690000 10.450000 10.470000 7.188000e+05
736467 10.450000 10.560000 10.250000 10.340000 8.608000e+05
736468 10.120000 10.160000 9.840000 9.930000 8.099000e+05
736469 9.830000 9.870000 9.600000 9.700000 6.631000e+05
736470 9.790000 9.910000 9.700000 9.740000 6.219000e+05
736473 9.450000 9.590000 9.310000 9.480000 8.123000e+05
736474 9.590000 9.760000 9.520000 9.620000 5.793000e+05
736475 9.690000 9.930000 9.640000 9.730000 7.010000e+05
736476 9.780000 9.930000 9.750000 9.870000 4.778000e+05
736477 9.760000 9.870000 9.650000 9.660000 9.536000e+05
736481 9.700000 9.930000 9.660000 9.880000 7.636000e+05
736482 9.690000 9.730000 9.590000 9.710000 7.568000e+05
736483 9.610000 9.690000 9.510000 9.590000 6.205000e+05
736484 9.740000 9.970000 9.680000 9.930000 7.084000e+05
736487 10.000000 10.070000 9.800000 9.860000 5.049000e+05
736488 9.740000 10.370000 9.740000 10.320000 8.701000e+05
736489 10.460000 10.680000 10.440000 10.500000 1.066000e+06
736490 10.370000 10.370000 10.060000 10.180000 1.525000e+06
736491 9.980000 9.980000 9.740000 9.850000 1.310500e+06
736494 9.570000 9.690000 9.440000 9.450000 6.641000e+05
736495 9.460000 9.600000 9.150000 9.290000 1.846800e+06
736496 9.240000 9.690000 9.240000 9.680000 2.992000e+06
736497 9.510000 9.510000 9.210000 9.460000 7.568000e+05
736498 9.560000 9.840000 9.440000 9.770000 1.917200e+06
736501 9.980000 10.130000 9.860000 9.970000 1.034900e+06
736502 10.240000 10.260000 9.990000 10.100000 1.238000e+06
736503 10.100000 10.200000 9.950000 9.980000 8.975000e+05
736504 10.200000 10.390000 9.950000 10.390000 8.167000e+05
736505 9.840000 10.060000 9.560000 9.620000 1.286900e+06
736508 9.660000 9.680000 9.180000 9.390000 1.164000e+06
736509 9.460000 9.970000 9.460000 9.920000 7.749000e+05
736510 10.250000 10.460000 10.210000 10.380000 1.336000e+06
736511 10.480000 10.600000 10.270000 10.550000 1.023300e+06
736512 10.610000 10.880000 10.580000 10.830000 5.787000e+05
736516 10.380000 10.500000 10.280000 10.370000 8.411000e+05
736517 10.230000 10.240000 10.020000 10.150000 7.326000e+05
736518 10.200000 10.450000 10.200000 10.340000 9.743000e+05
736519 10.580000 10.870000 10.500000 10.820000 6.301000e+05
736522 10.860000 11.000000 10.860000 11.000000 4.230000e+05
736523 11.190000 11.350000 11.020000 11.020000 6.825000e+05
736524 11.110000 11.550000 11.060000 11.520000 1.100300e+06
736525 11.670000 11.970000 11.520000 11.940000 2.128000e+06
736526 11.840000 11.950000 11.650000 11.780000 9.107000e+05
736529 11.710000 12.000000 11.650000 11.950000 5.424000e+05
736530 11.770000 11.960000 11.710000 11.960000 7.312000e+05
736531 11.950000 12.120000 11.890000 12.040000 8.759000e+05
736532 12.010000 12.240000 11.930000 12.060000 2.628300e+06
736533 12.110000 12.250000 11.990000 12.250000 1.100300e+06
736536 12.090000 12.160000 11.810000 11.940000 1.309400e+06
736537 11.960000 12.810000 11.960000 12.580000 2.089300e+06
736538 12.530000 12.750000 12.400000 12.700000 2.128900e+06
736539 12.700000 12.740000 12.390000 12.700000 1.169000e+06
736540 12.850000 13.010000 12.680000 12.890000 1.406900e+06
736543 12.780000 12.900000 12.650000 12.810000 1.188400e+06
736544 12.790000 12.910000 12.510000 12.620000 6.483000e+05
736545 12.470000 12.930000 12.390000 12.910000 8.058000e+05
736546 12.990000 13.190000 12.900000 13.020000 5.788000e+05
736547 13.070000 13.070000 12.640000 12.860000 1.109800e+06
736550 12.810000 13.040000 12.810000 12.950000 6.672000e+05
736551 13.100000 13.100000 12.920000 13.020000 5.661000e+05
736552 13.120000 13.150000 12.840000 12.910000 6.620000e+05
736553 12.960000 13.150000 12.900000 13.130000 5.796000e+05
736554 12.830000 13.150000 12.790000 13.040000 5.006000e+05
736557 13.110000 13.320000 13.110000 13.170000 1.410500e+06
736558 13.510000 13.510000 13.130000 13.190000 8.519000e+05
736559 13.080000 13.200000 12.870000 13.150000 1.121600e+06
736560 13.160000 13.240000 13.000000 13.110000 1.353100e+06
736561 13.030000 13.040000 12.840000 13.010000 6.649000e+05
736564 12.930000 12.930000 12.620000 12.800000 7.912000e+05
736565 12.890000 13.060000 12.840000 12.860000 6.556000e+05
736566 12.680000 13.080000 12.600000 12.890000 6.177000e+05
736567 12.820000 12.970000 12.800000 12.830000 4.928000e+05
736568 12.840000 13.060000 12.480000 12.560000 8.805000e+05
736571 12.550000 12.880000 12.530000 12.790000 5.023000e+05
736572 12.720000 12.810000 12.550000 12.660000 3.955000e+05
736573 12.810000 12.940000 12.660000 12.900000 7.794000e+05
736574 12.800000 13.020000 12.710000 12.940000 5.235000e+05
736575 13.060000 13.150000 12.810000 12.980000 7.684000e+05
736579 12.900000 13.410000 12.880000 13.340000 6.832000e+05
736580 13.330000 13.510000 13.300000 13.500000 5.775000e+05
736581 13.390000 13.520000 13.010000 13.040000 7.285000e+05
736582 12.680000 12.730000 12.240000 12.290000 1.237800e+06
736585 12.030000 12.310000 11.950000 12.280000 9.701000e+05
736586 12.090000 12.090000 11.660000 11.810000 1.292100e+06
736587 11.830000 11.900000 11.690000 11.780000 1.517300e+06
736588 11.810000 12.240000 11.700000 12.190000 8.701000e+05
736589 12.100000 12.180000 12.020000 12.110000 7.521000e+05
736592 12.250000 12.290000 11.890000 11.990000 6.620000e+05
736593 12.070000 12.180000 11.940000 11.950000 5.778000e+05
736594 12.060000 12.170000 11.800000 12.080000 2.123100e+06
736595 12.370000 12.520000 12.200000 12.340000 1.696900e+06
736596 12.250000 12.360000 12.120000 12.130000 5.628000e+05
736599 12.060000 12.190000 12.000000 12.130000 9.861000e+05
736600 12.170000 12.230000 12.000000 12.200000 1.009900e+06
736601 12.210000 12.450000 12.130000 12.450000 2.243600e+06
736602 12.410000 12.610000 12.170000 12.220000 1.121100e+06
736603 12.320000 12.440000 12.210000 12.240000 5.068000e+05
736606 12.240000 12.470000 12.170000 12.440000 7.015000e+05
736607 12.420000 12.470000 12.160000 12.280000 7.036000e+05
736608 12.460000 12.700000 12.440000 12.640000 7.201000e+05
736609 12.300000 12.650000 12.300000 12.550000 9.424000e+05
736610 12.690000 12.920000 12.620000 12.860000 6.957000e+05
736613 12.820000 13.060000 12.810000 13.000000 1.297200e+06
736614 12.950000 13.120000 12.910000 13.110000 1.937100e+06
736615 13.030000 13.140000 12.990000 13.120000 1.006900e+06
736616 13.000000 13.200000 12.930000 13.100000 2.128000e+06
736617 13.310000 13.380000 13.070000 13.080000 1.214800e+06
736620 13.520000 13.520000 13.130000 13.230000 2.107500e+06
736621 13.440000 13.620000 13.290000 13.570000 1.737500e+06
736622 13.590000 13.680000 13.520000 13.600000 1.063100e+06
736623 13.520000 13.750000 13.500000 13.700000 6.016000e+05
736624 13.500000 13.830000 13.500000 13.820000 7.148000e+05
736627 13.930000 13.990000 13.700000 13.820000 6.462000e+05
736628 13.710000 13.890000 13.670000 13.810000 8.939000e+05
736629 13.700000 13.900000 13.690000 13.850000 1.048900e+06
736630 13.990000 14.000000 13.710000 13.780000 2.241600e+06
736631 13.690000 13.890000 13.640000 13.690000 1.403300e+06
736634 13.880000 13.890000 13.720000 13.850000 9.371000e+05
736635 14.290000 14.310000 13.430000 13.480000 1.541800e+06
736636 13.430000 13.470000 13.160000 13.380000 1.247900e+06
736637 13.550000 13.790000 13.320000 13.340000 1.228100e+06
736638 13.290000 13.470000 13.120000 13.270000 7.538000e+05
736641 13.790000 13.830000 13.660000 13.730000 6.011000e+05
736642 13.690000 14.020000 13.570000 13.770000 1.023200e+06
736643 13.160000 13.760000 13.160000 13.470000 1.405800e+06
736644 12.840000 12.940000 12.120000 12.140000 1.513900e+06
736645 11.740000 11.830000 11.480000 11.790000 7.723000e+05
736648 11.550000 11.860000 11.500000 11.840000 1.578300e+06
736649 11.900000 12.280000 11.900000 12.210000 7.990000e+05
736650 12.110000 12.410000 12.070000 12.340000 6.102000e+05
736651 12.340000 12.400000 12.090000 12.140000 1.168900e+06
736652 12.220000 12.340000 12.140000 12.190000 6.369000e+05
736655 12.410000 12.650000 12.370000 12.420000 7.276000e+05
736656 12.600000 12.600000 12.270000 12.310000 6.480000e+05
736657 12.130000 12.310000 12.110000 12.270000 9.194000e+05
736659 12.010000 12.210000 12.010000 12.090000 2.688000e+05
736662 12.000000 12.230000 11.900000 12.150000 6.038000e+05
736663 12.030000 12.170000 11.990000 12.040000 8.949000e+05
736664 12.340000 12.360000 12.120000 12.160000 1.267100e+06
736665 11.600000 11.740000 11.370000 11.410000 1.991800e+06
736666 11.250000 11.540000 11.240000 11.470000 1.183700e+06
736669 11.330000 11.630000 11.330000 11.570000 9.243000e+05
736670 11.500000 11.960000 11.490000 11.890000 1.617200e+06
736671 11.960000 12.160000 11.870000 12.150000 1.724500e+06
736672 12.170000 12.270000 11.950000 12.260000 1.179000e+06
736673 12.030000 12.250000 11.890000 11.990000 6.600000e+05
736676 11.870000 12.060000 11.810000 11.890000 1.307600e+06
736677 12.010000 12.160000 11.700000 11.780000 8.023000e+05
736678 11.780000 11.800000 11.360000 11.370000 1.243700e+06
736679 11.290000 11.500000 11.170000 11.460000 8.420000e+05
736680 11.490000 11.620000 11.320000 11.390000 1.388900e+06
736683 11.410000 11.470000 11.200000 11.280000 8.528000e+05
736684 11.400000 11.550000 11.340000 11.540000 7.329000e+05
736685 11.550000 11.700000 11.450000 11.580000 6.023000e+05
736686 11.490000 11.600000 11.350000 11.490000 3.408000e+05
736687 11.610000 11.780000 11.580000 11.680000 3.218000e+05
736691 11.670000 11.780000 11.620000 11.710000 2.436000e+05
736692 11.760000 11.960000 11.700000 11.720000 7.886000e+05
736693 11.790000 12.030000 11.760000 12.000000 5.390000e+05
736694 12.000000 12.010000 11.770000 11.800000 4.231000e+05
736698 12.070000 12.500000 12.070000 12.300000 7.112000e+05
736699 12.540000 12.710000 12.430000 12.650000 1.213100e+06
736700 12.770000 13.030000 12.700000 12.960000 1.100700e+06
736701 12.870000 12.930000 12.670000 12.730000 1.256100e+06
736704 12.880000 12.900000 12.760000 12.770000 6.040000e+05
736705 12.940000 13.010000 12.730000 12.950000 7.628000e+05
736706 12.870000 13.030000 12.710000 13.010000 8.601000e+05
736707 13.170000 13.270000 13.070000 13.120000 5.858000e+05
736708 13.040000 13.130000 12.930000 13.040000 3.560000e+05
736712 13.130000 13.330000 13.050000 13.190000 5.981000e+05
736713 13.240000 13.410000 13.190000 13.330000 1.234500e+06
736714 13.620000 13.770000 13.430000 13.740000 1.659600e+06
736715 14.130000 14.130000 13.530000 13.790000 1.596200e+06
736718 14.280000 14.320000 14.080000 14.180000 1.830900e+06
736719 14.210000 14.310000 14.120000 14.280000 2.503900e+06
736720 14.300000 14.430000 14.180000 14.320000 1.053900e+06
736721 14.200000 14.330000 14.160000 14.230000 1.439200e+06
736722 14.290000 14.310000 14.050000 14.280000 2.100900e+06
736725 14.440000 14.470000 14.060000 14.190000 1.695100e+06
736726 14.300000 14.300000 13.980000 14.130000 2.002200e+06
736727 14.010000 14.130000 13.750000 14.120000 1.921100e+06
736728 14.470000 14.500000 14.120000 14.200000 2.187200e+06
736729 14.960000 15.000000 14.780000 14.890000 3.588900e+06
736732 14.970000 15.150000 14.830000 15.130000 1.813600e+06
736733 14.900000 15.200000 14.880000 15.040000 1.922100e+06
736734 15.050000 15.430000 14.990000 15.400000 1.955300e+06
736735 15.430000 15.550000 15.150000 15.300000 3.132400e+06
736736 15.300000 15.530000 15.240000 15.440000 1.769200e+06
736739 15.670000 15.670000 15.210000 15.310000 1.780900e+06
736740 15.640000 15.760000 15.360000 15.730000 2.002200e+06
736741 15.690000 16.219999 15.650000 16.150000 2.364800e+06
736742 16.129999 16.270000 15.820000 15.840000 1.409100e+06
736743 15.880000 15.940000 15.710000 15.860000 1.368400e+06
736747 15.990000 16.000000 15.830000 15.890000 1.925700e+06
736748 15.970000 16.059999 15.840000 16.000000 1.213400e+06
736749 16.139999 16.180000 15.900000 15.920000 4.392900e+06
736750 15.570000 15.960000 15.560000 15.710000 1.182200e+06
736753 15.770000 15.890000 15.680000 15.800000 1.043900e+06
736754 15.770000 15.800000 15.470000 15.510000 1.115700e+06
736755 15.630000 15.920000 15.630000 15.860000 2.354200e+06
736756 15.600000 15.660000 15.390000 15.500000 1.261300e+06
736757 15.590000 15.970000 15.580000 15.890000 1.905400e+06
736760 15.890000 15.900000 15.690000 15.710000 1.333600e+06
736761 15.810000 15.810000 15.540000 15.570000 7.119000e+05
736762 15.510000 15.620000 15.320000 15.330000 1.076900e+06
736763 15.450000 15.460000 15.190000 15.280000 7.724000e+05
736764 15.350000 15.510000 15.320000 15.440000 1.127200e+06
