736034 20.240000 20.510000 20.240000 20.510000 3.000000e+02
736035 19.930000 19.930000 19.920000 19.920000 2.000000e+02
736036 20.420000 20.420000 19.990000 19.990000 4.000000e+02
736039 19.110001 19.160000 19.110001 19.160000 2.600000e+03
736040 19.639999 19.639999 19.559999 19.559999 5.000000e+02
736041 19.799999 19.799999 18.860001 18.889999 3.000000e+02
736042 19.230000 19.230000 19.230000 19.230000 1.000000e+02
736043 19.010000 19.230000 18.799999 18.950001 2.200000e+03
736046 18.950001 18.950001 18.950001 18.950001 0.000000e+00
736047 19.049999 19.049999 19.049999 19.049999 2.000000e+02
736048 19.049999 19.049999 19.049999 19.049999 0.000000e+00
736049 20.250000 20.250000 19.670000 19.950001 3.700000e+03
736050 19.430000 19.430000 19.430000 19.430000 4.000000e+02
736053 19.020000 19.139999 19.000000 19.139999 1.100000e+03
736054 19.540001 19.540001 19.480000 19.480000 7.000000e+02
736055 19.959999 20.080000 19.870001 19.950001 1.000000e+03
736056 19.969999 19.969999 19.870001 19.870001 3.000000e+02
736060 20.139999 20.139999 19.120001 19.250000 1.000000e+03
736061 19.250000 19.250000 19.250000 19.250000 0.000000e+00
736062 18.930000 18.930000 18.910000 18.910000 5.000000e+02
736063 19.139999 19.150000 18.799999 18.850000 2.300000e+03
736064 18.209999 18.209999 17.540001 17.540001 7.000000e+02
736067 17.080000 17.410000 17.080000 17.410000 7.000000e+02
736068 18.150000 18.200001 18.150000 18.200001 1.200000e+03
736069 17.750000 17.840000 17.709999 17.840000 9.000000e+02
736070 17.889999 17.889999 17.650000 17.860001 9.000000e+02
736071 18.160000 18.650000 18.160000 18.299999 2.100000e+03
736074 17.930000 17.930000 17.700001 17.700001 1.800000e+03
736075 17.730000 17.799999 17.639999 17.639999 2.400000e+03
736076 17.480000 17.480000 17.350000 17.350000 8.000000e+02
736077 17.350000 17.350000 17.350000 17.350000 0.000000e+00
736078 17.320000 17.320000 17.320000 17.320000 2.000000e+02
736081 17.200001 17.660000 17.200001 17.660000 1.180000e+04
736082 17.139999 17.139999 17.139999 17.139999 5.000000e+02
736083 17.270000 17.270000 17.270000 17.270000 1.000000e+02
736084 17.809999 17.879999 17.709999 17.830000 1.200000e+03
736085 17.400000 17.420000 17.110001 17.389999 3.800000e+03
736088 16.959999 16.959999 16.870001 16.910000 1.800000e+03
736089 17.400000 17.400000 17.400000 17.400000 8.000000e+02
736090 18.150000 18.150000 17.629999 17.629999 3.000000e+02
736091 17.629999 17.629999 17.629999 17.629999 0.000000e+00
736092 16.850000 16.950001 16.670000 16.670000 6.000000e+02
736095 16.850000 17.010000 16.850000 17.010000 6.000000e+02
736096 17.010000 17.010000 17.010000 17.010000 0.000000e+00
736097 17.010000 17.010000 17.010000 17.010000 0.000000e+00
736098 16.790001 16.790001 16.790001 16.790001 1.000000e+02
736099 16.790001 16.790001 16.790001 16.790001 0.000000e+00
736102 16.510000 16.510000 16.200001 16.240000 5.000000e+02
736103 16.240000 16.240000 16.240000 16.240000 0.000000e+00
736104 15.590000 15.590000 15.580000 15.590000 7.000000e+02
736105 15.630000 15.630000 15.190000 15.190000 7.000000e+02
736106 15.300000 15.360000 15.170000 15.180000 1.300000e+03
736110 15.680000 15.860000 15.680000 15.860000 2.700000e+03
736111 15.420000 15.420000 15.120000 15.120000 2.700000e+03
736112 15.530000 15.530000 15.510000 15.510000 3.000000e+02
736113 15.540000 15.690000 15.540000 15.540000 1.300000e+03
736116 15.500000 15.560000 15.350000 15.350000 6.000000e+02
736117 15.440000 15.680000 15.440000 15.610000 1.700000e+03
736118 15.620000 15.620000 15.550000 15.550000 2.100000e+03
736119 15.780000 16.070000 15.780000 16.020000 1.000000e+03
736120 16.049999 16.049999 15.800000 15.990000 2.100000e+03
736123 15.970000 16.170000 15.970000 16.160000 2.800000e+03
736124 16.190001 16.219999 15.980000 15.980000 1.400000e+03
736125 15.590000 15.590000 15.590000 15.590000 2.000000e+02
736126 15.080000 15.290000 14.930000 15.120000 2.100000e+03
736127 15.350000 15.360000 15.200000 15.200000 1.200000e+03
736130 15.510000 15.510000 15.310000 15.440000 9.000000e+02
736131 15.610000 16.000000 15.390000 15.390000 2.500000e+03
736132 15.770000 15.820000 15.340000 15.340000 2.800000e+03
736133 15.000000 15.060000 15.000000 15.000000 8.000000e+02
736134 15.180000 15.180000 15.180000 15.180000 2.000000e+02
736137 14.730000 14.730000 14.550000 14.600000 2.000000e+03
736138 14.260000 14.300000 14.260000 14.300000 2.300000e+03
736139 14.210000 14.380000 14.180000 14.380000 2.100000e+03
736140 14.260000 14.390000 14.230000 14.240000 1.300000e+03
736141 14.200000 14.200000 14.190000 14.200000 3.000000e+03
736144 14.850000 16.000000 14.850000 15.730000 2.300000e+03
736145 14.960000 16.190001 14.850000 15.440000 6.100000e+03
736146 14.410000 14.410000 14.410000 14.410000 4.000000e+02
736147 14.920000 14.920000 14.920000 14.920000 1.300000e+03
736151 15.500000 15.920000 15.500000 15.920000 4.000000e+02
736152 15.840000 16.360001 15.060000 15.060000 2.400000e+03
736153 15.670000 16.120001 15.480000 15.970000 3.300000e+03
736154 15.660000 15.850000 15.570000 15.770000 1.300000e+03
736155 15.580000 15.670000 15.120000 15.120000 1.500000e+03
736158 14.500000 14.500000 13.920000 13.920000 1.000000e+03
736159 13.710000 14.090000 13.690000 14.090000 1.400000e+03
736160 13.950000 14.070000 13.810000 14.010000 3.900000e+03
736161 13.250000 13.250000 13.210000 13.210000 8.000000e+02
736162 13.200000 13.210000 13.110000 13.120000 9.000000e+02
736165 13.050000 13.050000 13.000000 13.000000 3.000000e+02
736166 13.190000 13.190000 13.190000 13.190000 1.000000e+02
736167 13.390000 13.390000 13.390000 13.390000 1.000000e+02
736168 13.620000 13.620000 13.390000 13.390000 6.000000e+02
736169 13.380000 13.640000 13.380000 13.640000 4.000000e+02
736172 13.780000 13.980000 13.780000 13.980000 6.000000e+02
736173 13.810000 13.880000 13.230000 13.250000 1.600000e+03
736174 13.210000 13.210000 13.090000 13.180000 7.000000e+02
736175 13.430000 13.430000 13.430000 13.430000 2.000000e+02
736176 13.240000 13.240000 13.230000 13.230000 6.000000e+02
736179 13.340000 13.400000 12.870000 12.870000 1.100000e+03
736180 12.790000 12.860000 12.770000 12.770000 2.600000e+03
736181 12.690000 12.960000 12.690000 12.850000 8.000000e+02
736182 13.240000 13.380000 13.210000 13.210000 8.000000e+02
736183 13.210000 13.210000 13.210000 13.210000 0.000000e+00
736186 13.210000 13.210000 13.210000 13.210000 0.000000e+00
736187 12.970000 13.300000 12.970000 13.300000 1.700000e+03
736188 13.740000 13.830000 13.220000 13.220000 5.300000e+03
736189 12.860000 13.010000 12.860000 13.010000 6.000000e+02
736190 12.700000 12.700000 12.690000 12.690000 6.000000e+02
736193 12.690000 12.690000 12.690000 12.690000 0.000000e+00
736194 12.970000 12.970000 12.970000 12.970000 2.000000e+02
736195 13.140000 13.140000 12.980000 13.030000 9.600000e+03
736196 13.600000 13.880000 13.600000 13.880000 3.000000e+02
736197 14.420000 14.750000 14.250000 14.690000 2.300000e+03
736200 18.610001 19.400000 15.790000 17.459999 3.520000e+04
736201 16.410000 19.180000 16.059999 19.180000 3.390000e+04
736202 17.610001 19.200001 17.260000 17.480000 2.050000e+04
736203 16.280001 18.100000 16.110001 17.620001 1.280000e+04
736204 18.240000 20.100000 18.240000 19.510000 4.700000e+03
736207 19.610001 20.530001 19.610001 20.379999 6.900000e+03
736208 22.730000 24.840000 22.240000 24.469999 3.740000e+04
736209 22.940001 24.200001 22.420000 22.440001 1.960000e+04
736210 21.790001 23.219999 20.950001 22.820000 8.400000e+03
736211 23.969999 24.510000 23.360001 23.559999 7.100000e+03
736215 22.780001 22.930000 22.420000 22.420000 4.600000e+03
736216 20.790001 22.299999 20.790001 22.290001 1.160000e+04
736217 22.950001 22.950001 22.040001 22.040001 6.700000e+03
736218 21.980000 22.230000 21.330000 21.350000 7.800000e+03
736221 21.990000 22.200001 21.990000 22.200001 1.700000e+03
736222 21.000000 21.000000 18.799999 18.799999 2.300000e+03
736223 18.240000 18.240000 17.610001 17.610001 5.000000e+02
736224 16.840000 16.840000 15.190000 16.020000 4.900000e+03
736225 18.000000 18.600000 17.750000 18.600000 6.900000e+03
736228 18.290001 18.290001 17.770000 17.889999 1.500000e+03
736229 18.080000 18.709999 18.080000 18.709999 8.000000e+02
736230 18.570000 18.580000 17.870001 17.870001 1.900000e+03
736231 19.290001 19.290001 18.350000 18.540001 4.600000e+03
736232 17.930000 19.200001 17.680000 19.200001 1.500000e+03
736235 20.420000 20.690001 20.150000 20.150000 6.400000e+03
736236 20.690001 20.690001 19.889999 20.559999 1.100000e+03
736237 19.900000 19.910000 19.750000 19.830000 2.500000e+03
736238 19.969999 19.969999 19.969999 19.969999 2.000000e+02
736239 20.280001 20.290001 18.830000 18.830000 1.500000e+03
736242 17.969999 17.969999 16.790001 16.790001 1.750000e+04
736243 16.730000 17.209999 16.730000 17.209999 3.200000e+03
736244 16.730000 17.290001 16.670000 16.670000 2.300000e+03
736245 16.670000 16.670000 16.670000 16.670000 0.000000e+00
736246 16.670000 16.670000 16.670000 16.670000 0.000000e+00
736249 15.420000 15.420000 15.390000 15.390000 1.200000e+03
736250 15.390000 15.390000 15.390000 15.390000 0.000000e+00
736251 16.670000 16.780001 16.469999 16.469999 1.200000e+03
736252 15.950000 15.960000 14.800000 14.880000 4.100000e+03
736253 15.070000 15.100000 14.840000 14.850000 2.500000e+03
736256 14.800000 14.800000 13.760000 13.760000 2.700000e+03
736257 13.790000 13.820000 13.790000 13.820000 4.000000e+02
736258 13.900000 14.710000 13.900000 14.710000 2.500000e+03
736259 14.710000 14.710000 14.710000 14.710000 0.000000e+00
736260 13.160000 13.720000 13.160000 13.390000 3.700000e+03
736263 14.020000 14.130000 14.020000 14.130000 7.000000e+02
736264 14.130000 14.130000 14.130000 14.130000 0.000000e+00
736265 14.130000 14.130000 14.130000 14.130000 0.000000e+00
736266 14.130000 14.130000 14.130000 14.130000 0.000000e+00
736267 14.130000 14.130000 14.130000 14.130000 0.000000e+00
736270 13.840000 13.840000 13.070000 13.070000 8.000000e+02
736271 13.070000 13.070000 13.070000 13.070000 0.000000e+00
736272 13.840000 13.920000 13.840000 13.920000 0.000000e+00
736273 13.810000 13.810000 13.810000 13.810000 2.000000e+02
736274 13.700000 13.700000 13.700000 13.700000 3.000000e+02
736277 13.400000 13.890000 13.400000 13.870000 1.000000e+03
736278 13.830000 13.830000 13.450000 13.450000 2.400000e+03
736279 13.260000 13.540000 13.260000 13.480000 1.300000e+03
736280 13.480000 13.480000 13.480000 13.480000 0.000000e+00
736281 15.670000 16.250000 15.560000 16.250000 5.000000e+03
736284 16.160000 16.190001 14.410000 14.410000 1.200000e+03
736285 14.000000 14.350000 14.000000 14.350000 1.400000e+03
736286 14.630000 14.630000 14.250000 14.300000 2.200000e+03
736287 14.100000 14.750000 14.100000 14.740000 8.000000e+02
736288 14.250000 14.250000 14.200000 14.250000 3.500000e+03
736291 14.250000 14.250000 14.250000 14.250000 0.000000e+00
736292 14.250000 14.250000 14.250000 14.250000 0.000000e+00
736293 14.190000 14.190000 14.100000 14.100000 3.000000e+02
736295 13.920000 13.920000 13.920000 13.920000 2.000000e+02
736298 13.990000 14.000000 13.900000 13.900000 3.000000e+02
736299 13.260000 13.260000 13.260000 13.260000 3.000000e+02
736300 13.060000 13.060000 12.880000 12.880000 1.600000e+03
736301 13.820000 14.380000 13.820000 14.280000 8.000000e+02
736302 14.050000 14.060000 13.240000 13.240000 6.000000e+02
736305 13.570000 14.090000 13.570000 14.090000 1.000000e+03
736306 13.930000 13.930000 13.930000 13.930000 3.000000e+02
736307 14.350000 14.350000 14.350000 14.350000 1.000000e+02
736308 14.640000 14.640000 14.640000 14.640000 2.000000e+02
736309 15.390000 16.080000 15.390000 16.030001 1.800000e+03
736312 17.040001 17.420000 15.250000 15.250000 4.200000e+03
736313 14.750000 14.750000 14.530000 14.530000 3.300000e+03
736314 14.010000 14.010000 13.340000 13.340000 1.200000e+04
736315 14.390000 14.390000 14.390000 14.390000 8.000000e+03
736316 14.550000 15.490000 14.550000 15.490000 1.170000e+04
736319 14.930000 15.160000 14.860000 14.860000 9.000000e+02
736320 14.040000 14.170000 13.960000 13.960000 1.200000e+03
736321 13.600000 13.600000 13.530000 13.530000 8.000000e+02
736322 13.710000 13.710000 13.710000 13.710000 9.000000e+02
736326 13.900000 13.900000 13.310000 13.310000 8.000000e+02
736327 13.000000 13.040000 12.910000 12.980000 8.000000e+02
736328 13.280000 13.340000 13.280000 13.320000 6.000000e+02
736329 13.320000 13.320000 13.320000 13.320000 0.000000e+00
736333 14.500000 14.920000 14.370000 14.480000 1.500000e+03
736334 14.160000 14.160000 13.780000 13.840000 1.700000e+03
736335 14.730000 14.730000 14.170000 14.170000 2.500000e+03
736336 15.240000 15.500000 14.910000 15.300000 3.300000e+03
736337 15.410000 15.970000 15.410000 15.970000 3.000000e+02
736340 17.410000 17.410000 16.410000 16.410000 8.000000e+02
736341 15.850000 16.040001 15.850000 15.890000 2.100000e+03
736342 16.200001 16.200001 16.180000 16.180000 4.000000e+02
736343 17.629999 17.629999 16.330000 16.650000 9.600000e+03
736344 18.120001 18.660000 17.760000 18.209999 6.200000e+03
736348 20.820000 20.820000 17.900000 18.299999 7.900000e+03
736349 18.969999 20.540001 18.520000 18.920000 7.500000e+03
736350 18.730000 18.730000 18.559999 18.730000 1.200000e+03
736351 17.580000 17.700001 16.980000 16.980000 2.300000e+03
736354 17.160000 17.160000 16.780001 16.780001 4.000000e+02
736355 17.230000 17.370001 16.809999 16.809999 7.600000e+03
736356 16.930000 17.420000 16.420000 17.420000 2.500000e+03
736357 16.930000 16.930000 16.920000 16.920000 7.000000e+02
736358 15.960000 15.960000 15.870000 15.870000 1.400000e+03
736361 15.790000 15.790000 15.780000 15.780000 4.000000e+02
736362 16.070000 16.680000 16.070000 16.629999 1.070000e+04
736363 16.430000 17.000000 16.389999 16.500000 5.400000e+03
736364 16.570000 16.570000 16.570000 16.570000 2.000000e+02
736365 17.590000 18.000000 17.590000 17.709999 1.100000e+03
736368 18.809999 18.809999 18.809999 18.809999 3.000000e+02
736369 19.270000 19.299999 18.450001 18.459999 1.900000e+03
736370 18.430000 18.930000 18.430000 18.930000 9.500000e+03
736371 20.209999 21.000000 19.959999 19.959999 3.100000e+03
736372 19.959999 19.959999 19.959999 19.959999 9.000000e+02
736376 19.959999 19.959999 19.959999 19.959999 0.000000e+00
736377 18.610001 18.690001 18.190001 18.190001 2.680000e+04
736378 18.240000 18.420000 18.240000 18.420000 4.000000e+02
736379 18.020000 18.020000 17.870001 17.879999 1.800000e+03
736382 17.410000 17.430000 17.410000 17.430000 5.000000e+02
736383 17.309999 17.309999 17.309999 17.309999 1.000000e+02
736384 18.150000 18.150000 17.959999 18.090000 6.000000e+02
736385 17.510000 17.510000 16.940001 16.940001 2.200000e+03
736386 16.940001 16.940001 16.940001 16.940001 0.000000e+00
736389 17.309999 17.309999 17.309999 17.309999 2.000000e+02
736390 16.540001 16.540001 16.540001 16.540001 2.000000e+02
736391 16.540001 16.540001 16.540001 16.540001 1.000000e+02
736392 16.540001 16.540001 16.540001 16.540001 1.000000e+02
736393 14.640000 14.640000 14.640000 14.640000 6.000000e+02
736396 14.910000 14.910000 14.910000 14.910000 1.000000e+02
736397 15.660000 15.720000 15.660000 15.720000 2.000000e+03
736398 15.700000 15.790000 15.480000 15.480000 5.500000e+03
736399 15.630000 15.920000 15.630000 15.920000 8.000000e+02
736400 14.830000 14.830000 14.510000 14.510000 6.000000e+02
736403 14.510000 14.510000 14.510000 14.510000 0.000000e+00
736404 14.590000 14.590000 14.490000 14.540000 2.700000e+03
736405 13.900000 13.900000 13.900000 13.900000 6.000000e+02
736406 13.900000 13.900000 13.900000 13.900000 0.000000e+00
736407 13.760000 13.760000 13.760000 13.760000 9.000000e+02
736410 13.750000 13.750000 13.650000 13.670000 8.000000e+02
736411 13.550000 13.550000 13.320000 13.320000 2.100000e+03
736412 13.660000 13.660000 13.660000 13.660000 5.000000e+02
736413 14.500000 14.560000 14.430000 14.560000 4.000000e+02
736417 14.010000 14.010000 14.010000 14.010000 6.000000e+02
736418 13.500000 13.500000 13.100000 13.100000 8.000000e+02
736419 12.790000 12.790000 12.390000 12.470000 6.700000e+03
736420 12.500000 12.660000 12.460000 12.660000 1.500000e+03
736421 12.680000 12.680000 12.490000 12.490000 5.000000e+02
736424 12.180000 12.390000 12.160000 12.370000 7.000000e+02
736425 13.120000 13.160000 13.120000 13.130000 3.100000e+03
736426 13.170000 13.170000 13.170000 13.170000 3.000000e+02
736427 13.470000 13.550000 13.470000 13.550000 1.000000e+03
736428 13.230000 13.500000 13.190000 13.500000 4.000000e+02
736431 13.450000 13.450000 13.450000 13.450000 5.000000e+02
736432 13.770000 14.070000 13.490000 13.490000 2.200000e+03
736433 13.200000 13.200000 12.850000 12.870000 1.000000e+03
736434 13.030000 13.030000 13.030000 13.030000 2.000000e+02
736435 12.940000 12.940000 12.860000 12.930000 1.400000e+03
736438 12.480000 12.480000 11.730000 11.740000 8.200000e+03
736439 11.830000 12.120000 11.830000 12.120000 4.000000e+02
736440 12.130000 12.130000 12.130000 12.130000 2.000000e+02
736441 12.450000 12.620000 12.450000 12.620000 1.100000e+03
736442 12.910000 12.910000 12.660000 12.660000 9.000000e+02
736445 12.920000 12.920000 12.920000 12.920000 2.000000e+02
736446 12.920000 12.920000 12.920000 12.920000 0.000000e+00
736447 12.860000 12.860000 12.860000 12.860000 2.000000e+02
736448 12.120000 12.860000 12.120000 12.820000 6.500000e+03
736449 12.990000 13.930000 12.990000 13.400000 1.420000e+04
736452 12.870000 12.900000 12.830000 12.830000 3.800000e+03
736453 12.830000 12.830000 12.830000 12.830000 0.000000e+00
736454 14.010000 14.010000 13.840000 13.840000 1.700000e+03
736455 13.520000 14.000000 13.520000 13.850000 5.200000e+03
736456 13.990000 13.990000 13.300000 13.420000 3.500000e+03
736459 13.050000 13.110000 13.050000 13.110000 2.300000e+03
736460 12.830000 12.830000 12.570000 12.570000 9.000000e+02
736461 12.390000 12.390000 12.390000 12.390000 2.000000e+02
736462 13.160000 13.160000 12.940000 12.940000 3.000000e+02
736463 12.940000 12.940000 12.940000 12.940000 1.000000e+02
736466 12.960000 12.960000 12.790000 12.880000 1.900000e+03
736467 12.600000 12.850000 12.600000 12.850000 3.000000e+02
736468 13.000000 13.000000 13.000000 13.000000 1.000000e+02
736469 13.740000 13.740000 13.740000 13.740000 1.000000e+02
736470 13.220000 13.220000 13.220000 13.220000 2.000000e+02
736473 13.240000 13.240000 12.880000 12.940000 3.800000e+03
736474 12.720000 12.720000 12.170000 12.170000 2.700000e+03
736475 12.000000 12.030000 11.840000 12.030000 4.000000e+02
736476 11.980000 12.010000 11.980000 12.010000 6.000000e+02
736477 11.900000 11.950000 11.780000 11.780000 1.100000e+03
736481 11.660000 12.060000 11.590000 12.060000 1.000000e+03
736482 11.870000 11.870000 11.550000 11.760000 2.300000e+03
736483 11.790000 11.870000 11.530000 11.530000 2.600000e+03
736484 11.920000 12.060000 11.380000 11.400000 1.580000e+04
736487 11.540000 11.680000 11.350000 11.440000 1.040000e+04
736488 11.430000 11.480000 11.270000 11.460000 7.200000e+03
736489 11.480000 11.750000 11.480000 11.700000 6.500000e+03
736490 11.890000 12.070000 11.890000 12.070000 7.900000e+03
736491 12.530000 12.960000 12.520000 12.840000 6.800000e+03
736494 13.200000 14.160000 13.200000 14.160000 8.600000e+03
736495 14.310000 14.560000 13.650000 14.000000 2.980000e+04
736496 13.750000 13.750000 13.130000 13.610000 1.140000e+04
736497 14.840000 14.850000 13.230000 13.230000 7.400000e+03
736498 13.270000 13.320000 12.940000 13.140000 7.700000e+03
736501 12.240000 12.330000 12.180000 12.330000 7.200000e+03
736502 12.160000 12.440000 12.140000 12.150000 3.400000e+03
736503 12.010000 12.430000 11.870000 12.080000 1.640000e+04
736504 11.720000 11.720000 11.190000 11.190000 1.440000e+04
736505 12.590000 13.520000 11.790000 13.170000 3.250000e+04
736508 13.530000 14.120000 13.410000 13.790000 3.520000e+04
736509 13.190000 13.400000 12.530000 12.620000 3.190000e+04
736510 12.200000 12.270000 11.850000 12.030000 1.130000e+04
736511 11.850000 11.940000 11.690000 11.850000 1.620000e+04
736512 11.720000 11.990000 11.540000 11.750000 7.400000e+03
736516 11.900000 12.350000 11.850000 11.930000 1.240000e+04
736517 12.090000 12.140000 11.590000 11.650000 8.400000e+03
736518 11.590000 11.900000 11.500000 11.580000 7.900000e+03
736519 11.350000 11.350000 10.850000 10.850000 9.600000e+03
736522 10.740000 11.000000 10.660000 11.000000 2.510000e+04
736523 10.700000 10.810000 10.630000 10.630000 4.200000e+03
736524 10.510000 10.710000 10.500000 10.520000 9.800000e+03
736525 10.230000 10.450000 10.200000 10.450000 8.200000e+03
736526 10.450000 10.700000 10.400000 10.520000 8.400000e+03
736529 10.560000 10.610000 10.300000 10.330000 9.000000e+03
736530 10.400000 10.500000 10.330000 10.490000 3.200000e+03
736531 10.330000 10.330000 10.230000 10.250000 5.100000e+03
736532 10.280000 10.730000 10.240000 10.700000 3.100000e+03
736533 10.680000 10.680000 10.350000 10.350000 2.500000e+03
736536 10.430000 10.700000 10.430000 10.530000 7.300000e+03
736537 10.520000 10.740000 10.500000 10.500000 4.100000e+03
736538 10.380000 10.610000 10.290000 10.390000 4.700000e+03
736539 10.410000 10.430000 10.240000 10.240000 6.000000e+03
736540 10.090000 10.090000 9.670000 9.730000 1.070000e+04
736543 9.850000 9.870000 9.430000 9.640000 2.270000e+04
736544 9.790000 10.260000 9.790000 10.040000 1.690000e+04
736545 10.070000 10.080000 9.880000 9.910000 1.720000e+04
736546 9.810000 9.860000 9.660000 9.700000 1.680000e+04
736547 9.480000 9.500000 9.390000 9.500000 9.000000e+03
736550 9.350000 9.350000 9.300000 9.310000 2.600000e+03
736551 9.210000 9.210000 8.900000 9.170000 5.200000e+03
736552 8.960000 9.280000 8.940000 9.250000 8.600000e+03
736553 8.970000 9.270000 8.970000 9.270000 1.390000e+04
736554 9.360000 9.380000 9.210000 9.280000 7.900000e+03
736557 9.180000 9.290000 9.180000 9.290000 1.000000e+03
736558 9.420000 9.560000 9.420000 9.560000 7.100000e+03
736559 9.570000 9.770000 9.400000 9.400000 5.700000e+03
736560 9.460000 9.500000 9.310000 9.470000 2.700000e+03
736561 9.670000 9.670000 9.490000 9.530000 1.900000e+03
736564 9.580000 9.590000 9.520000 9.540000 3.600000e+03
736565 9.470000 9.650000 9.470000 9.650000 1.070000e+04
736566 9.730000 9.800000 9.710000 9.720000 4.300000e+03
736567 9.760000 9.760000 9.600000 9.600000 3.700000e+03
736568 9.570000 9.800000 9.340000 9.800000 4.000000e+03
736571 9.590000 9.640000 9.590000 9.640000 2.100000e+03
736572 9.560000 9.590000 9.530000 9.580000 4.200000e+03
736573 9.650000 9.780000 9.650000 9.720000 2.200000e+03
736574 9.560000 9.700000 9.560000 9.690000 3.000000e+02
736575 9.430000 9.500000 9.420000 9.490000 4.100000e+03
736579 9.370000 9.370000 9.270000 9.280000 2.300000e+03
736580 9.190000 9.190000 9.130000 9.140000 5.700000e+03
736581 9.270000 9.310000 9.250000 9.310000 2.200000e+03
736582 9.580000 10.230000 9.540000 10.230000 1.650000e+04
736585 10.280000 10.280000 9.690000 9.690000 9.300000e+03
736586 10.260000 10.570000 10.220000 10.570000 7.200000e+03
736587 10.160000 10.430000 10.110000 10.400000 3.320000e+04
736588 10.400000 10.400000 10.070000 10.170000 6.900000e+03
736589 10.420000 10.540000 10.100000 10.100000 4.600000e+03
736592 9.790000 10.010000 9.640000 9.830000 5.300000e+03
736593 9.750000 9.830000 9.750000 9.790000 3.000000e+03
736594 9.610000 9.900000 9.410000 9.410000 1.030000e+04
736595 9.120000 9.150000 9.050000 9.060000 8.600000e+03
736596 9.070000 9.070000 8.900000 9.010000 3.500000e+03
736599 9.550000 9.550000 9.390000 9.440000 1.300000e+03
736600 9.310000 9.310000 8.900000 8.990000 2.400000e+03
736601 8.850000 9.020000 8.810000 8.830000 3.800000e+03
736602 8.880000 9.320000 8.750000 9.090000 5.000000e+03
736603 8.970000 8.990000 8.820000 8.850000 1.080000e+04
736606 8.860000 8.860000 8.730000 8.730000 1.200000e+03
736607 8.600000 8.730000 8.600000 8.730000 1.000000e+03
736608 8.580000 8.640000 8.540000 8.640000 3.800000e+03
736609 8.600000 8.600000 8.550000 8.580000 2.200000e+03
736610 8.710000 8.710000 8.680000 8.680000 5.500000e+03
736613 8.500000 8.550000 8.450000 8.500000 1.100000e+04
736614 8.510000 8.910000 8.510000 8.910000 7.900000e+03
736615 8.700000 8.820000 8.700000 8.780000 1.700000e+03
736616 9.090000 9.290000 8.930000 8.930000 3.900000e+03
736617 8.780000 8.970000 8.760000 8.880000 4.300000e+03
736620 8.920000 8.920000 8.900000 8.900000 1.300000e+03
736621 8.690000 8.690000 8.620000 8.630000 2.300000e+03
736622 8.560000 8.590000 8.420000 8.470000 5.400000e+03
736623 8.630000 8.670000 8.470000 8.520000 6.300000e+03
736624 8.550000 8.550000 8.420000 8.430000 1.300000e+03
736627 8.150000 8.150000 8.050000 8.110000 1.700000e+03
736628 8.050000 8.160000 8.000000 8.040000 6.000000e+03
736629 8.160000 8.190000 8.060000 8.180000 5.900000e+03
736630 8.250000 8.380000 8.230000 8.360000 1.800000e+03
736631 8.390000 8.550000 8.390000 8.540000 2.200000e+03
736634 8.470000 8.590000 8.470000 8.590000 9.000000e+02
736635 8.730000 8.940000 8.640000 8.640000 9.400000e+03
736636 8.720000 8.760000 8.620000 8.660000 3.600000e+03
736637 8.770000 9.320000 8.770000 9.190000 1.130000e+04
736638 9.240000 9.250000 8.930000 9.190000 1.090000e+04
736641 8.510000 8.520000 8.150000 8.170000 9.100000e+03
736642 8.190000 8.190000 7.800000 7.860000 5.700000e+03
736643 8.300000 8.300000 7.620000 7.690000 2.350000e+04
736644 7.550000 8.040000 7.540000 8.040000 1.370000e+04
736645 8.180000 8.260000 7.930000 7.950000 5.500000e+03
736648 8.000000 8.300000 7.910000 8.100000 1.460000e+04
736649 8.010000 8.010000 7.730000 7.860000 5.400000e+03
736650 7.960000 8.020000 7.900000 7.920000 1.060000e+04
736651 7.900000 7.910000 7.800000 7.800000 4.800000e+03
736652 7.690000 7.890000 7.640000 7.780000 1.270000e+04
736655 7.690000 7.750000 7.480000 7.480000 1.690000e+04
736656 7.540000 7.720000 7.540000 7.570000 9.200000e+03
736657 7.670000 7.670000 7.580000 7.650000 2.800000e+03
736659 7.640000 7.670000 7.630000 7.640000 4.200000e+03
736662 7.660000 7.680000 7.660000 7.680000 4.000000e+02
736663 7.670000 7.670000 7.670000 7.670000 4.000000e+02
736664 7.590000 7.650000 7.590000 7.620000 7.000000e+03
736665 7.620000 7.990000 7.620000 7.820000 1.700000e+03
736666 7.860000 7.860000 7.780000 7.820000 3.600000e+03
736669 7.620000 7.680000 7.620000 7.680000 9.000000e+02
736670 7.490000 7.510000 7.370000 7.370000 4.500000e+03
736671 7.360000 7.420000 7.270000 7.380000 7.200000e+03
736672 7.460000 7.610000 7.410000 7.610000 1.500000e+04
736673 7.470000 7.470000 7.390000 7.390000 4.900000e+03
736676 7.540000 7.580000 7.530000 7.530000 2.400000e+03
736677 7.450000 7.580000 7.450000 7.510000 1.330000e+04
736678 7.580000 7.580000 7.330000 7.470000 8.800000e+03
736679 7.350000 7.400000 7.290000 7.390000 6.700000e+03
736680 7.430000 7.510000 7.350000 7.440000 1.500000e+03
736683 7.220000 7.280000 7.220000 7.250000 8.000000e+02
736684 7.160000 7.160000 7.110000 7.140000 9.300000e+03
736685 7.060000 7.140000 7.040000 7.120000 7.600000e+03
736686 7.140000 7.250000 7.090000 7.250000 2.800000e+03
736687 7.300000 7.350000 7.280000 7.350000 5.800000e+03
736691 7.220000 7.240000 7.160000 7.160000 2.500000e+03
736692 7.250000 7.290000 7.250000 7.290000 4.000000e+02
736693 7.290000 7.470000 7.290000 7.410000 1.340000e+04
736694 7.320000 7.590000 7.310000 7.510000 1.720000e+04
736698 7.250000 7.250000 7.110000 7.120000 4.200000e+03
736699 6.940000 6.940000 6.690000 6.690000 9.100000e+03
736700 6.710000 6.860000 6.710000 6.760000 5.000000e+03
736701 6.570000 6.570000 6.440000 6.570000 1.380000e+04
736704 6.540000 6.540000 6.390000 6.510000 1.180000e+04
736705 6.450000 6.580000 6.450000 6.470000 2.400000e+03
736706 6.460000 6.630000 6.380000 6.380000 1.290000e+04
736707 6.440000 6.670000 6.440000 6.460000 2.020000e+04
736708 6.500000 6.610000 6.480000 6.610000 1.670000e+04
736712 6.720000 6.770000 6.700000 6.700000 1.780000e+04
736713 6.640000 6.640000 6.530000 6.530000 2.070000e+04
736714 6.550000 6.640000 6.540000 6.570000 7.500000e+03
736715 6.430000 6.470000 6.230000 6.270000 2.300000e+04
736718 6.340000 6.410000 6.260000 6.260000 1.750000e+04
736719 6.100000 6.100000 5.820000 5.820000 2.260000e+04
736720 5.670000 5.700000 5.630000 5.650000 1.350000e+04
736721 5.680000 5.730000 5.680000 5.690000 7.200000e+03
736722 5.720000 5.780000 5.710000 5.760000 6.600000e+03
736725 5.850000 6.040000 5.790000 5.810000 3.140000e+04
736726 5.910000 5.910000 5.750000 5.770000 6.800000e+03
736727 5.580000 5.700000 5.520000 5.560000 9.700000e+03
736728 5.590000 5.680000 5.560000 5.650000 1.080000e+04
736729 5.540000 5.560000 5.500000 5.500000 4.600000e+03
736732 5.560000 5.570000 5.490000 5.540000 2.000000e+03
736733 5.510000 5.600000 5.510000 5.600000 1.940000e+04
736734 5.650000 5.720000 5.650000 5.670000 4.510000e+04
736735 5.670000 5.670000 5.540000 5.570000 1.750000e+04
736736 5.530000 5.550000 5.510000 5.540000 1.080000e+04
736739 5.540000 5.540000 5.440000 5.440000 8.800000e+03
736740 5.360000 5.360000 5.120000 5.140000 1.700000e+04
736741 4.930000 5.060000 4.860000 4.940000 3.400000e+04
736742 4.930000 5.180000 4.930000 5.050000 1.190000e+04
736743 5.040000 5.060000 4.970000 4.980000 9.500000e+03
736747 4.960000 5.060000 4.910000 5.040000 9.100000e+03
736748 5.170000 5.210000 5.110000 5.140000 5.400000e+03
736749 5.180000 5.380000 5.180000 5.380000 1.510000e+04
736750 5.640000 5.640000 5.420000 5.440000 1.450000e+04
736753 5.420000 5.440000 5.190000 5.260000 3.670000e+04
736754 5.230000 5.370000 5.220000 5.260000 3.060000e+04
736755 5.100000 5.190000 5.090000 5.120000 1.420000e+04
736756 5.260000 5.290000 5.210000 5.290000 3.700000e+03
736757 5.200000 5.210000 5.130000 5.130000 7.500000e+03
736760 5.130000 5.140000 5.030000 5.030000 2.780000e+04
736761 5.040000 5.070000 4.970000 5.070000 1.880000e+04
736762 4.950000 5.070000 4.910000 5.070000 1.150000e+04
736763 5.040000 5.110000 4.960000 5.010000 1.650000e+04
736764 5.000000 5.000000 4.940000 4.940000 1.420000e+04
