736034 22.219999 22.490000 22.010000 22.379999 3.660000e+04
736035 22.680000 23.100000 22.480000 22.969999 3.190000e+04
736036 22.840000 23.160000 22.299999 22.860001 3.000000e+04
736039 25.809999 25.950001 24.760000 25.200001 1.765000e+05
736040 25.459999 25.549999 25.110001 25.230000 6.110000e+04
736041 25.190001 26.230000 25.090000 25.830000 6.230000e+04
736042 25.889999 26.170000 25.190001 26.000000 3.450000e+04
736043 26.020000 26.930000 25.670000 26.799999 6.790000e+04
736046 27.000000 28.410000 26.940001 27.610001 4.160000e+04
736047 27.889999 27.889999 27.090000 27.309999 4.320000e+04
736048 27.450001 27.450001 26.110001 26.139999 2.540000e+04
736049 26.360001 26.660000 25.500000 25.559999 4.270000e+04
736050 25.500000 25.910000 25.260000 25.820000 2.190000e+04
736053 26.040001 26.930000 25.760000 26.650000 3.470000e+04
736054 26.290001 26.450001 26.000000 26.219999 1.940000e+04
736055 26.250000 26.440001 25.920000 26.240000 1.880000e+04
736056 26.340000 26.740000 26.270000 26.370001 3.900000e+04
736060 26.360001 26.870001 26.360001 26.650000 3.060000e+04
736061 26.670000 26.850000 26.580000 26.709999 2.810000e+04
736062 26.770000 27.110001 26.540001 26.690001 2.550000e+04
736063 26.740000 26.740000 26.100000 26.280001 9.500000e+03
736064 26.250000 26.250000 25.910000 25.930000 2.060000e+04
736067 26.000000 26.000000 25.910000 25.910000 1.380000e+04
736068 25.910000 26.219999 25.500000 26.190001 5.160000e+04
736069 26.299999 26.600000 26.129999 26.360001 2.300000e+04
736070 26.360001 26.500000 25.750000 25.910000 1.260000e+04
736071 25.900000 25.900000 24.110001 24.160000 3.000000e+04
736074 24.389999 24.889999 24.320000 24.670000 1.720000e+04
736075 24.670000 24.680000 23.610001 23.799999 3.430000e+04
736076 23.990000 24.000000 23.049999 23.379999 4.420000e+04
736077 23.350000 23.740000 23.309999 23.540001 3.170000e+04
736078 23.770000 24.160000 23.520000 23.920000 1.800000e+04
736081 23.889999 24.440001 23.379999 23.500000 2.580000e+04
736082 23.719999 23.760000 23.250000 23.350000 3.950000e+04
736083 23.350000 23.350000 22.430000 22.430000 3.350000e+04
736084 22.430000 22.430000 20.450001 21.000000 6.710000e+04
736085 21.219999 21.540001 19.600000 20.430000 3.310000e+04
736088 20.830000 21.000000 20.350000 20.360001 3.540000e+04
736089 20.490000 20.719999 20.209999 20.430000 2.450000e+04
736090 20.510000 20.680000 19.670000 19.799999 2.970000e+04
736091 19.950001 20.440001 19.110001 20.209999 3.020000e+04
736092 20.500000 20.920000 19.760000 19.770000 1.470000e+04
736095 19.799999 20.559999 19.799999 20.290001 1.330000e+04
736096 20.180000 20.290001 19.360001 19.510000 1.860000e+04
736097 19.730000 19.790001 19.270000 19.500000 2.390000e+04
736098 19.660000 20.150000 19.549999 19.920000 1.460000e+04
736099 19.940001 21.799999 19.940001 20.049999 1.850000e+04
736102 20.190001 20.799999 20.070000 20.490000 2.700000e+04
736103 20.700001 20.700001 19.559999 19.629999 3.740000e+04
736104 19.830000 19.830000 19.100000 19.340000 3.330000e+04
736105 19.340000 19.420000 18.200001 18.250000 3.880000e+04
736106 18.299999 18.920000 17.760000 18.129999 3.760000e+04
736110 18.219999 18.500000 17.780001 18.000000 4.590000e+04
736111 18.000000 18.270000 17.959999 18.100000 2.970000e+04
736112 18.030001 18.090000 17.889999 18.049999 2.610000e+04
736113 18.049999 18.110001 17.840000 18.049999 2.580000e+04
736116 18.129999 18.510000 18.020000 18.059999 2.780000e+04
736117 18.020000 18.889999 17.959999 18.090000 2.130000e+04
736118 18.170000 18.610001 18.030001 18.110001 1.590000e+04
736119 18.160000 18.240000 17.870001 18.030001 1.890000e+04
736120 18.010000 18.129999 17.900000 18.090000 1.670000e+04
736123 18.120001 18.330000 17.930000 18.000000 1.680000e+04
736124 18.299999 18.299999 17.900000 17.990000 2.200000e+04
736125 18.309999 18.440001 17.959999 18.209999 3.020000e+04
736126 18.160000 18.160000 17.950001 18.100000 1.950000e+04
736127 18.059999 18.350000 18.000000 18.129999 1.980000e+04
736130 18.020000 18.959999 17.959999 18.870001 2.550000e+04
736131 18.950001 19.120001 18.709999 19.080000 2.800000e+04
736132 19.120001 19.340000 18.730000 19.309999 2.590000e+04
736133 19.330000 19.700001 19.080000 19.690001 2.660000e+04
736134 19.750000 19.809999 19.090000 19.170000 5.860000e+04
736137 19.469999 19.700001 19.309999 19.680000 4.560000e+04
736138 19.549999 20.290001 19.500000 19.959999 4.020000e+04
736139 19.879999 20.129999 19.430000 19.490000 3.200000e+04
736140 19.490000 19.799999 19.200001 19.250000 2.310000e+04
736141 19.360001 20.230000 19.270000 20.030001 9.757000e+05
736144 19.920000 20.870001 19.240000 20.530001 4.230000e+04
736145 20.590000 20.590000 19.400000 19.650000 2.550000e+04
736146 19.719999 19.719999 19.260000 19.400000 1.710000e+04
736147 19.410000 19.820000 18.400000 18.709999 2.080000e+04
736151 18.389999 18.809999 18.290001 18.709999 3.210000e+04
736152 18.740000 18.740000 17.920000 18.000000 3.360000e+04
736153 17.680000 18.219999 17.680000 17.930000 8.430000e+04
736154 18.000000 18.280001 17.660000 17.799999 2.450000e+04
736155 17.889999 17.910000 17.389999 17.389999 2.830000e+04
736158 17.379999 17.700001 17.200001 17.410000 6.470000e+04
736159 17.490000 17.500000 17.309999 17.360001 1.080000e+04
736160 17.299999 17.309999 16.420000 16.549999 4.200000e+04
736161 16.820000 17.500000 16.469999 16.660000 2.420000e+04
736162 16.520000 16.530001 15.360000 15.600000 6.690000e+04
736165 15.690000 15.690000 14.790000 14.900000 3.380000e+04
736166 15.020000 15.480000 15.020000 15.310000 5.520000e+04
736167 15.100000 15.380000 15.000000 15.320000 6.120000e+04
736168 15.590000 15.610000 14.680000 15.120000 4.190000e+04
736169 15.060000 15.120000 14.150000 14.190000 1.940000e+04
736172 14.200000 14.360000 14.110000 14.170000 1.880000e+04
736173 14.280000 14.720000 14.130000 14.530000 5.550000e+04
736174 14.500000 15.690000 14.500000 15.100000 2.990000e+04
736175 14.920000 15.060000 13.600000 13.760000 7.740000e+04
736176 13.760000 13.910000 13.500000 13.510000 5.320000e+04
736179 13.500000 13.590000 12.860000 12.860000 6.440000e+04
736180 12.960000 13.590000 11.810000 12.000000 4.210000e+04
736181 12.180000 12.270000 10.930000 11.130000 1.484000e+05
736182 11.250000 12.180000 10.900000 12.120000 9.070000e+04
736183 12.100000 12.650000 11.470000 12.640000 2.460000e+04
736186 12.600000 13.130000 12.070000 12.870000 6.790000e+04
736187 12.930000 12.970000 12.600000 12.870000 2.970000e+04
736188 12.800000 12.990000 12.150000 12.800000 4.730000e+04
736189 12.710000 12.900000 12.000000 12.530000 4.910000e+04
736190 12.450000 12.760000 12.340000 12.760000 1.520000e+04
736193 12.650000 12.830000 12.450000 12.690000 1.870000e+04
736194 12.700000 13.090000 12.530000 12.680000 3.800000e+04
736195 12.730000 12.760000 12.440000 12.620000 2.020000e+04
736196 12.660000 12.660000 12.250000 12.270000 7.000000e+03
736197 12.300000 12.560000 12.090000 12.270000 1.230000e+04
736200 11.800000 12.430000 11.210000 12.160000 1.750000e+04
736201 12.630000 12.630000 12.050000 12.140000 1.880000e+04
736202 12.290000 12.290000 11.800000 12.240000 2.120000e+04
736203 12.500000 12.620000 11.970000 12.180000 3.260000e+04
736204 12.270000 13.320000 12.270000 12.870000 1.146000e+05
736207 12.950000 13.170000 12.300000 12.990000 9.337000e+05
736208 12.680000 13.080000 12.680000 12.760000 4.540000e+04
736209 12.800000 13.030000 12.710000 12.880000 2.160000e+04
736210 12.870000 12.990000 12.660000 12.700000 1.780000e+04
736211 12.550000 12.790000 12.520000 12.760000 1.940000e+04
736215 12.940000 12.940000 12.600000 12.610000 1.390000e+04
736216 12.570000 12.710000 12.510000 12.510000 1.040000e+04
736217 12.580000 12.690000 12.500000 12.620000 1.240000e+04
736218 12.560000 12.730000 12.500000 12.570000 2.480000e+04
736221 12.560000 12.560000 11.960000 12.000000 5.840000e+04
736222 12.000000 12.000000 11.860000 11.950000 2.680000e+04
736223 11.940000 12.090000 11.850000 11.920000 2.660000e+04
736224 11.900000 12.000000 11.850000 11.930000 1.240000e+04
736225 12.000000 12.060000 11.440000 11.640000 3.070000e+04
736228 11.620000 11.620000 11.180000 11.270000 1.510000e+04
736229 11.140000 11.140000 10.620000 10.630000 1.770000e+04
736230 10.630000 10.630000 10.150000 10.450000 3.230000e+04
736231 10.440000 10.670000 10.250000 10.650000 2.580000e+04
736232 10.630000 10.760000 10.410000 10.660000 3.130000e+04
736235 10.590000 10.890000 10.290000 10.710000 2.700000e+04
736236 10.690000 11.240000 10.560000 10.880000 4.130000e+04
736237 10.900000 10.900000 10.430000 10.580000 4.530000e+04
736238 10.530000 10.530000 10.100000 10.230000 4.260000e+04
736239 10.220000 11.040000 10.060000 10.950000 1.920000e+04
736242 11.040000 11.760000 11.040000 11.740000 8.700000e+03
736243 11.850000 12.730000 11.850000 12.730000 1.870000e+04
736244 12.750000 13.420000 12.750000 13.420000 1.560000e+04
736245 13.400000 13.500000 13.260000 13.390000 1.350000e+04
736246 13.460000 13.560000 13.240000 13.250000 1.040000e+04
736249 13.330000 13.590000 12.730000 12.900000 3.150000e+04
736250 12.780000 12.780000 12.010000 12.070000 1.850000e+04
736251 12.070000 12.330000 11.410000 11.710000 3.480000e+04
736252 11.700000 12.900000 11.080000 11.920000 2.590000e+04
736253 11.800000 11.800000 10.560000 10.700000 5.290000e+04
736256 10.660000 10.660000 10.010000 10.010000 4.310000e+04
736257 10.040000 10.540000 10.010000 10.020000 3.550000e+04
736258 10.050000 10.170000 9.920000 10.010000 1.596000e+05
736259 10.050000 10.420000 9.850000 10.180000 3.280000e+04
736260 10.250000 10.960000 10.120000 10.250000 5.610000e+04
736263 10.190000 10.280000 9.500000 9.690000 1.076000e+05
736264 10.130000 10.130000 9.130000 9.310000 1.212000e+05
736265 9.170000 9.790000 8.640000 8.740000 1.989000e+05
736266 8.800000 9.260000 8.610000 8.640000 7.080000e+04
736267 8.710000 8.990000 8.600000 8.700000 5.170000e+04
736270 8.710000 8.900000 8.710000 8.840000 1.075000e+05
736271 9.160000 9.730000 8.880000 9.710000 1.181000e+05
736272 9.730000 11.570000 9.730000 11.540000 6.750000e+04
736273 11.410000 11.850000 10.660000 11.270000 2.690000e+04
736274 11.150000 11.980000 11.000000 11.750000 3.350000e+04
736277 11.800000 11.800000 11.060000 11.270000 1.730000e+04
736278 11.180000 11.210000 10.820000 11.180000 1.850000e+04
736279 11.240000 11.240000 11.000000 11.050000 1.580000e+04
736280 11.160000 11.180000 10.750000 10.860000 2.650000e+04
736281 10.890000 11.400000 10.700000 10.790000 4.030000e+04
736284 10.810000 10.810000 10.440000 10.640000 1.980000e+04
736285 10.630000 10.700000 10.410000 10.560000 2.280000e+04
736286 10.650000 10.910000 10.480000 10.640000 1.930000e+04
736287 10.550000 10.870000 10.440000 10.660000 5.490000e+04
736288 10.700000 10.820000 10.060000 10.290000 6.590000e+04
736291 10.330000 10.470000 10.040000 10.440000 3.020000e+04
736292 10.480000 10.800000 10.120000 10.630000 1.920000e+04
736293 10.580000 10.750000 10.230000 10.280000 3.960000e+04
736295 10.270000 10.350000 10.170000 10.210000 7.800000e+03
736298 10.250000 10.890000 10.120000 10.800000 2.630000e+04
736299 10.820000 10.910000 10.280000 10.540000 2.180000e+04
736300 10.400000 10.970000 10.340000 10.540000 5.140000e+04
736301 10.610000 10.810000 10.100000 10.410000 3.600000e+04
736302 10.420000 10.820000 10.020000 10.490000 3.890000e+04
736305 10.430000 11.300000 10.020000 10.020000 4.050000e+04
736306 10.070000 10.360000 10.000000 10.060000 1.560000e+04
736307 10.170000 10.330000 9.810000 9.900000 1.290000e+04
736308 9.900000 9.900000 9.730000 9.740000 1.150000e+04
736309 9.730000 9.890000 9.250000 9.320000 1.870000e+04
736312 9.250000 9.350000 8.370000 8.380000 9.350000e+04
736313 8.530000 8.600000 8.220000 8.270000 5.820000e+04
736314 8.210000 8.480000 8.160000 8.160000 7.840000e+04
736315 8.170000 8.360000 8.030000 8.170000 7.920000e+04
736316 8.250000 8.580000 8.010000 8.520000 3.360000e+04
736319 8.560000 8.960000 8.390000 8.910000 2.550000e+04
736320 8.930000 9.190000 8.690000 8.800000 5.020000e+04
736321 9.040000 9.090000 8.460000 8.620000 6.710000e+04
736322 8.680000 8.890000 8.600000 8.870000 7.200000e+03
736326 8.870000 9.130000 8.700000 9.000000 3.810000e+04
736327 9.090000 9.440000 8.970000 9.140000 8.300000e+03
736328 9.100000 9.120000 8.950000 9.070000 1.730000e+04
736329 9.110000 9.430000 9.110000 9.290000 1.320000e+04
736333 9.160000 9.730000 9.160000 9.700000 1.200000e+04
736334 9.750000 9.750000 9.120000 9.220000 2.360000e+04
736335 9.000000 9.020000 8.400000 8.400000 3.170000e+04
736336 8.400000 8.400000 7.960000 7.970000 3.900000e+04
736337 8.060000 8.760000 8.000000 8.010000 9.600000e+03
736340 8.120000 8.510000 7.750000 7.780000 2.390000e+04
736341 7.750000 7.890000 7.500000 7.500000 2.010000e+04
736342 7.630000 7.720000 7.000000 7.140000 3.000000e+04
736343 7.250000 7.730000 6.990000 7.640000 8.200000e+03
736344 7.650000 7.710000 7.270000 7.410000 1.490000e+04
736348 7.360000 7.390000 6.520000 6.660000 5.570000e+04
736349 6.660000 6.910000 6.100000 6.680000 3.250000e+04
736350 6.720000 7.350000 6.720000 6.990000 2.770000e+04
736351 7.010000 7.190000 6.980000 6.990000 5.690000e+04
736354 7.040000 7.040000 6.920000 6.990000 2.790000e+04
736355 7.060000 7.360000 6.900000 7.140000 1.580000e+04
736356 6.650000 7.090000 6.650000 6.830000 4.620000e+04
736357 6.910000 7.000000 6.600000 6.700000 8.630000e+04
736358 6.730000 6.900000 6.620000 6.840000 2.200000e+04
736361 6.760000 6.950000 6.710000 6.850000 3.860000e+04
736362 6.860000 7.220000 6.470000 6.470000 5.060000e+04
736363 7.430000 7.430000 6.600000 7.180000 5.200000e+04
736364 7.400000 7.790000 7.220000 7.730000 5.330000e+04
736365 7.670000 7.800000 7.420000 7.600000 7.030000e+04
736368 7.580000 7.580000 7.100000 7.100000 3.670000e+04
736369 7.090000 7.090000 6.740000 6.900000 5.730000e+04
736370 6.890000 7.310000 6.750000 7.150000 3.090000e+04
736371 7.020000 7.550000 7.020000 7.400000 2.500000e+04
736372 7.410000 8.210000 7.410000 8.070000 6.200000e+04
736376 8.170000 8.170000 7.760000 7.780000 1.330000e+04
736377 7.890000 8.550000 7.890000 8.290000 3.810000e+04
736378 8.300000 8.540000 7.910000 8.190000 2.610000e+04
736379 8.100000 8.260000 8.050000 8.140000 3.300000e+04
736382 8.180000 8.500000 7.960000 8.320000 3.560000e+04
736383 8.250000 8.370000 7.930000 8.010000 2.670000e+04
736384 7.780000 8.130000 7.360000 7.920000 2.620000e+04
736385 7.980000 8.010000 7.400000 7.820000 2.920000e+04
736386 7.850000 7.850000 7.510000 7.650000 2.010000e+04
736389 7.610000 8.020000 7.520000 7.970000 3.440000e+04
736390 8.000000 8.690000 7.510000 8.690000 6.800000e+04
736391 8.590000 8.760000 8.060000 8.290000 4.710000e+04
736392 8.330000 8.600000 8.120000 8.250000 5.180000e+04
736393 8.350000 8.990000 8.210000 8.220000 6.700000e+04
736396 8.060000 9.800000 8.060000 9.710000 4.980000e+04
736397 9.630000 10.000000 9.600000 9.620000 2.850000e+04
736398 9.590000 9.900000 9.410000 9.420000 1.880000e+04
736399 9.500000 9.910000 9.210000 9.500000 2.890000e+04
736400 9.720000 10.630000 9.250000 10.280000 3.050000e+04
736403 10.350000 10.890000 10.300000 10.850000 2.950000e+04
736404 10.750000 11.970000 10.500000 10.500000 2.030000e+04
736405 10.200000 10.200000 9.220000 10.000000 9.210000e+04
736406 10.000000 11.070000 9.940000 11.030000 4.790000e+04
736407 10.930000 11.240000 9.750000 9.930000 7.250000e+04
736410 9.800000 9.990000 9.650000 9.880000 2.450000e+04
736411 9.810000 10.360000 9.610000 10.290000 7.450000e+04
736412 10.100000 10.100000 9.410000 9.550000 1.700000e+04
736413 9.460000 9.570000 9.090000 9.470000 1.310000e+04
736417 9.400000 9.750000 9.000000 9.440000 6.710000e+04
736418 9.310000 9.710000 9.020000 9.630000 3.250000e+04
736419 9.650000 10.260000 9.650000 10.040000 1.740000e+04
736420 9.960000 10.360000 9.960000 10.190000 6.790000e+04
736421 10.100000 10.300000 9.940000 10.200000 1.030000e+04
736424 10.200000 10.200000 9.900000 9.920000 2.460000e+04
736425 9.900000 10.500000 9.900000 10.330000 2.750000e+04
736426 10.290000 10.390000 10.250000 10.350000 9.500000e+03
736427 10.350000 10.360000 9.390000 9.640000 4.120000e+04
736428 9.790000 10.150000 9.130000 9.500000 4.990000e+04
736431 9.510000 10.200000 9.480000 9.830000 3.250000e+04
736432 9.710000 9.960000 9.570000 9.880000 3.510000e+04
736433 9.830000 10.440000 9.750000 10.400000 4.970000e+04
736434 10.220000 10.520000 10.220000 10.520000 1.520000e+04
736435 10.480000 10.750000 10.390000 10.600000 2.690000e+04
736438 10.510000 11.200000 10.500000 10.990000 7.400000e+04
736439 11.000000 11.210000 10.680000 10.760000 2.280000e+04
736440 10.710000 11.140000 10.470000 11.000000 4.750000e+04
736441 10.910000 11.050000 10.490000 10.630000 2.750000e+04
736442 10.510000 11.040000 10.500000 10.960000 3.110000e+04
736445 10.900000 10.930000 10.630000 10.740000 3.380000e+04
736446 10.790000 11.110000 10.650000 11.090000 3.050000e+04
736447 11.000000 13.180000 11.000000 12.580000 1.099000e+05
736448 12.590000 13.070000 12.590000 12.960000 4.100000e+04
736449 12.820000 13.160000 12.820000 13.030000 1.286000e+05
736452 13.240000 13.650000 13.000000 13.560000 4.750000e+04
736453 13.290000 13.620000 12.400000 12.730000 4.450000e+04
736454 12.590000 13.490000 12.420000 13.040000 4.020000e+04
736455 13.230000 13.540000 12.730000 12.760000 3.460000e+04
736456 12.610000 13.370000 12.610000 13.080000 3.100000e+04
736459 12.970000 12.970000 12.400000 12.650000 2.610000e+04
736460 12.630000 12.910000 11.880000 12.180000 6.940000e+04
736461 11.900000 12.710000 11.900000 12.550000 2.820000e+04
736462 12.750000 12.750000 11.620000 11.920000 3.390000e+04
736463 11.970000 11.980000 11.250000 11.740000 4.760000e+04
736466 11.900000 12.560000 11.260000 11.350000 3.680000e+04
736467 11.380000 11.940000 11.370000 11.660000 2.490000e+04
736468 11.990000 12.360000 11.450000 11.690000 5.050000e+04
736469 11.640000 11.670000 11.430000 11.430000 2.250000e+04
736470 11.600000 11.710000 11.280000 11.480000 1.260000e+04
736473 11.220000 11.980000 11.220000 11.770000 1.450000e+04
736474 11.900000 12.100000 11.690000 11.870000 2.140000e+04
736475 11.880000 12.560000 11.680000 12.140000 4.240000e+04
736476 12.270000 12.360000 11.490000 11.600000 2.170000e+04
736477 11.680000 11.980000 11.530000 11.530000 2.670000e+04
736481 11.450000 12.080000 11.450000 11.930000 2.010000e+04
736482 11.790000 11.830000 10.750000 11.720000 3.680000e+04
736483 11.450000 12.500000 11.450000 11.940000 2.560000e+04
736484 11.770000 12.100000 11.630000 12.080000 1.620000e+04
736487 12.080000 12.240000 11.930000 12.180000 1.780000e+04
736488 12.130000 12.500000 12.130000 12.260000 1.320000e+04
736489 12.260000 12.260000 11.980000 12.190000 2.590000e+04
736490 12.000000 12.080000 11.310000 12.050000 2.660000e+04
736491 11.900000 12.230000 11.400000 11.950000 2.250000e+04
736494 11.830000 11.890000 11.430000 11.560000 8.000000e+03
736495 11.440000 11.440000 11.200000 11.360000 1.340000e+04
736496 11.340000 11.780000 11.260000 11.620000 1.620000e+04
736497 11.430000 11.460000 10.880000 11.380000 9.600000e+03
736498 11.250000 11.620000 11.250000 11.480000 1.280000e+04
736501 11.610000 11.980000 11.320000 11.920000 2.230000e+04
736502 11.920000 11.920000 11.420000 11.800000 1.580000e+04
736503 11.840000 11.840000 11.450000 11.470000 1.590000e+04
736504 11.890000 11.890000 11.240000 11.310000 1.480000e+04
736505 10.780000 11.380000 9.760000 11.130000 1.670000e+04
736508 10.970000 10.970000 10.330000 10.550000 1.640000e+04
736509 10.600000 10.800000 10.210000 10.360000 7.900000e+03
736510 10.240000 10.840000 10.240000 10.590000 1.420000e+04
736511 10.580000 11.120000 10.270000 10.900000 1.240000e+04
736512 10.870000 11.430000 10.510000 10.700000 2.330000e+04
736516 10.550000 10.880000 10.550000 10.690000 2.870000e+04
736517 10.540000 11.030000 10.510000 10.800000 4.350000e+04
736518 10.730000 11.340000 10.500000 10.940000 1.700000e+04
736519 10.910000 11.220000 10.740000 11.070000 1.560000e+04
736522 11.020000 11.320000 10.890000 11.270000 9.600000e+03
736523 11.200000 11.520000 11.030000 11.310000 9.300000e+03
736524 11.210000 11.660000 11.110000 11.430000 1.170000e+04
736525 10.890000 11.740000 10.890000 11.470000 5.740000e+04
736526 11.460000 11.560000 11.360000 11.490000 8.300000e+03
736529 11.380000 11.590000 11.330000 11.350000 3.900000e+03
736530 11.260000 11.260000 11.210000 11.240000 4.400000e+03
736531 11.170000 11.350000 11.160000 11.200000 5.500000e+03
736532 11.190000 11.500000 10.680000 11.090000 1.430000e+04
736533 11.070000 11.340000 10.890000 11.000000 2.600000e+03
736536 10.920000 11.080000 10.840000 11.040000 1.140000e+04
736537 10.940000 11.620000 10.940000 11.010000 3.650000e+04
736538 11.380000 11.680000 11.010000 11.510000 1.700000e+04
736539 11.750000 11.830000 11.000000 11.800000 1.410000e+04
736540 11.750000 11.880000 11.090000 11.690000 1.060000e+04
736543 11.870000 11.880000 11.750000 11.760000 9.000000e+03
736544 11.840000 11.920000 11.640000 11.890000 1.720000e+04
736545 11.860000 12.000000 11.690000 11.830000 7.400000e+03
736546 11.830000 11.940000 11.810000 11.820000 1.240000e+04
736547 11.850000 11.970000 11.690000 11.870000 6.900000e+03
736550 11.810000 11.810000 11.740000 11.750000 1.200000e+03
736551 11.710000 11.860000 11.710000 11.790000 6.100000e+03
736552 11.620000 11.730000 11.510000 11.640000 8.000000e+03
736553 11.650000 11.650000 11.520000 11.590000 5.500000e+03
736554 11.600000 11.640000 11.510000 11.540000 1.530000e+04
736557 11.520000 11.670000 11.510000 11.590000 4.600000e+03
736558 11.510000 11.560000 10.680000 10.760000 2.590000e+04
736559 10.790000 11.100000 10.790000 11.050000 6.300000e+03
736560 10.920000 11.080000 10.870000 10.880000 1.210000e+04
736561 10.890000 10.950000 10.780000 10.790000 5.470000e+04
736564 10.730000 10.850000 10.510000 10.570000 1.000000e+04
736565 10.660000 10.740000 10.550000 10.600000 1.230000e+04
736566 10.580000 10.710000 10.520000 10.570000 1.060000e+04
736567 10.520000 10.790000 10.520000 10.690000 2.000000e+04
736568 10.690000 10.740000 10.590000 10.690000 7.380000e+04
736571 10.720000 11.250000 10.670000 10.850000 1.230000e+04
736572 10.850000 11.030000 10.750000 10.910000 4.100000e+03
736573 10.930000 10.950000 10.900000 10.920000 6.500000e+03
736574 10.800000 11.050000 10.800000 10.890000 4.700000e+03
736575 10.930000 10.960000 10.910000 10.910000 6.400000e+03
736579 10.910000 10.980000 10.770000 10.840000 4.300000e+03
736580 10.800000 10.870000 10.550000 10.700000 2.180000e+04
736581 10.650000 11.000000 10.650000 10.860000 9.100000e+03
736582 10.740000 10.850000 10.550000 10.650000 1.220000e+04
736585 10.580000 10.800000 10.360000 10.360000 1.320000e+04
736586 10.660000 10.660000 9.750000 10.140000 3.220000e+04
736587 10.050000 10.160000 9.860000 9.920000 8.000000e+03
736588 9.920000 9.920000 9.500000 9.590000 1.440000e+04
736589 9.560000 9.920000 9.470000 9.920000 1.580000e+04
736592 9.880000 10.160000 9.840000 9.900000 8.800000e+03
736593 10.000000 10.000000 9.700000 9.780000 3.200000e+03
736594 9.840000 10.180000 9.840000 9.990000 7.700000e+03
736595 10.000000 10.000000 9.900000 9.910000 7.000000e+03
736596 9.980000 10.410000 9.980000 10.410000 1.620000e+04
736599 10.000000 11.140000 10.000000 10.850000 4.500000e+03
736600 10.790000 10.940000 10.470000 10.900000 6.000000e+03
736601 10.620000 11.010000 10.310000 10.860000 1.060000e+04
736602 10.790000 10.810000 10.680000 10.810000 1.400000e+03
736603 10.320000 10.760000 10.280000 10.500000 1.500000e+04
736606 10.400000 10.460000 10.140000 10.210000 7.400000e+03
736607 10.210000 10.220000 10.010000 10.030000 5.400000e+03
736608 10.110000 10.290000 10.050000 10.150000 3.700000e+03
736609 10.040000 10.260000 10.020000 10.080000 2.500000e+03
736610 9.980000 10.140000 9.930000 10.130000 4.900000e+03
736613 10.310000 10.310000 10.070000 10.210000 5.100000e+03
736614 10.100000 10.280000 10.100000 10.270000 5.200000e+03
736615 10.110000 10.250000 10.100000 10.250000 2.000000e+03
736616 9.960000 10.550000 9.950000 10.380000 1.140000e+04
736617 10.330000 10.450000 10.060000 10.440000 2.900000e+03
736620 10.440000 10.630000 10.380000 10.550000 7.800000e+03
736621 10.570000 10.600000 10.530000 10.580000 9.400000e+03
736622 10.590000 10.740000 10.480000 10.630000 6.200000e+03
736623 10.650000 10.950000 10.650000 10.950000 4.300000e+03
736624 10.810000 10.940000 10.800000 10.870000 3.100000e+03
736627 10.940000 10.940000 10.750000 10.750000 9.000000e+02
736628 10.680000 10.680000 10.370000 10.370000 8.000000e+02
736629 10.850000 10.850000 10.130000 10.320000 1.420000e+04
736630 9.800000 10.850000 9.180000 10.850000 2.190000e+04
736631 10.400000 10.830000 10.370000 10.700000 3.600000e+03
736634 10.430000 10.620000 9.310000 10.500000 1.670000e+04
736635 10.350000 10.490000 10.110000 10.130000 9.500000e+03
736636 10.110000 10.300000 10.110000 10.140000 9.300000e+03
736637 9.850000 10.160000 9.440000 9.650000 5.570000e+04
736638 9.720000 9.820000 9.430000 9.430000 1.140000e+04
736641 9.460000 9.630000 9.160000 9.340000 7.300000e+03
736642 9.150000 9.350000 9.130000 9.170000 5.300000e+03
736643 9.130000 9.410000 9.130000 9.190000 3.150000e+04
736644 9.410000 10.190000 9.330000 10.070000 1.770000e+04
736645 10.120000 10.380000 10.080000 10.090000 2.620000e+04
736648 10.380000 11.260000 10.330000 11.020000 2.210000e+04
736649 10.740000 12.200000 10.740000 11.930000 6.220000e+04
736650 11.660000 11.970000 11.660000 11.780000 7.000000e+03
736651 11.370000 11.760000 11.020000 11.580000 1.360000e+04
736652 11.540000 11.550000 11.390000 11.450000 2.400000e+03
736655 11.450000 11.850000 11.280000 11.420000 1.900000e+04
736656 11.370000 12.340000 11.150000 12.150000 4.910000e+04
736657 12.080000 12.200000 11.710000 11.890000 4.000000e+04
736659 12.010000 12.400000 11.660000 12.290000 5.550000e+04
736662 12.370000 13.000000 12.050000 12.120000 9.300000e+04
736663 12.290000 12.490000 11.740000 12.350000 1.400000e+04
736664 12.170000 12.500000 11.310000 12.460000 3.470000e+04
736665 12.350000 12.600000 11.910000 11.960000 2.840000e+04
736666 12.000000 12.290000 12.000000 12.290000 1.070000e+04
736669 12.200000 13.080000 12.050000 12.740000 9.060000e+04
736670 12.750000 13.370000 12.560000 13.280000 4.060000e+04
736671 13.250000 14.450000 13.250000 14.030000 2.660000e+04
736672 14.020000 14.490000 14.020000 14.420000 3.270000e+04
736673 14.490000 15.000000 14.390000 14.940000 3.450000e+04
736676 15.170000 15.280000 14.580000 15.220000 4.000000e+04
736677 15.370000 15.370000 14.520000 14.910000 2.040000e+04
736678 14.880000 15.050000 14.660000 14.790000 1.560000e+04
736679 14.920000 14.960000 13.360000 14.820000 1.550000e+04
736680 14.750000 15.070000 14.750000 14.980000 1.550000e+04
736683 15.080000 15.080000 14.710000 14.750000 1.070000e+04
736684 14.710000 15.290000 14.710000 15.160000 1.750000e+04
736685 14.700000 15.150000 14.600000 14.750000 3.400000e+03
736686 14.750000 15.150000 14.350000 15.030000 1.330000e+04
736687 15.010000 15.080000 14.470000 14.860000 1.470000e+04
736691 14.570000 15.090000 14.220000 14.220000 1.090000e+04
736692 14.030000 14.100000 13.490000 13.780000 4.770000e+04
736693 13.930000 13.930000 13.280000 13.680000 1.980000e+04
736694 13.660000 13.900000 13.240000 13.510000 1.370000e+04
736698 13.690000 14.200000 13.690000 13.820000 8.700000e+03
736699 14.320000 14.850000 13.750000 14.560000 1.140000e+04
736700 14.980000 15.000000 14.250000 14.910000 9.500000e+03
736701 14.900000 14.900000 14.450000 14.690000 2.800000e+03
736704 14.690000 14.840000 14.000000 14.840000 1.900000e+03
736705 14.550000 14.590000 13.760000 13.810000 1.400000e+04
736706 13.920000 14.250000 13.920000 14.240000 5.600000e+03
736707 14.290000 14.400000 14.240000 14.240000 6.300000e+03
736708 14.810000 14.810000 14.530000 14.690000 2.000000e+03
736712 14.690000 14.690000 14.400000 14.600000 6.700000e+03
736713 14.610000 14.800000 14.590000 14.600000 2.500000e+03
736714 14.710000 15.390000 14.710000 14.960000 5.300000e+03
736715 15.000000 15.000000 14.730000 15.000000 3.400000e+03
736718 14.910000 15.090000 14.560000 14.990000 7.900000e+03
736719 14.760000 15.250000 14.750000 15.240000 1.770000e+04
736720 15.260000 17.209999 14.540000 16.780001 8.580000e+04
736721 16.400000 17.559999 16.400000 16.700001 4.630000e+04
736722 17.000000 17.190001 16.639999 16.940001 1.430000e+04
736725 16.940001 16.940001 16.610001 16.799999 1.960000e+04
736726 16.730000 17.000000 16.450001 16.879999 4.700000e+03
736727 16.900000 16.990000 16.790001 16.889999 1.280000e+04
736728 16.790001 16.990000 16.540001 16.959999 4.000000e+03
736729 16.910000 17.280001 16.910000 17.100000 1.860000e+04
736732 17.129999 17.440001 16.809999 16.809999 3.680000e+04
736733 17.040001 17.170000 16.480000 16.629999 1.330000e+04
736734 16.760000 16.950001 15.080000 15.130000 1.650000e+04
736735 15.470000 15.730000 15.140000 15.430000 8.000000e+03
736736 15.830000 16.219999 15.680000 16.150000 8.800000e+03
736739 16.299999 16.700001 16.120001 16.120001 9.700000e+03
736740 15.600000 15.700000 14.420000 15.390000 1.950000e+04
736741 15.980000 16.200001 15.590000 16.150000 1.120000e+04
736742 16.150000 16.309999 16.000000 16.049999 7.100000e+03
736743 16.700001 16.700001 16.000000 16.090000 2.600000e+03
736747 16.500000 16.940001 15.860000 16.190001 1.720000e+04
736748 16.180000 16.190001 15.220000 16.190001 3.200000e+03
736749 16.900000 16.900000 15.020000 16.049999 2.850000e+04
736750 15.820000 16.730000 15.430000 15.430000 6.290000e+04
736753 15.250000 15.350000 14.860000 15.080000 1.620000e+04
736754 15.100000 15.100000 14.140000 14.490000 9.900000e+03
736755 14.850000 15.010000 14.820000 14.880000 8.900000e+03
736756 14.930000 14.940000 14.340000 14.340000 3.300000e+03
736757 14.520000 14.520000 13.820000 13.820000 1.020000e+04
736760 13.810000 14.110000 13.480000 13.760000 9.400000e+03
736761 13.100000 13.740000 13.100000 13.350000 4.500000e+03
736762 13.450000 13.970000 13.150000 13.200000 1.810000e+04
736763 12.600000 13.500000 11.600000 12.890000 3.640000e+04
736764 12.890000 13.990000 12.830000 13.800000 9.400000e+03
