736034 90.560822 91.595804 89.734826 91.486334 2.506843e+05
736035 92.571071 94.631080 92.541217 94.481810 2.442157e+05
736036 94.352433 94.710695 91.695319 93.844899 3.368664e+05
736039 94.541518 95.287898 94.272824 94.869927 2.273972e+05
736040 94.352432 95.586453 94.083738 95.357560 1.114595e+05
736041 95.059005 97.646463 94.193209 96.900083 2.667066e+05
736042 96.581627 97.407615 96.462203 97.298146 2.112754e+05
736043 97.984819 99.228786 97.984819 98.960092 2.097827e+05
736046 99.069562 99.507433 98.721245 98.761053 9.673090e+04
736047 98.721245 99.487533 98.472451 98.820768 1.186247e+05
736048 98.843662 98.963105 93.976135 94.215030 3.782537e+05
736049 93.568016 94.712734 92.632334 93.916406 2.136138e+05
736050 93.946266 95.240295 93.169851 95.090983 2.640808e+05
736053 95.966944 97.947797 95.966944 97.708902 2.566153e+05
736054 96.813036 97.549634 96.295422 96.504456 2.998158e+05
736055 96.882714 97.051931 94.862044 97.051931 2.862783e+05
736056 97.002157 98.405681 96.882714 97.410277 2.286444e+05
736060 96.255604 98.684393 96.235699 98.206604 1.978864e+05
736061 97.868162 98.714254 96.922531 96.922531 1.845480e+05
736062 97.061887 98.943201 97.061887 98.624672 3.517759e+05
736063 98.535081 99.072601 96.056526 97.997562 2.124193e+05
736064 98.674437 99.152235 98.395725 98.843662 9.227399e+04
736067 98.953158 100.107823 98.863567 99.022835 1.665312e+05
736068 99.221913 99.620077 97.579495 98.933245 1.241269e+05
736069 99.749476 101.242582 99.391129 100.456212 1.349768e+05
736070 100.277039 100.665246 99.789293 100.167544 5.531462e+05
736071 98.136918 98.754072 96.066483 97.032026 2.718449e+05
736074 97.987613 99.341364 97.599407 98.813794 1.576721e+05
736075 99.540442 99.759432 98.545037 98.664489 1.130779e+05
736076 98.644576 99.231868 97.041975 98.953157 2.647776e+05
736077 98.664490 100.237223 98.345960 99.868928 1.706123e+05
736078 99.978422 99.978422 98.973062 99.241818 1.101913e+05
736081 99.709659 100.804603 96.345195 96.932480 4.281234e+05
736082 97.041975 98.395725 95.140757 98.136918 2.923503e+05
736083 96.902619 97.629268 95.698181 95.976893 2.331237e+05
736084 94.871993 95.260200 91.198956 91.865875 6.043100e+05
736085 92.483028 93.329120 91.457755 93.139991 3.463012e+05
736088 93.269391 95.170618 93.139992 93.677511 3.363472e+05
736089 93.637694 94.015945 90.492220 91.298495 1.056423e+06
736090 91.696658 92.283943 90.422533 91.905692 4.273271e+05
736091 91.786241 93.368938 91.009827 92.662194 4.071204e+05
736092 94.434020 94.951627 93.717328 94.115491 2.428787e+05
736095 93.976135 95.588686 93.846728 94.105535 2.573120e+05
736096 93.548111 94.453925 91.328356 93.866640 3.200225e+05
736097 94.234935 94.792366 93.040452 93.836772 2.480548e+05
736098 94.742594 95.857450 93.856685 95.698181 2.177945e+05
736099 95.479190 95.648407 94.573376 95.648407 2.264545e+05
736102 95.220391 97.878119 94.822227 97.649172 3.122584e+05
736103 97.380417 97.679033 96.574134 97.460051 1.895250e+05
736104 97.878119 98.326048 96.643812 97.778580 2.586061e+05
736105 97.649172 98.365865 96.813036 97.519772 2.547240e+05
736106 97.231104 97.947797 96.076432 96.803080 2.323274e+05
736110 95.986849 95.986849 93.796962 94.911810 3.001144e+05
736111 95.061122 97.380416 94.175213 97.201243 3.413242e+05
736112 96.663724 97.091748 95.728041 97.051931 1.402525e+05
736113 96.922532 97.111654 95.001400 95.837537 2.977255e+05
736116 97.012114 97.400321 94.662959 96.494507 7.537202e+05
736117 95.578729 98.037379 95.260200 96.882714 3.028020e+05
736118 97.241060 98.992967 96.793124 98.764028 2.678633e+05
736119 97.778579 98.475359 96.126205 96.912575 4.195630e+05
736120 96.375056 98.385769 94.961584 98.176735 2.747316e+05
736123 97.898023 98.276281 96.912575 97.320687 1.891268e+05
736124 97.181331 97.320688 95.230340 96.643812 2.427791e+05
736125 97.370461 99.789294 97.330644 98.983018 2.316306e+05
736126 99.411042 99.868927 98.983017 99.580259 1.600610e+05
736127 99.022834 99.221912 98.246413 98.943201 9.814688e+04
736130 97.639216 98.724211 95.847493 98.345960 3.859183e+05
736131 98.017474 100.068006 98.017474 99.719615 4.442490e+05
736132 100.217318 100.585620 99.072602 99.391130 2.618909e+05
736133 100.257135 102.556517 100.257135 102.118536 3.727790e+05
736134 101.939370 102.437072 101.581024 101.899553 1.724040e+05
736137 102.934776 103.522061 102.486839 103.362792 2.541268e+05
736138 103.303070 103.910266 102.865089 103.800772 1.309952e+05
736139 103.311898 103.899346 101.788506 102.077248 1.691663e+05
736140 102.804099 102.804099 101.151264 101.937853 7.348128e+04
736141 102.256471 102.624876 100.314895 101.380274 1.503479e+05
736144 99.827013 100.553857 96.013552 96.322211 2.699292e+05
736145 97.755995 97.825693 96.391909 97.158588 2.383661e+05
736146 98.731767 99.120082 96.680657 97.666380 1.708589e+05
736147 97.805782 97.895390 95.645148 96.292342 1.583133e+05
736151 94.908346 97.258154 94.768950 96.182816 1.340187e+05
736152 96.541262 96.541262 92.757678 96.481524 3.763675e+05
736153 94.609638 95.475883 92.389273 93.564177 2.621629e+05
736154 95.465924 95.764632 93.902706 94.101846 1.377027e+05
736155 96.362040 97.039104 95.585410 96.810101 1.690667e+05
736158 97.666379 99.070294 97.666379 98.741717 2.690331e+05
736159 98.741716 100.404502 98.731766 99.936539 2.065043e+05
736160 100.105803 100.394552 98.522666 98.901030 1.562224e+05
736161 99.886753 100.752998 99.667701 100.145632 4.364071e+05
736162 100.195410 100.195410 98.622239 99.179819 1.162956e+05
736165 99.339125 99.339125 97.696257 98.164220 1.739455e+05
736166 98.194097 99.229607 96.700575 97.128718 2.682366e+05
736167 96.531303 98.094523 96.461606 97.935218 1.932617e+05
736168 98.034785 98.582412 95.426096 95.824371 1.548284e+05
736169 95.615279 95.943855 92.598365 92.817416 2.164611e+05
736172 91.891433 92.180181 90.706569 91.084933 2.319938e+05
736173 91.692291 92.986680 89.372359 92.598365 3.318606e+05
736174 92.419143 93.803139 91.861563 93.355085 1.813136e+05
736175 92.687972 93.912665 91.881474 93.673703 2.750072e+05
736176 93.982361 95.784542 93.723482 94.669384 2.570849e+05
736179 94.758992 94.918305 92.488839 93.733441 4.695633e+05
736180 93.902705 94.679335 92.678021 93.335167 1.441747e+05
736181 94.221322 95.585409 93.145992 93.703572 1.068366e+05
736182 93.942534 94.121757 89.929940 91.194451 2.085952e+05
736183 90.377992 90.865881 88.864559 90.168900 4.286408e+05
736186 90.836012 92.439052 90.806135 92.110483 2.937260e+05
736187 90.865881 91.752038 89.690977 90.557215 3.267826e+05
736188 89.541623 90.686659 87.161946 90.208728 3.129426e+05
736189 90.348124 91.015236 89.292704 89.541624 2.672409e+05
736190 89.352442 90.915662 88.745076 90.706569 4.117142e+05
736193 90.258515 92.598364 89.571492 92.508757 1.687680e+05
736194 92.279747 92.279747 90.955489 91.164582 2.225348e+05
736195 89.939898 90.786225 88.267153 89.232965 2.134741e+05
736196 87.550261 87.968445 84.772309 84.822096 2.442406e+05
736197 82.950210 85.080967 81.934618 82.790905 3.782593e+05
736200 75.064415 81.556262 73.680419 76.458371 4.306322e+05
736201 80.909068 81.138071 74.974808 75.154031 2.404570e+05
736202 77.922024 79.196495 74.845365 78.848008 3.323584e+05
736203 80.142390 82.581813 78.808181 81.745437 3.490859e+05
736204 81.486558 83.398272 81.426820 83.238959 1.909717e+05
736207 82.621640 83.716889 82.183539 82.701290 1.450708e+05
736208 79.833731 81.008636 77.663146 78.170945 2.309981e+05
736209 80.152349 80.829412 78.310341 80.749756 1.831058e+05
736210 80.968808 82.482239 80.321613 80.570533 1.861924e+05
736211 78.867919 80.490876 78.509472 79.335890 2.317946e+05
736215 81.745436 83.109522 81.148029 82.910382 1.903743e+05
736216 84.115163 84.234640 80.948896 81.128119 1.943570e+05
736217 80.610361 82.641552 80.610361 81.825093 1.511444e+05
736218 80.978765 82.541985 80.401268 82.541985 2.354786e+05
736221 83.069695 83.069695 81.486558 81.785265 9.867202e+04
736222 82.143711 83.886153 81.984398 83.677061 1.734477e+05
736223 83.637234 85.110845 83.388313 85.061058 1.027543e+05
736224 85.051099 87.769313 84.752399 85.678383 2.703275e+05
736225 83.408223 84.792228 82.800865 83.219049 1.643870e+05
736228 84.354124 85.469282 82.392631 82.970128 1.097241e+05
736229 81.466648 81.765356 79.425498 80.411228 1.964479e+05
736230 80.724999 81.282819 79.469894 79.987877 1.232192e+05
736231 78.931992 79.938069 77.826306 79.669121 1.853766e+05
736232 80.904298 80.964063 76.969648 77.597204 1.814918e+05
736235 76.989575 77.099148 72.716249 73.184423 2.680540e+05
736236 73.234225 74.310028 71.500991 72.228156 3.074005e+05
736237 73.503179 74.708475 72.716249 74.359837 2.227309e+05
736238 74.598902 74.987386 72.009011 74.190500 2.050997e+05
736239 72.726212 76.352064 71.630490 76.312218 3.028184e+05
736242 77.716733 80.246861 77.716733 80.017759 2.372741e+05
736243 79.938069 80.555662 77.995651 78.971838 2.302017e+05
736244 79.718922 81.681266 79.190983 81.681266 1.974296e+05
736245 81.492003 83.504155 81.073636 83.205318 1.624660e+05
736246 83.494191 84.002211 83.016053 83.484228 8.905250e+04
736249 83.573883 83.683456 82.607652 83.255127 8.088438e+04
736250 82.527960 84.161585 80.914262 80.983990 7.580420e+04
736251 81.093564 81.930295 79.161101 79.440012 8.835522e+04
736252 79.878304 83.185399 79.111293 83.185399 1.612707e+05
736253 83.494191 83.494191 81.571692 82.996135 2.044024e+05
736256 82.239088 83.942440 81.900412 83.255127 1.385593e+05
736257 83.185399 84.171549 82.408432 83.055899 1.243149e+05
736258 83.673492 83.673492 80.436125 80.515816 2.200414e+05
736259 81.541812 82.816834 80.545699 81.880486 1.452333e+05
736260 83.115671 83.713338 81.970140 83.504155 2.577940e+05
736263 83.085789 83.444383 82.219168 82.448270 2.219340e+05
736264 81.790840 82.059787 79.649195 80.565617 1.705345e+05
736265 81.093563 85.287198 80.814645 85.287198 3.867907e+05
736266 84.819024 85.117853 83.045944 83.444383 1.629641e+05
736267 83.055899 83.673492 82.388506 82.647497 3.438582e+05
736270 82.767025 86.582140 82.767025 86.213583 4.544267e+05
736271 85.874900 87.986663 85.586026 87.020432 2.951483e+05
736272 87.289379 87.926892 86.064165 86.880977 3.661711e+05
736273 86.880977 87.319270 85.327044 86.970624 1.755151e+05
736274 86.512412 88.414991 85.446572 88.315382 1.805953e+05
736277 88.066354 88.315383 85.446572 86.193657 1.336784e+05
736278 85.466499 86.641912 84.928597 86.612023 1.205297e+05
736279 86.890940 86.890940 85.097934 85.187581 1.230200e+05
736280 83.992248 84.151629 81.691229 81.830685 2.339869e+05
736281 81.183209 82.498078 80.157214 80.555661 1.776069e+05
736284 80.515816 82.029903 79.788649 82.009985 1.841813e+05
736285 82.149440 83.573883 81.362510 81.521884 2.168538e+05
736286 81.890449 84.311003 81.432238 84.211394 1.884646e+05
736287 84.002212 84.291086 83.065863 83.524074 1.360690e+05
736288 84.071940 85.307117 84.071940 84.619797 2.631731e+05
736291 84.500268 86.133892 84.500268 85.446572 1.226215e+05
736292 84.629760 86.920823 84.251240 86.641912 1.033965e+05
736293 86.741523 88.165964 86.542295 87.996619 1.298931e+05
736295 87.996618 89.042540 87.757553 88.654057 7.819487e+04
736298 89.191960 89.201923 87.827282 87.916936 2.094826e+05
736299 88.703866 89.022622 87.598180 89.002695 1.661516e+05
736300 88.793511 89.211878 86.920822 87.149924 2.281099e+05
736301 87.578253 88.235692 83.563919 84.111784 2.127697e+05
736302 84.191468 86.064165 83.872711 85.904783 2.050997e+05
736305 85.725484 85.725484 82.577770 83.155517 3.522256e+05
736306 81.800803 83.215282 81.153328 82.388506 2.383698e+05
736307 81.910375 83.484228 79.908186 80.466007 2.781147e+05
736308 80.356434 81.900412 80.047642 80.983990 1.653548e+05
736309 79.440012 79.440012 76.979612 77.368095 1.811930e+05
736312 77.348176 78.075333 75.206531 76.362026 2.524150e+05
736313 77.198757 78.862264 77.059302 78.503663 3.059063e+05
736314 79.689041 81.193173 78.752692 80.944145 1.668489e+05
736315 81.681266 81.681266 78.961875 79.151138 1.819898e+05
736316 78.404054 78.673009 76.790348 76.790348 2.718392e+05
736319 77.597205 78.254636 76.810275 77.905997 2.543076e+05
736320 78.293980 79.570620 77.296605 79.371148 3.427980e+05
736321 80.218916 81.585323 79.919700 81.385843 3.329240e+05
736322 81.625211 82.582699 81.186372 81.675083 2.390709e+05
736326 80.947003 81.016819 79.480859 80.797395 2.024672e+05
736327 81.585323 82.732299 81.066684 82.662483 2.325880e+05
736328 82.423113 82.782170 80.986891 81.056707 1.351444e+05
736329 80.278756 80.837291 78.932300 78.932300 3.580578e+05
736333 76.349101 76.349101 74.015239 75.222062 5.697009e+05
736334 75.840438 75.970094 74.753295 75.591094 1.257691e+05
736335 73.386895 74.583743 72.598968 73.277183 2.651024e+05
736336 70.753824 71.860911 69.177969 69.347521 3.555644e+05
736337 69.696601 70.464585 66.764321 66.943850 3.702258e+05
736340 67.422585 68.140698 65.078755 66.415234 2.623098e+05
736341 67.502377 68.390042 64.639908 66.784266 2.238111e+05
736342 67.003690 67.711825 61.587941 62.465632 3.014069e+05
736343 63.143846 65.328098 61.039384 64.101323 3.127770e+05
736344 60.800013 62.316025 58.855130 62.146472 3.284358e+05
736348 63.343320 63.443060 59.234133 60.470881 3.226510e+05
736349 58.865105 62.355919 55.922847 60.969568 6.442049e+05
736350 61.089252 63.064056 59.992141 60.660381 5.488558e+05
736351 62.685051 63.911827 62.186363 63.612611 3.876799e+05
736354 62.834659 63.253555 60.480852 60.809988 3.658374e+05
736355 61.418388 63.552771 60.919700 63.223635 3.852862e+05
736356 62.665108 63.832035 60.730196 61.428360 4.074279e+05
736357 62.445684 62.924423 61.019436 61.448308 3.543675e+05
736358 61.867204 65.457754 61.827312 65.457754 3.496799e+05
736361 64.490307 65.637283 63.463007 64.899227 2.363780e+05
736362 63.333348 63.592664 61.518124 62.106576 3.595539e+05
736363 63.014188 63.044108 59.543322 62.226260 4.007455e+05
736364 61.777441 64.141220 61.777441 62.705000 2.674961e+05
736365 62.156444 62.306052 59.214185 59.234133 2.988137e+05
736368 58.027309 58.027309 55.573766 57.289250 3.430972e+05
736369 55.753295 58.117073 55.733347 56.660906 2.910342e+05
736370 57.339122 59.064581 56.451454 56.531246 3.142730e+05
736371 54.516548 56.072455 54.097652 55.414187 3.641418e+05
736372 56.461431 57.708150 55.863002 57.468778 2.448557e+05
736376 58.825210 60.490829 58.306574 60.261429 3.294331e+05
736377 61.069305 62.924423 61.069305 62.126524 1.694541e+05
736378 62.246208 62.355919 61.009460 61.508148 2.188242e+05
736379 61.069305 62.226260 60.570617 62.096600 2.438583e+05
736382 63.173767 63.991619 63.133871 63.453031 2.682940e+05
736383 62.984268 63.313400 62.236236 62.335972 1.393334e+05
736384 61.049356 63.742271 60.291353 63.502899 3.250447e+05
736385 63.772192 64.759595 63.253556 64.679803 3.276379e+05
736386 65.397914 65.826786 64.899226 65.487682 2.896379e+05
736389 65.427833 66.534921 64.929146 64.949098 1.925932e+05
736390 66.076130 67.681906 65.387939 67.671929 1.632704e+05
736391 67.482434 69.158017 67.263009 69.158017 2.186247e+05
736392 69.158016 70.494504 68.998440 70.474560 2.491444e+05
736393 70.504480 72.070360 70.055657 71.242536 2.592179e+05
736396 70.723904 72.977966 70.654079 72.868255 2.539318e+05
736397 72.030463 72.030463 69.187944 69.327576 2.932284e+05
736398 69.856185 70.295032 69.138073 70.045688 1.533964e+05
736399 70.364848 70.893456 67.462481 68.928625 2.155329e+05
736400 70.065632 72.010512 69.926001 71.830984 2.253071e+05
736403 71.481904 71.980592 70.833609 71.531776 1.592809e+05
736404 70.614192 70.614192 68.988465 69.287681 1.030289e+05
736405 68.659329 70.684008 68.609465 70.245160 6.423099e+05
736406 69.965896 72.918127 69.427312 72.379543 1.770342e+05
736407 72.628888 74.055135 72.628888 73.765895 8.796852e+04
736410 73.486631 74.095031 72.987943 73.267207 1.020315e+05
736411 72.648831 73.765895 72.140175 73.217343 8.986354e+04
736412 72.618912 72.648831 70.324952 70.324952 1.674594e+05
736413 69.636761 70.843585 68.958545 70.783744 1.892021e+05
736417 71.182696 71.561696 69.975872 70.973248 1.141995e+05
736418 70.524424 74.922854 70.255136 74.902902 1.589817e+05
736419 75.710781 76.039909 74.633614 74.952774 2.275014e+05
736420 75.142270 76.009990 75.012614 75.431510 2.962205e+05
736421 74.055134 76.109726 73.795815 76.099757 1.970814e+05
736424 75.770621 76.189517 74.623638 74.753294 7.360632e+04
736425 73.616287 74.234662 72.938071 73.087679 5.285093e+05
736426 72.977967 74.843062 72.738598 74.713406 1.781313e+05
736427 73.696078 74.254606 71.980591 72.668783 2.014699e+05
736428 73.865631 74.484006 72.708680 73.267207 1.470132e+05
736431 74.045158 75.122326 72.798439 72.798439 1.261680e+05
736432 72.778494 74.653557 72.429415 74.334398 1.812231e+05
736433 75.172198 77.695557 75.152246 77.545949 1.897008e+05
736434 77.535973 78.034661 77.007365 77.376397 1.207822e+05
736435 77.166949 77.974821 76.967469 77.795293 1.036273e+05
736438 77.057237 78.962220 76.927573 78.922324 9.893965e+04
736439 79.241484 80.049363 78.373772 79.032036 2.103465e+05
736440 79.101852 80.109203 78.503428 79.351196 1.005355e+05
736441 79.181643 79.590571 78.044636 78.443588 1.006352e+05
736442 78.453565 80.039388 78.453565 80.009468 1.944882e+05
736445 79.540700 79.640435 78.184268 78.752772 1.307559e+05
736446 79.311300 80.528099 78.752772 80.408419 1.694541e+05
736447 80.478235 81.236235 79.650412 80.917075 1.805250e+05
736448 80.119180 81.176395 78.692933 79.081908 1.513019e+05
736449 78.453564 78.962220 76.688205 77.565893 2.322888e+05
736452 78.174293 79.042013 77.396341 79.022068 1.740420e+05
736453 77.695558 77.745422 75.521278 76.388990 1.874069e+05
736454 75.640958 76.927573 74.753295 75.182166 1.778321e+05
736455 75.860382 75.960126 74.414191 74.603694 1.159948e+05
736456 73.955399 75.481382 73.636239 75.461438 2.712861e+05
736459 75.451462 76.767997 75.122326 75.830462 1.617743e+05
736460 76.448837 77.466157 75.750670 77.406317 1.140998e+05
736461 77.156973 77.186893 75.421542 75.501326 1.275643e+05
736462 75.990045 76.169574 73.546471 74.693454 1.140000e+05
736463 74.224686 75.451461 73.356974 73.676134 7.679792e+04
736466 74.134926 76.219437 74.134926 75.581118 7.211025e+04
736467 75.391614 76.059861 72.579016 73.097655 1.535958e+05
736468 72.758543 75.012614 72.559071 73.875607 5.022783e+05
736469 72.838335 73.795815 71.461960 72.768519 1.628714e+05
736470 73.227311 75.132302 73.187415 75.132302 1.236746e+05
736473 75.172198 75.840437 74.863006 74.912878 1.020315e+05
736474 75.800541 78.423636 75.800541 78.124428 2.213176e+05
736475 78.523380 79.341227 78.293980 78.912356 1.586824e+05
736476 79.211563 79.490828 78.513404 78.822588 6.143833e+04
736477 79.032036 80.298707 79.032036 80.298707 8.278217e+04
736481 80.737548 81.665107 80.258811 80.927051 1.111076e+05
736482 80.388467 82.233611 80.119179 82.054083 1.418268e+05
736483 81.555395 83.270882 81.485579 83.270882 5.445670e+04
736484 82.891883 82.891883 80.937028 82.233611 8.537535e+04
736487 82.453034 84.547522 82.453034 84.018914 7.390553e+04
736488 84.118650 85.086107 83.649891 84.457762 9.674543e+04
736489 84.647265 86.023641 84.647265 85.764321 6.832022e+04
736490 85.026266 85.026266 84.188475 84.707106 8.108663e+04
736491 83.141227 83.470362 81.844636 82.283483 1.232756e+05
736494 81.834666 82.453034 80.268787 80.508155 1.462153e+05
736495 80.039388 80.907108 79.042012 80.079284 1.763360e+05
736496 80.647787 81.625210 80.079283 80.198971 1.861103e+05
736497 79.051988 80.238860 77.885053 80.169044 1.955853e+05
736498 79.959595 80.707627 79.032036 79.530724 2.386720e+05
736501 81.934403 82.812091 81.335979 81.375867 5.569345e+05
736502 81.306051 81.365899 79.929675 80.947003 1.501050e+05
736503 81.265390 81.964066 80.117573 80.137539 3.024246e+05
736504 81.884216 83.491160 81.854274 83.491160 1.150811e+05
736505 76.444560 79.339056 75.805777 77.023461 2.649958e+05
736508 75.286767 75.286767 71.364229 71.883239 4.020351e+05
736509 73.220699 74.787717 73.220699 74.198833 2.052096e+05
736510 75.975460 77.772037 75.865668 77.542478 1.417304e+05
736511 77.901795 80.466915 77.133253 80.426990 2.170870e+05
736512 80.576706 81.724517 80.177465 81.065774 4.855762e+05
736516 80.476890 80.706457 77.831928 78.680313 8.404011e+04
736517 77.941712 79.828130 77.522511 79.768239 1.252617e+05
736518 80.257315 81.225466 79.099514 80.077656 1.232655e+05
736519 81.524898 84.129943 81.524898 83.870435 2.225765e+05
736522 84.938403 86.056279 84.808653 85.806754 1.324480e+05
736523 87.024439 89.000675 86.734990 88.022540 1.942305e+05
736524 88.860942 88.900867 86.854756 87.343831 1.058985e+05
736525 88.830998 88.860941 87.423672 87.493547 1.341448e+05
736526 88.331948 88.341931 87.383755 88.032515 1.762647e+05
736529 87.673197 88.890883 87.493547 88.242123 7.016651e+04
736530 88.022540 88.321966 86.874723 87.303906 2.320585e+05
736531 87.822915 89.020640 86.974530 88.571491 1.071961e+05
736532 88.381857 89.220258 87.293923 87.673198 4.112177e+04
736533 87.773015 89.350009 87.493548 89.000675 6.467695e+04
736536 88.561515 89.040599 88.082423 88.631382 8.843176e+04
736537 88.711224 89.719308 88.331949 89.619500 1.022056e+05
736538 89.859042 90.408001 88.960749 89.948875 7.605530e+04
736539 89.639459 90.048683 89.170349 89.639459 6.577486e+04
736540 89.499724 90.946976 88.451723 89.978817 1.232655e+05
736543 90.038701 90.837185 89.110467 90.018742 2.903476e+05
736544 90.008758 90.128533 87.094305 87.483564 1.090925e+05
736545 87.453623 89.000675 87.104282 89.000675 5.659233e+04
736546 88.860941 89.869025 88.761132 89.140408 5.759043e+04
736547 90.338133 92.114752 89.779192 91.735477 1.168776e+05
736550 91.765418 92.504011 91.356194 91.625685 7.835094e+04
736551 91.615702 92.174635 91.485952 91.845261 4.231949e+04
736552 91.835285 92.064845 89.998775 90.587659 7.256195e+04
736553 91.326252 91.825302 90.767317 91.416077 6.587467e+04
736554 91.006860 91.925111 90.797260 91.505911 6.088417e+04
736557 91.965035 93.751637 91.965035 93.362379 1.001095e+05
736558 92.913228 92.913228 91.655627 91.775394 5.779005e+04
736559 91.915128 91.985003 90.268267 91.286327 7.336043e+04
736560 91.346211 92.633762 91.326252 92.593837 4.072253e+04
736561 92.284428 92.743553 91.745452 92.573878 4.880714e+04
736564 92.264469 93.132813 91.735478 93.003062 6.407809e+04
736565 93.691755 94.869515 93.611905 94.300597 7.156385e+04
736566 94.160855 94.410380 92.414178 92.693653 4.920638e+04
736567 92.114753 93.651830 92.114753 93.092888 8.773309e+04
736568 93.552021 94.719798 91.675586 92.743554 1.370393e+05
736571 93.052970 94.390423 93.052970 93.701730 2.714835e+04
736572 93.921313 94.400405 93.402304 94.071030 5.958664e+04
736573 93.891372 93.991180 92.024920 93.003062 1.126856e+05
736574 93.212662 93.522071 91.256385 93.152779 1.127854e+05
736575 94.130915 94.959340 93.861431 94.919415 9.122644e+04
736579 95.508297 95.608107 94.130914 95.148981 8.194410e+04
736580 94.999265 96.316758 94.969324 96.286816 6.856955e+04
736581 96.137099 96.226932 95.368564 95.927499 8.833195e+04
736582 94.420364 94.430348 89.839084 89.839084 1.870442e+05
736585 89.060566 92.444129 88.930808 92.424162 2.569112e+05
736586 91.096685 91.236427 87.872823 88.950774 2.111982e+05
736587 89.230242 90.058667 88.521591 88.811041 1.306514e+05
736588 89.030617 91.216460 88.811040 91.116652 1.365402e+05
736589 90.168451 90.936994 89.639460 90.767318 4.156093e+05
736592 91.396119 93.222646 90.986902 91.955053 1.232655e+05
736593 92.703629 92.713612 91.146594 91.146594 1.314499e+05
736594 91.787746 93.864973 91.088672 93.825025 1.783624e+05
736595 94.953527 96.611315 94.923568 96.601333 1.383158e+05
736596 96.311717 96.771105 95.163246 95.163246 1.154462e+05
736599 94.164578 94.633953 93.056053 93.225825 1.202398e+05
736600 93.145930 94.164577 92.596666 93.974827 2.300935e+05
736601 94.254453 95.522768 93.016104 95.402925 1.154462e+05
736602 95.303059 95.303059 92.436875 92.696531 1.805595e+05
736603 93.455522 95.512779 92.696531 94.713840 2.955064e+05
736606 94.064711 94.374297 93.036083 94.044734 1.410122e+05
736607 94.394267 94.773766 92.307050 93.096000 1.562918e+05
736608 93.755118 95.263111 93.755118 94.254453 6.960729e+04
736609 93.904921 94.294401 92.656584 94.044734 1.528963e+05
736610 94.314378 94.763776 91.617966 92.496800 1.538950e+05
736613 93.585346 95.382954 93.585346 94.733818 1.331227e+05
736614 94.314379 94.374297 90.239805 91.258444 2.221042e+05
736615 91.328351 92.117301 90.599326 91.128620 1.637818e+05
736616 89.720492 90.179887 88.452185 89.520761 1.824570e+05
736617 90.189868 90.908911 88.881613 88.931549 2.289950e+05
736620 89.071362 89.440866 88.512102 88.671893 1.088550e+05
736621 90.479482 90.559377 89.261104 89.580678 1.125501e+05
736622 89.920230 91.078683 88.961508 90.319699 1.624836e+05
736623 89.870293 90.519430 88.871624 89.850323 1.546940e+05
736624 88.591997 90.209845 88.382278 89.690533 1.221373e+05
736627 91.168567 92.027424 90.359646 90.988806 1.543944e+05
736628 90.868963 91.108649 89.111310 89.560708 1.438085e+05
736629 88.352318 89.620626 87.463503 87.773088 1.563917e+05
736630 88.232475 88.232475 85.416228 86.095323 1.283291e+05
736631 85.665895 86.684542 84.856974 85.236466 2.973040e+05
736634 85.436204 86.105311 84.926881 85.845655 8.129172e+04
736635 86.115300 86.115300 82.729802 83.758439 1.961387e+05
736636 83.398918 83.698515 81.441526 81.741122 1.923438e+05
736637 82.170551 82.599979 80.752442 80.902243 1.097538e+05
736638 81.311693 83.478805 81.022078 81.950842 1.384156e+05
736641 85.036736 86.215166 84.697184 85.785738 3.165783e+05
736642 85.476145 87.183877 84.737131 86.265095 2.703399e+05
736643 85.106642 92.057383 85.046725 91.617966 4.639820e+05
736644 94.264441 95.872301 91.827685 94.534087 4.306264e+05
736645 95.382955 99.477501 94.733819 98.998135 5.067251e+05
736648 101.335027 103.422244 100.615983 101.754466 3.997675e+05
736649 101.275109 102.862990 100.426234 102.243812 1.083557e+05
736650 101.844350 103.022781 101.574705 102.393614 1.453065e+05
736651 102.932897 104.341025 102.753136 103.532097 2.541615e+05
736652 104.181233 104.760464 103.611992 104.560725 1.833558e+05
736655 105.149945 106.118656 104.011463 105.589362 1.453065e+05
736656 106.488158 107.616660 105.729175 107.506806 1.023637e+05
736657 107.017460 108.884967 106.508136 108.835038 1.436087e+05
736659 109.054739 109.564063 108.755144 109.534104 7.170449e+04
736662 109.434239 109.434239 106.448211 106.797751 2.537620e+05
736663 106.927576 107.876309 106.368323 106.657938 1.771640e+05
736664 107.686567 107.906275 105.359664 105.599343 2.199071e+05
736665 106.508137 107.007471 103.452201 104.410931 4.524973e+05
736666 104.370983 105.249810 103.801741 104.281099 1.819576e+05
736669 106.058730 108.245819 106.018791 108.086036 2.636488e+05
736670 108.465528 110.712535 107.317056 110.382972 2.747341e+05
736671 110.283107 112.879647 109.653948 112.350353 2.136155e+05
736672 113.049419 116.225189 112.300417 116.035447 4.521977e+05
736673 116.594699 117.263806 115.506153 116.365002 2.932095e+05
736676 115.745833 116.764472 113.458878 113.978182 2.027300e+05
736677 115.056747 115.935573 112.949552 113.918264 2.806262e+05
736678 113.229179 114.667266 110.622651 111.171922 2.388818e+05
736679 111.471527 114.387641 110.852349 112.829718 4.111524e+05
736680 113.059408 115.036777 111.960873 112.390301 3.423440e+05
736683 112.679917 114.417600 112.390301 113.828388 1.924437e+05
736684 114.587371 116.095365 114.297756 115.616000 1.889483e+05
736685 115.589996 116.029999 114.239998 114.239998 1.538000e+05
736686 114.500000 114.639999 111.540001 112.379997 1.357000e+05
736687 112.430000 113.580002 112.290001 113.510002 1.290000e+05
736691 113.709999 115.449997 113.709999 114.500000 1.777000e+05
736692 114.870003 114.940002 111.419998 111.940002 2.964000e+05
736693 112.220001 113.680000 111.150002 112.260002 1.906000e+05
736694 112.680000 112.680000 110.709999 111.430000 1.799000e+05
736698 114.110001 114.650002 110.919998 112.540001 2.220000e+05
736699 113.400002 116.589996 113.400002 116.339996 2.662000e+05
736700 115.690002 116.000000 112.440002 113.529999 2.674000e+05
736701 114.029999 114.449997 112.730003 112.730003 1.844000e+05
736704 112.470001 112.730003 110.870003 111.180000 1.976000e+05
736705 111.599998 113.830002 111.339996 113.339996 2.149000e+05
736706 113.529999 114.500000 112.279999 113.699997 1.632000e+05
736707 113.529999 113.529999 109.230003 111.980003 2.051000e+05
736708 112.870003 114.739998 112.870003 113.680000 1.231000e+05
736712 112.559998 112.570000 110.129997 110.389999 1.168000e+05
736713 111.129997 111.379997 109.830002 111.199997 5.450000e+05
736714 111.680000 112.169998 108.559998 109.309998 1.731000e+05
736715 110.150002 111.220001 109.790001 110.449997 1.824000e+05
736718 109.800003 110.830002 108.370003 109.559998 1.561000e+05
736719 110.470001 113.500000 110.290001 112.900002 2.387000e+05
736720 114.690002 115.599998 114.629997 115.059998 2.871000e+05
736721 115.160004 115.500000 113.790001 114.199997 1.082000e+05
736722 114.239998 114.529999 112.550003 113.379997 8.330000e+04
736725 111.690002 111.709999 108.449997 110.209999 2.218000e+05
736726 109.400002 112.230003 108.919998 111.660004 1.578000e+05
736727 113.419998 114.250000 110.879997 111.720001 1.458000e+05
736728 111.720001 112.419998 110.500000 110.949997 1.352000e+05
736729 112.849998 114.529999 112.339996 114.320000 1.915000e+05
736732 113.500000 114.169998 112.019997 112.540001 1.503000e+05
736733 112.750000 113.680000 110.940002 111.620003 1.574000e+05
736734 110.639999 111.599998 109.459999 111.209999 2.492000e+05
736735 111.610001 114.930000 111.610001 114.389999 2.165000e+05
736736 115.800003 116.769997 114.989998 116.160004 1.300000e+05
736739 117.500000 118.209999 116.379997 116.699997 1.404000e+05
736740 116.040001 117.760002 115.559998 117.459999 1.162000e+05
736741 116.559998 119.150002 116.449997 118.820000 1.854000e+05
736742 118.570000 119.010002 116.620003 118.080002 1.276000e+05
736743 116.779999 118.089996 116.680000 118.089996 9.320000e+04
736747 118.559998 120.089996 118.559998 119.919998 4.057000e+05
736748 119.540001 119.610001 118.309998 118.930000 1.730000e+05
736749 119.519997 119.550003 115.650002 117.320000 2.686000e+05
736750 115.339996 117.269997 115.000000 117.269997 1.142000e+05
736753 116.800003 119.470001 116.570000 119.470001 2.188000e+05
736754 118.389999 118.589996 115.739998 115.779999 1.186000e+05
736755 118.910004 120.879997 118.750000 120.099998 2.108000e+05
736756 120.099998 120.099998 117.139999 117.430000 1.398000e+05
736757 117.389999 118.419998 115.930000 117.080002 1.329000e+05
736760 115.730003 115.919998 114.320000 115.459999 1.371000e+05
736761 115.000000 115.570000 113.720001 113.949997 1.491000e+05
736762 114.709999 115.239998 112.330002 112.480003 1.688000e+05
736763 112.379997 113.379997 110.849998 111.519997 1.811000e+05
736764 113.019997 113.110001 110.779999 112.449997 1.568000e+05
