736034 13.063729 13.063729 12.917969 12.917969 2.842318e+04
736035 13.027289 13.027289 12.945299 12.981739 3.917297e+03
736036 12.936189 12.945299 12.917969 12.917969 1.913098e+03
736039 12.917969 13.027289 12.899749 12.936189 5.283796e+03
736040 12.863309 12.936189 12.863309 12.899749 4.919396e+03
736041 12.981739 12.981739 12.899749 12.936189 2.824098e+03
736042 12.981739 13.027289 12.890639 12.990849 5.830395e+03
736043 12.999959 13.063729 12.999959 13.036399 1.821998e+03
736046 13.063729 13.063729 13.054619 13.054619 2.732998e+03
736047 13.081949 13.081949 13.009069 13.054619 1.002099e+03
736048 13.027289 13.027289 13.009069 13.009069 1.639799e+03
736049 12.981739 13.036399 12.981739 13.036399 1.093199e+03
736050 13.109279 13.109279 13.018179 13.072839 4.554996e+03
736053 13.009069 13.072839 13.009069 13.018179 4.281696e+03
736054 12.990849 13.081949 12.990849 13.072839 3.552897e+03
736055 13.018179 13.245929 13.018179 13.191269 1.011209e+04
736056 13.145719 13.145719 13.045509 13.063729 4.646096e+03
736060 13.054619 13.072839 13.045509 13.054619 1.548699e+03
736061 13.081949 13.081949 13.018179 13.018179 2.186398e+03
736062 13.089526 13.254174 13.089526 13.217586 9.238590e+03
736063 13.098673 13.098673 13.080379 13.080379 1.189125e+03
736064 13.080379 13.144409 13.080379 13.126115 4.299146e+03
736067 13.080380 13.126115 13.034644 13.034644 1.472686e+04
736068 13.089526 13.089526 13.016349 13.025496 1.518422e+04
736069 13.052938 13.080379 12.988908 12.998055 1.042771e+04
736070 12.988908 13.071232 12.988908 13.016349 4.756501e+03
736071 13.126115 13.126115 12.998055 13.062085 5.122386e+03
736074 12.998055 13.299910 12.979761 13.199292 1.381215e+04
736075 13.171851 13.171851 13.007203 13.007203 1.262302e+04
736076 12.998055 13.052938 12.979761 12.988908 4.756502e+03
736077 13.025497 13.062085 12.970614 13.062085 1.335479e+04
736078 13.052937 13.098673 12.998055 13.016349 8.140935e+03
736081 13.034644 13.089527 12.988908 13.034644 1.939189e+04
736082 13.016349 13.052938 12.988908 12.998055 4.207674e+03
736083 12.988909 13.007203 12.988909 13.007203 2.286780e+03
736084 12.979761 13.025497 12.979761 12.979761 3.933261e+03
736085 12.961466 12.961466 12.934025 12.952319 1.372068e+03
736088 12.934025 12.952319 12.915731 12.915731 2.195308e+03
736089 12.897437 12.988908 12.888290 12.988908 9.421532e+03
736090 12.943172 12.979760 12.869995 12.869995 7.226223e+03
736091 12.842554 12.943172 12.833407 12.851701 5.945627e+03
736092 12.860848 12.915731 12.851701 12.851701 4.024732e+03
736095 12.851702 12.879143 12.805966 12.805966 6.585925e+03
736096 12.851701 12.869995 12.778524 12.869995 5.945627e+03
736097 12.785494 12.895714 12.785494 12.831419 4.225091e+03
736098 12.767123 12.895713 12.767123 12.813048 5.143589e+03
736099 12.868159 12.886529 12.849789 12.877344 3.398443e+03
736102 12.849789 12.868159 12.849789 12.868159 4.316941e+03
736103 12.849789 12.849789 12.712014 12.721199 1.699222e+04
736104 12.712014 12.757939 12.712014 12.739569 6.521337e+03
736105 12.721199 12.858974 12.721199 12.785494 5.327289e+03
736106 12.803864 12.803864 12.721199 12.739569 3.765842e+03
736110 12.748754 12.849789 12.712014 12.712014 8.266483e+03
736111 12.748754 12.767124 12.721199 12.748754 3.857692e+03
736112 12.684458 12.767123 12.675273 12.693643 3.031044e+03
736113 12.767124 12.822234 12.730384 12.785494 1.267527e+04
736116 12.822233 12.822233 12.675273 12.767123 2.479945e+03
736117 12.730383 12.739568 12.712013 12.730383 7.990933e+03
736118 12.675274 12.684459 12.666089 12.666089 3.122894e+03
736119 12.712014 12.712014 12.629349 12.647719 3.949542e+03
736120 12.684459 12.684459 12.583424 12.656904 1.653297e+03
736123 12.638534 12.721199 12.592609 12.702829 7.164285e+03
736124 12.638534 12.656904 12.629349 12.656904 5.051740e+03
736125 12.629229 12.703030 12.629229 12.647679 4.981580e+03
736126 12.629228 12.666128 12.564652 12.592327 7.011112e+03
736127 12.592328 12.675354 12.573878 12.666129 5.811844e+03
736130 12.592328 12.666129 12.592328 12.601553 3.782311e+03
736131 12.693804 12.730705 12.583103 12.730705 8.763891e+03
736132 12.638453 12.684579 12.546202 12.638453 4.059065e+03
736133 12.647679 12.730705 12.620003 12.666129 7.564622e+03
736134 12.583102 12.758380 12.583102 12.684579 1.107018e+04
736137 12.647679 12.693805 12.647679 12.693805 1.383772e+03
736138 12.703030 12.749156 12.656904 12.703030 5.996347e+03
736139 12.666129 12.730705 12.666129 12.730705 1.291521e+03
736140 12.620004 12.693805 12.573878 12.573878 3.321054e+03
736141 12.638453 12.887532 12.573877 12.822956 5.535089e+03
736144 12.813732 12.942884 12.721480 12.841407 1.143918e+04
736145 12.905983 12.905983 12.721480 12.776831 3.874562e+03
736146 12.859857 12.859857 12.638453 12.684579 5.073832e+03
736147 12.610778 12.795281 12.601553 12.795281 3.136550e+03
736151 12.878308 12.878308 12.573878 12.583103 8.763891e+03
736152 12.693804 12.693804 12.610778 12.629228 9.132897e+03
736153 12.703030 12.703030 12.620004 12.620004 2.214036e+03
736154 12.610778 12.684579 12.610778 12.610778 4.981580e+03
736155 12.610778 12.629229 12.481626 12.583103 8.856143e+03
736158 12.564652 12.601552 12.500076 12.592327 8.118130e+03
736159 12.675354 12.675354 12.509301 12.546202 1.263845e+04
736160 12.601798 12.611064 12.536936 12.536936 5.003655e+03
736161 12.620331 12.620331 12.555469 12.555469 5.096316e+03
736162 12.527670 12.574000 12.509138 12.509138 2.779808e+03
736165 12.499873 12.518405 12.444277 12.481341 5.652278e+03
736166 12.407212 12.527670 12.407212 12.407212 9.821990e+03
736167 12.481340 12.527670 12.453542 12.462808 2.038526e+03
736168 12.536937 12.546203 12.435011 12.518405 5.003656e+03
736169 12.527670 12.546202 12.370148 12.490606 1.881004e+04
736172 12.499872 12.499872 12.490606 12.490606 7.320162e+03
736173 12.490606 12.499872 12.462808 12.490606 8.524746e+03
736174 12.509138 12.592532 12.509138 12.509138 3.984392e+03
736175 12.509139 12.527671 12.490607 12.518405 6.300900e+03
736176 12.555469 12.592533 12.555469 12.555469 7.783464e+03
736179 12.564734 12.638862 12.564734 12.611064 7.968784e+03
736180 12.536937 12.685193 12.536937 12.592533 5.652278e+03
736181 12.527670 12.583266 12.453542 12.472074 8.617406e+03
736182 12.481340 12.564734 12.481340 12.490606 2.409167e+03
736183 12.509138 12.555468 12.435010 12.536936 1.186052e+04
736186 12.527671 12.564735 12.499873 12.564735 6.486220e+03
736187 12.518404 12.731522 12.518404 12.648128 9.080707e+03
736188 12.648128 12.722584 12.638821 12.703970 2.792081e+03
736189 12.694663 12.722584 12.694663 12.722584 1.116833e+03
736190 12.694664 12.797040 12.694664 12.797040 6.794065e+03
736193 12.685356 12.769119 12.676050 12.759812 8.562383e+03
736194 12.778426 12.778426 12.731891 12.778426 4.467330e+03
736195 12.769119 12.778426 12.703970 12.722584 4.095053e+03
736196 12.797040 12.824961 12.722584 12.797040 1.973071e+04
736197 12.918030 12.918030 12.601594 12.703970 2.671091e+04
736200 12.797040 12.797040 12.638822 12.638822 8.748522e+03
736201 12.750505 12.750505 12.638822 12.741198 5.025746e+03
736202 12.685357 12.787733 12.610901 12.657436 4.560400e+03
736203 12.722584 12.750505 12.508524 12.703970 2.000992e+04
736204 12.797039 12.797039 12.657435 12.713277 4.374261e+03
736207 12.703971 12.741199 12.703971 12.731892 6.514857e+02
736208 12.731891 12.834268 12.666743 12.797040 2.215051e+04
736209 12.769119 12.880803 12.769119 12.815654 3.815845e+03
736210 12.750506 12.843575 12.731892 12.843575 1.302971e+04
736211 12.834268 12.890110 12.834268 12.852882 6.794065e+03
736215 12.964565 12.964565 12.843575 12.852882 4.095053e+03
736216 12.937009 12.955704 12.908966 12.955704 5.047677e+03
736217 12.955704 13.077222 12.955704 13.077222 4.112922e+03
736218 13.077222 13.077222 13.030484 13.049179 5.982432e+03
736221 13.067875 13.067875 12.908966 13.021137 1.776034e+03
736222 12.918313 12.918313 12.815490 12.824838 4.299873e+03
736223 12.890271 12.890271 12.675277 12.684625 6.449809e+03
736224 12.731363 12.768753 12.609845 12.768753 1.215181e+03
736225 12.815490 12.815490 12.722015 12.722015 1.869510e+03
736228 12.712668 12.806143 12.712668 12.806143 6.543285e+03
736229 12.806143 12.993094 12.806143 12.974399 1.682559e+03
736230 12.899619 12.899619 12.899619 12.899619 7.478040e+02
736231 12.768754 12.946357 12.750058 12.946357 1.673211e+04
736232 13.011789 13.114612 13.002442 13.095917 7.851942e+03
736235 13.114612 13.161350 13.105264 13.133307 6.169383e+03
736236 13.133307 13.133307 13.011789 13.133307 3.832495e+03
736237 13.067874 13.133307 13.067874 13.133307 2.523838e+03
736238 13.067875 13.133308 13.067875 13.086570 1.028230e+03
736239 13.002442 13.105265 12.946357 13.086570 4.767251e+03
736242 13.152002 13.152002 13.152002 13.152002 7.478040e+02
736243 13.152002 13.152002 13.152002 13.152002 2.897740e+03
736244 13.105265 13.105265 13.011790 13.105265 1.682559e+03
736245 13.105264 13.161350 13.105264 13.114612 6.636760e+03
736246 13.105264 13.189392 13.105264 13.189392 4.673775e+03
736249 13.198740 13.208088 13.198740 13.208088 1.682559e+03
736250 13.198740 13.853068 13.198740 13.853068 8.973647e+03
736251 13.881226 13.881226 13.749828 13.881226 1.032410e+04
736252 13.871840 13.881226 13.731057 13.731057 4.598919e+03
736253 13.731057 13.777985 13.731057 13.777985 2.440243e+03
736256 13.740443 13.909383 13.571503 13.843684 2.196218e+04
736257 13.890611 13.890611 13.787370 13.787370 1.970965e+03
736258 13.890611 13.890611 13.853069 13.853069 2.909520e+03
736259 13.721672 14.322347 13.271166 13.271166 3.754220e+04
736260 13.374406 13.402563 13.280551 13.355635 5.443618e+03
736263 13.224237 13.336863 13.224237 13.243008 3.284942e+03
736264 13.233623 13.609044 13.233623 13.515189 1.482917e+04
736265 13.458877 13.458877 13.327479 13.393178 6.194462e+03
736266 13.393178 13.449491 13.393178 13.449491 3.191086e+03
736267 13.487033 13.562118 13.430720 13.533961 1.126266e+04
736270 13.609045 13.609045 13.487032 13.599659 5.631329e+03
736271 13.599660 13.609045 13.571503 13.571503 7.696150e+03
736272 13.515189 13.684129 13.515189 13.674743 1.717555e+04
736273 13.627816 13.843684 13.627816 13.843684 2.721809e+03
736274 13.702901 13.702901 13.702901 13.702901 2.815665e+02
736277 13.562117 14.341117 13.562117 14.031394 8.540849e+03
736278 13.908891 13.908891 13.748694 13.758117 1.319271e+03
736279 13.758116 14.210438 13.654459 13.899467 1.149651e+04
736280 13.748694 13.795810 13.748694 13.758117 4.523217e+03
736281 13.663883 13.663883 13.381182 13.381182 1.215614e+04
736284 13.409452 13.663883 13.381182 13.663883 4.334749e+03
736285 13.560225 13.814656 13.531955 13.814656 7.727161e+03
736286 13.739269 13.880620 13.635612 13.880620 4.900151e+03
736287 13.871197 13.871197 13.871197 13.871197 9.423368e+01
736288 13.795810 13.871197 13.729846 13.805233 2.827010e+03
736291 13.833504 13.833504 13.720424 13.833504 1.130804e+03
736292 13.748693 13.899467 13.701576 13.899467 3.298179e+03
736293 13.795809 13.899466 13.748693 13.861773 1.225038e+04
736295 13.899467 13.899467 13.701576 13.720423 2.355842e+03
736298 13.720423 13.814657 13.692153 13.692153 6.596357e+02
736299 13.758116 13.899467 13.758116 13.899467 6.313656e+03
736300 13.899467 14.059664 13.852350 14.050241 4.617450e+03
736301 14.031394 14.031394 13.842927 13.974854 4.052048e+03
736302 13.899467 13.899467 13.720423 13.776963 1.319271e+04
736305 13.786386 13.795809 13.531955 13.531955 5.748254e+03
736306 13.550802 13.673306 13.550802 13.645036 3.203945e+03
736307 13.626111 13.673424 13.616648 13.626111 1.703264e+03
736308 13.588260 13.626110 13.588260 13.588260 3.974282e+03
736309 13.512560 13.559873 13.455785 13.493635 8.327068e+03
736312 13.484172 13.484172 13.417934 13.436859 3.595779e+03
736313 13.436859 13.465247 13.417934 13.465247 2.271018e+03
736314 13.455785 13.522023 13.417935 13.474710 6.718430e+03
736315 13.522023 13.701812 13.512560 13.692349 4.258160e+03
736316 13.739662 13.739662 13.654499 13.673424 7.096933e+03
736319 13.777512 13.824825 13.682887 13.786975 5.015166e+03
736320 13.824825 13.834288 13.645036 13.645036 7.759313e+03
736321 13.711274 13.720737 13.616648 13.626111 1.466699e+04
736322 13.739662 13.881601 13.645037 13.881601 1.419387e+03
736326 13.777513 13.862676 13.777513 13.834288 2.649522e+03
736327 13.815363 13.815363 13.673424 13.673424 6.056049e+03
736328 13.786975 13.786975 13.720737 13.758587 6.529178e+03
736329 13.777512 13.853213 13.711274 13.805900 1.050346e+04
736333 13.786975 13.853213 13.720737 13.720737 1.514012e+03
736334 13.720737 13.853213 13.720737 13.805900 1.192285e+04
736335 13.815363 13.909989 13.815363 13.881601 8.989449e+03
736336 13.909988 13.909988 13.853213 13.853213 1.703264e+03
736337 13.805900 13.909988 13.805900 13.843750 4.352785e+03
736340 13.872138 13.909988 13.834287 13.862675 2.271018e+03
736341 13.834288 13.843750 13.805900 13.824825 1.987141e+03
736342 13.824825 13.853330 13.729809 13.729809 4.370735e+03
736343 13.577784 13.805822 13.577784 13.710806 1.244709e+04
736344 13.786819 13.853330 13.777317 13.777317 5.415911e+03
736348 13.786819 13.805822 13.672800 13.672800 1.016671e+04
736349 13.729809 13.729809 13.587285 13.606288 1.225706e+04
736350 13.587285 13.682301 13.501770 13.577783 1.292217e+04
736351 13.577783 13.729809 13.577783 13.682301 9.596614e+03
736354 13.596787 13.682301 13.596787 13.682301 3.705623e+03
736355 13.758314 13.834326 13.596786 13.606288 4.275719e+03
736356 13.672799 13.843828 13.596787 13.824825 1.282716e+04
736357 13.729809 13.929343 13.729809 13.919841 3.420575e+03
736358 14.014857 14.014857 13.843828 13.900838 6.461087e+03
736361 13.834326 14.100371 13.834326 13.986352 6.271055e+03
736362 13.986352 14.100371 13.986352 13.986352 6.651118e+03
736363 13.967349 14.176384 13.967349 14.176384 3.325559e+03
736364 14.119374 14.119374 13.995853 13.995853 2.185367e+03
736365 13.900837 14.005355 13.900837 13.995853 2.565431e+03
736368 14.062365 14.109873 13.986352 14.109873 2.071348e+04
736369 14.014857 14.185885 14.014857 14.100371 2.280383e+03
736370 14.128876 14.128876 14.128876 14.128876 9.501598e+01
736371 14.157498 14.310139 14.157498 14.310139 2.862028e+02
736372 14.291058 14.291058 14.128877 14.176577 5.628654e+03
736376 14.014396 14.090717 14.014396 14.023936 7.918277e+03
736377 14.023936 14.128877 13.947616 14.090717 2.175141e+04
736378 14.100257 14.109797 13.995316 14.109797 9.063088e+03
736379 14.176578 14.405540 14.081177 14.205198 6.582664e+03
736382 14.214738 14.214738 14.052556 14.119337 5.819456e+03
736383 14.224278 14.405540 14.128877 14.405540 1.688596e+04
736384 14.357840 14.405540 14.252899 14.405540 5.724056e+03
736385 14.405540 14.644042 14.386460 14.644042 9.063088e+03
736386 14.644042 14.644042 14.462780 14.644042 8.109079e+03
736389 14.644042 14.644042 14.539101 14.644042 1.049410e+04
736390 14.644042 14.748983 14.644042 14.682202 2.575825e+03
736391 14.729903 15.140127 14.691742 15.063806 1.783997e+04
736392 14.853924 14.930245 14.520021 14.558181 1.354693e+04
736393 14.548641 14.644042 14.548641 14.567721 8.490682e+03
736396 14.596341 14.596341 14.558181 14.596341 8.586083e+02
736397 14.558181 14.672662 14.558181 14.586801 1.268832e+04
736398 14.644267 14.644267 14.586801 14.634689 3.447963e+03
736399 14.644267 14.653845 14.644267 14.653845 1.436651e+03
736400 14.672999 14.682577 14.644266 14.682577 3.639517e+03
736403 14.548490 14.634689 14.548490 14.634689 1.628205e+03
736404 14.615534 14.682578 14.615534 14.653845 2.298642e+03
736405 14.605956 14.682577 14.605956 14.682577 1.053544e+03
736406 14.682577 14.826242 14.682577 14.749621 4.022624e+03
736407 14.797510 14.845398 14.605956 14.605956 7.087480e+03
736410 14.605956 14.634689 14.605956 14.634689 4.788838e+02
736411 14.663422 15.017796 14.663422 14.874131 1.082277e+04
736412 15.209350 15.209350 15.209350 15.209350 1.915535e+02
736413 15.190195 15.190195 14.634689 14.941175 9.769230e+03
736417 14.797509 14.797509 14.213271 14.309048 3.946003e+04
736418 14.318625 14.452713 14.251581 14.443135 5.842382e+03
736419 14.414402 14.471868 14.385669 14.443135 3.639517e+03
736420 14.481446 14.491024 14.433558 14.433558 2.490196e+03
736421 14.481446 14.481446 14.481446 14.481446 7.662141e+02
736424 14.471869 14.519757 14.471869 14.519757 2.873303e+02
736425 14.577223 14.596378 14.577223 14.596378 1.245098e+03
736426 14.395247 14.605956 14.395247 14.605956 7.662141e+02
736427 14.605956 14.634689 14.596378 14.634689 1.628205e+03
736428 14.385669 14.596378 14.385669 14.481446 9.577676e+02
736431 14.577223 14.845398 14.577223 14.778354 2.327375e+04
736432 14.797509 14.931597 14.797509 14.922019 6.033936e+03
736433 14.893175 14.998937 14.777799 14.989322 5.288087e+03
736434 14.960479 15.085470 14.845102 14.922020 1.067232e+04
736435 14.960477 15.133542 14.960477 14.970092 1.346058e+03
736438 15.123928 15.133543 14.768184 14.902790 4.999646e+03
736439 14.931634 14.970093 14.902790 14.931634 6.153410e+03
736440 14.950864 15.133543 14.941249 14.941249 5.191940e+03
736441 14.902790 14.912405 14.835487 14.835487 3.076705e+03
736442 15.056625 15.056625 14.825872 14.854716 1.730647e+03
736445 14.806642 14.845101 14.797027 14.845101 1.442205e+03
736446 14.797028 14.970093 14.797028 14.835487 3.461293e+03
736447 14.797027 14.816257 14.797027 14.806642 1.153764e+03
736448 14.816258 15.095084 14.816258 15.095084 1.249911e+03
736449 15.210460 15.277763 14.845101 14.845101 2.788264e+03
736452 15.383525 15.383525 14.922019 15.018166 4.326616e+03
736453 15.277763 15.277763 15.181616 15.258534 3.749734e+03
736454 15.191230 15.191230 14.979707 14.979707 2.499823e+03
736455 15.268149 15.268149 15.258534 15.258534 8.653233e+02
736456 15.258534 15.258534 15.104699 15.104699 1.826794e+03
736459 15.104699 15.104699 15.104699 15.104699 0.000000e+00
736460 15.191231 15.787342 15.162387 15.671965 1.288370e+04
736461 15.459661 15.459661 15.208755 15.324558 8.106189e+03
736462 15.527213 15.527213 15.527213 15.527213 7.720180e+02
736463 15.440361 15.450011 15.343859 15.450011 9.650225e+02
736466 15.343858 15.363158 15.295607 15.343858 4.728610e+03
736467 15.295608 15.334209 14.899949 15.044702 1.823893e+04
736468 15.025402 15.083303 14.870998 14.996451 5.500629e+03
736469 14.861347 14.861347 14.861347 14.861347 8.685203e+02
736470 14.861347 14.948199 14.851697 14.948199 2.123050e+03
736473 14.899949 14.957850 14.851698 14.957850 1.930045e+03
736474 14.880648 15.006101 14.784146 15.006101 8.974710e+03
736475 14.967501 14.986801 14.870999 14.977151 1.186978e+04
736476 14.793796 14.957850 14.793796 14.957850 7.720181e+02
736477 14.986801 15.054352 14.870998 15.006101 1.148377e+04
736481 14.967500 14.967500 14.774496 14.832397 4.535606e+03
736482 14.822747 14.909599 14.706945 14.813097 3.956593e+04
736483 14.813097 14.880649 14.813097 14.813097 5.983140e+03
736484 14.909599 14.967501 14.851698 14.851698 7.913185e+03
736487 14.870998 14.909599 14.832397 14.832397 1.737041e+03
736488 14.832397 15.044702 14.832397 14.890298 8.009687e+03
736489 14.899986 14.977489 14.899986 14.919362 2.615732e+03
736490 15.180936 15.180936 14.890299 14.899987 8.040955e+03
736491 14.774043 14.948425 14.774043 14.880610 5.328343e+03
736494 14.899987 15.016242 14.899987 14.977490 8.331592e+03
736495 14.977490 14.977490 14.977490 14.977490 0.000000e+00
736496 15.084057 15.084057 14.948426 14.967802 1.269115e+04
736497 14.987177 14.996865 14.987177 14.996865 2.906369e+02
736498 14.977489 15.093744 14.967801 15.093744 6.781528e+02
736501 15.258438 15.258438 15.045305 15.103432 4.068917e+03
736502 15.597515 15.597515 15.103432 15.103432 4.650191e+03
736503 15.025929 15.219687 15.025929 15.219687 2.809490e+03
736504 15.209999 15.209999 15.171247 15.209999 9.687897e+02
736505 15.694394 15.694394 15.151871 15.171247 4.940828e+03
736508 15.219687 15.403757 15.084057 15.248751 4.843949e+03
736509 15.452196 15.452196 15.200311 15.200311 1.743822e+03
736510 15.132496 15.500636 15.132496 15.500636 7.556560e+03
736511 15.306879 15.306879 15.190624 15.190624 1.162548e+03
736512 15.161559 15.384381 15.161559 15.287502 6.684649e+03
736516 15.384382 15.481260 15.365006 15.432821 2.615732e+03
736517 15.500637 15.500637 15.258439 15.277815 8.815987e+03
736518 15.423132 15.655642 15.423132 15.655642 1.937579e+03
736519 15.258439 15.500636 15.258439 15.500636 1.550064e+03
736522 15.374694 15.374694 15.316566 15.355318 1.579127e+04
736523 15.403757 15.403757 15.122808 15.248751 1.792261e+04
736524 15.093150 15.170950 15.073700 15.151500 6.321229e+03
736525 15.025075 15.054250 14.772226 15.025075 2.820241e+04
736526 14.879202 14.927827 14.879202 14.888927 2.071418e+04
736529 14.966725 15.025075 14.966725 15.015350 3.024465e+04
736530 14.986176 15.141776 14.986176 15.093151 2.820241e+03
736531 15.063976 15.063976 15.015351 15.044526 3.306489e+03
736532 14.986175 15.025075 14.986175 15.015350 6.904727e+03
736533 15.015351 15.025076 14.966726 14.966726 4.959734e+03
736536 14.976450 14.976450 14.927825 14.976450 3.345389e+04
736537 14.976450 15.025075 14.752776 15.025075 5.562681e+04
736538 15.063976 15.063976 15.034801 15.034801 3.792738e+03
736539 15.102876 15.102876 15.044526 15.073701 1.653245e+03
736540 15.209849 15.209849 15.015350 15.054250 2.324267e+04
736543 15.063975 15.093150 15.025075 15.063975 1.847744e+03
736544 15.054250 15.161225 15.025075 15.102875 5.932230e+03
736545 15.093151 15.132051 15.093151 15.132051 4.862484e+02
736546 15.132051 15.132051 15.132051 15.132051 0.000000e+00
736547 15.073700 15.180675 15.073700 15.151500 6.126730e+03
736550 15.200126 15.200126 15.170951 15.170951 1.847744e+03
736551 15.180676 15.209851 15.083426 15.083426 6.126730e+03
736552 15.132240 15.142002 15.083426 15.083426 1.298444e+04
736553 15.093189 15.112714 15.083426 15.083426 2.928821e+03
736554 15.102952 15.268919 15.102952 15.181054 5.467132e+03
736557 15.317732 15.317732 15.161529 15.181054 9.079344e+03
736558 15.112715 15.181054 15.083426 15.132240 4.588486e+03
736559 15.190816 15.190816 15.063900 15.073663 4.197976e+03
736560 15.161528 15.161528 15.073663 15.073663 1.366783e+03
736561 15.063900 15.083426 15.063900 15.073663 3.026448e+03
736564 15.034612 15.073663 15.034612 15.073663 4.686113e+03
736565 15.073663 15.102951 15.073663 15.073663 3.612212e+03
736566 15.151765 15.151765 15.034613 15.054138 6.248151e+03
736567 14.985798 15.054137 14.985798 15.034612 7.126797e+03
736568 15.151766 15.151766 15.024850 15.024850 5.564759e+03
736571 15.132239 15.132239 14.907696 15.034612 4.490858e+03
736572 15.054137 15.054137 14.966273 14.995561 2.245429e+03
736573 14.976036 14.995562 14.976036 14.985799 5.955269e+03
736574 14.985798 14.985798 14.956510 14.956510 3.905094e+03
736575 15.073663 15.190816 14.956510 14.956510 7.712561e+03
736579 14.956511 15.181054 14.956511 15.024850 3.709840e+03
736580 15.171291 15.171291 15.054138 15.063901 3.416957e+03
736581 15.210341 15.210341 15.034612 15.034612 4.881368e+03
736582 14.936986 14.985799 14.790545 14.849121 1.454648e+04
736585 14.888172 14.888172 14.800307 14.849121 3.319330e+03
736586 14.849120 14.849120 14.800307 14.829595 8.395952e+03
736587 14.809992 14.878602 14.770786 14.829595 1.499622e+04
736588 14.917808 14.966815 14.760985 14.760985 1.901481e+04
736589 14.858999 14.858999 14.741381 14.839396 1.489820e+04
736592 14.888403 14.888403 14.800190 14.849197 7.939175e+03
736593 14.898205 15.290263 14.809992 14.858999 1.813268e+04
736594 14.800190 14.849198 14.751183 14.790389 3.156067e+04
736595 14.751183 14.878602 14.751183 14.780587 1.793665e+04
736596 14.800191 14.917808 14.800191 14.829595 1.068358e+04
736599 14.858998 14.927608 14.858998 14.927608 2.058304e+03
736600 14.966815 14.966815 14.917808 14.966815 5.488812e+03
736601 15.025623 15.319667 14.996219 15.319667 1.127167e+04
736602 15.074631 15.143241 15.074631 15.113837 8.919320e+03
736603 15.231454 15.231454 14.829594 14.996219 1.705452e+04
736606 14.976616 15.162843 14.829594 15.153042 7.939175e+03
736607 15.104035 15.123638 14.937411 14.966815 8.919320e+03
736608 14.937410 14.957013 14.819793 14.819793 1.058557e+04
736609 14.800190 14.898204 14.672771 14.692374 1.019351e+04
736610 14.711976 14.790388 14.711976 14.770785 3.430507e+03
736613 14.849197 14.849197 14.633565 14.711977 9.605421e+03
736614 14.790389 14.790389 14.790389 14.790389 5.880870e+02
736615 14.839591 14.839591 14.711664 14.780548 1.318637e+04
736616 14.711664 14.760867 14.564055 14.564055 2.627434e+04
736617 14.514852 14.583736 14.445968 14.465649 1.023420e+04
736620 14.495171 14.495171 14.268838 14.288519 2.588072e+04
736621 14.426288 14.465650 14.288520 14.445969 7.774057e+03
736622 14.564055 14.613258 14.564055 14.613258 2.952173e+02
736623 14.613258 14.682142 14.288519 14.495171 2.342058e+04
736624 14.613258 14.691982 14.573896 14.632939 1.338319e+04
736627 14.564055 14.632939 14.514852 14.632939 6.494781e+03
736628 14.662461 14.662461 14.534533 14.662461 2.460144e+03
736629 14.662461 14.780548 14.662461 14.780548 6.396376e+03
736630 14.642780 14.800229 14.642780 14.800229 6.002752e+03
736631 14.869113 14.878954 14.751026 14.849432 8.856520e+03
736634 14.701824 14.987200 14.662461 14.878954 7.970868e+03
736635 14.760867 14.928157 14.751026 14.780548 2.656956e+03
736636 14.751026 15.036403 14.662461 14.662461 8.856520e+03
736637 14.770707 15.036403 14.741186 15.036403 7.380433e+03
736638 15.016722 15.105287 15.006881 15.105287 7.380433e+03
736641 14.928157 15.105287 14.928157 15.105287 1.043101e+04
736642 14.779275 15.530093 14.779275 15.312751 3.655302e+03
736643 15.164562 15.500455 15.164562 15.500455 6.915436e+02
736644 15.322629 15.530092 15.164562 15.460938 7.508187e+03
736645 15.223838 15.451059 14.927462 14.937341 1.412725e+04
736648 14.976857 14.976857 14.739757 14.808911 9.582818e+03
736649 14.789153 14.828670 14.581690 14.581690 9.385234e+03
736650 14.571811 14.897824 14.463140 14.532294 1.936322e+04
736651 14.591569 14.690361 14.591569 14.690361 3.161342e+03
736652 14.571810 14.650844 14.571810 14.650844 3.556510e+03
736655 14.769395 14.769395 14.581690 14.690361 4.445637e+03
736656 14.897824 15.213958 14.897824 15.144804 2.371006e+04
736657 15.213959 15.213959 15.095409 15.115167 1.452242e+04
736659 15.243596 15.302871 15.095408 15.095408 1.294174e+04
736662 15.115167 15.115167 14.957100 14.957100 5.828725e+03
736663 14.966979 14.996617 14.818791 14.858308 9.088859e+03
736664 14.818791 15.016375 14.818791 14.957100 1.590550e+04
736665 14.917583 14.917583 14.828670 14.828670 6.125100e+03
736666 14.907703 14.957099 14.828670 14.937341 2.044993e+04
736669 14.838549 14.996616 14.818791 14.818791 1.274416e+04
736670 14.818791 15.016375 14.591570 15.016375 2.598228e+04
736671 14.828670 14.947220 14.818791 14.828670 7.606979e+03
736672 14.779274 14.868187 14.739757 14.868187 6.125100e+03
736673 14.868187 14.927462 14.818791 14.927462 7.705771e+03
736676 14.917583 14.917583 14.522416 14.749637 3.358926e+04
736677 14.631086 14.749637 14.522415 14.670603 2.124027e+04
736678 14.710280 14.968182 14.670603 14.730119 3.412230e+04
736679 14.601167 14.968180 14.591248 14.779714 2.083047e+04
736680 14.779714 14.779714 14.482136 14.630925 3.392391e+04
736683 14.621005 14.660682 14.511893 14.611086 1.368859e+04
736684 14.601168 14.640845 14.462298 14.581329 1.785469e+04
736685 14.700360 14.799553 14.700360 14.799553 7.935417e+02
736686 14.759875 14.799552 14.581328 14.611086 8.332188e+03
736687 14.740037 14.740037 14.630925 14.700360 3.372552e+03
736691 14.829312 14.829312 14.680523 14.730119 4.166094e+03
736692 14.700360 14.700360 14.640845 14.690441 1.388698e+03
736693 14.779714 14.779714 14.779714 14.779714 1.983854e+02
736694 14.868987 14.868987 14.730118 14.779714 3.967708e+03
736698 14.789634 14.809472 14.501975 14.551571 1.616841e+04
736699 14.531733 14.581329 14.531733 14.581329 2.975781e+02
736700 14.591248 14.710280 14.581329 14.650764 6.844297e+03
736701 14.660683 14.680521 14.630925 14.670602 2.678203e+03
736704 14.591248 14.680522 14.591248 14.650764 5.852370e+03
736705 14.720199 14.789634 14.690441 14.789634 2.182240e+03
736706 14.680081 14.729877 14.680081 14.719918 1.991870e+03
736707 14.779676 14.849391 14.779676 14.789635 3.286586e+03
736708 14.859349 14.859349 14.789634 14.819512 1.792683e+03
736712 14.839430 14.849390 14.799593 14.799593 3.485772e+03
736713 14.939024 14.939024 14.789634 14.869309 6.174797e+03
736714 14.789635 14.829472 14.789635 14.829472 7.967480e+02
736715 14.809553 14.839431 14.789634 14.819512 8.863821e+03
736718 14.789634 14.819512 14.789634 14.819512 1.693089e+03
736719 14.819513 14.889228 14.819513 14.889228 5.378049e+03
736720 14.839431 14.839431 14.460976 14.640244 1.892276e+04
736721 14.640244 14.690041 14.640244 14.690041 4.481707e+03
736722 14.759756 14.759756 14.600406 14.600406 6.672764e+03
736725 14.570528 14.680081 14.570528 14.630284 3.386179e+03
736726 14.630285 14.680081 14.540651 14.610366 1.683130e+04
736727 14.610366 14.610366 14.610366 14.610366 1.195122e+03
736728 14.550610 14.580488 14.520732 14.540651 3.246748e+04
736729 14.570528 14.610365 14.500812 14.550609 4.979675e+03
736732 14.560569 14.660163 14.560569 14.640244 9.262195e+03
736733 14.640244 14.700000 14.640244 14.700000 8.365854e+03
736734 14.720000 14.770000 14.710000 14.770000 3.500000e+03
736735 14.850000 14.870000 14.740000 14.840000 1.050000e+04
736736 14.750000 14.760000 14.750000 14.760000 5.000000e+02
736739 14.770000 14.770000 14.770000 14.770000 2.000000e+02
736740 14.760000 14.760000 14.650000 14.690000 1.130000e+04
736741 14.690000 14.690000 14.650000 14.650000 5.700000e+03
736742 14.670000 14.670000 14.560000 14.600000 7.100000e+03
736743 14.560000 14.620000 14.500000 14.500000 5.300000e+03
736747 14.570000 14.950000 14.570000 14.940000 2.810000e+04
736748 14.920000 14.920000 14.660000 14.660000 3.000000e+03
736749 14.690000 14.840000 14.650000 14.780000 1.800000e+03
736750 14.910000 14.990000 14.620000 14.820000 5.800000e+03
736753 14.820000 14.860000 14.750000 14.750000 4.900000e+03
736754 14.780000 14.830000 14.760000 14.780000 9.800000e+03
736755 14.690000 14.760000 14.670000 14.730000 4.500000e+03
736756 14.970000 14.970000 14.720000 14.900000 4.200000e+03
736757 14.850000 14.880000 14.810000 14.810000 1.000000e+03
736760 14.810000 14.820000 14.670000 14.760000 6.200000e+03
736761 14.780000 14.790000 14.780000 14.790000 1.000000e+03
736762 14.750000 14.760000 14.620000 14.680000 1.740000e+04
736763 14.750000 14.750000 14.550000 14.660000 1.300000e+03
736764 14.520000 14.630000 14.510000 14.600000 8.300000e+03
