736034 38.058921 38.058921 38.058921 38.058921 0.000000e+00
736035 37.256071 39.129387 37.256071 38.880887 2.485012e+03
736036 37.332534 37.332534 37.332534 37.332534 3.823096e+02
736039 38.345652 38.555923 37.303858 37.389878 2.676167e+03
736040 38.211845 38.230961 37.848649 37.848649 1.433661e+03
736041 37.093590 37.810421 37.064915 37.810421 4.683293e+03
736042 38.192729 38.259633 37.045799 37.045799 3.823096e+03
736043 37.093590 37.342091 36.414988 36.414988 3.631941e+03
736046 36.567912 36.567912 36.376760 36.376760 3.823096e+03
736047 36.386317 39.081599 36.376760 39.081599 2.962899e+03
736048 38.510647 38.539385 38.510647 38.510647 2.394941e+03
736049 37.466453 39.736856 37.466453 39.736856 8.909179e+03
736050 39.487783 39.487783 39.008795 39.008795 2.873929e+02
736053 39.008795 39.008795 39.008795 39.008795 0.000000e+00
736054 39.037534 39.708118 39.037534 39.545260 4.981477e+03
736055 39.698536 39.756016 39.526100 39.756016 3.544512e+03
736056 39.756016 39.756016 39.756016 39.756016 0.000000e+00
736060 39.756016 40.091306 39.248290 39.765594 1.820155e+03
736061 39.277028 40.091306 39.277028 40.091306 5.747858e+03
736062 39.660220 39.660220 39.401565 39.660220 7.663810e+02
736063 39.344086 39.344086 39.257868 39.257868 1.532762e+03
736064 38.529806 39.085431 38.319051 38.462749 2.490738e+03
736067 39.190809 39.229129 38.874679 38.874679 2.778131e+03
736068 39.229130 39.449463 38.347790 38.740560 2.682334e+03
736069 38.778880 38.922577 37.773005 37.840063 5.364667e+03
736070 38.137036 39.277027 38.137036 38.884257 1.436964e+03
736071 37.887961 39.277027 37.887961 38.079557 1.034614e+04
736074 38.740560 38.740560 37.964601 38.443589 1.149572e+03
736075 38.434007 38.510647 37.792165 38.347789 1.159151e+04
736076 36.767130 38.798039 36.767130 38.798039 1.915953e+03
736077 38.798040 39.267450 38.558546 39.190810 1.724357e+03
736078 39.190810 39.765594 39.190810 39.765594 5.747858e+02
736081 40.100888 41.049282 39.938031 40.848108 8.047001e+03
736082 40.666095 40.666095 39.775176 39.775176 2.394941e+03
736083 38.673501 38.893835 38.635185 38.635185 3.831905e+02
736084 38.635186 38.635186 37.380235 37.380235 4.310893e+03
736085 36.374361 37.456871 36.374361 37.456871 4.789881e+02
736088 38.481905 38.481905 38.481905 38.481905 4.789881e+02
736089 38.481905 38.481905 38.481905 38.481905 0.000000e+00
736090 39.554841 39.564419 38.587283 38.587283 1.053774e+03
736091 37.514351 37.945441 37.514351 37.945441 5.747858e+02
736092 39.008795 40.436178 38.022078 40.436178 3.065524e+03
736095 39.334507 40.187105 37.983761 37.983761 1.207050e+04
736096 39.047112 39.056694 39.008796 39.047112 2.490738e+03
736097 39.029659 39.029659 37.196963 37.342412 1.124830e+04
736098 38.379974 38.767844 38.283004 38.283004 5.042341e+03
736099 38.680573 39.252685 37.691498 39.126625 6.205958e+03
736102 38.641784 38.661179 38.302398 38.302398 5.624150e+03
736103 38.544818 38.593301 38.312092 38.583606 1.367250e+04
736104 39.621164 39.621164 38.302397 38.777543 1.338160e+04
736105 39.630860 39.630860 39.630860 39.630860 9.696810e+01
736106 38.806632 38.806632 38.302398 38.302398 3.102979e+03
736110 38.302398 38.302398 37.895134 38.040584 5.333245e+03
736111 38.040584 38.040584 38.040584 38.040584 0.000000e+00
736112 38.089067 38.089067 37.769074 38.040584 4.848405e+02
736113 37.817557 40.678117 37.051508 40.678117 9.987714e+03
736116 39.756919 39.756919 36.149705 36.343642 2.802378e+04
736117 36.198192 36.246675 35.257601 35.344872 9.405905e+03
736118 36.324248 36.333947 35.150935 35.160630 4.945373e+03
736119 35.490321 35.490321 33.938833 34.462462 3.296915e+03
736120 34.462462 34.462462 34.462462 34.462462 0.000000e+00
736123 34.569129 35.412749 34.569129 34.908515 5.721118e+03
736124 35.296389 35.296389 35.296389 35.296389 6.787767e+02
736125 35.790925 35.790925 34.908515 34.927909 1.532096e+04
736126 35.344872 36.004255 35.238207 35.723047 4.945373e+03
736127 35.723047 35.723047 35.723047 35.723047 0.000000e+00
736130 35.693958 35.693958 34.016411 34.103678 1.987846e+04
736131 34.452764 34.452764 33.987317 34.016410 1.192708e+04
736132 33.997015 34.268525 33.997015 34.268525 6.787767e+02
736133 34.045500 35.189723 34.045500 34.947303 1.745426e+03
736134 34.947303 35.752136 34.908515 34.908515 2.230266e+03
736137 35.529109 35.529109 35.053969 35.092753 1.648458e+03
736138 34.491552 35.519415 34.491552 35.519415 2.909043e+02
736139 35.422444 35.422444 35.422444 35.422444 3.878724e+02
736140 35.422444 35.422444 35.422444 35.422444 0.000000e+00
736141 34.423675 34.908515 34.423675 34.908515 2.909043e+02
736144 34.530340 34.598217 34.530340 34.598217 7.757448e+02
736145 34.074588 34.452764 33.938834 34.132771 3.025405e+04
736146 34.132771 34.132771 33.599448 33.628536 5.139309e+03
736147 33.230967 33.609142 32.755822 33.221268 7.466543e+03
736151 33.919440 33.919440 32.668551 33.153391 6.593831e+03
736152 33.221268 33.221268 32.872187 33.066119 1.648458e+03
736153 33.880652 33.880652 32.649156 32.649156 5.818086e+02
736154 32.969153 32.988547 32.329164 32.988547 3.102979e+03
736155 33.376416 34.423674 33.260055 34.045499 6.012022e+03
736158 33.531569 34.733972 33.531569 34.666094 2.618139e+03
736159 34.850333 34.850333 34.850333 34.850333 2.909043e+02
736160 35.053969 35.053969 34.510946 34.510946 3.878724e+02
736161 35.180024 35.180024 33.735202 34.530340 7.757448e+02
736162 34.229738 34.229738 33.696414 33.696414 1.163617e+03
736165 33.677021 33.706109 33.667325 33.706109 1.551490e+03
736166 33.667324 34.452764 33.647931 34.452764 2.133298e+03
736167 33.744897 33.744897 33.744897 33.744897 1.939362e+02
736168 33.647930 33.657625 32.998242 33.153391 7.563511e+03
736169 32.891577 32.891577 32.212803 32.261286 1.279979e+04
736172 31.989777 31.999472 30.447982 30.447982 1.512702e+04
736173 31.165546 32.338859 30.069807 30.069807 5.818086e+03
736174 30.864945 30.894036 30.447982 30.564344 7.078671e+03
736175 30.215259 31.039486 30.215259 30.302530 2.133298e+03
736176 29.594663 31.058880 29.594663 31.058880 4.848405e+02
736179 29.594663 30.738888 29.594663 30.583739 1.842394e+03
736180 30.060110 31.029791 29.730419 30.797068 2.152692e+04
736181 31.543721 31.543721 30.224955 30.554647 8.533192e+03
736182 30.554647 30.826159 30.409196 30.622525 2.521171e+03
736183 30.845551 31.029791 30.835854 30.874642 9.696810e+02
736186 31.252817 31.252817 30.418893 30.506162 2.036330e+03
736187 30.554647 30.758279 30.544950 30.544950 1.454521e+04
736188 30.564345 30.564345 29.711025 30.399499 1.066649e+03
736189 29.681935 30.060110 29.681935 30.060110 9.696810e+02
736190 30.777674 31.359483 30.777674 31.359483 2.424202e+03
736193 32.047955 32.047955 31.563115 31.999472 7.757448e+02
736194 31.563114 32.193409 31.514631 31.514631 7.854416e+03
736195 31.592207 31.592207 31.514631 31.553419 1.648458e+03
736196 31.563114 31.689174 31.514631 31.514631 4.363564e+03
736197 31.534026 31.534026 30.273440 30.399499 2.521171e+03
736200 31.534025 31.534025 29.866173 29.866173 3.975692e+03
736201 30.632222 31.495238 30.176473 30.312227 3.490851e+03
736202 31.155850 31.553419 31.029790 31.553419 3.393883e+03
736203 32.319468 33.764291 32.290375 33.764291 2.521170e+03
736204 32.823698 32.969153 32.077048 32.077048 1.357553e+03
736207 33.386116 33.434600 32.484313 32.969153 1.551490e+03
736208 32.542494 33.308539 32.484312 32.678249 1.716335e+04
736209 32.523101 32.969153 32.523101 32.862487 2.424202e+03
736210 33.279450 33.279450 33.279450 33.279450 9.696809e+01
736211 32.484313 33.143696 32.484313 33.143696 1.163617e+03
736215 32.969153 33.066119 32.649156 32.969153 6.012022e+03
736216 32.969153 32.969153 32.969153 32.969153 0.000000e+00
736217 32.949759 33.260056 32.891576 33.153391 8.048352e+03
736218 33.434600 33.434600 32.144926 33.415205 1.745426e+03
736221 33.327934 33.327934 33.163090 33.163090 3.878724e+02
736222 33.318239 33.473386 33.250361 33.444298 1.454521e+03
736223 33.444298 33.444298 32.629766 32.629766 9.696810e+02
736224 32.620068 33.715808 32.620068 33.715808 2.036330e+03
736225 34.423675 34.423675 32.775216 32.775216 1.260585e+03
736228 32.222498 33.114607 32.222498 33.007941 3.878724e+02
736229 32.159241 32.159241 31.731485 32.081466 3.694229e+03
736230 31.352342 31.352342 31.352342 31.352342 1.944331e+02
736231 32.042579 32.275901 31.838425 31.838425 6.416293e+03
736232 31.148188 31.352342 31.148188 31.352342 3.888663e+02
736235 31.012084 31.012084 31.012084 31.012084 9.721656e+01
736236 30.467672 32.839755 30.467672 32.518942 3.694229e+03
736237 31.653714 32.275900 31.653714 32.275900 1.555465e+03
736238 33.141127 33.141127 31.935640 32.324508 1.779063e+04
736239 31.109301 31.634271 31.109301 31.634271 2.041548e+03
736242 31.012084 32.567549 31.012084 32.567549 5.832994e+02
736243 33.374448 33.636929 33.248066 33.442500 2.527631e+03
736244 33.277230 33.277230 33.277230 33.277230 1.944331e+02
736245 32.995300 33.286953 32.995300 33.286953 4.860828e+02
736246 33.539715 33.539715 32.684208 32.684208 4.860828e+02
736249 32.684208 32.684208 32.684208 32.684208 0.000000e+00
736250 32.684208 32.684208 32.684208 32.684208 0.000000e+00
736251 32.616157 32.616157 32.616157 32.616157 1.944331e+02
736252 34.025798 34.025798 34.025798 34.025798 2.916497e+02
736253 32.664764 32.664764 32.645325 32.664764 2.916497e+02
736256 33.520271 33.520271 33.520271 33.520271 4.860828e+02
736257 30.798208 32.966137 30.798208 32.966137 1.361032e+03
736258 31.663436 32.917530 31.313455 31.400950 9.721657e+02
736259 32.081466 34.298003 32.081466 32.684208 2.624847e+03
736260 32.684208 32.684208 32.684208 32.684208 0.000000e+00
736263 33.413333 35.211841 33.413333 35.211841 2.235981e+03
736264 35.202117 35.202117 33.685542 34.074405 1.944331e+03
736265 34.074405 34.074405 34.074405 34.074405 0.000000e+00
736266 32.878642 33.588322 32.752260 32.771703 1.847115e+03
736267 31.984251 32.052302 31.984251 32.052302 4.860828e+02
736270 32.518942 32.518942 32.518942 32.518942 9.721657e+01
736271 32.518941 33.199458 32.518941 33.199458 2.041548e+03
736272 32.207849 32.207849 32.207849 32.207849 5.832994e+02
736273 32.761983 32.761983 32.761983 32.761983 4.860828e+02
736274 32.761983 32.761983 32.761983 32.761983 0.000000e+00
736277 32.256456 33.024468 32.110630 33.024468 9.916090e+03
736278 32.091186 32.091186 32.081466 32.081466 4.860828e+02
736279 32.091186 32.091186 32.081466 32.091186 1.361032e+03
736280 32.149517 32.149517 31.585663 31.585663 3.597013e+03
736281 31.109300 31.109300 28.484452 29.164969 4.569178e+04
736284 29.651053 30.973199 29.553836 29.699660 1.536022e+04
736285 30.137135 30.137135 29.884372 29.884372 3.888663e+02
736286 29.767713 29.767713 29.767713 29.767713 9.721656e+01
736287 29.796877 30.535723 29.796877 30.234352 6.221860e+03
736288 31.031527 31.031527 30.137135 30.137135 1.166599e+03
736291 31.031527 31.031527 29.796877 29.796877 5.346911e+03
736292 29.806599 30.224630 29.806599 30.224630 6.221860e+03
736293 29.806598 29.826042 28.970535 28.970535 8.749491e+03
736295 28.785826 29.651052 28.785826 29.398289 2.430414e+04
736298 28.795547 29.164969 27.949762 27.949762 6.289912e+04
736299 28.484453 29.320516 28.484453 28.931650 4.831663e+04
736300 29.553836 29.553836 28.669165 29.485784 1.973496e+04
736301 28.902485 29.476063 28.902485 29.378845 1.458248e+03
736302 28.124752 28.124752 28.124752 28.124752 4.860828e+02
736305 28.873321 29.359404 28.873321 29.019145 2.527631e+03
736306 28.746938 29.233021 28.746938 28.912206 7.777325e+02
736307 29.651052 29.651052 28.873320 28.873320 6.319077e+03
736308 29.087196 29.233021 29.087196 29.233021 2.916497e+02
736309 28.960815 29.019144 28.455287 28.863598 2.527631e+03
736312 28.173360 28.465011 28.124752 28.124752 1.749898e+03
736313 28.435845 28.678886 28.435845 28.435845 2.138764e+03
736314 28.785826 28.785826 28.746938 28.746938 6.805159e+02
736315 29.164970 30.399620 28.134475 30.399620 7.680109e+03
736316 30.428784 30.428784 29.067753 29.213577 4.471962e+03
736319 28.678887 29.894094 28.678887 29.894094 1.069382e+03
736320 28.844155 29.864928 28.192804 28.192804 9.721657e+02
736321 28.304932 29.718715 28.275680 28.977696 7.410178e+03
736322 28.704691 28.743691 28.665689 28.743691 4.875117e+02
736326 29.006948 29.006948 29.006948 29.006948 1.950047e+02
736327 28.967946 29.211702 28.772942 28.772942 1.462535e+04
736328 29.055698 29.250704 28.889944 28.889944 8.775211e+02
736329 29.055698 29.796716 29.055698 29.796716 7.800188e+02
736333 29.055698 29.055698 28.421934 28.519436 1.491786e+04
736334 28.460936 28.597438 28.460936 28.597438 5.850141e+02
736335 28.763192 28.763192 28.275680 28.275680 5.850141e+02
736336 27.515160 28.880195 27.515160 28.880195 2.827568e+03
736337 28.451184 28.451184 28.090424 28.285430 2.827568e+03
736340 28.460935 28.616938 28.168426 28.509685 2.340056e+03
736341 28.860695 28.860695 28.607189 28.782693 1.072526e+03
736342 29.562712 30.323230 29.133700 30.323230 2.076800e+04
736343 29.533462 29.835718 29.231203 29.835718 9.750235e+02
736344 29.016697 29.016697 28.587687 28.997197 8.677709e+03
736348 29.543209 29.543209 29.240953 29.240953 8.775211e+02
736349 29.114201 29.806467 28.236678 29.806467 2.827568e+03
736350 29.650463 29.650463 28.470686 28.529186 2.047549e+03
736351 29.328705 30.342730 29.318955 29.962470 4.192601e+03
736354 29.981971 30.420733 29.981971 30.225727 2.632563e+03
736355 30.420733 32.058772 30.410983 31.785763 9.652732e+03
736356 30.927743 30.927743 30.596235 30.674237 6.045145e+03
736357 30.761989 31.191000 30.761989 31.005745 2.925070e+02
736358 31.210498 31.717512 30.820492 30.820492 4.485108e+03
736361 31.239752 31.932018 30.995996 31.395756 3.607587e+03
736362 31.200749 31.239751 30.995995 31.142249 1.462535e+03
736363 31.249501 31.249501 31.249501 31.249501 1.950047e+02
736364 32.127024 32.127024 31.717512 31.717512 2.925070e+02
736365 31.522510 31.522510 30.771739 31.376255 6.825164e+02
736368 31.220250 31.620010 31.200750 31.200750 2.145052e+03
736369 30.810741 30.810741 30.713239 30.722989 6.825164e+02
736370 30.713239 30.713239 28.763192 28.850944 8.872713e+03
736371 29.611462 31.347005 29.611462 31.347005 4.290103e+03
736372 29.640713 31.649260 29.640713 31.649260 3.997596e+03
736376 32.166025 32.166025 31.893016 31.893016 4.875117e+02
736377 31.317752 32.175774 31.317752 32.175774 2.047549e+03
736378 32.614535 32.614535 32.088021 32.205023 4.192601e+04
736379 31.620011 32.078274 31.444506 31.883268 9.945239e+03
736382 31.912517 32.770539 31.902768 32.770539 4.875117e+02
736383 31.464007 31.464007 31.464007 31.464007 2.925070e+02
736384 31.269002 32.312276 31.269002 32.214776 1.560038e+03
736385 32.439031 32.439031 32.439031 32.439031 1.950047e+02
736386 32.663286 32.682786 32.643785 32.682786 1.462535e+03
736389 32.682786 32.682786 32.682786 32.682786 0.000000e+00
736390 32.897293 32.897293 32.897293 32.897293 1.950047e+02
736391 32.994794 32.994794 32.760786 32.809541 5.850141e+02
736392 33.180047 33.180047 33.180047 33.180047 2.925070e+02
736393 32.946043 33.189799 31.893016 32.058772 3.022573e+03
736396 32.604784 32.604784 32.292776 32.292776 3.900094e+02
736397 32.185522 32.185522 31.990521 32.175774 8.775211e+02
736398 33.043544 33.043544 33.043544 33.043544 9.750235e+01
736399 32.634036 32.643785 32.175774 32.175774 2.925070e+02
736400 32.175774 32.175774 32.175774 32.175774 3.900094e+02
736403 32.175774 32.175774 32.175774 32.175774 0.000000e+00
736404 32.175774 32.175774 32.175774 32.175774 0.000000e+00
736405 32.175774 32.175774 32.175774 32.175774 0.000000e+00
736406 32.175774 32.175774 32.175774 32.175774 0.000000e+00
736407 33.053296 33.063045 32.458531 32.458531 3.997596e+03
736410 33.023589 33.023589 32.544563 32.554337 2.297378e+04
736411 33.033365 33.698138 32.974708 33.140903 1.720590e+04
736412 32.749859 32.749859 32.525009 32.534784 2.052976e+03
736413 32.534784 32.534784 32.534784 32.534784 0.000000e+00
736417 32.534784 32.534784 32.534784 32.534784 0.000000e+00
736418 32.534784 32.534784 32.534784 32.534784 0.000000e+00
736419 32.534784 32.749859 32.534784 32.749859 2.932823e+02
736420 32.094864 34.196719 32.094864 33.825226 1.544620e+04
736421 33.707915 33.707915 33.453738 33.619929 2.541780e+03
736424 34.216270 34.216270 32.935603 32.984486 4.790278e+03
736425 33.043140 33.140904 32.495683 33.131125 3.812670e+03
736426 32.417472 32.417472 32.300160 32.300160 6.843254e+02
736427 32.495683 32.945381 32.290382 32.397919 1.759694e+03
736428 32.740085 32.749859 32.593442 32.749859 1.701037e+04
736431 32.847618 33.228889 32.847618 32.847618 1.319770e+04
736432 32.828070 32.837844 32.828070 32.837844 2.932823e+02
736433 33.238663 33.238663 32.749859 33.131125 2.835062e+03
736434 33.238663 34.020748 33.238663 33.971869 4.888039e+03
736435 33.952316 33.952316 33.228889 33.893658 3.910431e+03
736438 33.326647 34.216270 32.759633 34.216270 1.730366e+04
736439 33.815451 33.825225 33.228888 33.228888 1.935663e+04
736440 33.531944 33.727467 33.522170 33.727467 1.202458e+04
736441 33.531944 33.815451 33.043140 33.043140 9.776077e+03
736442 33.062694 33.062694 32.671649 32.847618 1.046040e+04
736445 33.483065 33.483065 32.740085 33.238663 2.590660e+04
736446 32.916050 33.092019 32.349039 32.916050 5.376842e+03
736447 32.818291 33.043140 32.339265 33.043140 1.593501e+04
736448 33.238662 33.434185 32.495683 33.434185 5.572364e+03
736449 33.238663 33.238663 32.994261 33.004035 1.564172e+03
736452 33.043140 33.531944 33.043140 33.531944 3.128345e+03
736453 33.043141 33.043141 32.671649 32.847618 9.776077e+02
736454 33.561275 33.561275 33.238663 33.287542 1.368651e+03
736455 34.040301 34.216270 33.629708 33.922989 7.625340e+03
736456 34.235823 34.235823 33.893658 33.893658 3.910431e+02
736459 33.883884 33.883884 33.346201 33.610155 4.496996e+03
736460 34.206497 34.206497 32.681427 32.681427 9.776077e+02
736461 33.414632 33.512392 33.365753 33.512392 1.466412e+03
736462 33.785659 33.785659 33.417993 33.417993 6.955871e+02
736463 33.348434 34.222884 33.298746 34.222884 2.682979e+03
736466 33.904902 33.904902 31.748584 32.175873 1.053318e+04
736467 31.798268 32.593224 31.798268 32.503791 1.192435e+03
736468 31.838016 31.838016 31.838016 31.838016 9.936958e+01
736469 31.708834 32.772089 31.688959 32.493855 7.750828e+03
736470 32.861522 32.861522 32.493855 32.533604 2.981088e+02
736473 33.199378 33.199378 32.772089 32.941019 3.477935e+03
736474 33.328560 33.885027 32.066565 33.537235 1.888022e+03
736475 32.841647 33.557109 32.821773 33.447802 1.093065e+03
736476 32.314989 33.527300 32.314989 32.642907 3.875414e+03
736477 33.199378 33.388179 32.782028 32.791963 2.583609e+03
736481 32.811837 32.811837 32.344799 32.752214 1.291805e+03
736482 31.957259 32.593223 31.957259 32.593223 8.943263e+02
736483 33.338495 33.785659 32.791963 33.785659 1.589913e+03
736484 32.871461 32.891331 32.295115 32.295115 1.391174e+03
736487 32.434232 32.831712 31.261670 32.791963 2.792285e+04
736488 33.288811 33.288811 32.990703 32.990703 9.440111e+03
736489 33.020514 33.020514 32.464042 32.464042 1.391174e+03
736490 32.941019 33.487551 32.941019 33.487551 5.962175e+02
736491 32.791963 32.881396 32.791963 32.881396 1.291805e+03
736494 32.791963 32.801898 32.593223 32.603162 2.285500e+03
736495 32.006942 32.006942 31.390852 31.390852 3.776044e+03
736496 32.275241 32.275241 31.430599 31.430599 2.981088e+02
736497 31.728709 31.728709 31.728709 31.728709 1.987392e+02
736498 31.549843 31.549843 31.549843 31.549843 4.968479e+02
736501 31.321294 31.321294 31.321294 31.321294 4.968479e+02
736502 32.026818 32.712466 32.026818 32.712466 4.272892e+03
736503 33.179504 33.179504 32.623037 32.623037 3.875414e+03
736504 32.891331 32.891331 32.603162 32.613098 1.291805e+03
736505 31.718771 31.718771 31.003311 31.043058 2.384870e+03
736508 31.410727 31.549844 30.923816 31.261671 2.981088e+03
736509 31.778393 32.295115 30.576021 31.400789 3.905225e+04
736510 32.255366 32.255366 31.112616 31.122554 3.776044e+03
736511 31.708835 31.808202 31.529969 31.589592 3.279196e+03
736512 31.430599 32.155999 31.430599 31.599527 2.583609e+03
736516 31.321294 31.430599 31.013247 31.211987 6.459023e+03
736517 30.993375 32.086440 30.993375 31.688960 1.689283e+03
736518 31.659151 32.404423 31.609464 31.877765 3.279196e+03
736519 32.623037 32.623037 32.046691 32.543539 1.490544e+03
736522 32.046691 33.328560 32.046691 33.328560 8.446415e+03
736523 33.388178 33.586919 32.195747 32.285180 8.645154e+03
736524 32.295116 32.295116 32.255367 32.255367 3.974783e+02
736525 32.295116 32.295116 32.225557 32.225557 4.968479e+02
736526 32.295115 32.295115 32.026817 32.026817 3.974783e+02
736529 32.454106 32.454106 32.434231 32.444171 8.943263e+02
736530 33.020513 33.020513 32.285180 32.285180 3.577305e+03
736531 32.434231 32.434231 31.997007 32.285180 2.086761e+03
736532 31.679023 32.454107 31.679023 32.394483 8.943263e+03
736533 32.980765 33.298746 32.901271 33.119885 1.888022e+03
736536 32.344799 33.229188 32.344799 33.229188 1.271931e+04
736537 33.229188 33.229188 33.229188 33.229188 0.000000e+00
736538 32.911206 32.911206 32.821773 32.891331 2.782348e+03
736539 32.593223 35.266268 32.593223 34.530931 1.560102e+04
736540 34.163265 34.163265 34.163265 34.163265 2.981088e+02
736543 33.855218 34.530931 33.855218 34.530931 3.974783e+02
736544 33.219252 33.914840 32.911205 33.437867 1.689283e+03
736545 33.109946 33.427928 33.109946 33.427928 3.110268e+04
736546 33.557109 33.557109 33.000639 33.378244 7.949567e+02
736547 33.060261 33.388179 33.060261 33.388179 8.943263e+02
736550 33.378244 33.885027 33.368309 33.885027 1.192435e+03
736551 33.586919 33.586919 33.586919 33.586919 1.987392e+02
736552 34.053958 34.053958 33.745911 33.954586 3.974783e+02
736553 33.855218 34.212949 33.855218 34.212949 8.943263e+02
736554 34.242758 34.242758 33.944650 33.944650 7.949567e+02
736557 33.944650 33.944650 33.944650 33.944650 0.000000e+00
736558 33.904901 33.984399 33.904901 33.984399 3.477935e+03
736559 34.580615 34.650174 34.153326 34.212949 1.291805e+03
736560 34.034083 34.034083 33.785659 33.805533 1.709157e+04
736561 33.805533 33.805533 33.805533 33.805533 0.000000e+00
736564 33.616733 33.616733 33.616733 33.616733 2.782348e+03
736565 34.272572 34.282507 34.272572 34.282507 3.477935e+03
736566 34.282507 34.779355 33.914841 34.371940 1.550166e+04
736567 33.795594 34.421623 33.795594 34.272572 3.477935e+03
736568 34.282507 35.932042 33.954585 34.053957 9.310930e+04
736571 34.610429 34.610429 33.785659 34.034083 6.061545e+03
736572 34.530931 34.530931 33.000638 33.298746 3.448125e+04
736573 33.288810 33.288810 32.901270 32.901270 2.961214e+04
736574 33.576984 33.576984 33.040387 33.139755 6.399401e+04
736575 33.288811 33.775724 32.990703 33.507425 6.359653e+03
736579 33.606794 34.133451 33.527300 34.133451 3.577305e+03
736580 33.845282 34.183140 33.457738 34.093706 3.378566e+03
736581 34.232824 34.232824 34.083767 34.163265 1.599850e+04
736582 34.034083 34.252697 33.934716 34.063893 1.371300e+04
736585 33.855218 34.153326 33.825408 33.825408 3.875414e+03
736586 33.944650 34.163264 33.527300 33.785659 5.167218e+03
736587 33.865156 34.282506 33.507424 34.103641 1.848274e+04
736588 34.222884 34.282507 34.103642 34.282507 2.285500e+03
736589 33.726036 33.815469 33.537235 33.586919 7.452719e+03
736592 34.232824 34.232824 33.586919 33.656478 1.888022e+03
736593 33.656477 34.272572 33.656477 34.242758 4.968479e+03
736594 34.153326 35.027779 34.153326 35.027779 1.023507e+04
736595 35.310823 35.400520 35.151361 35.390552 7.973090e+03
736596 34.892234 35.400521 34.892234 35.400521 3.388563e+03
736599 35.370623 35.400520 34.872305 34.872305 8.471408e+03
736600 34.872305 35.330756 34.872305 34.912167 4.484863e+03
736601 34.722809 35.171296 34.433783 34.732773 5.282172e+03
736602 35.330757 35.400521 34.264356 34.772639 1.783979e+04
736603 34.912168 35.300855 34.742741 34.812505 6.478136e+03
736606 34.682941 36.327393 34.443750 35.290890 1.262738e+05
736607 34.971968 35.948671 34.971968 35.809142 3.129438e+04
736608 36.138030 36.138030 35.231091 35.231091 1.604584e+04
736609 35.260992 35.928737 35.081598 35.280926 2.999875e+04
736610 35.649679 35.669613 34.832439 35.141393 1.465055e+04
736613 36.038367 36.327393 35.579916 36.327393 3.189236e+03
736614 35.799173 35.878905 34.633110 35.510151 4.494830e+04
736615 35.400521 35.400521 34.722809 34.981932 1.744114e+04
736616 34.523479 35.310823 34.383951 35.071629 1.534820e+04
736617 35.101530 35.101530 34.134792 34.134792 2.910178e+04
736620 34.084962 34.284290 33.646439 34.144757 9.866699e+03
736621 34.633111 34.633111 33.716208 33.726172 9.268717e+03
736622 34.055060 34.543414 33.915532 34.025162 2.092936e+03
736623 34.284290 34.553378 33.885634 34.503547 3.388563e+03
736624 34.702874 34.732771 34.453715 34.583279 3.189236e+03
736627 34.981932 35.001866 34.603213 34.603213 5.581163e+03
736628 34.364019 35.470285 34.364019 35.330757 1.833811e+04
736629 35.330757 36.038368 35.280926 35.280926 3.089572e+03
736630 36.207797 36.207797 35.041731 35.041731 1.704248e+04
736631 35.201193 35.380587 34.274320 34.543413 8.670736e+03
736634 34.623145 35.450352 34.623145 35.161326 4.285536e+03
736635 35.260992 35.260992 34.413849 34.543413 2.192600e+03
736636 34.513516 34.772639 33.656407 34.443751 2.790582e+03
736637 34.533450 34.653044 33.656408 34.653044 1.056434e+04
736638 34.244423 34.383952 33.696274 34.314187 7.773763e+03
736641 34.324152 35.211161 33.646439 34.373987 3.089572e+03
736642 33.875669 34.782608 33.656407 33.985295 7.574436e+03
736643 33.835802 34.035131 33.596608 33.746105 8.471408e+03
736644 33.756070 34.194592 33.586644 34.194592 8.471408e+03
736645 33.885633 34.663008 33.885633 34.663008 1.096300e+03
736648 33.925500 33.925500 33.546777 33.576675 1.096300e+03
736649 33.965365 33.965365 33.287653 33.457079 4.385200e+03
736650 32.859099 34.354054 32.859099 34.055060 7.175781e+03
736651 33.885633 33.885633 33.875669 33.885633 1.096300e+03
736652 34.373988 34.383952 33.397280 33.477013 4.883518e+03
736655 34.055059 34.055059 33.596607 33.616541 2.092936e+03
736656 33.287654 33.287654 32.510274 32.609940 7.175781e+03
736657 33.496946 33.496946 32.639838 32.809264 1.893609e+03
736659 33.367382 33.367382 32.958761 32.958761 9.966363e+02
736662 32.908930 32.908930 32.111622 32.241182 9.468045e+03
736663 32.888997 32.888997 31.224614 31.982058 1.345459e+04
736664 31.782730 31.922259 31.483740 31.922259 9.966363e+02
736665 32.081721 32.221253 32.071756 32.111622 1.893609e+03
736666 31.224615 32.550141 31.224615 32.191351 1.305594e+04
736669 32.380714 33.088325 32.201319 32.669736 1.793945e+03
736670 32.918894 32.928863 32.530206 32.879032 3.089572e+03
736671 33.307583 33.307583 32.251151 32.490341 6.976454e+03
736672 32.340848 33.207921 32.340848 33.138156 1.395291e+03
736673 34.094926 34.114860 32.739500 32.888997 1.893609e+03
736676 32.888997 33.257751 32.739499 33.138156 7.674099e+03
736677 33.666372 33.666372 32.888997 33.118223 7.973090e+03
736678 32.898961 32.908930 32.699637 32.779366 6.378472e+03
736679 32.540176 32.540176 32.131556 32.390679 2.082970e+04
736680 32.370747 32.390679 31.902325 32.191351 1.106266e+04
736683 31.892360 31.942191 31.673101 31.673101 1.245795e+04
736684 31.693032 31.702998 31.364142 31.423942 4.783854e+03
736685 32.231217 32.231217 31.463807 31.702999 2.790582e+03
736686 31.219999 32.080002 31.219999 31.549999 1.400000e+03
736687 31.570000 32.000000 31.549999 32.000000 1.100000e+03
736691 32.240002 32.240002 30.610001 31.080000 1.990000e+04
736692 31.240000 32.070000 31.240000 31.809999 4.000000e+03
736693 31.730000 32.029999 31.730000 32.029999 1.800000e+03
736694 32.099998 33.450001 32.000000 32.970001 8.900000e+03
736698 33.000000 33.259998 32.250000 32.599998 1.590000e+04
736699 32.380001 33.189999 32.299999 33.189999 2.800000e+03
736700 33.000000 34.230000 33.000000 34.169998 8.100000e+03
736701 34.200001 34.279999 34.099998 34.230000 1.200000e+03
736704 34.790001 35.250000 33.700001 34.169998 5.700000e+03
736705 34.119999 34.330002 34.070000 34.099998 1.100000e+03
736706 34.040001 34.360001 33.049999 34.360001 6.000000e+02
736707 34.349998 34.669998 34.180000 34.650002 3.900000e+03
736708 34.650002 34.730000 34.439999 34.730000 1.400000e+03
736712 34.820000 34.830002 33.439999 33.759998 7.100000e+03
736713 34.000000 34.430000 33.610001 34.430000 6.000000e+02
736714 33.450001 34.360001 33.450001 34.360001 4.000000e+03
736715 34.540001 35.439999 33.770000 35.439999 5.600000e+03
736718 35.250000 35.250000 34.310001 34.700001 3.800000e+03
736719 33.810001 34.570000 33.810001 34.480000 9.500000e+03
736720 34.189999 34.200001 33.660000 33.910000 3.800000e+03
736721 33.709999 33.709999 33.110001 33.110001 8.600000e+03
736722 33.939999 33.939999 32.880001 33.099998 1.300000e+03
736725 33.349998 33.349998 32.500000 32.610001 2.300000e+03
736726 33.529999 33.529999 32.660000 32.730000 1.800000e+03
736727 33.310001 33.400002 32.400002 32.400002 3.100000e+03
736728 32.410000 32.410000 32.169998 32.180000 1.900000e+03
736729 32.200001 32.750000 32.180000 32.660000 8.900000e+03
736732 33.480000 33.480000 32.959999 33.139999 7.700000e+03
736733 33.040001 33.400002 32.580002 32.580002 1.200000e+03
736734 32.430000 33.000000 32.400002 32.720001 2.900000e+03
736735 33.349998 33.349998 33.340000 33.340000 4.000000e+02
736736 33.340000 33.340000 33.340000 33.340000 0.000000e+00
736739 33.400002 33.400002 33.049999 33.049999 8.000000e+02
736740 33.250000 33.639999 33.250000 33.400002 6.300000e+03
736741 32.939999 33.470001 32.939999 33.470001 1.700000e+03
736742 33.410000 33.549999 33.029999 33.029999 2.800000e+03
736743 33.110001 33.110001 32.650002 32.869999 3.700000e+03
736747 32.900002 33.369999 32.900002 33.369999 2.100000e+03
736748 33.369999 33.369999 33.369999 33.369999 0.000000e+00
736749 33.349998 34.490002 33.349998 33.619999 1.300000e+04
736750 33.570000 33.570000 33.540001 33.540001 6.000000e+02
736753 33.299999 33.759998 33.299999 33.759998 5.000000e+02
736754 33.930000 33.930000 33.799999 33.799999 8.000000e+02
736755 34.080002 34.080002 33.770000 33.770000 1.500000e+03
736756 34.009998 34.009998 33.610001 33.630001 1.960000e+04
736757 33.849998 33.849998 33.070000 33.639999 2.200000e+03
736760 33.369999 33.369999 33.369999 33.369999 5.000000e+03
736761 32.750000 33.439999 32.750000 33.200001 3.100000e+03
736762 32.820000 33.200001 32.820000 32.900002 2.200000e+03
736763 33.689999 33.689999 32.889999 32.889999 1.600000e+03
736764 32.840000 33.119999 32.840000 33.119999 5.000000e+02
