736034 116.948374 117.094003 116.297908 116.385280 1.698014e+05
736035 116.919249 118.627944 116.919249 118.569688 8.242501e+04
736036 118.472605 118.501730 117.161961 117.705634 8.543464e+04
736039 118.239604 119.103658 118.045430 119.016278 1.509669e+05
736040 118.492025 118.860945 118.259017 118.589109 7.611450e+04
736041 118.239604 119.948299 117.647386 119.540537 6.825063e+04
736042 119.375494 119.831794 119.123072 119.550247 6.194012e+04
736043 120.288094 120.938560 120.123051 120.734683 6.388181e+04
736046 120.657014 121.297776 120.453136 120.666724 9.087139e+04
736047 120.559930 120.773518 120.064795 120.064795 7.271653e+04
736048 120.200714 120.200714 118.152223 118.210479 8.679383e+04
736049 117.608551 117.948347 117.006623 117.453219 1.059195e+05
736050 117.307591 118.220183 117.307591 118.093975 5.708587e+04
736053 119.249286 119.559958 118.822110 119.326956 1.286374e+05
736054 118.890070 121.356026 118.851235 118.909491 1.628112e+05
736055 118.763862 118.763862 117.637675 118.210479 9.640523e+04
736056 118.307562 119.491998 118.307562 119.404618 1.480544e+05
736060 118.831822 120.336631 118.627943 119.948298 6.485266e+04
736061 119.996836 120.045383 119.210452 119.249287 9.203641e+04
736062 119.346369 120.365763 119.307535 120.365763 7.727952e+04
736063 120.598765 120.822056 119.744413 120.365763 1.048516e+05
736064 120.754097 120.890016 120.433723 120.792932 8.718217e+04
736067 120.860891 120.967684 120.064795 120.064795 6.863897e+04
736068 120.064796 120.268673 119.346370 119.851208 8.456088e+04
736069 120.200714 120.598764 119.987125 120.006547 8.252210e+04
736070 119.987125 120.394888 119.987125 120.200714 9.990028e+04
736071 119.831794 120.171590 118.084264 118.482316 9.611397e+04
736074 119.268700 119.754124 118.996865 119.608496 8.300752e+04
736075 120.025961 120.142465 119.511412 119.754124 4.601820e+04
736076 120.064795 120.064795 119.229866 119.919167 3.844559e+04
736077 119.919168 121.132728 119.870629 120.550220 8.009498e+04
736078 121.375439 122.016202 121.288065 121.860863 6.727978e+04
736081 122.200666 122.326873 120.802642 120.870601 1.204823e+05
736082 120.860891 120.860891 119.734711 120.521095 1.049487e+05
736083 120.142465 120.346342 119.191031 119.676455 8.504630e+04
736084 119.482288 119.763835 117.890097 118.326976 6.388181e+04
736085 118.802698 119.860918 118.559986 119.831794 4.863950e+04
736088 120.288095 120.763807 119.958002 120.113341 2.474692e+05
736089 120.084216 120.113340 118.783275 118.841532 6.601768e+04
736090 119.181327 119.181327 117.860973 118.356108 8.213376e+04
736091 118.336686 119.258989 118.181355 119.074534 9.494895e+04
736092 120.074506 120.676435 120.064796 120.093920 7.514365e+04
736095 120.132755 120.579344 119.637628 119.666752 1.487339e+05
736096 119.210452 119.754124 118.433770 119.394915 1.178610e+05
736097 119.676455 119.676455 118.734738 118.783276 4.096979e+04
736098 119.414329 119.414329 118.657069 119.268700 5.650337e+04
736099 119.511412 120.103630 119.346369 120.103630 5.329957e+04
736102 120.229838 120.909436 120.152176 120.744394 6.553225e+04
736103 120.967683 121.210395 120.598764 120.783228 5.718296e+04
736104 120.822056 121.229818 120.307507 120.822056 5.174621e+04
736105 120.831766 121.462819 120.618178 121.220107 5.155204e+04
736106 121.220107 121.501654 120.919146 121.074478 5.096953e+04
736110 120.996809 121.297776 119.899753 120.181300 6.194012e+04
736111 120.433723 121.132728 120.181301 121.055065 5.271706e+04
736112 120.948272 120.996809 120.569641 120.851188 3.019338e+04
736113 120.715262 120.948272 119.899754 120.025961 3.834850e+04
736116 120.424012 120.783229 119.831794 120.356053 8.242501e+04
736117 120.035672 121.064769 120.016258 120.569641 4.514444e+04
736118 120.996808 121.656986 120.637599 121.501654 6.019259e+04
736119 121.190983 121.530777 120.589054 120.695848 7.126026e+04
736120 120.404591 120.812352 120.171589 120.627889 5.242580e+04
736123 120.608475 120.608475 119.744414 119.792959 7.300778e+04
736124 119.744413 119.899753 118.880359 119.559958 7.611450e+04
736125 120.074506 121.006519 120.025960 120.705559 1.289286e+05
736126 121.055064 121.482232 121.006519 121.074478 7.902704e+04
736127 120.618179 120.948271 120.472550 120.744394 6.679436e+04
736130 120.142465 120.307507 119.511412 120.200714 7.242528e+04
736131 120.123052 120.802643 119.948299 120.724973 5.698879e+04
736132 121.103603 121.550192 120.550219 121.288066 1.134922e+05
736133 121.569613 123.016175 121.569613 122.666669 1.481514e+05
736134 122.656958 122.948215 122.385122 122.385122 7.941538e+04
736137 123.113259 123.317136 122.880257 122.909381 7.038649e+04
736138 123.200639 123.530723 123.093844 123.453061 1.059195e+05
736139 123.365681 123.511309 122.482213 122.521040 1.104825e+05
736140 122.773463 123.045299 122.365708 122.482213 1.003857e+05
736141 122.724925 123.220052 122.521040 122.928802 7.844453e+04
736144 120.064796 122.326874 119.996836 120.132755 1.247540e+05
736145 121.093900 121.132728 120.084216 120.598765 1.255307e+05
736146 121.656986 121.880284 121.297776 121.880284 1.165018e+05
736147 122.152121 122.462791 121.268653 121.627862 1.764031e+05
736151 120.657013 122.093872 120.579344 121.394860 1.628112e+05
736152 121.666697 122.220080 119.860919 122.220080 2.439742e+05
736153 121.346314 121.540488 119.754123 119.928877 1.199968e+05
736154 121.123024 121.579324 120.268673 120.394888 7.164860e+04
736155 121.598737 122.355998 121.356025 122.122996 1.100942e+05
736158 123.132679 123.957898 123.132679 123.831691 9.990028e+04
736159 123.987023 124.190900 123.763732 124.045272 8.485213e+04
736160 124.064693 124.064693 123.550144 123.744311 8.310461e+04
736161 124.550110 124.550110 124.016148 124.501579 3.559130e+05
736162 124.695745 124.715167 123.792857 124.220025 1.968880e+05
736165 124.491861 124.520986 124.016148 124.268570 8.320169e+04
736166 124.297695 124.297695 123.453061 123.783146 1.239773e+05
736167 123.666641 124.404487 123.666641 124.278273 5.601794e+04
736168 124.763697 124.783118 123.268597 123.414226 1.055312e+05
736169 124.666622 125.559800 122.948216 123.152093 1.792186e+05
736172 122.676380 123.045299 121.822035 122.093872 9.329851e+04
736173 122.802588 123.336557 121.841450 123.152093 7.155151e+04
736174 123.365682 124.472455 123.355971 124.355943 1.310548e+06
736175 123.996733 125.016126 123.715186 124.909333 7.349321e+04
736176 125.385039 125.812214 124.889911 125.346212 1.261132e+05
736179 125.608346 125.676297 124.200611 124.851085 1.720343e+05
736180 124.851084 125.608345 124.841366 125.268542 6.844480e+04
736181 125.870464 125.870464 124.181197 124.394785 8.310461e+04
736182 124.394784 124.394784 121.297776 122.588999 2.362074e+05
736183 122.608420 122.744337 121.637571 122.433667 3.763978e+05
736186 123.385094 123.821981 123.220052 123.482185 1.089292e+05
736187 122.598710 122.899670 121.744366 122.258914 8.349295e+04
736188 121.433695 121.928822 119.792959 121.647283 1.703839e+05
736189 121.647283 123.093845 121.647283 122.394833 4.902783e+04
736190 122.385122 122.686090 122.084161 122.598710 5.679462e+04
736193 122.501626 123.851105 122.132707 123.851105 6.504683e+04
736194 123.938486 124.268570 123.559848 123.821981 9.485187e+04
736195 123.666642 124.210322 122.802588 123.385095 1.780536e+05
736196 122.443378 122.443378 119.870629 119.977423 1.880533e+05
736197 118.783276 119.035700 116.152278 116.307618 3.267875e+05
736200 115.152307 115.492102 97.084821 111.628130 5.551310e+05
736201 112.734896 116.229948 111.336872 111.336872 1.202298e+06
736202 112.463052 115.278513 111.560171 115.210554 1.931988e+05
736203 116.356155 118.249314 115.734813 117.928932 3.095064e+05
736204 117.725055 118.686193 117.394963 118.064851 1.210648e+05
736207 117.492047 118.220183 116.899836 117.356128 1.415497e+05
736208 116.161989 116.161989 113.812537 114.307665 4.540657e+05
736209 115.443563 117.055167 114.802799 116.569743 1.215502e+05
736210 116.831869 118.084264 116.492074 117.103713 8.174542e+04
736211 115.938690 116.220237 114.977552 115.598895 1.093175e+05
736215 117.666799 118.394935 117.074581 118.307563 1.129096e+05
736216 119.472577 119.491998 116.783331 117.006622 7.892996e+04
736217 116.783331 117.841552 116.560033 117.103713 9.757024e+04
736218 116.695951 117.909511 116.521198 117.909511 6.291096e+04
736221 117.880387 117.958057 116.987208 117.317293 4.660071e+04
736222 117.657096 118.686193 116.967794 118.511440 5.261997e+04
736223 118.783276 119.967712 118.453191 119.860918 5.174621e+04
736224 119.928877 121.919119 119.870628 120.210424 8.436671e+04
736225 118.958029 119.841504 118.103686 118.326976 1.005799e+05
736228 118.763863 119.841505 118.385232 119.123072 5.951300e+04
736229 117.841553 117.909512 116.802746 117.647386 8.407545e+04
736230 117.879675 117.879675 116.879950 117.272002 5.429895e+04
736231 116.556507 116.987765 115.350956 116.840744 1.276123e+05
736232 118.222725 118.232521 116.252672 116.732930 8.291861e+04
736235 115.988032 116.223268 112.900643 113.194677 1.596624e+05
736236 113.518120 113.841563 112.047932 112.753623 1.347672e+05
736237 114.086595 115.586185 114.027782 115.497970 7.713587e+04
736238 115.723402 116.135053 114.449236 116.135053 3.117779e+05
736239 114.880494 117.752261 114.331627 117.742458 1.183991e+05
736242 118.604973 119.781120 118.585366 119.614501 8.634904e+04
736243 119.614502 120.065358 118.281530 118.781396 6.733461e+04
736244 119.163644 119.516489 118.134510 119.310664 1.864198e+05
736245 119.134242 120.918070 118.879407 120.682834 1.474109e+05
736246 120.771049 120.898462 120.153565 120.731843 9.762049e+04
736249 120.996474 121.604154 120.839658 121.163101 1.463327e+05
736250 120.741647 121.702166 120.457410 120.565224 9.288648e+05
736251 120.614225 120.947472 119.075429 119.320460 4.956494e+05
736252 119.761520 120.888659 119.055829 120.829854 2.164117e+05
736253 120.869061 121.506143 120.790649 121.496340 1.035993e+05
736256 121.251309 122.064815 121.094493 121.996206 8.576097e+04
736257 121.947196 122.447062 121.437535 121.790380 9.526819e+04
736258 121.829586 122.319649 120.751443 120.810255 1.088919e+05
736259 121.653164 122.486269 121.359123 122.270640 1.969072e+05
736260 123.907447 123.907447 121.976599 122.672495 2.629676e+05
736263 122.750899 123.721228 122.672495 123.535002 1.159488e+05
736264 123.299774 123.299774 122.162825 122.672495 1.104601e+05
736265 123.054743 124.142683 122.447062 124.142683 9.281787e+04
736266 123.927053 124.475921 123.407589 124.270096 1.719140e+05
736267 124.495521 125.191416 124.074066 124.466118 1.388838e+05
736270 125.554066 125.554066 124.270097 125.171810 2.966839e+05
736271 125.201213 126.063720 125.113006 125.740277 1.616227e+05
736272 126.132336 126.132336 124.348509 124.897376 1.096760e+05
736273 125.162006 125.593263 124.358303 125.318830 1.127144e+05
736274 125.044396 125.446243 124.475921 125.279624 1.304547e+05
736277 125.181613 125.181613 122.672495 123.564405 2.094528e+05
736278 123.407588 124.554333 123.309570 124.505324 9.468011e+04
736279 124.769962 124.769962 123.574208 123.887848 1.099701e+05
736280 123.201756 123.721229 122.554877 122.613682 1.116951e+06
736281 121.917793 121.917793 119.291057 119.369469 1.950449e+05
736284 118.928408 120.692637 118.663778 120.692637 1.414321e+05
736285 121.310114 121.770774 120.378997 120.673038 1.399619e+05
736286 121.192504 122.858713 120.859257 122.701897 1.244759e+05
736287 122.780302 123.221362 122.643084 122.672495 2.762973e+05
736288 123.642817 124.230890 123.515396 124.230890 7.056903e+04
736291 124.466118 125.181613 124.230890 124.691550 1.582902e+05
736292 123.642817 124.848366 123.211559 124.505324 1.904384e+05
736293 124.652345 125.456047 124.652345 125.289428 7.782195e+04
736295 125.220820 125.279625 124.377912 124.848367 4.988838e+04
736298 125.162006 125.181613 123.691818 123.887848 1.137926e+05
736299 124.436716 125.103201 124.240694 125.093398 1.280044e+05
736300 125.024790 125.260025 123.878044 124.034868 1.832834e+05
736301 124.485725 124.485725 121.584555 122.172629 1.882821e+05
736302 122.515671 124.515128 122.388258 124.368107 8.566296e+04
736305 124.083869 124.319097 123.074342 123.887848 9.722844e+04
736306 122.819508 124.005459 122.476465 123.436991 1.045794e+05
736307 123.201755 124.132879 121.378721 121.986402 2.122952e+05
736308 122.221630 123.054743 121.927598 122.398053 9.389601e+04
736309 121.104288 121.172896 119.477284 119.683109 1.066376e+05
736312 119.722315 120.418203 118.301128 119.879131 1.180071e+05
736313 121.094492 121.731567 120.673038 120.751442 9.340595e+04
736314 121.682566 123.054743 121.055286 122.868517 9.095563e+04
736315 122.868517 123.162557 120.829854 120.829854 1.331990e+05
736316 120.477008 120.584823 119.006820 119.046026 1.890662e+05
736319 119.898738 120.026151 118.791192 119.585098 1.502532e+05
736320 120.055555 120.692637 119.536089 120.447606 1.079118e+05
736321 121.135336 121.273078 120.761457 121.233722 7.684105e+04
736322 121.174692 121.341949 120.899198 121.017267 5.775377e+04
736326 120.771297 121.233722 120.240001 121.164851 7.851364e+04
736327 121.784693 122.640672 121.784693 122.493088 1.241657e+05
736328 122.375019 122.493088 121.558405 121.587920 1.024219e+05
736329 121.194366 121.794534 120.574524 120.574524 1.537805e+05
736333 118.547725 118.547725 117.140777 118.459180 3.014609e+05
736334 118.675635 118.980635 117.524489 118.242725 1.621435e+05
736335 116.639003 117.573686 116.107706 116.875132 2.478394e+05
736336 114.986084 116.412707 114.248174 114.435106 2.738139e+05
736337 115.438669 115.733828 112.851059 113.087195 2.443958e+05
736340 113.638165 114.297363 112.122989 113.795590 1.775904e+05
736341 114.818819 115.655123 113.579134 114.946728 1.534853e+05
736342 115.379631 115.379631 110.922655 111.060397 2.404603e+05
736343 111.168625 112.772355 109.191031 111.808148 4.168701e+05
736344 108.925378 110.125713 108.148112 109.564902 2.911302e+05
736348 110.716040 111.129268 108.669568 109.742001 2.700751e+05
736349 108.039885 109.810873 105.403085 108.895863 3.671841e+05
736350 109.220546 111.453951 108.679408 110.194585 1.865437e+05
736351 112.014761 112.536217 111.493306 112.211542 1.927421e+05
736354 112.132830 112.280414 110.676685 110.814427 1.038978e+05
736355 111.227662 112.664126 110.784911 112.536217 9.494444e+04
736356 112.329603 113.037998 110.352010 110.883298 1.749339e+05
736357 112.221376 112.221376 110.194584 111.995087 1.835920e+05
736358 111.296534 113.588969 111.296534 113.569294 1.757210e+05
736361 113.018324 114.572849 112.368959 114.159621 1.598805e+05
736362 113.352840 113.569294 111.512981 111.896701 1.279044e+05
736363 112.565741 112.565741 109.407479 111.522822 1.732613e+05
736364 111.040723 111.601533 110.214259 111.168624 1.905776e+05
736365 110.617654 110.932496 107.252786 107.587301 1.257399e+05
736368 105.924549 106.062291 103.445166 105.324381 1.915615e+05
736369 103.937105 106.101639 103.760007 104.901312 2.171424e+05
736370 105.098085 106.751004 104.861956 104.940668 1.967760e+05
736371 103.651780 105.353897 103.464849 104.743888 4.419590e+05
736372 105.806480 106.869073 105.029214 106.800201 1.455159e+05
736376 108.295696 109.604259 107.921824 109.555061 1.273141e+05
736377 110.666850 112.388641 110.597980 112.083633 3.148417e+05
736378 112.132830 112.191861 110.981692 111.306367 2.069100e+05
736379 110.637328 111.581860 109.997812 111.581860 1.007493e+05
736382 112.683801 113.884136 112.526384 113.687363 2.144859e+05
736383 113.707037 114.120265 112.890414 113.205256 9.218958e+04
736384 112.024603 114.021878 111.060397 113.874295 1.217060e+05
736385 114.218651 115.074630 113.372521 115.074630 3.373725e+05
736386 115.763350 115.842055 114.907372 115.192698 1.788694e+05
736389 115.133660 116.028994 114.690917 114.690917 7.998946e+04
736390 115.714154 117.583528 115.261570 117.573687 1.434497e+05
736391 117.327717 117.603202 116.698034 117.563846 9.887996e+04
736392 117.494974 118.439498 117.180132 118.439498 7.792331e+04
736393 118.557567 119.029832 117.947558 118.449339 9.464928e+04
736396 117.918042 118.724824 117.465459 118.183695 7.329908e+04
736397 117.603202 118.095142 116.884973 116.983360 1.888066e+05
736398 117.504815 117.534330 116.599647 117.347391 1.028155e+05
736399 117.780301 118.331272 115.979798 117.367073 9.671543e+04
736400 118.488695 119.364348 118.282081 119.315151 8.884438e+04
736403 119.108538 120.033387 119.108538 119.748061 7.497167e+04
736404 119.049507 119.561122 118.990476 119.462735 1.246576e+05
736405 119.157735 120.761456 119.108538 120.485971 1.043897e+05
736406 120.348229 121.302594 120.200645 121.036942 1.287899e+05
736407 121.312434 121.784693 121.017267 121.223881 2.616138e+05
736410 121.236728 121.404616 120.525661 121.187345 8.137753e+04
736411 120.436774 121.276233 120.180006 120.831812 6.814381e+04
736412 120.347894 120.347894 119.696080 119.804716 6.932892e+04
736413 119.251667 119.962734 119.004769 119.962734 1.132767e+05
736417 120.397277 121.009579 120.071370 120.575036 6.676118e+04
736418 120.515783 122.036675 120.486156 121.918161 6.044060e+04
736419 122.688488 122.965013 122.174936 122.569975 6.142819e+04
736420 122.451461 122.925507 122.332955 122.520592 6.972396e+04
736421 121.849029 123.192154 121.542879 123.014388 9.796907e+04
736424 123.063771 123.063771 121.858907 121.918161 5.550264e+04
736425 121.098466 121.453999 120.654045 120.851568 8.364900e+04
736426 120.950325 122.155188 120.792308 122.115684 5.412001e+04
736427 121.641636 121.937916 120.091118 120.604670 6.527979e+04
736428 121.197223 121.197223 120.219509 120.505905 5.174979e+04
736431 120.989829 121.523130 120.091117 120.110874 7.456315e+04
736432 120.180005 121.147841 119.686210 121.029335 8.809316e+04
736433 121.710767 122.955135 121.661392 122.905752 7.337804e+04
736434 123.034144 123.182283 122.411956 122.767490 4.562672e+04
736435 122.816872 123.192154 122.520592 123.103275 8.058746e+04
736438 122.876125 124.090867 122.876125 124.061240 1.331273e+05
736439 124.229129 124.466149 123.162529 123.587193 5.135476e+04
736440 123.764961 124.150120 123.202033 123.705707 5.253987e+04
736441 123.932849 124.031606 123.073649 123.202033 4.197264e+04
736442 123.162528 123.636575 122.392208 123.063771 4.078753e+04
736445 122.520594 123.044015 122.332956 123.044015 6.123067e+04
736446 123.123023 123.834090 122.915630 123.597071 6.745250e+04
736447 123.606949 123.774838 122.935386 123.518062 4.592300e+04
736448 122.974884 123.804464 121.928039 122.115684 4.019497e+04
736449 122.984762 122.984762 121.612010 122.402086 4.621928e+04
736452 122.797116 124.189624 122.767491 124.100745 8.483411e+04
736453 123.152651 123.527940 122.619358 122.886004 9.056214e+04
736454 122.125562 122.826751 121.829282 122.184815 5.579892e+04
736455 122.184814 122.293450 121.295981 121.374990 4.108380e+04
736456 121.049083 122.145310 120.713305 122.135432 5.816914e+04
736459 122.184814 122.935386 122.184814 122.589723 4.147884e+04
736460 122.856378 124.011858 122.856378 123.962475 2.471941e+05
736461 122.876125 122.876125 121.424365 121.493496 6.982271e+04
736462 121.987292 122.066301 120.792308 121.572505 3.555329e+04
736463 121.157719 121.641636 120.229381 120.288641 6.379841e+04
736466 120.189877 121.276233 120.100997 120.940448 4.345402e+04
736467 120.614540 120.999701 119.281293 119.557818 4.068877e+04
736468 118.827004 119.577575 118.175197 118.896134 6.132943e+04
736469 118.244326 118.896132 117.928298 118.817124 6.221826e+04
736470 119.083779 120.031865 118.955387 119.725714 4.068877e+04
736473 119.617079 120.150379 119.113405 119.113405 3.417066e+04
736474 119.587444 120.979952 119.587444 120.742932 3.268928e+04
736475 121.029335 121.542879 121.009579 121.345364 5.007089e+04
736476 121.740395 121.957666 121.315730 121.483626 5.451505e+04
736477 121.720645 122.303320 121.720645 122.234190 4.621928e+04
736481 122.342825 122.589723 121.710767 122.204563 1.135730e+05
736482 121.700897 122.323077 121.384868 122.234190 5.342870e+04
736483 122.016927 123.053893 122.016927 123.053893 7.140286e+04
736484 122.708238 122.708238 121.473748 122.441591 6.735374e+04
736487 122.441590 122.846499 122.115684 122.589723 6.952644e+04
736488 122.648984 123.360052 122.648984 122.876126 4.523169e+04
736489 122.994640 123.300790 122.629228 123.063771 8.187133e+04
736490 122.560097 122.826751 122.244068 122.737864 5.639147e+04
736491 121.710767 121.789776 120.900942 121.246598 8.384651e+04
736494 120.871317 121.720646 120.328138 120.367643 6.962520e+04
736495 119.992360 120.525661 119.360303 120.031865 9.480878e+04
736496 120.397277 121.473748 120.239258 120.496034 5.599643e+04
736497 120.081240 120.940447 119.172658 120.861438 1.649278e+05
736498 120.989830 121.167597 120.545410 120.663923 4.858950e+04
736501 121.809525 122.905752 121.700897 121.779899 1.845808e+05
736502 122.032565 122.032565 121.229974 121.566866 6.262145e+04
736503 121.646129 122.131648 121.190341 121.200251 7.233174e+04
736504 122.270366 122.498256 121.973109 122.498256 9.571570e+04
736505 118.009726 119.902245 117.682746 118.039450 2.616824e+05
736508 116.939612 116.979247 114.601223 115.601971 2.320561e+05
736509 116.523457 117.771926 116.394650 117.662932 1.286118e+05
736510 118.792495 120.080597 118.614143 119.813065 5.974800e+04
736511 120.169771 120.863367 119.396912 120.863367 6.262145e+04
736512 120.883180 122.290179 120.883180 121.913661 1.344578e+05
736516 121.249796 121.457873 120.070687 120.665193 8.541090e+04
736517 120.159860 121.755121 119.941880 121.705584 9.066239e+04
736518 121.794757 122.369449 121.675860 122.260455 8.412280e+04
736519 123.072948 124.618665 123.072948 124.460134 7.094455e+04
736522 124.836652 125.698691 124.826749 125.371710 8.204203e+04
736523 126.035575 126.332832 125.857223 126.055396 1.603188e+05
736524 126.134666 126.154480 125.183447 125.510428 8.892841e+05
736525 126.382378 126.590454 125.896858 126.065307 8.838344e+04
736526 126.303108 126.303108 125.322172 125.441069 7.748414e+04
736529 125.550062 126.263472 125.401434 125.986037 8.947337e+04
736530 125.460891 125.777960 124.836653 125.619422 5.727088e+04
736531 125.837408 126.402190 125.530248 126.352645 6.242328e+04
736532 126.352646 126.659813 125.787864 126.134666 7.044913e+04
736533 126.263472 126.798530 125.956313 126.649902 4.250728e+04
736536 126.719261 126.917428 126.610268 126.798531 4.359721e+04
736537 126.818345 127.264229 126.332832 126.758896 4.567799e+04
736538 127.095787 127.095787 125.936492 126.332832 9.541844e+04
736539 126.134666 126.729173 125.599609 126.560730 5.400109e+04
736540 126.511183 126.966971 126.273382 126.699447 5.925257e+04
736543 126.729172 127.254312 126.213928 126.808441 4.102101e+04
736544 126.669715 126.669715 124.608762 124.846563 1.121637e+05
736545 124.400686 125.282538 124.053884 125.282538 7.104364e+04
736546 125.064550 125.500526 124.906012 125.183447 5.350567e+04
736547 125.886955 126.550819 125.886955 126.303108 4.746151e+04
736550 126.431914 126.550819 125.936491 126.144569 9.769739e+04
736551 126.005850 126.491371 125.738326 125.867133 5.519011e+04
736552 126.025671 126.402191 125.827498 125.995948 5.172215e+04
736553 126.788620 127.442575 126.699448 127.363305 4.894778e+04
736554 127.036339 127.581292 126.937248 127.303856 6.371138e+04
736557 127.601113 128.076715 127.601113 127.789376 4.230911e+04
736558 127.541664 127.581292 127.026421 127.056145 7.986217e+04
736559 126.877800 126.877800 125.966216 126.719261 6.995371e+04
736560 126.729172 126.887703 126.461639 126.729172 3.666129e+04
736561 126.511184 126.887703 126.342742 126.689537 4.974046e+04
736564 126.590454 126.739083 126.233750 126.540909 3.309425e+04
736565 127.115592 127.422767 127.115592 127.284050 4.518257e+04
736566 127.254312 127.333581 126.293197 126.550819 4.270545e+04
736567 126.164389 126.620177 125.936491 126.154479 5.003771e+04
736568 126.273383 126.838159 125.232992 125.787864 2.349295e+05
736571 125.847320 126.382377 125.847320 126.134666 3.557136e+04
736572 126.124755 126.204025 125.332076 125.579787 6.390955e+04
736573 125.589698 125.678870 124.767294 125.262717 4.082284e+04
736574 125.569883 125.837409 124.896108 125.579787 5.182123e+04
736575 125.976126 126.322921 125.589697 125.867133 8.323104e+04
736579 125.857223 126.174293 125.351897 126.174293 5.360475e+04
736580 126.015761 126.372466 125.758139 126.362556 9.135598e+04
736581 125.886955 125.886955 125.193358 125.351897 9.304042e+04
736582 124.559218 124.559218 122.310001 122.310001 1.173161e+05
736585 121.774944 124.291692 121.537143 124.123243 8.640175e+04
736586 123.290936 123.340481 121.913661 122.319904 9.571570e+04
736587 122.349635 123.023412 122.032566 122.339725 4.478623e+04
736588 122.141552 123.409840 121.883937 123.340481 1.364395e+05
736589 122.983776 123.181942 122.557712 122.934231 1.037415e+05
736592 123.449467 123.687275 122.656795 122.983776 4.300271e+04
736593 123.375671 123.485083 122.639636 122.967863 6.385616e+04
736594 123.206583 124.101757 122.719202 124.032132 3.600612e+04
736595 124.638866 125.245599 124.390205 125.056622 6.644223e+04
736596 124.748277 125.225710 124.748277 124.927313 3.968630e+04
736599 124.429991 124.449889 123.455245 123.554707 6.544759e+04
736600 123.604436 124.559300 123.415458 124.559300 5.739097e+04
736601 124.569241 124.827850 124.061977 124.827850 6.813313e+04
736602 124.658762 125.245598 123.753632 123.942617 5.390972e+04
736603 124.489675 125.424635 124.320580 125.066563 8.454476e+04
736606 124.817902 125.235658 124.280793 125.076511 4.843917e+04
736607 125.225710 125.563885 124.410102 124.688601 7.280796e+04
736608 125.096401 125.653407 125.096401 125.175974 5.908187e+04
736609 124.837798 125.335120 124.509564 125.195871 2.586075e+04
736610 125.355011 125.444533 124.221116 124.509564 3.103290e+04
736613 124.996938 125.295334 124.728388 124.758225 3.809487e+04
736614 124.559300 124.559300 123.037488 123.306046 6.127008e+04
736615 123.455244 124.181329 123.306045 123.793419 3.779648e+04
736616 122.928076 123.534810 122.052792 123.176737 4.475899e+04
736617 123.674059 123.982405 123.027547 123.037488 4.515685e+04
736620 122.768937 123.037488 122.112468 122.172152 6.475134e+04
736621 123.365722 123.435346 122.749048 122.798775 5.072686e+04
736622 122.967862 123.674058 122.788826 123.485082 5.450650e+04
736623 123.355773 123.365722 122.719201 123.166796 3.342005e+04
736624 122.749047 124.022190 122.669473 123.942617 5.878347e+04
736627 124.489675 124.877585 124.479727 124.827850 4.217292e+04
736628 124.270851 124.270851 123.315994 123.415457 7.250956e+04
736629 122.928077 123.455245 122.659527 122.938025 7.449885e+04
736630 123.345833 123.345833 121.555470 121.804131 3.849273e+04
736631 121.177508 122.480489 120.968633 121.635043 5.977812e+04
736634 121.794182 122.102527 121.635043 122.013005 4.595256e+04
736635 122.072689 122.112469 119.973990 120.829384 1.907728e+05
736636 120.630450 121.078044 119.934202 120.172915 8.126243e+04
736637 120.332061 120.908950 119.516454 119.695482 1.076205e+05
736638 119.665645 120.729913 119.576130 119.645755 6.833206e+04
736641 121.247134 122.291505 121.048200 122.221880 9.936496e+04
736642 122.172152 123.306045 121.863807 122.848510 7.887529e+04
736643 120.083400 123.534810 120.023717 123.296097 2.279725e+05
736644 124.002294 125.295334 123.007650 123.803368 1.550650e+05
736645 123.684007 124.857688 123.684007 124.758225 5.729151e+04
736648 125.364959 125.882171 124.857689 125.066563 5.470543e+04
736649 125.335120 125.474370 124.798011 125.355010 8.275440e+04
736650 125.086460 126.061207 125.086460 125.991582 1.705815e+05
736651 126.091045 127.563121 126.001530 127.493489 8.126243e+04
736652 127.622798 127.722269 127.105586 127.214998 4.585310e+04
736655 127.483548 128.010709 127.433813 127.951032 6.644223e+04
736656 128.478193 129.791130 128.468252 129.631984 1.426320e+05
736657 129.442999 129.960219 129.363426 129.880645 8.285386e+04
736659 130.179041 130.348129 129.980101 130.238717 6.723795e+04
736662 129.980100 129.980100 128.975514 129.214235 7.579189e+04
736663 129.273911 129.681719 129.204279 129.472837 6.435348e+04
736664 129.622042 129.622042 128.418517 128.428457 7.569243e+04
736665 128.348883 129.154558 128.040547 128.408575 2.296634e+05
736666 128.358840 128.687075 127.503445 127.592960 1.877888e+05
736669 128.239473 129.263970 128.149958 129.005353 1.095103e+05
736670 129.244072 129.631984 128.895941 129.592189 1.794338e+05
736671 129.622042 132.178270 129.582249 131.859992 1.825172e+05
736672 132.148433 132.705431 131.919669 132.237947 1.554629e+05
736673 132.387153 132.466711 131.919669 132.456770 8.016832e+04
736676 132.257843 132.257843 130.925024 131.223405 9.339709e+04
736677 131.720728 132.765108 131.720728 132.228006 6.743688e+04
736678 132.149994 132.559998 131.250000 131.369995 1.342000e+05
736679 131.639999 132.080002 131.009995 131.009995 8.390000e+04
736680 131.429993 131.500000 130.440002 130.600006 5.400000e+04
736683 130.789993 131.529999 130.589996 130.830002 1.138000e+05
736684 131.169998 132.100006 131.100006 131.979996 1.079000e+05
736685 131.860001 132.029999 131.580002 131.929993 6.170000e+04
736686 131.699997 131.699997 130.190002 130.410004 6.480000e+04
736687 130.289993 130.589996 130.000000 130.119995 3.650000e+04
736691 130.220001 131.210007 130.220001 130.669998 6.800000e+04
736692 130.970001 131.009995 129.789993 129.860001 4.740000e+04
736693 129.899994 130.220001 129.369995 129.649994 3.890000e+04
736694 129.889999 129.889999 128.289993 128.669998 7.040000e+04
736698 129.539993 130.000000 128.570007 129.250000 3.239000e+05
736699 129.740005 131.300003 129.740005 131.130005 1.395000e+05
736700 130.610001 131.039993 130.199997 131.020004 2.314000e+05
736701 131.039993 131.800003 130.440002 131.279999 7.510000e+04
736704 131.279999 131.559998 130.979996 131.169998 4.940000e+04
736705 131.339996 132.240005 130.960007 131.830002 8.660000e+04
736706 131.770004 132.080002 131.279999 132.080002 6.280000e+04
736707 131.809998 131.990005 130.750000 131.949997 7.460000e+04
736708 132.050003 132.440002 132.020004 132.270004 5.560000e+04
736712 131.710007 132.899994 131.710007 132.429993 7.510000e+04
736713 132.350006 132.350006 131.839996 132.229996 1.357000e+05
736714 132.500000 132.839996 131.490005 131.809998 1.771000e+05
736715 132.220001 132.449997 131.750000 132.160004 5.390000e+04
736718 131.929993 132.240005 131.490005 132.240005 1.028000e+05
736719 132.690002 133.600006 132.509995 133.520004 1.385000e+05
736720 134.039993 134.490005 133.729996 134.309998 6.820000e+04
736721 134.380005 134.809998 134.320007 134.410004 8.670000e+04
736722 134.410004 134.449997 133.470001 133.869995 1.680000e+05
736725 133.630005 133.720001 132.389999 133.690002 1.820000e+05
736726 133.029999 133.529999 132.589996 133.520004 1.064000e+05
736727 133.889999 134.050003 132.830002 133.220001 2.622000e+05
736728 133.220001 133.679993 132.850006 133.039993 1.395000e+05
736729 132.759995 133.300003 132.600006 133.080002 6.080000e+04
736732 132.919998 132.970001 132.419998 132.699997 7.430000e+04
736733 132.800003 132.899994 132.339996 132.460007 8.130000e+04
736734 132.500000 133.380005 132.440002 133.210007 5.950000e+04
736735 133.210007 134.479996 133.210007 134.259995 7.170000e+04
736736 134.479996 135.119995 134.449997 134.979996 5.390000e+04
736739 135.429993 135.610001 135.039993 135.100006 8.240000e+04
736740 135.130005 135.899994 135.130005 135.820007 6.680000e+04
736741 135.660004 136.679993 135.660004 136.669998 6.470000e+04
736742 136.520004 136.750000 135.669998 135.869995 1.322000e+05
736743 135.600006 136.330002 135.550003 136.330002 5.210000e+04
736747 136.960007 137.440002 136.699997 137.179993 8.130000e+04
736748 137.220001 137.250000 136.929993 137.250000 5.470000e+04
736749 137.479996 137.830002 135.940002 136.000000 7.500000e+04
736750 135.630005 136.660004 135.139999 136.610001 9.360000e+04
736753 136.559998 136.960007 136.279999 136.899994 5.370000e+04
736754 136.610001 136.610001 135.649994 135.869995 6.920000e+04
736755 137.300003 137.509995 136.860001 137.199997 2.180000e+05
736756 137.179993 137.350006 136.770004 137.000000 6.130000e+04
736757 136.839996 137.020004 136.179993 136.759995 7.040000e+04
736760 136.279999 136.419998 135.850006 136.240005 3.600000e+04
736761 136.149994 136.320007 135.699997 135.850006 1.709000e+05
736762 135.860001 136.630005 135.860001 136.330002 4.950000e+04
736763 136.270004 136.610001 135.690002 136.160004 7.590000e+04
736764 136.800003 136.919998 136.160004 136.460007 4.710000e+04
