736034 11.688505 11.792613 11.366716 11.773684 8.129899e+04
736035 12.133330 12.351011 12.133330 12.284760 1.087457e+05
736036 11.953508 11.953508 11.650648 11.726363 9.322411e+04
736039 11.376181 11.489753 11.158500 11.404574 2.370826e+05
736040 11.565468 12.114402 11.537075 11.641183 2.467363e+05
736041 11.641183 12.057616 11.641183 12.019758 2.612168e+05
736042 11.716898 11.716898 11.451895 11.499217 1.549318e+05
736043 11.518146 12.057616 11.489753 11.887257 4.590223e+05
736046 11.688505 11.981901 11.669576 11.887257 1.874893e+05
736047 11.925114 12.095473 11.849399 11.991365 1.942090e+05
736048 11.972437 12.180653 11.849400 11.849400 1.803910e+05
736049 11.631719 11.716899 11.499218 11.679041 1.916536e+05
736050 11.669576 11.669576 11.423502 11.518146 8.413831e+04
736053 11.641183 11.688505 11.489753 11.641183 8.290794e+04
736054 11.546539 11.783149 11.518146 11.735827 1.276744e+05
736055 11.669576 11.773685 11.650648 11.707434 6.823816e+04
736056 11.688505 11.830471 11.688505 11.764220 4.448257e+04
736060 11.783149 12.010294 11.716898 11.934579 1.327852e+05
736061 12.038687 12.209046 12.038687 12.152260 5.300051e+04
736062 11.925115 12.029223 11.830471 11.887257 8.678833e+04
736063 11.925115 12.019759 11.764221 11.925115 1.580551e+05
736064 12.379405 12.417262 12.303690 12.360476 1.170743e+05
736067 12.398333 12.398333 12.067080 12.067080 4.561829e+04
736068 12.275296 12.455119 12.227974 12.284760 9.246695e+04
736069 12.492977 12.767444 12.483513 12.663336 1.491586e+05
736070 12.530834 12.540298 12.436190 12.483512 8.962764e+04
736071 12.701193 12.776908 12.634943 12.720122 1.894768e+05
736074 12.606549 12.757979 12.549763 12.748515 4.211647e+05
736075 12.672800 12.776908 12.663336 12.748515 9.161516e+04
736076 12.739052 12.805302 12.691730 12.795838 1.307977e+05
736077 12.757979 12.843158 12.672800 12.757979 1.601372e+05
736078 12.483513 12.502442 12.322619 12.351012 1.304191e+05
736081 12.653872 12.682265 12.502442 12.511906 1.621248e+05
736082 12.587620 12.729586 12.587620 12.701193 1.457514e+05
736083 12.549763 12.616014 12.388869 12.388869 1.131939e+05
736084 12.474049 12.559228 12.369940 12.436191 1.111118e+05
736085 12.540298 12.710657 12.474048 12.682264 6.890066e+04
736088 12.786373 12.786373 12.663336 12.720122 5.574518e+04
736089 13.439414 13.552987 13.392092 13.429950 3.263317e+05
736090 13.278520 13.278520 12.937802 13.051375 1.576765e+05
736091 13.013518 13.022982 12.757980 12.966196 3.937181e+05
736092 13.032446 13.250127 12.985125 13.221734 1.870161e+05
736095 13.496201 13.657095 13.496201 13.552987 8.319187e+04
736096 13.013518 13.127090 12.890481 13.070304 3.112833e+05
736097 12.994589 13.127090 12.767444 12.814766 3.022922e+05
736098 12.805301 12.871552 12.720122 12.805301 1.459407e+05
736099 12.616014 12.625478 12.464583 12.578156 1.155600e+05
736102 12.663336 12.663336 12.474048 12.511906 8.773477e+04
736103 12.701193 12.710658 12.559228 12.568692 1.537961e+05
736104 12.767444 12.966196 12.748515 12.890481 1.990358e+05
736105 12.474049 12.597086 12.284761 12.303690 1.909911e+05
736106 12.237439 12.284761 12.180653 12.190117 5.508267e+04
736110 11.025999 11.565469 11.025999 11.451896 1.658159e+05
736111 11.395109 11.432967 11.309930 11.385645 1.015528e+05
736112 11.451895 11.593861 11.385644 11.574932 1.208601e+05
736113 11.641183 11.925114 11.641183 11.792613 4.837243e+05
736116 11.858864 11.981901 11.650648 11.679041 9.123659e+04
736117 11.669577 11.792614 11.565468 11.679041 1.182101e+05
736118 11.262608 11.385645 11.167964 11.196357 4.754903e+05
736119 10.921891 10.997606 10.760996 10.798854 1.406406e+05
736120 10.694745 10.770460 10.628495 10.713674 6.426312e+04
736123 10.410814 11.063856 10.249920 10.410814 3.561445e+05
736124 10.571709 10.931356 10.571709 10.893498 3.578481e+05
736125 10.969213 11.243680 10.912426 11.130107 2.848777e+05
736126 11.120643 11.224751 11.120643 11.167965 2.692615e+05
736127 10.912426 11.063856 10.874569 11.035463 1.557836e+05
736130 10.704210 10.950283 10.704210 10.789389 3.760197e+05
736131 10.666353 10.666353 10.495994 10.543316 1.762267e+05
736132 10.297241 10.391885 10.107954 10.335099 2.288486e+05
736133 10.401350 10.581173 10.306706 10.562244 2.933957e+05
736134 10.467601 10.590638 10.458136 10.571709 2.192896e+05
736137 10.600102 10.609566 10.505458 10.533851 1.221851e+05
736138 10.647423 10.732602 10.552779 10.628494 1.557836e+05
736139 10.543316 10.609566 10.514922 10.552780 1.870161e+05
736140 10.675817 10.713674 10.514922 10.533851 1.543640e+05
736141 10.448672 10.505458 10.287777 10.477065 1.178315e+05
736144 10.268848 10.268848 10.060632 10.107954 1.807696e+05
736145 10.287778 10.335100 10.183669 10.221527 1.589069e+05
736146 10.372957 10.420279 10.287777 10.325635 1.102600e+05
736147 10.448445 10.477228 10.246959 10.256554 1.131195e+05
736151 9.920746 9.978314 9.776828 9.805612 1.369140e+05
736152 9.527370 9.556153 9.124399 9.479397 2.844779e+05
736153 8.778996 8.798185 7.934677 8.347242 1.048874e+06
736154 8.347243 8.510350 8.347243 8.366432 2.994453e+05
736155 8.606295 8.894131 8.587106 8.836564 1.381613e+05
736158 8.846158 9.047644 8.846158 9.038049 8.999671e+04
736159 8.855753 8.913320 8.759807 8.846158 9.546559e+04
736160 8.759807 8.798185 8.663862 8.721429 7.042386e+04
736161 8.731024 8.769402 8.673456 8.721429 4.173621e+04
736162 8.711835 8.778996 8.654267 8.702240 1.024696e+05
736165 8.606295 8.625484 8.241703 8.318459 4.329053e+05
736166 8.184136 8.280081 8.145757 8.174541 1.653138e+05
736167 8.049812 8.097784 7.531707 7.838732 6.127068e+05
736168 7.857921 8.049812 7.819543 7.857921 1.612841e+05
736169 7.857921 7.857921 7.598869 7.723598 1.451653e+05
736172 7.627652 7.637247 7.483734 7.531707 1.045804e+05
736173 7.637247 7.867516 7.560491 7.800354 3.139331e+05
736174 7.848327 8.021028 7.771570 7.963461 1.642584e+05
736175 7.790760 7.886705 7.771571 7.848327 1.143668e+05
736176 7.857921 7.857921 7.694814 7.723598 7.253466e+04
736179 7.608464 7.608464 7.359006 7.435762 1.555274e+05
736180 7.502924 7.694814 7.502924 7.579680 9.469803e+04
736181 7.857921 7.973055 7.550896 7.589274 1.773069e+05
736182 7.589275 7.685220 7.493329 7.685220 2.101202e+05
736183 7.675625 7.886705 7.675625 7.781165 1.098574e+05
736186 7.656437 7.963462 7.589275 7.915489 2.140540e+05
736187 7.512518 7.512518 7.349411 7.435762 1.469882e+05
736188 6.946441 7.071170 6.725766 6.879279 2.358336e+05
736189 6.265229 6.303607 6.102122 6.169284 2.238404e+05
736190 6.265230 6.418742 6.265230 6.399553 7.656437e+04
736193 6.255635 6.265229 6.121311 6.169284 6.735361e+04
736194 6.102122 6.102122 5.986988 6.044555 6.322796e+04
736195 5.986988 6.082933 5.929421 6.025366 8.337648e+04
736196 5.852664 5.852664 5.727935 5.747124 1.982230e+05
736197 5.584017 5.603206 5.324965 5.344154 1.823920e+05
736200 4.595781 5.008346 4.403890 4.739699 2.697983e+05
736201 5.075508 5.133075 4.845239 4.845239 1.509220e+05
736202 5.008345 5.046723 4.854833 4.989156 1.189722e+05
736203 5.200236 5.651179 5.200236 5.555234 2.505132e+05
736204 5.526451 5.862259 5.526451 5.660774 2.366012e+05
736207 5.612801 5.881448 5.536044 5.852664 4.655267e+05
736208 5.584017 5.660774 5.449694 5.468883 2.049392e+05
736209 5.545640 5.603207 5.430505 5.536045 2.843819e+05
736210 5.756719 5.996583 5.747125 5.804692 1.288546e+05
736211 5.468883 5.516855 5.353748 5.420910 1.574463e+05
736215 5.507261 5.536045 5.401721 5.449694 1.339397e+05
736216 5.795098 5.948610 5.622396 5.641585 2.070500e+05
736217 5.747124 5.881448 5.689557 5.852664 1.573503e+05
736218 5.689557 5.871853 5.660773 5.833475 1.743326e+05
736221 5.900637 5.929421 5.795097 5.881448 1.489071e+05
736222 5.708746 5.747124 5.641584 5.727935 5.089899e+05
736223 5.785503 6.054150 5.775908 6.025366 1.512098e+05
736224 5.929420 6.332390 5.910231 6.034960 5.269316e+05
736225 5.843070 6.025366 5.718341 5.795097 6.553065e+05
736228 5.862259 5.891043 5.785503 5.843070 1.598449e+05
736229 5.497667 5.526450 5.209831 5.344154 4.267648e+05
736230 5.564829 5.574423 5.334560 5.372938 1.145587e+05
736231 5.420911 5.641585 5.392127 5.603207 2.215378e+05
736232 5.603207 5.641585 5.449694 5.497667 1.389288e+05
736235 5.324965 5.324965 5.123480 5.161858 9.805611e+04
736236 5.085101 5.161858 4.941184 5.094696 4.488322e+05
736237 4.998751 5.046723 4.902805 4.969967 3.057777e+05
736238 4.931589 4.979562 4.691726 4.749293 3.258303e+05
736239 4.730104 4.883617 4.710915 4.883617 2.882198e+05
736242 4.960373 5.257803 4.931589 5.142669 4.062325e+05
736243 5.123480 5.267398 5.065913 5.200236 3.259262e+05
736244 5.497667 5.679963 5.478477 5.631990 4.071919e+05
736245 5.603206 5.747124 5.593612 5.689557 3.153722e+05
736246 6.169284 6.706578 6.169284 6.553065 6.833225e+05
736249 6.610632 6.773739 6.466714 6.476309 3.037629e+05
736250 6.380364 6.562660 6.294013 6.457120 2.031162e+05
736251 6.514688 6.543471 6.341986 6.361175 1.781705e+05
736252 6.495498 6.572255 6.409147 6.562660 1.059236e+05
736253 6.495498 6.581849 6.389958 6.543471 1.438220e+05
736256 6.361175 6.447526 6.303608 6.361175 2.334350e+05
736257 6.073338 6.092527 5.862258 5.891042 2.782414e+05
736258 6.121311 6.198067 6.044554 6.054149 3.017480e+05
736259 6.121311 6.274824 6.121311 6.265229 1.585017e+05
736260 6.121311 6.150095 6.015771 6.082933 1.313491e+05
736263 6.130905 6.207662 6.092527 6.159689 1.942893e+05
736264 6.121311 6.121311 5.862259 5.939015 2.014852e+05
736265 6.102122 6.284418 6.073338 6.284418 3.618098e+05
736266 6.229857 6.299298 6.190177 6.210017 1.836221e+05
736267 6.051295 6.051295 5.902493 5.932253 1.687418e+05
736270 5.862812 6.011614 5.842972 6.001694 1.132882e+05
736271 5.952093 6.269538 5.952093 6.170336 1.631865e+05
736272 6.001694 6.090975 5.991773 6.031454 1.306484e+05
736273 5.743769 5.773530 5.684248 5.723929 1.433462e+05
736274 5.585047 5.634648 5.495766 5.624728 1.259860e+05
736277 5.604888 5.634648 5.446165 5.505686 1.220179e+05
736278 5.456086 5.495766 5.406485 5.466006 2.003872e+05
736279 5.495765 5.495765 5.406484 5.426324 1.023760e+05
736280 5.346963 5.406484 5.267602 5.267602 1.263828e+05
736281 5.237842 5.247762 5.138641 5.218002 9.324947e+04
736284 5.218002 5.515606 5.218002 5.495766 7.946044e+05
736285 5.515605 5.545366 5.396564 5.426324 1.805468e+05
736286 5.307283 5.406484 5.188241 5.386644 2.111009e+05
736287 5.456085 5.525526 5.416404 5.475925 1.447350e+05
736288 5.674329 5.793370 5.565207 5.575127 1.501911e+05
736291 5.416405 5.466005 5.396564 5.436245 1.428502e+05
736292 5.386644 5.565207 5.366804 5.555287 1.414614e+05
736293 5.436245 5.525527 5.337044 5.485846 2.347109e+05
736295 5.505686 5.505686 5.386644 5.406484 3.700217e+04
736298 5.406485 5.714009 5.327123 5.555287 1.124251e+06
736299 5.684249 5.862812 5.674329 5.823131 3.475030e+05
736300 5.704089 5.743770 5.604888 5.624728 3.112945e+05
736301 5.565207 5.565207 5.317203 5.386644 2.798476e+05
736302 5.466006 5.565207 5.396565 5.545367 1.260852e+05
736305 5.456085 5.485845 5.188241 5.267602 2.753835e+05
736306 5.148561 5.158481 5.019599 5.049359 1.696347e+05
736307 4.930317 5.069199 4.860876 4.930317 1.384854e+05
736308 4.960078 4.969998 4.870796 4.969998 1.387830e+05
736309 4.960077 4.989838 4.741834 4.751754 2.347109e+05
736312 4.880717 4.950158 4.731914 4.841036 2.370917e+05
736313 4.940237 5.009678 4.880716 4.940237 3.624824e+05
736314 4.900556 5.069199 4.880716 5.069199 1.465207e+05
736315 5.069200 5.108880 4.989838 5.029519 3.122865e+05
736316 4.960078 5.059279 4.910477 5.049359 9.284273e+05
736319 5.108880 5.237842 5.079119 5.128720 1.544568e+05
736320 5.118800 5.287443 5.098960 5.227922 3.558360e+05
736321 5.376724 5.634648 5.366803 5.594967 4.948173e+05
736322 5.545367 5.624728 5.515606 5.555287 1.253908e+05
736326 5.495766 5.555286 5.456085 5.525526 2.319332e+05
736327 5.585047 5.604888 5.446165 5.565207 1.973119e+05
736328 5.525526 5.535446 5.446165 5.456085 2.639753e+05
736329 5.475925 5.614808 5.475925 5.515606 6.460997e+05
736333 5.366804 5.446165 5.317203 5.396564 1.579289e+05
736334 5.555287 5.654488 5.515606 5.585047 1.586233e+05
736335 5.366804 5.416405 5.227922 5.247762 3.022671e+05
736336 4.940237 4.950157 4.632712 4.632712 2.553448e+05
736337 4.751754 4.821195 4.612872 4.612872 2.495911e+05
736340 4.960077 4.960077 4.831115 4.960077 4.698185e+05
736341 4.940237 4.979918 4.721994 4.870796 2.777643e+05
736342 4.821195 4.880716 4.622792 4.632712 3.624824e+05
736343 4.632712 4.841035 4.583111 4.771594 2.179458e+05
736344 4.315267 4.325187 4.037503 4.067263 3.520663e+05
736348 4.037503 4.087104 3.878780 3.987902 3.850012e+05
736349 3.729978 3.938302 3.620857 3.829180 2.839148e+05
736350 3.700218 3.918461 3.700218 3.829180 5.486838e+05
736351 3.918461 4.017663 3.888701 3.958142 4.218050e+05
736354 3.878781 3.898621 3.749819 3.759739 2.219139e+05
736355 3.849020 3.968062 3.779579 3.948222 1.931454e+05
736356 3.839099 3.987902 3.799419 3.809339 4.063295e+05
736357 3.968062 4.225986 3.968062 4.176385 3.232978e+05
736358 4.255746 4.374788 4.216066 4.354948 1.678490e+05
736361 4.206145 4.265666 4.097024 4.186305 1.468183e+05
736362 3.918461 3.948222 3.739899 3.769659 1.917566e+05
736363 3.720058 3.809339 3.620856 3.809339 2.788555e+05
736364 4.067264 4.186305 3.948222 3.968062 5.212049e+05
736365 4.225985 4.325187 4.116864 4.206145 5.232881e+05
736368 4.166465 4.166465 4.037503 4.126784 1.730075e+05
736369 4.017663 4.057343 3.829180 3.898621 2.421510e+05
736370 3.938302 3.968062 3.729978 3.769659 1.685434e+05
736371 3.610937 3.630777 3.491895 3.630777 1.767772e+05
736372 3.690298 3.928382 3.670458 3.829180 2.594121e+05
736376 3.997822 4.106944 3.987902 4.047423 2.146721e+05
736377 4.305347 4.364868 4.225986 4.305347 2.303460e+05
736378 4.345028 4.354948 4.146625 4.166465 3.648633e+05
736379 4.166465 4.176385 4.097024 4.146625 1.664602e+05
736382 4.176385 4.305347 4.146625 4.295427 4.104960e+05
736383 4.186305 4.186305 4.067264 4.097024 8.650375e+04
736384 4.047423 4.097024 3.938301 4.057343 1.539608e+05
736385 3.997822 4.017663 3.849020 3.908541 2.421510e+05
736386 4.057343 4.126784 4.017663 4.097024 2.541544e+05
736389 4.047423 4.186305 4.047423 4.176385 3.068304e+05
736390 4.354948 4.464070 4.305348 4.464070 2.785580e+05
736391 4.513671 4.761674 4.513671 4.731914 3.798427e+05
736392 4.841036 5.237842 4.841036 5.128720 6.076095e+05
736393 5.247762 5.456085 5.178321 5.327123 3.221074e+05
736396 5.297362 5.495765 5.297362 5.426324 3.442293e+05
736397 5.426325 5.426325 5.108880 5.128720 3.402613e+05
736398 5.208081 5.356883 5.158480 5.287442 1.538616e+05
736399 5.257682 5.307283 5.079119 5.267602 1.463223e+05
736400 5.287443 5.337043 5.247762 5.317203 1.590201e+05
736403 5.307282 5.366803 5.267602 5.346963 1.014832e+05
736404 5.227922 5.237842 5.029519 5.089040 1.954271e+05
736405 5.138640 5.257682 5.059279 5.237842 1.283668e+05
736406 5.227921 5.297362 5.168400 5.287442 1.692378e+05
736407 5.535446 5.575127 5.406484 5.535446 3.373844e+05
736410 5.565207 5.624728 5.485846 5.545367 7.817083e+04
736411 5.654488 5.674328 5.575126 5.614807 1.410646e+05
736412 5.634648 5.664409 5.475926 5.545367 2.138786e+05
736413 5.485845 5.624727 5.485845 5.614807 1.018800e+05
736417 5.277523 5.307283 5.069199 5.178321 1.178514e+05
736418 5.108879 5.356883 5.069199 5.337043 1.712219e+05
736419 5.436245 5.594967 5.436245 5.585047 3.617880e+05
736420 5.475925 5.565207 5.446165 5.456085 1.078321e+05
736421 5.356884 5.386644 5.287442 5.386644 1.118001e+05
736424 5.406485 5.406485 5.227922 5.297363 1.177522e+05
736425 5.138641 5.138641 5.029519 5.089040 1.453303e+05
736426 5.089040 5.267603 5.069200 5.227922 8.213889e+04
736427 5.108880 5.108880 4.960078 4.969998 6.795307e+04
736428 5.168401 5.436245 5.158481 5.297363 2.107041e+05
736431 5.416405 5.505686 5.356884 5.366804 9.305106e+04
736432 5.426325 5.624728 5.386644 5.575127 2.046528e+05
736433 5.704089 5.981854 5.664409 5.932253 2.337189e+05
736434 5.902492 5.902492 5.803291 5.882652 1.313429e+05
736435 5.882652 5.912413 5.694169 5.743770 2.536584e+05
736438 5.862812 5.952093 5.803291 5.932253 9.136463e+04
736439 5.971934 6.100896 5.952094 5.981854 1.294580e+05
736440 6.368739 6.507621 6.309218 6.418340 2.982990e+05
736441 6.368739 6.398500 6.249697 6.299298 1.088241e+05
736442 6.309218 6.458021 6.299298 6.348899 7.003629e+04
736445 6.190176 6.210017 6.071134 6.110815 5.664408e+04
736446 6.338979 6.448100 6.279458 6.428260 9.553109e+04
736447 6.438181 6.458021 6.259618 6.319139 1.045584e+05
736448 6.130655 6.150496 5.981853 6.041374 1.407670e+05
736449 6.219937 6.309218 6.170336 6.229857 8.551173e+04
736452 6.577063 6.815146 6.567143 6.725865 2.039584e+05
736453 6.676264 6.676264 6.368739 6.467941 2.613961e+05
736454 6.269538 6.309218 5.991773 6.100895 2.109025e+05
736455 6.190177 6.249697 6.031454 6.090975 1.795548e+05
736456 6.090975 6.170336 6.061215 6.150496 1.560440e+05
736459 6.130655 6.130655 5.872731 5.991773 2.661577e+05
736460 5.952093 5.981853 5.852891 5.971933 1.563416e+05
736461 5.882651 5.962013 5.852891 5.862811 8.551173e+04
736462 6.011614 6.051295 5.902493 5.981854 1.472151e+05
736463 5.823131 5.872732 5.634648 5.694169 1.744955e+05
736466 5.833051 5.952093 5.833051 5.912412 1.229107e+05
736467 5.852892 6.031454 5.842972 5.872732 1.414614e+05
736468 5.813210 5.892571 5.733849 5.803290 1.114033e+05
736469 5.585047 5.585047 5.426324 5.525526 1.621945e+05
736470 5.733850 5.922333 5.664409 5.823131 2.703242e+05
736473 5.753690 5.793371 5.664409 5.753690 1.443383e+05
736474 5.714009 5.743770 5.674329 5.704089 1.167602e+05
736475 5.803290 5.942173 5.803290 5.902492 1.242995e+05
736476 6.130655 6.170336 6.081055 6.110815 1.907646e+05
736477 6.130656 6.130656 6.031454 6.071135 5.208081e+04
736481 6.319138 6.358819 6.140575 6.180256 4.802347e+05
736482 6.100895 6.229857 6.031454 6.190176 1.868957e+05
736483 6.190177 6.319139 6.190177 6.309219 7.569079e+04
736484 6.180256 6.219937 6.051294 6.219937 1.265812e+05
736487 6.338979 6.428261 6.329059 6.388580 1.424534e+05
736488 6.467941 6.577062 6.467941 6.547302 6.844907e+04
736489 6.646504 6.755626 6.606823 6.706025 1.160658e+05
736490 6.656424 6.765545 6.557222 6.686184 1.398742e+05
736491 6.854827 6.874667 6.656423 6.755625 1.944350e+05
736494 6.686184 6.725865 6.527462 6.557222 1.030704e+05
736495 6.666344 6.706025 6.507622 6.596903 2.271715e+05
736496 6.954029 7.142512 6.954029 6.973869 3.139729e+05
736497 7.092911 7.241713 7.033390 7.211953 2.889741e+05
736498 7.251633 7.311154 7.102831 7.132591 5.012654e+05
736501 7.469877 7.539318 7.469877 7.499637 1.495959e+05
736502 7.251633 7.321074 7.192112 7.231793 1.873917e+05
736503 7.400436 7.430196 7.221873 7.221873 1.956255e+05
736504 7.330994 7.380595 7.251633 7.311154 2.606025e+05
736505 6.825067 6.904428 6.636584 6.646504 4.157537e+05
736508 6.924269 7.003630 6.686185 6.825067 3.145681e+05
736509 7.003629 7.321074 6.924268 7.301234 3.285555e+05
736510 7.430196 7.539317 7.410355 7.459956 3.487926e+05
736511 7.678200 7.817082 7.638519 7.807162 3.951198e+05
736512 7.936123 8.065085 7.886523 7.975804 2.182434e+05
736516 8.015485 8.015485 7.787321 7.846842 2.067360e+05
736517 7.767481 7.936124 7.717881 7.936124 1.613017e+05
736518 8.342850 8.481733 8.323010 8.382531 2.647689e+05
736519 8.461893 8.660296 8.442052 8.610695 2.923470e+05
736522 8.848778 9.017421 8.819018 8.967820 6.238785e+05
736523 9.434068 9.721752 9.434068 9.691992 5.247762e+05
736524 9.721752 9.761433 9.543189 9.711832 3.217106e+05
736525 9.830873 9.840793 9.642390 9.701911 2.935374e+05
736526 9.761432 9.820953 9.592789 9.761432 1.911614e+05
736529 9.483668 9.543189 9.305105 9.483668 2.977038e+05
736530 9.424147 9.473748 9.354706 9.414227 1.752891e+05
736531 9.434068 9.473748 9.354707 9.443988 1.892766e+05
736532 9.315026 9.364626 9.235664 9.334866 1.290612e+05
736533 9.840793 10.009436 9.791193 10.009436 3.980958e+05
736536 10.059037 10.118558 9.840794 9.969756 2.510791e+05
736537 9.870554 10.088797 9.830873 10.059037 1.706267e+05
736538 9.930075 9.949915 9.761432 9.830873 2.881805e+05
736539 9.900314 9.910234 9.771352 9.860633 3.996830e+05
736540 9.672151 9.811034 9.493589 9.642391 2.278660e+05
736543 9.711832 9.870555 9.662231 9.771353 1.523736e+05
736544 9.364626 9.364626 9.156303 9.295185 2.471111e+05
736545 9.324946 9.612630 9.235664 9.592790 1.357077e+05
736546 9.612631 9.721752 9.602710 9.642391 1.035664e+05
736547 9.910234 10.088797 9.880474 10.029276 1.907646e+05
736550 9.959836 10.188000 9.959836 10.088798 2.246915e+05
736551 9.801112 9.820953 9.721751 9.781272 1.754875e+05
736552 9.741592 9.791193 9.672151 9.721752 8.977740e+04
736553 9.662231 9.761433 9.582870 9.711832 1.835229e+05
736554 9.791192 9.860633 9.751512 9.830873 1.605081e+05
736557 9.820953 9.999516 9.820953 9.930075 7.400436e+04
736558 10.009436 10.098718 9.939995 10.059037 1.278708e+05
736559 10.088798 10.187999 10.029277 10.118558 1.583257e+05
736560 10.168159 10.406243 10.168159 10.346722 1.123954e+05
736561 10.485604 10.485604 10.386403 10.465764 1.987007e+05
736564 10.436003 10.485603 10.267360 10.336801 1.017808e+05
736565 10.297120 10.297120 10.168158 10.207839 9.414227e+04
736566 10.326881 10.406243 10.118558 10.178079 2.435398e+05
736567 10.098717 10.098717 9.890394 9.949915 1.790588e+05
736568 9.949915 10.187999 9.840794 9.920155 2.498887e+05
736571 10.078877 10.356641 10.078877 10.326881 2.474087e+05
736572 10.297120 10.386402 10.128478 10.207839 2.251875e+05
736573 10.039197 10.039197 9.830874 9.920155 2.398693e+05
736574 9.959836 10.098718 9.959836 10.098718 7.142512e+04
736575 10.257441 10.386403 10.237600 10.346722 1.114033e+05
736579 10.386403 10.465764 10.287201 10.465764 1.477111e+05
736580 10.366562 10.376482 10.267360 10.316961 8.541253e+04
736581 10.346721 10.406242 10.287200 10.356641 5.565207e+04
736582 10.138398 10.148318 9.870553 9.910234 1.920542e+05
736585 9.582870 9.880474 9.572949 9.870554 1.363029e+05
736586 9.741592 9.741592 9.344786 9.424147 2.160610e+05
736587 9.662232 9.811034 9.622551 9.691992 1.249940e+05
736588 9.711831 9.840793 9.642390 9.761432 7.271473e+04
736589 9.483668 9.563029 9.374546 9.374546 2.306436e+05
736592 9.632470 9.811033 9.632470 9.731672 1.375925e+05
736593 9.711831 9.711831 9.563029 9.572949 4.751754e+04
736594 9.701912 9.910235 9.701912 9.890395 1.445367e+05
736595 10.009436 10.088797 9.999516 10.009436 9.493588e+04
736596 10.019357 10.098718 9.979676 9.979676 8.055166e+04
736599 9.979675 10.009436 9.910234 9.949915 8.749576e+04
736600 9.820954 9.870554 9.751513 9.840794 5.575127e+04
736601 10.356642 10.505444 10.138398 10.436003 3.236947e+05
736602 10.019355 10.068956 9.771352 9.860633 5.101935e+05
736603 10.257440 10.346721 10.217759 10.287200 1.445366e+05
736606 10.515364 10.604646 10.485604 10.555045 1.369973e+05
736607 11.001452 11.120494 10.822889 10.872490 3.762715e+05
736608 11.289136 11.328816 11.170094 11.318896 2.580232e+05
736609 11.497460 11.666103 11.428019 11.626422 1.880861e+05
736610 11.735543 11.735543 11.457779 11.537140 9.612630e+04
736613 11.795063 11.894265 11.695862 11.765303 1.224147e+05
736614 11.596661 11.814904 11.537140 11.795064 2.465158e+05
736615 11.676023 11.765304 11.547061 11.576821 1.651706e+05
736616 11.338737 11.368497 11.209775 11.239535 4.209122e+05
736617 11.527220 11.547060 11.269296 11.328817 3.948222e+05
736620 11.328816 11.437938 11.318896 11.318896 1.869949e+05
736621 11.566901 11.636342 11.517300 11.576821 1.840189e+05
736622 11.685943 11.824825 11.626422 11.755384 2.239971e+05
736623 12.142270 12.211711 12.082749 12.102589 5.957053e+05
736624 11.943866 11.963707 11.765303 11.864505 5.512630e+05
736627 11.814905 11.904186 11.705783 11.834745 2.447302e+05
736628 11.933947 12.142270 11.924027 12.003388 2.851053e+05
736629 11.864504 11.884345 11.725622 11.844664 1.471159e+05
736630 11.814904 11.814904 11.685942 11.685942 1.049552e+05
736631 11.844665 11.963707 11.765304 11.824825 1.222163e+05
736634 11.864505 12.013308 11.854585 11.963707 2.423494e+05
736635 12.886281 13.114445 12.509316 12.985483 5.001742e+05
736636 12.935882 12.945803 12.697799 12.777160 2.267747e+05
736637 12.876360 12.975562 12.737478 12.796999 1.530680e+05
736638 12.440000 12.620000 12.440000 12.510000 1.366000e+05
736641 12.850000 13.100000 12.840000 13.070000 3.220000e+05
736642 13.140000 13.340000 13.030000 13.180000 4.103000e+05
736643 12.940000 13.240000 12.930000 13.150000 3.666000e+05
736644 13.550000 13.660000 13.340000 13.390000 4.256000e+05
736645 13.310000 13.440000 13.170000 13.390000 3.456000e+05
736648 13.410000 13.460000 13.190000 13.370000 4.377000e+05
736649 12.470000 12.690000 12.470000 12.650000 3.998000e+05
736650 12.120000 12.200000 12.050000 12.190000 3.593000e+05
736651 12.620000 12.740000 12.510000 12.540000 2.005000e+05
736652 12.130000 12.130000 11.840000 11.880000 2.583000e+05
736655 11.590000 11.830000 11.550000 11.750000 2.509000e+05
736656 12.080000 12.490000 12.080000 12.450000 5.376000e+05
736657 12.530000 12.850000 12.490000 12.750000 3.160000e+05
736659 12.970000 13.070000 12.830000 13.060000 1.650000e+05
736662 13.290000 13.450000 13.250000 13.350000 5.041000e+05
736663 13.210000 13.230000 13.060000 13.120000 5.428000e+05
736664 13.300000 13.500000 13.300000 13.400000 6.129000e+05
736665 13.310000 13.340000 12.970000 13.050000 3.891000e+05
736666 13.010000 13.140000 12.980000 13.050000 2.399000e+05
736669 13.440000 13.460000 13.250000 13.370000 2.386000e+05
736670 13.490000 13.500000 13.350000 13.400000 2.113000e+05
736671 13.610000 13.820000 13.600000 13.790000 2.082000e+05
736672 14.230000 14.370000 14.150000 14.220000 2.264000e+05
736673 14.320000 14.320000 14.110000 14.140000 2.572000e+05
736676 14.340000 14.400000 14.220000 14.310000 2.976000e+05
736677 14.050000 14.110000 13.760000 13.860000 5.957000e+05
736678 13.740000 13.790000 13.420000 13.460000 5.585000e+05
736679 13.710000 13.800000 13.560000 13.660000 5.898000e+05
736680 13.450000 13.450000 13.110000 13.110000 8.693000e+05
736683 13.110000 13.160000 12.880000 12.930000 5.805000e+05
736684 12.930000 13.240000 12.910000 13.210000 3.138000e+05
736685 13.160000 13.300000 13.120000 13.200000 2.934000e+05
736686 12.760000 12.760000 12.480000 12.600000 2.312000e+05
736687 12.580000 12.730000 12.580000 12.720000 1.475000e+05
736691 12.580000 12.710000 12.550000 12.620000 1.594000e+05
736692 12.470000 12.480000 12.360000 12.360000 2.724000e+05
736693 12.540000 12.780000 12.540000 12.730000 2.139000e+05
736694 12.700000 12.700000 12.410000 12.420000 2.008000e+05
736698 12.700000 12.840000 12.600000 12.820000 2.225000e+05
736699 12.780000 12.790000 12.620000 12.760000 2.412000e+05
736700 13.180000 13.480000 13.180000 13.360000 2.887000e+05
736701 13.400000 13.490000 13.320000 13.380000 1.659000e+05
736704 13.380000 13.520000 13.340000 13.410000 2.257000e+05
736705 13.570000 13.730000 13.570000 13.690000 3.708000e+05
736706 13.730000 13.980000 13.730000 13.810000 4.710000e+05
736707 14.020000 14.180000 14.000000 14.110000 1.649000e+05
736708 13.970000 14.040000 13.840000 13.980000 1.056000e+05
736712 13.890000 13.960000 13.800000 13.830000 1.425000e+05
736713 14.140000 14.430000 14.120000 14.340000 3.167000e+05
736714 14.300000 14.300000 14.140000 14.200000 1.573000e+05
736715 14.040000 14.040000 13.830000 13.930000 1.522000e+05
736718 14.190000 14.450000 14.190000 14.440000 2.450000e+05
736719 14.690000 14.920000 14.690000 14.860000 2.853000e+05
736720 15.020000 15.170000 14.970000 15.150000 2.098000e+05
736721 15.000000 15.160000 14.950000 15.110000 1.448000e+05
736722 15.070000 15.100000 14.960000 15.020000 1.237000e+05
736725 15.120000 15.160000 14.860000 14.990000 2.798000e+05
736726 14.860000 14.910000 14.630000 14.800000 2.468000e+05
736727 15.270000 15.380000 14.770000 15.240000 5.349000e+05
736728 15.290000 15.440000 15.260000 15.320000 2.221000e+05
736729 14.880000 14.940000 14.660000 14.800000 1.879000e+05
736732 14.780000 14.780000 14.680000 14.760000 1.277000e+05
736733 14.740000 14.790000 14.620000 14.650000 1.569000e+05
736734 14.900000 14.920000 14.710000 14.910000 1.421000e+05
736735 14.910000 14.910000 14.740000 14.870000 1.517000e+05
736736 14.880000 15.140000 14.870000 15.030000 4.212000e+05
736739 15.170000 15.440000 15.160000 15.390000 1.901000e+05
736740 15.010000 15.010000 14.680000 14.910000 3.909000e+05
736741 14.770000 14.880000 14.650000 14.670000 1.966000e+05
736742 15.540000 15.700000 15.450000 15.540000 5.766000e+05
736743 15.420000 15.510000 15.350000 15.490000 2.949000e+05
736747 15.690000 15.890000 15.670000 15.890000 2.740000e+05
736748 15.430000 15.500000 15.380000 15.460000 2.957000e+05
736749 15.540000 15.580000 15.320000 15.400000 3.555000e+05
736750 15.380000 15.380000 15.160000 15.350000 3.178000e+05
736753 15.230000 15.340000 15.130000 15.210000 2.564000e+05
736754 15.430000 15.560000 15.370000 15.370000 3.315000e+05
736755 15.670000 16.090000 15.670000 16.040001 3.442000e+05
736756 16.010000 16.110001 15.980000 16.030001 5.004000e+05
736757 16.129999 16.150000 15.930000 16.139999 2.572000e+05
736760 15.980000 15.990000 15.730000 15.810000 2.006000e+05
736761 15.670000 15.670000 15.380000 15.440000 1.806000e+05
736762 15.040000 15.080000 14.820000 14.890000 2.777000e+05
736763 15.010000 15.130000 14.940000 14.960000 4.678000e+05
736764 14.870000 14.870000 14.590000 14.740000 2.433000e+05
