736034 46.639225 46.898866 46.600759 46.812319 3.938851e+05
736035 47.129655 47.793185 47.129655 47.783567 3.931158e+05
736036 47.677791 47.725872 47.187356 47.475845 2.725269e+05
736039 47.716253 48.023976 47.687405 47.966280 3.702289e+05
736040 47.812419 48.014361 47.629707 47.927814 2.279071e+05
736041 47.822034 48.360550 47.668173 48.225922 2.269455e+05
736042 48.004743 48.081676 47.668174 47.850882 1.889610e+05
736043 48.033595 48.562492 47.985514 48.524026 2.022315e+05
736046 48.504793 48.668272 48.312469 48.312469 2.706037e+05
736047 48.235536 48.254769 47.918199 47.918199 2.440626e+05
736048 47.981762 47.981762 47.201647 47.230543 2.798776e+05
736049 47.037921 47.326850 46.835670 47.134230 2.099563e+05
736050 47.124600 47.163125 46.941613 47.105338 2.397162e+05
736053 47.365376 47.856557 47.365376 47.740986 2.676462e+05
736054 47.538735 48.877446 47.375006 47.461685 2.664904e+05
736055 47.423164 47.567626 47.086075 47.423164 2.236324e+05
736056 47.394268 47.740986 47.394268 47.712094 2.297962e+05
736060 47.403901 47.875819 47.297960 47.789140 1.730695e+05
736061 47.846927 47.866190 47.500210 47.509843 2.476136e+05
736062 47.567626 47.808401 47.529101 47.663939 1.839526e+05
736063 47.625414 47.712093 47.336484 47.615781 2.281590e+05
736064 47.663939 47.731355 47.567626 47.625414 2.242102e+05
736067 47.596519 47.914344 47.596519 47.789140 1.767293e+05
736068 47.818036 47.875819 47.538735 47.789140 2.052371e+05
736069 47.895082 48.126227 47.798773 47.952869 1.624754e+05
736070 47.933606 48.155119 47.673568 48.020286 2.128456e+05
736071 47.750619 47.750619 47.240172 47.403901 2.418350e+05
736074 47.596518 47.750618 47.529101 47.625414 2.088969e+05
736075 47.760249 47.808403 47.394269 47.442423 1.908869e+05
736076 47.500210 47.779511 47.326851 47.740986 1.578525e+05
736077 47.644677 47.904715 47.586890 47.798773 7.228084e+05
736078 47.808402 47.808402 47.596519 47.692831 9.707109e+05
736081 47.760248 47.991394 47.471318 47.509843 1.171999e+06
736082 47.471318 47.798773 47.307589 47.798773 2.110061e+06
736083 47.567627 47.923974 47.567627 47.721723 9.997966e+05
736084 47.586890 47.721723 47.114968 47.307589 1.790407e+05
736085 47.471319 47.663940 47.452056 47.606152 1.522665e+05
736088 47.702460 48.010652 47.702460 47.991394 3.932347e+05
736089 47.933607 48.029916 47.490581 47.567627 2.031183e+05
736090 47.644677 47.760248 47.047550 47.375006 2.280626e+05
736091 47.288326 47.818036 47.220910 47.692831 2.505992e+05
736092 47.972131 48.299587 47.962498 48.261062 2.431834e+05
736095 48.261062 48.395896 48.039549 48.135858 2.641790e+05
736096 47.952869 48.116594 47.606151 48.020286 2.563779e+05
736097 48.058812 48.193645 47.943237 48.010653 3.083854e+05
736098 48.193645 48.472946 48.135858 48.434421 3.142603e+05
736099 48.482575 48.530730 48.164750 48.289954 3.241803e+05
736102 48.251428 48.607779 48.203274 48.559621 4.069108e+05
736103 48.627042 48.935234 48.627042 48.838922 4.150008e+05
736104 48.896709 48.896709 48.617410 48.684826 3.033773e+05
736105 48.627042 48.684825 48.511467 48.559621 2.405830e+05
736106 48.540362 48.665562 48.472945 48.540362 1.860714e+05
736110 48.453683 48.492204 48.001024 48.116595 3.341773e+06
736111 48.193645 48.588517 48.155120 48.549992 1.879976e+05
736112 48.453683 48.540363 48.241799 48.521100 2.131346e+05
736113 48.472946 48.521100 48.001024 48.097333 2.824779e+05
736116 48.318846 48.367004 48.029917 48.174383 2.895086e+05
736117 48.116595 48.395895 47.981761 48.261062 2.317224e+05
736118 48.395895 48.713720 48.309216 48.540362 4.823217e+05
736119 48.424788 48.511467 48.126228 48.184012 3.903454e+05
736120 48.453683 48.655934 48.251429 48.424788 3.984355e+05
736123 48.463313 48.511467 48.164749 48.184012 5.806544e+05
736124 48.261062 48.424787 48.020286 48.270691 6.101254e+05
736125 48.482575 49.060435 48.453683 48.944864 7.330172e+05
736126 49.079697 49.204901 48.944864 49.108593 4.802029e+05
736127 49.031544 49.108594 48.829294 48.973756 4.498651e+05
736130 48.781139 48.896709 48.463313 48.771505 3.855299e+05
736131 48.723350 49.098960 48.675196 49.070068 4.932047e+05
736132 49.070068 49.224165 48.877447 48.964126 5.709271e+05
736133 49.147114 49.503465 49.002651 49.416785 8.503231e+05
736134 49.301212 49.330107 49.031544 49.050806 3.684830e+05
736137 49.378260 49.580512 49.330106 49.339736 4.463017e+05
736138 49.464940 49.580511 49.397523 49.513094 3.660752e+05
736139 49.387890 49.493831 49.108593 49.108593 2.964429e+05
736140 49.262690 49.272319 48.781139 48.810030 7.179928e+05
736141 48.924213 49.079037 48.837125 49.020977 2.876813e+05
736144 48.469417 48.672622 47.830771 47.879153 6.463879e+05
736145 48.266214 48.382330 47.879154 48.063005 2.380411e+05
736146 48.701655 48.750037 48.440390 48.691977 3.749631e+05
736147 48.759712 48.798418 48.343624 48.517800 4.541166e+05
736151 48.111391 48.450066 48.004949 48.430712 3.198072e+05
736152 48.392005 48.537154 47.695302 48.517800 2.346543e+05
736153 48.121066 48.179125 47.675948 47.753358 2.322352e+05
736154 48.275889 48.430712 47.966243 48.033977 2.306870e+05
736155 48.614567 48.711330 48.440390 48.633916 1.988514e+05
736158 48.991948 49.127417 48.866153 49.059683 3.523201e+05
736159 48.982269 49.291916 48.933888 49.253213 5.460430e+05
736160 49.446739 49.611241 49.311269 49.533828 2.292355e+05
736161 49.853152 49.959594 49.824125 49.949916 3.750598e+05
736162 49.949916 49.949916 49.630595 49.795093 3.435145e+05
736165 49.949917 50.007977 49.737038 49.891860 3.643189e+05
736166 49.891860 50.085387 49.688652 49.804772 4.070889e+05
736167 49.804771 50.211180 49.795092 50.143446 3.399342e+05
736168 50.278916 50.278916 49.591888 49.708005 4.922418e+05
736169 49.640269 49.669302 49.224181 49.301595 2.198493e+05
736172 49.001623 49.069359 48.837125 48.953242 5.048212e+05
736173 49.224181 49.330623 48.808093 49.137093 7.224449e+05
736174 49.195153 49.572535 49.088712 49.524153 3.296385e+06
736175 49.456418 49.611240 49.320947 49.582213 2.579746e+05
736176 49.601563 49.678977 49.388684 49.446740 1.881105e+05
736179 49.485446 49.553181 49.195153 49.495125 2.649416e+05
736180 49.466094 49.669303 49.349977 49.408037 1.106601e+06
736181 49.678977 49.833800 49.398358 49.514475 4.859521e+05
736182 49.582214 49.620917 49.079036 49.320948 3.811560e+05
736183 49.320948 49.398358 48.991948 49.320948 2.197525e+05
736186 49.678977 49.814447 49.601563 49.804772 2.097858e+05
736187 49.427390 49.572535 49.262889 49.417712 5.308509e+05
736188 49.069358 49.069358 48.333948 49.030651 3.328704e+05
736189 49.059683 49.349976 48.875828 49.156446 2.545878e+05
736190 49.108065 49.543507 49.108065 49.543507 1.748537e+05
736193 49.379006 49.698331 49.185479 49.678977 2.519752e+05
736194 49.620916 49.756386 49.533828 49.620916 2.888425e+05
736195 49.466093 49.785418 49.011302 49.195153 3.337413e+05
736196 48.769391 48.817772 48.217832 48.227507 4.812107e+05
736197 47.704976 47.956566 46.892153 46.892153 5.620091e+05
736200 45.963213 46.195450 30.335721 44.647213 8.272411e+05
736201 45.537450 46.437362 43.979539 43.979539 3.272194e+06
736202 44.850419 45.566479 44.240804 45.498744 6.131009e+05
736203 46.495418 46.737330 45.798716 46.611535 8.173711e+05
736204 46.476065 46.582506 46.195450 46.485743 6.182294e+05
736207 46.272861 46.408330 46.089009 46.176097 4.840168e+05
736208 45.256832 45.411655 44.405302 44.676242 5.392695e+05
736209 45.266507 45.343921 44.724627 45.266507 3.630610e+05
736210 45.411656 45.924508 45.343922 45.498744 2.415246e+05
736211 44.985892 45.024595 44.414981 44.705274 2.800369e+05
736215 45.372948 45.789037 45.237478 45.769683 7.130588e+05
736216 46.147065 46.301888 45.131036 45.227804 3.436113e+05
736217 45.160065 45.750330 45.111683 45.440683 2.207202e+05
736218 45.247152 45.643888 45.140715 45.634213 1.609196e+05
736221 45.614859 45.711627 45.440683 45.547125 1.696284e+05
736222 45.634214 46.292214 45.605185 46.156744 2.647481e+05
736223 46.214799 46.543799 46.011595 46.476065 2.594261e+05
736224 46.418008 46.805065 45.885800 46.001920 3.559004e+05
736225 45.372948 45.672920 45.092330 45.227804 3.125499e+05
736228 45.479391 45.837419 45.450362 45.692274 5.182715e+05
736229 45.169743 45.295538 44.850418 45.082655 2.464596e+05
736230 45.169744 45.334242 44.956860 45.198772 2.138499e+05
736231 44.879450 44.985892 44.550450 44.918153 2.786822e+05
736232 45.431278 45.742851 45.265756 45.421543 3.455542e+05
736235 45.158652 45.178126 44.301825 44.408929 4.410709e+05
736236 44.486821 44.603663 44.175248 44.545242 2.392299e+05
736237 44.993128 45.119705 44.623137 45.071023 1.935649e+05
736238 45.197596 45.285226 44.662081 45.148914 3.709669e+05
736239 44.438138 45.187862 43.892888 45.187862 3.454569e+05
736242 45.460488 46.171263 45.460488 46.122581 2.484797e+05
736243 46.103105 46.190736 45.869428 45.908376 2.444877e+05
736244 46.190737 46.492575 46.015476 46.375736 1.715600e+05
736245 46.268631 46.697043 46.171262 46.648361 1.672759e+05
736246 46.735992 46.784674 46.249159 46.414680 1.853861e+05
736249 46.414679 46.541257 46.288105 46.531522 1.397211e+05
736250 46.297840 46.609414 46.161528 46.190737 1.864571e+05
736251 46.161528 46.219949 45.635747 45.713642 1.884045e+05
736252 45.957059 46.687309 45.937585 46.667835 3.701880e+05
736253 46.804148 46.959935 46.667835 46.872304 1.665943e+05
736256 46.658096 46.989143 46.638627 46.920987 1.748705e+05
736257 46.950199 47.232559 46.901513 47.154668 4.519760e+05
736258 47.290982 47.368877 46.755465 46.784674 1.899623e+05
736259 46.998881 47.660976 46.998881 47.475976 5.050408e+05
736260 47.797288 47.953075 47.592819 47.923866 2.711661e+05
736263 47.904392 47.904392 47.612293 47.797288 1.745784e+05
736264 47.602553 47.612293 47.320189 47.466241 1.758442e+05
736265 47.631763 48.595695 47.573346 48.566486 3.445806e+05
736266 48.449643 48.673590 48.235439 48.381487 2.175171e+05
736267 48.430173 48.430173 47.719393 47.738867 2.230670e+05
736270 47.816762 48.605429 47.748606 48.527538 1.959991e+05
736271 48.430173 48.615168 48.245174 48.469117 3.050497e+05
736272 48.576220 48.576220 48.245174 48.323069 1.783757e+05
736273 48.342543 48.673590 48.313330 48.615168 1.557866e+05
736274 49.433047 49.491469 48.829376 49.004636 5.961760e+05
736277 49.160423 49.160423 48.225700 48.430173 6.256781e+05
736278 48.371751 48.673590 48.293856 48.644377 2.345563e+05
736279 48.790429 48.887794 48.508065 48.566486 2.944367e+05
736280 48.323069 48.352278 47.787553 47.797288 2.224828e+05
736281 47.680449 47.865444 47.281245 47.378611 7.144765e+05
736284 47.310455 47.943340 47.193616 47.943340 3.119627e+05
736285 48.021232 48.323070 47.807023 47.845971 2.495507e+05
736286 47.992022 48.663851 47.962809 48.624903 3.466253e+05
736287 48.673590 48.780689 48.537272 48.693059 3.243283e+05
736288 48.868320 48.985162 48.722272 48.809902 3.489621e+05
736291 48.907268 49.014372 48.673590 48.741746 3.760300e+05
736292 48.439908 48.761220 48.206226 48.634642 2.924894e+05
736293 48.673590 48.741745 48.576220 48.693059 1.812967e+05
736295 48.722272 48.907268 48.595694 48.868320 1.069086e+05
736298 48.955950 49.004636 48.732007 48.751481 3.437043e+05
736299 48.946214 49.296735 48.897532 49.277262 5.700817e+05
736300 49.364892 49.364892 48.595694 48.634642 6.295728e+05
736301 48.868321 48.868321 47.816763 47.923866 3.748616e+05
736302 48.108861 49.111737 48.099127 49.024106 3.024208e+05
736305 48.955950 48.955950 48.352278 48.615168 3.131311e+05
736306 48.254912 48.381487 47.914127 48.021231 3.266651e+05
736307 47.845970 48.274386 47.242298 47.495450 5.363929e+05
736308 47.534398 47.914127 47.359137 47.485715 3.408806e+05
736309 46.940460 47.135195 46.307579 46.541257 4.661915e+05
736312 46.609413 46.872303 46.093371 46.560731 3.677538e+05
736313 47.076774 47.748607 46.852831 47.563607 3.054879e+06
736314 47.933601 48.381487 47.524662 48.293856 5.976365e+05
736315 48.527538 48.527538 47.602554 47.631763 4.721309e+05
736316 47.475976 47.475976 46.570470 46.580205 7.022083e+05
736319 46.901513 47.096248 46.580205 46.940461 6.404778e+05
736320 47.174143 47.437033 46.823622 47.339664 4.103031e+05
736321 47.640855 47.925363 47.464262 47.915554 3.271875e+05
736322 47.856688 48.131390 47.778204 47.895932 1.969992e+05
736326 47.758582 47.876310 47.483884 47.866501 3.162976e+05
736327 48.151013 48.396281 48.072525 48.357037 2.939292e+05
736328 48.347225 48.366846 47.954798 47.984229 4.117559e+05
736329 47.817449 48.092147 47.532937 47.532937 3.526954e+05
736333 46.689214 46.699023 46.179057 46.659783 6.519223e+05
736334 46.767697 46.924672 46.483189 46.836376 3.417074e+05
736335 46.247730 46.473377 46.002462 46.188869 5.933523e+05
736336 45.354956 45.688520 44.844797 44.923285 8.268474e+05
736337 45.354956 45.394199 44.158046 44.207103 4.884953e+06
736340 44.491611 44.560286 43.932401 44.344453 7.030362e+05
736341 44.805554 44.805554 43.981457 44.511233 4.494291e+05
736342 44.766314 44.805554 43.196597 43.343759 5.619580e+05
736343 43.510540 44.020698 43.029817 43.706755 5.430233e+05
736344 42.549089 42.931706 42.215525 42.794357 9.108272e+05
736348 43.216219 43.343759 42.470606 42.725683 7.496371e+05
736349 41.911395 42.372497 40.998998 41.901582 6.788037e+05
736350 41.970257 42.509850 41.666127 41.764233 5.160438e+05
736351 42.333256 42.755117 42.313634 42.617764 4.613981e+05
736354 42.480414 42.558902 41.646505 41.675936 1.420788e+06
736355 41.852530 42.598142 41.852530 42.500037 7.435544e+05
736356 42.431362 43.039625 42.048745 42.313634 3.960587e+05
736357 42.647198 42.725682 42.176285 42.372496 5.901148e+05
736358 42.549089 43.500730 42.549089 43.490921 6.342630e+05
736361 43.294706 43.569405 43.010194 43.324137 5.364501e+05
736362 42.853222 42.980762 42.166472 42.294012 4.664997e+05
736363 42.470606 42.509850 41.234453 42.323443 1.015704e+06
736364 42.146850 42.921898 42.087989 42.666821 7.160844e+05
736365 42.627578 42.774736 41.960448 42.038932 6.105211e+05
736368 41.538587 41.538587 40.479027 41.008807 2.336815e+06
736369 40.390730 41.136347 40.322055 40.842026 1.484754e+06
736370 41.126535 41.636693 40.724295 40.734108 1.175913e+06
736371 39.792279 39.998303 39.331174 39.615686 1.792909e+06
736372 40.253381 41.057859 40.233758 41.048050 1.372618e+06
736376 41.656313 41.911394 41.332562 41.813285 8.448992e+05
736377 42.264581 42.539281 42.186094 42.313634 7.015645e+05
736378 42.382309 42.382309 41.931017 42.107606 4.762123e+05
736379 41.901582 42.284199 41.754423 42.176285 3.813427e+05
736382 42.627577 42.912089 42.627577 42.755117 3.374887e+05
736383 42.607955 42.627577 42.019314 42.078175 3.630947e+05
736384 41.607261 42.107605 41.165777 42.048744 3.212030e+05
736385 42.019314 42.647199 41.852530 42.647199 5.724555e+05
736386 42.882654 43.206410 42.735495 42.882654 3.804597e+05
736389 42.823792 43.029816 42.382309 42.382309 4.198007e+05
736390 42.735495 43.824482 42.735495 43.795051 7.209898e+05
736391 43.795050 44.265965 43.775429 44.265965 1.031499e+06
736392 44.265966 44.609343 44.069750 44.609343 4.047903e+05
736393 44.766313 44.962529 44.462180 44.746692 6.066949e+05
736396 44.511234 44.825177 44.383697 44.776123 5.239905e+05
736397 44.462180 44.550477 44.001074 44.050132 6.601633e+05
736398 44.236534 44.315018 43.952022 44.089372 6.151321e+05
736399 44.324830 44.521046 43.549783 44.059941 4.761142e+05
736400 44.521046 45.227415 44.501425 45.188175 3.288553e+05
736403 45.080257 45.148931 44.776123 45.011582 2.814695e+05
736404 44.687827 44.923286 44.589722 44.903664 3.125695e+05
736405 44.717261 45.129309 44.599529 44.923285 4.952451e+05
736406 44.844798 45.590414 44.638774 45.462874 5.163382e+05
736407 45.767009 46.061329 45.659090 45.855305 4.340262e+05
736410 45.797257 46.033378 45.590654 45.767743 2.726191e+05
736411 45.472595 45.816934 45.374210 45.679198 3.802501e+05
736412 45.570977 45.610331 45.265988 45.265988 3.063645e+05
736413 44.980681 45.039708 44.626502 45.029871 4.508890e+05
736417 45.167607 45.315183 44.980681 45.187284 2.809817e+05
736418 45.039708 45.443078 44.833105 45.433241 3.620492e+05
736419 45.639844 45.974347 45.610331 45.679198 3.230896e+05
736420 45.570977 45.816934 45.511945 45.610331 3.294845e+05
736421 45.384050 45.964510 45.216797 45.905479 5.186749e+05
736424 45.895643 45.964510 45.600490 45.669358 2.604196e+05
736425 45.285665 45.334860 45.000358 45.049548 3.418807e+05
736426 45.000358 45.325020 44.872459 45.295506 3.443403e+05
736427 44.961004 45.010194 44.252646 44.469089 4.092730e+05
736428 44.724883 45.079063 44.577311 44.656015 3.854644e+05
736431 44.852781 45.226637 44.783913 44.813427 4.580710e+05
736432 44.901971 45.443077 44.793750 45.403727 6.157788e+05
736433 45.816934 46.367879 45.787420 46.358039 7.482022e+05
736434 46.220304 46.663027 46.151436 46.417070 4.748944e+05
736435 46.535129 46.544969 46.279335 46.348203 4.492165e+05
736438 46.171113 46.663027 46.141600 46.653187 3.560479e+05
736439 46.761409 47.135265 46.731895 47.086075 4.916195e+05
736440 47.164780 47.509122 47.125430 47.440254 3.080370e+05
736441 47.440253 47.548476 46.859794 46.958176 3.700182e+05
736442 46.997529 47.459931 46.997529 47.391059 2.915086e+05
736445 47.233646 47.302518 46.987689 47.302518 2.805881e+05
736446 47.381223 47.656694 47.312355 47.607503 4.197016e+05
736447 47.627180 47.794433 47.420577 47.666534 4.122245e+05
736448 47.332033 47.676371 47.066398 47.213974 3.870385e+05
736449 47.007367 47.125429 46.574483 46.908985 4.408539e+05
736452 47.017208 47.469768 46.938499 47.400900 4.734187e+05
736453 46.908985 46.908985 46.417070 46.810604 5.769176e+05
736454 46.397393 46.751572 46.338362 46.554806 3.395195e+05
736455 46.663028 46.810604 46.436748 46.544969 3.830048e+05
736456 46.259658 46.790927 46.239981 46.771250 3.102014e+05
736459 46.751572 46.928663 46.554807 46.771250 2.481218e+05
736460 46.928663 47.341869 46.928663 47.341869 3.458160e+05
736461 47.233647 47.312355 46.810604 46.830277 2.987890e+05
736462 47.036883 47.125429 46.603996 46.889308 3.189575e+05
736463 46.771249 46.987689 46.269494 46.358039 3.495546e+05
736466 46.348202 46.840117 46.348202 46.633514 2.129007e+05
736467 46.535129 46.682705 46.112082 46.239981 3.745438e+05
736468 46.121922 47.056561 46.121922 46.987689 5.768585e+06
736469 46.751572 46.977852 46.269494 46.564646 6.633961e+05
736470 46.761409 47.135265 46.751572 46.918822 3.128577e+05
736473 46.899144 47.017206 46.722058 46.840117 3.005599e+05
736474 47.066398 47.676371 47.066398 47.607503 4.831586e+05
736475 47.764915 48.227316 47.764915 48.040390 5.262503e+05
736476 48.109258 48.109258 47.755079 47.833783 3.701166e+05
736477 47.882973 48.168285 47.873137 48.168285 2.713401e+05
736481 48.335539 48.355217 47.922329 48.099418 4.761734e+05
736482 47.764916 48.256831 47.587827 48.227317 3.543753e+05
736483 48.119095 48.335539 47.942006 48.306021 2.754722e+05
736484 47.794434 47.843624 47.263165 47.735402 4.222596e+05
736487 47.774756 48.178126 47.764916 48.010873 3.108901e+05
736488 48.060063 48.138772 47.882974 47.882974 2.805881e+05
736489 47.853460 48.050226 47.853460 48.001036 2.908200e+05
736490 47.764916 47.794434 47.469768 47.725562 2.771447e+05
736491 47.233646 47.332032 46.987689 47.135265 3.127594e+05
736494 46.908985 47.332033 46.741732 46.771250 2.981987e+05
736495 46.613836 46.761409 45.885801 46.102245 2.875733e+05
736496 46.230144 46.692541 46.161272 46.190790 3.252540e+05
736497 45.895643 46.308849 45.600490 46.308849 3.587042e+05
736498 46.308849 46.436748 46.043214 46.249817 2.492040e+05
736501 46.790926 47.194296 46.525292 46.554806 2.473347e+05
736502 46.696339 46.844803 46.488493 46.735930 2.732696e+05
736503 46.735930 47.052650 46.646853 46.686440 8.595967e+05
736504 47.201110 47.626702 47.201110 47.616806 3.497772e+05
736505 45.251307 46.260851 45.251307 45.280998 1.301420e+06
736508 44.746533 44.964279 43.796375 44.053708 1.118713e+06
736509 44.766329 45.122639 44.489200 45.112743 8.186211e+05
736510 45.518540 46.132183 45.370076 46.132183 7.482499e+05
736511 46.290541 46.874494 46.062900 46.874494 9.339268e+05
736512 46.755725 46.943776 46.577570 46.666648 4.556803e+05
736516 46.300439 46.320234 45.815464 46.023310 6.403673e+05
736517 45.746181 46.221260 45.617513 46.191565 4.472674e+05
736518 46.221260 46.528079 46.003514 46.221260 2.867302e+05
736519 46.716135 47.121932 46.716135 47.042750 4.803250e+05
736522 47.260495 47.507932 47.201109 47.369368 2.542664e+05
736523 47.636601 47.983012 47.587114 47.943421 4.758711e+05
736524 47.913729 48.002806 47.705883 47.953320 2.799801e+06
736525 48.982660 49.012351 48.230450 48.260140 4.248991e+05
736526 48.517477 48.517477 47.983012 48.260140 3.865958e+05
736529 48.270039 48.448194 48.230449 48.398708 4.350935e+05
736530 48.220552 48.438295 48.151271 48.438295 2.073523e+05
736531 48.586758 48.586758 48.299730 48.487785 2.455566e+05
736532 48.487786 48.527373 48.260140 48.339322 2.240791e+05
736533 48.378912 48.695631 48.339321 48.646145 3.486884e+05
736536 48.646146 48.675836 48.438296 48.547168 4.193565e+05
736537 48.497682 48.665937 48.428399 48.586759 3.111770e+05
736538 48.566963 48.705527 48.418499 48.566963 2.329868e+05
736539 48.467990 48.794605 48.299731 48.705528 3.241427e+05
736540 48.517477 48.883683 48.517477 48.705528 2.391233e+05
736543 48.685733 48.893584 48.477887 48.557068 2.157652e+05
736544 48.448195 48.586759 48.032499 48.121576 4.829973e+05
736545 48.141372 48.557068 48.141372 48.557068 2.512972e+05
736546 48.487785 48.606554 48.349217 48.458090 1.969600e+05
736547 48.804505 49.299379 48.755014 49.279584 2.948461e+05
736550 49.368661 49.487430 49.259788 49.329070 2.617885e+05
736551 49.309275 49.437943 49.279584 49.388457 2.649557e+05
736552 49.378557 49.418148 48.982660 49.081633 2.169529e+05
736553 49.150915 49.190506 48.952964 49.071737 2.402120e+05
736554 48.844092 49.051942 48.794605 48.992556 3.958994e+05
736557 49.121224 49.348866 49.121224 49.279584 4.301447e+05
736558 49.160810 49.230097 49.071737 49.111324 2.722798e+05
736559 49.081634 49.269685 48.982661 49.249889 2.421915e+05
736560 49.170711 49.338966 49.071738 49.259788 1.912194e+05
736561 49.150915 49.220197 48.952964 49.190506 3.232519e+05
736564 49.150916 49.259788 49.022248 49.249889 1.729091e+05
736565 49.388457 49.527021 49.319175 49.338966 2.270483e+05
736566 49.358761 49.437943 49.190506 49.269684 1.886461e+05
736567 49.230098 49.497326 49.230098 49.418148 2.228914e+05
736568 49.517122 49.794253 49.160811 49.418148 4.884409e+05
736571 49.507225 50.021895 49.507225 49.873431 3.248355e+05
736572 49.922919 50.249537 49.873432 50.249537 5.744501e+05
736573 50.299024 50.318819 49.922919 50.279228 4.805229e+05
736574 50.368305 50.477178 49.645790 50.041690 1.015185e+06
736575 50.160460 50.338615 49.992200 50.328715 4.440012e+05
736579 50.328715 50.328715 49.695276 50.031791 5.835558e+05
736580 49.932817 50.140663 49.794252 50.091177 3.384940e+05
736581 50.081277 50.279227 49.972408 50.130768 3.197878e+05
736582 49.913021 50.160458 49.437943 49.437943 8.454432e+05
736585 49.121224 50.031790 48.853991 49.922918 6.771860e+05
736586 49.398353 49.418148 48.883683 49.131120 1.441866e+06
736587 49.091529 49.408249 48.794606 48.883683 5.213996e+05
736588 48.784710 49.378557 48.745119 49.299379 9.013641e+05
736589 49.012351 49.111325 48.636246 48.764914 8.688013e+05
736592 48.972761 49.398352 48.863887 49.042042 2.801978e+05
736593 49.381539 49.451230 49.033082 49.062949 3.508479e+05
736594 49.252115 49.451231 48.953433 49.381539 5.184066e+05
736595 49.570705 49.720043 49.451231 49.620484 2.600496e+05
736596 49.431322 49.630437 49.252114 49.272027 9.898112e+06
736599 48.963391 48.963391 48.435727 48.505418 7.988659e+05
736600 48.366035 48.883741 48.226649 48.863833 6.364843e+05
736601 49.013170 49.192377 48.654754 49.152552 5.926780e+05
736602 49.132639 49.361630 48.256518 48.475547 7.097601e+05
736603 48.714491 49.361630 48.644800 49.142598 3.968444e+05
736606 48.963391 49.132640 48.734405 48.903654 4.641467e+05
736607 48.993258 49.381539 48.814050 49.112732 5.218912e+05
736608 49.301893 49.919162 49.222245 49.829558 3.459695e+05
736609 49.849471 49.949028 49.501013 49.799691 5.519582e+05
736610 49.769824 49.939074 49.520926 49.869382 3.844990e+05
736613 49.869382 50.327355 49.869382 50.138194 5.632084e+05
736614 50.028677 50.138194 49.371584 49.600571 6.095036e+05
736615 49.600571 49.919161 49.570704 49.680221 4.910277e+05
736616 49.242156 49.311847 48.664712 49.152552 4.186479e+05
736617 49.670262 49.809645 49.222244 49.361630 4.670339e+05
736620 49.401452 49.501013 49.052994 49.162511 3.632928e+05
736621 49.640396 49.739954 49.341718 49.491055 5.143247e+05
736622 49.620483 50.048590 49.580659 49.949028 3.198849e+05
736623 49.899249 50.197927 49.710087 49.859428 3.633924e+05
736624 49.570704 49.929120 49.520926 49.899249 9.969894e+05
736627 50.128235 50.277576 50.038631 50.108327 4.437369e+05
736628 50.038632 50.178019 49.869382 49.968941 3.109245e+05
736629 49.799690 50.317401 49.779778 50.227797 3.522417e+05
736630 50.426917 50.526475 50.128235 50.267622 4.441352e+05
736631 50.357226 50.397046 49.720042 50.058544 3.488567e+05
736634 50.237751 50.317401 50.048589 50.058544 3.127166e+05
736635 50.158105 50.287530 49.411409 49.819603 5.860075e+05
736636 49.660308 49.660308 49.222244 49.411409 7.648165e+05
736637 49.491055 49.879336 49.381538 49.491055 3.537351e+05
736638 49.550792 49.749912 49.142599 49.301893 3.177941e+05
736641 50.168061 50.536430 50.128236 50.536430 4.492127e+05
736642 50.377134 50.775374 50.078456 50.556342 3.713571e+05
736643 51.422513 52.866123 51.103923 52.597316 2.531401e+06
736644 53.463484 54.698020 53.204627 54.478991 2.381962e+06
736645 54.299783 54.887185 54.110617 54.847360 1.650001e+06
736648 55.424804 56.480137 55.275466 56.052030 1.789782e+06
736649 55.892735 56.131680 55.086306 56.131680 1.605000e+06
736650 55.693616 55.693616 55.255555 55.414850 8.997197e+05
736651 55.514408 56.141634 55.305333 56.081901 7.768632e+05
736652 56.151592 56.330799 55.872822 56.201371 6.427565e+05
736655 56.500049 56.549828 56.022163 56.350708 8.255479e+05
736656 56.689210 56.689210 56.131679 56.480136 9.792678e+05
736657 56.659344 57.206920 56.340753 56.788772 6.729230e+05
736659 56.928155 56.938110 56.669298 56.918197 6.122913e+05
736662 56.619519 56.758901 56.071942 56.171500 5.750560e+05
736663 56.261104 56.539874 56.151593 56.340754 5.316480e+05
736664 57.047625 57.147187 56.838551 56.987892 1.240612e+06
736665 57.415995 58.023309 57.246746 57.834147 1.525750e+06
736666 57.764455 57.824193 57.107363 57.326395 9.207268e+05
736669 57.814235 58.192562 57.754497 58.003396 1.008538e+06
736670 58.321990 58.610710 57.893884 58.610710 1.107899e+06
736671 58.730185 59.486836 58.570890 59.447011 1.213930e+06
736672 59.785514 60.402782 59.456969 60.124016 1.228167e+06
736673 60.143928 60.223578 59.705867 60.223578 1.416235e+06
736676 60.163840 60.263399 59.427099 59.576439 1.103817e+06
736677 59.745688 60.024457 59.218024 59.675997 1.667523e+06
736678 59.310001 60.200001 59.110001 59.320000 1.294100e+06
736679 59.639999 60.320000 59.459999 59.880001 1.406300e+06
736680 60.169998 60.389999 59.320000 59.410000 8.363000e+05
736683 59.500000 59.590000 59.020000 59.570000 1.283300e+06
736684 59.900002 60.240002 59.820000 60.240002 1.265800e+06
736685 60.279999 60.279999 59.889999 60.090000 9.481000e+05
736686 59.980000 60.080002 59.730000 59.919998 1.037100e+06
736687 59.919998 60.040001 59.810001 60.040001 6.462000e+05
736691 60.209999 60.250000 60.060001 60.160000 6.743000e+05
736692 60.240002 60.299999 59.509998 59.549999 6.524000e+05
736693 59.599998 59.689999 58.930000 59.169998 6.445000e+05
736694 59.360001 59.470001 59.110001 59.349998 7.489000e+05
736698 60.040001 60.299999 59.299999 59.799999 1.616200e+06
736699 60.000000 60.529999 59.990002 60.470001 1.065000e+06
736700 60.330002 60.349998 59.310001 59.810001 1.238000e+06
736701 60.080002 60.259998 59.759998 60.049999 9.097000e+05
736704 59.869999 59.900002 59.450001 59.540001 8.377000e+05
736705 59.610001 60.160000 59.380001 59.810001 8.165000e+05
736706 59.820000 60.099998 59.459999 60.090000 6.882000e+05
736707 59.980000 59.980000 59.060001 59.590000 1.255600e+06
736708 60.040001 60.590000 59.689999 59.950001 1.072400e+06
736712 59.540001 59.549999 58.490002 58.590000 1.011100e+06
736713 58.799999 59.070000 58.259998 59.060001 6.329000e+05
736714 59.180000 59.250000 58.549999 58.740002 5.203000e+05
736715 58.880001 59.209999 58.740002 59.000000 6.826000e+05
736718 58.889999 59.130001 58.470001 58.740002 2.927200e+06
736719 58.900002 59.650002 58.740002 59.439999 8.250000e+05
736720 60.020000 60.410000 59.840000 60.330002 1.111100e+06
736721 60.520000 60.650002 60.230000 60.520000 1.112800e+06
736722 60.509998 60.540001 60.110001 60.220001 9.835000e+05
736725 59.950001 59.950001 59.189999 59.730000 9.501000e+05
736726 59.560001 59.889999 59.090000 59.439999 1.203500e+06
736727 59.980000 60.240002 59.340000 59.500000 1.457200e+06
736728 59.209999 59.580002 58.950001 59.250000 1.058300e+06
736729 60.220001 60.509998 59.799999 60.430000 1.060400e+06
736732 60.259998 60.630001 60.080002 60.220001 9.610000e+05
736733 60.540001 60.650002 59.990002 60.080002 9.489000e+05
736734 59.959999 59.980000 59.369999 59.650002 1.211800e+06
736735 59.650002 60.500000 59.650002 60.450001 1.059300e+06
736736 60.779999 60.810001 60.419998 60.619999 8.534000e+05
736739 60.939999 61.549999 60.889999 61.250000 1.256100e+06
736740 61.250000 62.020000 61.130001 61.970001 1.298600e+06
736741 62.200001 62.509998 61.820000 62.400002 1.273500e+06
736742 62.400002 62.450001 61.930000 62.340000 1.423500e+06
736743 61.950001 62.290001 61.750000 62.290001 1.113500e+06
736747 62.610001 62.709999 62.369999 62.560001 1.446300e+06
736748 62.410000 62.810001 62.250000 62.650002 1.135000e+06
736749 62.750000 62.810001 62.290001 62.720001 1.134900e+06
736750 62.119999 62.340000 61.950001 62.259998 1.102900e+06
736753 62.270000 62.599998 62.259998 62.520000 1.494000e+06
736754 62.299999 62.380001 61.980000 62.320000 1.312500e+06
736755 63.540001 64.160004 63.450001 63.990002 1.492400e+06
736756 64.169998 64.199997 62.990002 63.020000 1.704500e+06
736757 63.000000 63.400002 63.000000 63.240002 1.182700e+06
736760 62.939999 63.259998 62.540001 62.860001 1.203700e+06
736761 62.830002 62.900002 62.480000 62.619999 1.657000e+06
736762 63.270000 63.430000 62.549999 62.580002 1.686700e+06
736763 62.770000 63.090000 62.500000 62.730000 1.405400e+06
736764 63.110001 63.189999 62.279999 62.730000 1.243300e+06
