736034 18.505329 18.505329 18.317807 18.317807 5.921705e+02
736035 18.485589 18.505328 18.446112 18.505328 1.184341e+03
736036 18.505328 18.505328 18.505328 18.505328 1.283036e+03
736039 18.505328 18.505328 18.505328 18.505328 0.000000e+00
736040 18.505328 18.505328 18.505328 18.505328 0.000000e+00
736041 18.505328 18.505328 18.505328 18.505328 0.000000e+00
736042 18.505328 18.505328 18.505328 18.505328 0.000000e+00
736043 18.505328 18.505328 18.505328 18.505328 0.000000e+00
736046 18.505328 18.505328 18.505328 18.505328 0.000000e+00
736047 18.505328 18.505328 18.505328 18.505328 0.000000e+00
736048 18.505328 18.505328 18.505328 18.505328 5.921705e+02
736049 18.505328 18.505328 18.505328 18.505328 0.000000e+00
736050 18.505328 18.505328 18.505328 18.505328 0.000000e+00
736053 18.505328 18.505328 18.505328 18.505328 1.973902e+02
736054 18.505328 18.505328 18.505328 18.505328 1.579121e+03
736055 18.505328 18.505328 18.505328 18.505328 7.895607e+02
736056 18.505328 18.505328 18.505328 18.505328 0.000000e+00
736060 18.228980 18.505327 18.051331 18.248720 3.355633e+03
736061 18.248720 18.248720 18.248720 18.248720 0.000000e+00
736062 18.505328 18.505328 18.307937 18.307937 7.895607e+02
736063 18.307937 18.307937 18.307937 18.307937 0.000000e+00
736064 18.258590 18.258590 18.258590 18.258590 9.869508e+01
736067 18.110548 18.258590 18.080939 18.080939 6.908656e+02
736068 18.080939 18.080939 18.080939 18.080939 0.000000e+00
736069 18.258590 18.643500 18.258590 18.643500 3.849108e+03
736070 18.455981 18.643500 18.455981 18.613893 2.072597e+03
736071 18.613893 18.613893 18.613893 18.613893 0.000000e+00
736074 18.534937 18.534937 18.534937 18.534937 3.947803e+02
736075 18.554674 18.554674 18.505327 18.534937 1.677816e+03
736076 18.505328 18.505328 18.505328 18.505328 9.869508e+01
736077 18.505328 18.554675 18.505328 18.554675 9.869509e+02
736078 18.653370 18.653370 18.653370 18.653370 9.869508e+01
736081 18.515198 18.515198 18.505328 18.505328 4.934754e+02
736082 18.505328 18.505328 18.505328 18.505328 0.000000e+00
736083 18.505328 18.505328 18.505328 18.505328 0.000000e+00
736084 18.505328 18.505328 18.505328 18.505328 9.869508e+01
736085 18.653370 18.653370 18.643500 18.643500 4.934754e+02
736088 18.643500 18.643500 18.643500 18.643500 0.000000e+00
736089 18.604023 18.742196 18.604023 18.742196 5.921705e+02
736090 18.604023 18.613893 18.604023 18.613893 3.947803e+02
736091 18.613894 18.613894 18.505328 18.505328 6.908656e+02
736092 18.505328 18.604023 18.465849 18.604023 4.836059e+03
736095 18.604023 18.604023 18.604023 18.604023 0.000000e+00
736096 18.554675 18.554675 18.554675 18.554675 9.869509e+01
736097 18.554675 18.554675 18.554675 18.554675 9.869509e+01
736098 18.525067 18.525067 18.495458 18.505328 1.875207e+03
736099 18.544806 18.752065 18.544806 18.692849 1.095515e+04
736102 19.719277 19.719277 18.653370 19.117238 4.046498e+03
736103 19.117238 19.117238 19.117238 19.117238 0.000000e+00
736104 19.117238 19.117238 19.117238 19.117238 0.000000e+00
736105 19.117238 19.117238 19.117238 19.117238 0.000000e+00
736106 18.979063 19.235671 18.979063 19.225801 4.934754e+02
736110 18.752065 18.752065 18.752065 18.752065 4.934754e+03
736111 18.840891 18.840891 18.761935 18.761935 2.960852e+02
736112 18.752065 18.752065 18.712586 18.752065 2.467377e+03
736113 18.702719 18.702719 18.702719 18.702719 5.921705e+02
736116 18.762030 18.781800 18.762030 18.781800 2.471289e+03
736117 18.564327 18.564327 18.564327 18.564327 5.931095e+02
736118 18.564327 18.564327 18.564327 18.564327 0.000000e+00
736119 18.564327 18.564327 18.564327 18.564327 0.000000e+00
736120 18.564328 18.584096 18.564328 18.584096 1.383922e+03
736123 18.554441 18.979504 18.554441 18.564327 2.372438e+03
736124 18.781800 18.781800 18.584096 18.584096 1.087367e+03
736125 18.584096 18.584096 18.584096 18.584096 0.000000e+00
736126 18.781800 18.781800 18.781800 18.781800 1.383922e+03
736127 18.732375 18.732375 18.732375 18.732375 1.977032e+02
736130 18.781800 18.821342 18.742258 18.781800 1.018171e+04
736131 18.781800 19.355139 18.534671 19.355139 9.292048e+03
736132 18.841111 19.750546 18.841111 19.661579 7.908127e+03
736133 20.353540 20.353540 19.869167 20.165722 2.965547e+03
736134 19.137666 20.136067 19.058585 19.058585 9.193197e+03
736137 19.276058 19.345254 19.276058 19.335368 4.942579e+02
736138 19.384796 19.770316 19.226633 19.760431 4.250618e+03
736139 19.760431 19.760431 19.760431 19.760431 9.885158e+01
736140 19.325483 19.325483 19.325483 19.325483 9.885158e+01
736141 19.335368 19.770316 19.335368 19.730774 1.285071e+03
736144 19.770316 19.770316 19.078354 19.730774 9.786306e+03
736145 19.374910 19.770316 19.374910 19.770316 4.942579e+02
736146 19.740659 19.750545 19.631924 19.750545 8.896642e+02
736147 19.750545 19.750545 19.750545 19.750545 0.000000e+00
736151 19.750545 19.750545 19.750545 19.750545 0.000000e+00
736152 19.750545 19.750545 19.750545 19.750545 0.000000e+00
736153 19.108010 19.108010 19.108010 19.108010 1.977032e+02
736154 19.740659 19.740659 19.404563 19.503416 6.919610e+02
736155 19.661579 19.661579 19.661579 19.661579 1.977032e+02
736158 19.740659 19.760431 19.720891 19.720891 5.931095e+02
736159 19.770316 19.770316 19.770316 19.770316 4.942579e+02
736160 19.948249 20.027330 19.948249 20.027330 1.977032e+02
736161 20.027330 20.027330 20.027330 20.027330 0.000000e+00
736162 20.027330 20.027330 20.027330 20.027330 0.000000e+00
736165 20.027330 20.027330 20.027330 20.027330 0.000000e+00
736166 19.977903 19.997674 19.968020 19.968020 2.668993e+03
736167 19.968020 19.968020 19.968020 19.968020 0.000000e+00
736168 19.622039 19.968020 19.523187 19.770316 1.977032e+03
736169 20.096526 20.096526 20.096526 20.096526 9.885158e+01
736172 20.096526 20.096526 20.096526 20.096526 0.000000e+00
736173 19.720891 19.720891 19.720891 19.720891 1.977032e+02
736174 19.542958 19.542958 19.542958 19.542958 3.954063e+02
736175 19.187091 19.187091 19.157435 19.157435 1.581625e+03
736176 19.276058 19.276058 19.276058 19.276058 5.931095e+02
736179 19.276058 19.276058 19.276058 19.276058 0.000000e+00
736180 19.542958 19.542958 19.542958 19.542958 1.977032e+02
736181 19.542958 19.542958 19.542958 19.542958 0.000000e+00
736182 19.523187 19.523187 19.078354 19.078354 7.908126e+02
736183 19.078354 19.078354 19.078354 19.078354 9.885158e+01
736186 19.078354 19.078354 19.078354 19.078354 0.000000e+00
736187 19.078354 19.078354 19.078354 19.078354 1.383922e+03
736188 19.078354 19.078354 19.078354 19.078354 0.000000e+00
736189 19.276058 19.276058 19.276058 19.276058 4.942579e+02
736190 19.276058 19.276058 19.276058 19.276058 0.000000e+00
736193 18.623638 19.078354 18.584096 19.078354 3.954063e+02
736194 19.078354 19.078354 19.078354 19.078354 0.000000e+00
736195 19.078354 19.078354 19.078354 19.078354 0.000000e+00
736196 19.078354 19.078354 19.078354 19.078354 0.000000e+00
736197 19.078354 19.078354 19.078354 19.078354 0.000000e+00
736200 18.534671 19.523187 18.534671 19.473762 2.866696e+03
736201 19.473762 19.473762 19.473762 19.473762 0.000000e+00
736202 19.325483 19.325483 19.325483 19.325483 9.885158e+01
736203 19.276058 19.285943 19.276058 19.276058 1.186219e+03
736204 19.276058 19.276058 19.276058 19.276058 0.000000e+00
736207 18.612731 19.305759 18.612731 19.305759 2.970117e+02
736208 19.305759 19.305759 19.305759 19.305759 0.000000e+00
736209 19.305759 19.305759 19.305759 19.305759 0.000000e+00
736210 18.563230 19.206755 18.563230 19.206755 2.970117e+02
736211 19.206755 19.206755 19.206755 19.206755 0.000000e+00
736215 19.206755 19.206755 19.206755 19.206755 0.000000e+00
736216 19.206755 19.206755 19.206755 19.206755 0.000000e+00
736217 19.256258 19.256258 19.256258 19.256258 9.900389e+01
736218 19.256258 19.256258 19.256258 19.256258 0.000000e+00
736221 19.256258 19.256258 19.256258 19.256258 0.000000e+00
736222 19.256258 19.256258 19.256258 19.256258 0.000000e+00
736223 19.256258 19.256258 19.256258 19.256258 0.000000e+00
736224 19.256258 19.256258 19.256258 19.256258 0.000000e+00
736225 18.612731 18.612731 18.612731 18.612731 3.960156e+02
736228 18.909744 18.909744 18.909744 18.909744 5.940234e+02
736229 18.909744 18.909744 18.909744 18.909744 0.000000e+00
736230 18.949345 18.949345 18.949345 18.949345 1.980078e+02
736231 18.949345 18.949345 18.949345 18.949345 0.000000e+00
736232 18.949345 18.949345 18.949345 18.949345 0.000000e+00
736235 18.949345 18.949345 18.949345 18.949345 0.000000e+00
736236 18.949345 18.949345 18.949345 18.949345 0.000000e+00
736237 18.949345 18.949345 18.949345 18.949345 0.000000e+00
736238 18.949345 18.949345 18.949345 18.949345 0.000000e+00
736239 18.810740 18.810740 18.810740 18.810740 1.980078e+02
736242 18.909744 19.206755 18.909744 18.969146 2.574101e+03
736243 18.969146 18.969146 18.969146 18.969146 0.000000e+00
736244 18.969146 18.969146 18.969146 18.969146 0.000000e+00
736245 18.810740 18.860241 18.810740 18.810740 1.782070e+03
736246 18.810740 18.810740 18.810740 18.810740 0.000000e+00
736249 18.810740 18.810740 18.810740 18.810740 0.000000e+00
736250 18.810740 18.810740 18.810740 18.810740 0.000000e+00
736251 18.563230 18.711736 18.563230 18.662234 1.188047e+03
736252 19.107751 19.107751 19.107751 19.107751 2.970117e+02
736253 19.107751 19.107751 19.107751 19.107751 0.000000e+00
736256 18.711736 19.107751 18.711736 19.107751 5.940234e+02
736257 19.107751 19.107751 19.107751 19.107751 0.000000e+00
736258 18.909744 18.909744 18.909744 18.909744 2.970117e+02
736259 19.206756 19.206756 18.246418 18.246418 4.158164e+03
736260 18.583031 18.583031 18.583031 18.583031 9.900389e+01
736263 18.899843 18.899843 18.137513 18.305820 5.247206e+03
736264 18.157314 18.810740 18.157314 18.810740 2.574101e+03
736265 18.800839 18.800839 18.533528 18.563230 3.366132e+03
736266 18.583031 18.810740 18.424626 18.810740 5.346210e+03
736267 18.810740 18.810740 18.711736 18.810740 1.881074e+03
736270 18.810740 18.810740 18.810740 18.810740 4.950195e+02
736271 18.810740 18.810740 18.583031 18.583031 1.782070e+03
736272 18.276117 18.810739 18.276117 18.800839 9.900389e+02
736273 18.573131 18.701835 18.573131 18.701835 2.970117e+02
736274 18.701835 18.701835 18.701835 18.701835 0.000000e+00
736277 18.622631 18.672135 18.365221 18.365221 1.683066e+03
736278 18.385023 18.414724 18.385023 18.385023 8.910350e+02
736279 18.385023 18.385023 18.385023 18.385023 0.000000e+00
736280 18.513729 18.513729 18.513729 18.513729 6.930273e+02
736281 18.444424 18.632532 18.444424 18.632532 4.950194e+02
736284 18.632532 18.632532 18.632532 18.632532 0.000000e+00
736285 18.404823 18.602832 18.394923 18.394923 6.930272e+02
736286 18.563230 18.563230 18.365221 18.365221 1.980078e+02
736287 18.464226 18.464226 18.464226 18.464226 9.900389e+02
736288 18.533528 18.533528 18.513729 18.513729 2.178086e+03
736291 18.513728 18.711735 18.474126 18.711735 2.079082e+03
736292 18.513728 18.711735 18.513728 18.711735 5.940233e+02
736293 18.652334 18.701835 18.632533 18.701835 2.178086e+03
736295 18.701835 18.701835 18.701835 18.701835 0.000000e+00
736298 18.741500 18.840661 18.741500 18.810912 1.685743e+03
736299 18.791081 18.840661 18.741500 18.830745 3.272325e+03
736300 18.741500 18.840661 18.731583 18.751416 1.983227e+03
736301 18.840662 18.840662 18.771249 18.771249 1.685743e+03
736302 18.800996 18.840661 18.800996 18.830745 3.371487e+03
736305 18.820828 18.820828 18.820828 18.820828 1.983227e+02
736306 18.652253 18.741499 18.652253 18.741499 1.983227e+02
736307 18.840661 18.840661 18.840661 18.840661 2.974841e+02
736308 18.830745 18.830745 18.830745 18.830745 2.974841e+02
736309 18.840661 18.840661 18.682002 18.791081 8.924523e+02
736312 18.582841 18.622507 18.582841 18.582841 3.470648e+03
736313 18.840661 18.840661 18.503512 18.503512 1.983227e+02
736314 18.503512 18.503512 18.503512 18.503512 0.000000e+00
736315 18.503512 18.503512 18.503512 18.503512 0.000000e+00
736316 18.840661 18.840661 18.800995 18.840661 2.181550e+03
736319 18.721666 18.721666 18.543178 18.543178 2.974841e+02
736320 18.543178 18.543178 18.543178 18.543178 0.000000e+00
736321 18.642338 18.642338 18.642338 18.642338 3.966455e+02
736322 18.642338 18.642338 18.642338 18.642338 0.000000e+00
736326 18.731583 18.731583 18.394434 18.602674 1.308930e+04
736327 18.810911 18.810911 18.315104 18.582841 4.561423e+03
736328 18.761331 19.038984 18.592757 19.029068 9.816976e+03
736329 18.840661 18.840661 18.642337 18.840661 4.759746e+03
736333 18.840661 18.840661 18.364686 18.493596 1.685743e+04
736334 18.493596 18.493596 18.493596 18.493596 0.000000e+00
736335 18.711752 18.711752 18.711752 18.711752 2.974841e+02
736336 18.711752 18.711752 18.711752 18.711752 0.000000e+00
736337 18.662171 18.662171 18.642338 18.642338 4.958069e+02
736340 18.642338 18.642338 18.642338 18.642338 0.000000e+00
736341 18.672087 18.672087 18.672087 18.672087 9.916138e+01
736342 18.672087 18.672087 18.612590 18.612590 2.974841e+02
736343 18.592758 18.592758 18.592758 18.592758 1.983228e+02
736344 18.602674 18.830745 18.592758 18.682003 9.420331e+03
736348 18.761332 18.761332 18.642337 18.701836 4.164778e+03
736349 18.642338 18.652254 18.404351 18.404351 2.181550e+03
736350 18.404351 18.404351 18.404351 18.404351 0.000000e+00
736351 18.315105 18.315105 18.315105 18.315105 3.966455e+02
736354 18.067202 18.285359 17.898628 18.116784 5.850521e+03
736355 18.057285 18.057285 18.057285 18.057285 1.983227e+02
736356 18.057285 18.057285 18.057285 18.057285 0.000000e+00
736357 18.057285 18.057285 18.057285 18.057285 0.000000e+00
736358 18.444016 18.444016 18.245693 18.384520 3.768132e+03
736361 18.275442 18.444016 18.275442 18.444016 6.941296e+02
736362 18.146530 18.265525 18.146530 18.265525 7.932910e+02
736363 18.265525 18.265525 18.265525 18.265525 0.000000e+00
736364 18.444016 18.444016 18.444016 18.444016 6.941296e+02
736365 18.265525 18.265525 18.265525 18.265525 2.974841e+02
736368 18.146531 18.146531 18.067202 18.067202 2.181550e+03
736369 18.106867 18.106867 18.106867 18.106867 9.916137e+01
736370 18.106868 18.106868 18.067202 18.067202 1.884066e+03
736371 18.146530 18.215945 18.146530 18.215945 7.932910e+02
736372 18.215945 18.215945 18.215945 18.215945 0.000000e+00
736376 18.334938 18.334938 18.334938 18.334938 4.958069e+02
736377 18.305189 18.305189 18.305189 18.305189 3.966455e+02
736378 18.305189 18.305189 18.305189 18.305189 1.983228e+02
736379 18.305189 18.305189 18.305189 18.305189 0.000000e+00
736382 18.305189 18.305189 18.305189 18.305189 0.000000e+00
736383 18.305189 18.305189 18.305189 18.305189 0.000000e+00
736384 18.553092 18.553092 18.553092 18.553092 9.916137e+01
736385 18.563008 18.582841 18.563008 18.582841 1.289098e+03
736386 18.424183 18.424183 18.424183 18.424183 4.958069e+02
736389 18.732081 18.732081 18.732081 18.732081 2.979652e+02
736390 18.732081 18.732081 18.732081 18.732081 1.191861e+03
736391 18.732081 18.732081 18.732081 18.732081 0.000000e+00
736392 18.712216 18.871131 18.493709 18.493709 1.489826e+03
736393 18.871131 18.970453 18.672487 18.920791 6.058626e+04
736396 18.483777 18.910861 18.483777 18.871131 4.926358e+04
736397 18.890995 18.890995 18.533437 18.871131 7.846418e+03
736398 18.881063 18.900929 18.861199 18.871131 2.343993e+04
736399 18.871131 18.890995 18.871131 18.871131 3.694769e+04
736400 19.069776 19.278350 18.841334 19.208825 3.178296e+03
736403 19.069775 19.079705 19.020113 19.020113 4.370157e+03
736404 19.000248 19.079706 18.871131 18.871131 3.307414e+04
736405 18.871130 19.020113 18.871130 19.020113 1.201793e+04
736406 19.079706 19.834551 19.069776 19.834551 2.185078e+03
736407 19.069775 19.119435 19.069775 19.119435 5.264052e+03
736410 19.179028 19.179028 19.010181 19.010181 8.938957e+02
736411 19.119435 19.119435 19.049910 19.119435 5.959304e+02
736412 19.119435 19.119435 19.119435 19.119435 0.000000e+00
736413 19.099571 19.159165 19.099571 19.159165 2.979652e+02
736417 19.159165 19.159165 19.159165 19.159165 0.000000e+00
736418 19.159165 19.159165 19.159165 19.159165 0.000000e+00
736419 19.357807 19.765026 19.357807 19.765026 8.938956e+02
736420 19.149232 19.665703 19.059843 19.069775 1.688470e+03
736421 19.238623 19.238623 18.930723 18.970453 6.853200e+03
736424 18.990318 19.139299 18.990318 19.000248 2.681687e+03
736425 19.119435 19.119435 19.000248 19.000248 2.979652e+03
736426 19.000248 19.000248 19.000248 19.000248 0.000000e+00
736427 18.980386 18.980386 18.970453 18.970453 5.859983e+03
736428 19.020114 19.476995 18.970453 19.179028 1.708334e+04
736431 19.169094 19.437264 19.079705 19.437264 1.370640e+04
736432 19.437264 19.437264 19.437264 19.437264 0.000000e+00
736433 19.616044 19.616044 19.099571 19.616044 6.952522e+02
736434 19.139300 19.248553 19.139300 19.248553 4.966087e+02
736435 19.337942 19.337942 19.188960 19.188960 5.959304e+02
736438 19.367739 19.457129 19.367739 19.367739 2.383722e+03
736439 19.616044 19.616044 19.616044 19.616044 1.986435e+02
736440 19.328010 19.328010 19.079706 19.079706 5.959305e+02
736441 19.079706 19.079706 19.079706 19.079706 1.986435e+02
736442 19.079705 19.079705 19.030045 19.030045 1.688470e+03
736445 19.030045 19.030045 19.030045 19.030045 0.000000e+00
736446 19.417400 19.417400 19.417400 19.417400 9.932174e+02
736447 19.308147 19.308147 19.308147 19.308147 9.932174e+01
736448 19.397537 19.417399 19.328009 19.367739 4.370156e+03
736449 19.367739 19.367739 19.367739 19.367739 0.000000e+00
736452 19.794823 19.854416 19.705433 19.854416 7.349809e+03
736453 20.092788 20.102720 19.923940 20.062992 1.092539e+03
736454 19.864348 20.112652 19.854416 20.102720 2.711483e+04
736455 20.112652 20.132516 20.062992 20.062992 1.221657e+04
736456 20.102720 20.112652 19.973603 19.973603 1.062743e+04
736459 20.092788 20.092788 20.092788 20.092788 4.966087e+02
736460 20.102721 20.251702 20.102721 20.241770 4.767444e+03
736461 19.963670 19.963670 19.963670 19.963670 1.092539e+03
736462 19.943805 19.943805 19.943805 19.943805 9.932174e+01
736463 19.923941 19.923941 19.616045 19.635909 7.349809e+03
736466 19.963669 20.251701 19.963669 20.013330 1.887113e+03
736467 20.023263 20.023263 20.023263 20.023263 1.986435e+02
736468 20.152382 20.152382 20.152382 20.152382 1.986435e+02
736469 19.606111 19.695501 19.606111 19.695501 4.966087e+02
736470 19.606111 19.695501 19.496857 19.695501 5.959304e+02
736473 20.152382 20.152382 19.854416 19.854416 1.489826e+03
736474 20.102721 20.102721 19.864349 19.923941 1.191861e+03
736475 19.864348 19.864348 19.864348 19.864348 9.932174e+01
736476 19.943805 20.152382 19.943805 20.152382 5.363374e+03
736477 20.152382 20.152382 19.884212 20.152382 1.291183e+03
736481 20.162312 20.162312 20.013330 20.013330 3.078974e+03
736482 20.162313 20.162313 20.162313 20.162313 4.966087e+02
736483 19.843857 20.052843 19.843857 20.052843 5.971070e+02
736484 20.013038 20.013038 19.893615 19.903567 9.553712e+03
736487 20.142410 20.142410 19.833905 20.003085 7.165284e+03
736488 19.903567 20.013038 19.853809 19.963277 8.658052e+03
736489 19.764243 20.092652 19.764243 19.963277 9.553712e+03
736490 19.973230 20.500674 19.804049 20.003085 1.383298e+04
736491 20.042890 20.600192 20.042890 20.600192 4.975892e+03
736494 20.301639 20.699709 20.112554 20.610143 4.080231e+03
736495 20.480770 20.898745 19.654772 20.311590 3.383606e+03
736496 20.590241 20.590241 19.814001 19.903567 8.658052e+03
736497 19.724435 20.540480 19.595063 20.231976 6.269624e+03
736498 20.530528 20.550433 19.853809 19.853809 1.741562e+04
736501 20.361348 20.361348 20.361348 20.361348 2.985535e+02
736502 20.361348 20.361348 20.361348 20.361348 0.000000e+00
736503 20.341446 20.341446 19.754290 19.903567 2.288910e+03
736504 19.903567 20.291686 19.863759 19.913519 3.980713e+03
736505 20.371299 20.371299 19.774194 19.774194 1.492767e+03
736508 19.983181 20.371300 19.505496 20.281734 5.772034e+03
736509 20.281734 20.281734 20.281734 20.281734 1.990357e+02
736510 20.112553 20.222024 19.843857 20.222024 3.980713e+02
736511 20.003085 20.241928 20.003085 20.202120 1.492768e+03
736512 20.212072 20.212072 20.212072 20.212072 1.990357e+02
736516 20.202120 20.202120 20.202120 20.202120 2.985535e+02
736517 20.152361 20.152361 19.903566 20.102603 7.961427e+02
736518 20.152361 20.152361 20.152361 20.152361 4.975892e+02
736519 20.152361 20.152361 20.152361 20.152361 9.951783e+01
736522 20.152362 20.371300 20.142410 20.251880 4.378785e+03
736523 20.192170 20.371300 20.092652 20.251880 5.373963e+03
736524 20.251880 20.251880 20.251880 20.251880 0.000000e+00
736525 20.162314 20.212072 20.152362 20.212072 1.492768e+03
736526 20.222025 20.311591 20.192170 20.202120 6.866731e+03
736529 20.212070 20.550432 20.202119 20.550432 3.184571e+03
736530 20.202119 20.212071 20.152361 20.152361 7.961427e+02
736531 20.102603 20.102603 20.102603 20.102603 5.971070e+02
736532 20.102603 20.102603 20.102603 20.102603 0.000000e+00
736533 20.102603 20.102603 20.102603 20.102603 0.000000e+00
736536 20.102603 20.102603 20.102603 20.102603 0.000000e+00
736537 20.112554 20.699709 20.112554 20.699709 5.672517e+03
736538 20.689759 20.699709 20.510627 20.699709 3.582642e+03
736539 20.679807 20.699709 20.500674 20.500674 3.781678e+03
736540 20.639999 20.649950 19.943375 20.072747 3.781678e+03
736543 20.022990 20.500675 19.913519 20.202120 5.274445e+03
736544 20.381253 20.381253 19.953325 19.953325 2.985535e+02
736545 20.142410 20.620095 20.142410 20.620095 5.971070e+02
736546 19.983181 20.978360 19.983181 20.779323 8.359498e+03
736547 20.898745 21.048022 20.898745 21.048022 1.592285e+03
736550 20.888793 20.888793 20.878841 20.878841 5.971070e+02
736551 21.137588 21.247058 21.137588 21.247058 7.861909e+03
736552 21.296816 21.296816 21.296816 21.296816 1.094696e+03
736553 21.197298 21.197298 21.197298 21.197298 4.975892e+02
736554 21.197298 21.197298 21.197298 21.197298 3.980713e+02
736557 21.028117 21.077877 20.998263 20.998263 6.966248e+02
736558 20.998263 21.396334 20.998263 21.396334 2.686981e+03
736559 21.396334 21.396334 21.396334 21.396334 0.000000e+00
736560 21.296816 21.296816 21.296816 21.296816 7.065766e+03
736561 21.296816 21.296816 21.296816 21.296816 0.000000e+00
736564 21.147540 21.645129 21.147540 21.645129 3.980713e+03
736565 21.874020 21.874020 21.396334 21.635177 1.094696e+03
736566 21.207250 21.744647 21.147540 21.694887 4.080231e+03
736567 21.694887 21.694887 21.694887 21.694887 0.000000e+00
736568 21.694887 21.694887 21.694887 21.694887 0.000000e+00
736571 21.595371 21.595371 21.595371 21.595371 4.975892e+02
736572 21.495852 21.665033 21.495852 21.645129 2.786499e+03
736573 21.595371 21.595371 21.456044 21.595371 4.378785e+03
736574 21.734695 21.744647 21.595371 21.734695 4.876374e+03
736575 21.774576 21.774576 21.634996 21.634996 8.973039e+02
736579 21.126524 21.784546 20.797513 21.784546 7.976035e+02
736580 21.286043 21.754635 21.286043 21.754635 4.985022e+02
736581 21.435594 21.435594 21.435594 21.435594 4.985022e+02
736582 21.435594 21.435594 21.435594 21.435594 0.000000e+00
736585 21.385745 21.734695 21.286044 21.286044 4.985022e+03
736586 21.435594 21.435594 21.435594 21.435594 5.982026e+02
736587 21.495414 21.495414 21.495414 21.495414 1.994009e+02
736588 21.395714 21.734695 21.395714 21.734695 9.970044e+02
736589 21.784546 21.784546 21.784546 21.784546 3.988018e+02
736592 21.784546 21.784546 21.784546 21.784546 1.994009e+02
736593 21.784546 21.784546 21.784546 21.784546 0.000000e+00
736594 21.495414 21.565204 21.485444 21.565204 1.096705e+03
736595 21.784546 21.784546 21.774576 21.774576 1.794608e+03
736596 21.934097 21.934097 21.495414 21.934097 2.293110e+03
736599 21.934097 21.934097 21.934097 21.934097 0.000000e+00
736600 21.934097 21.934097 21.934097 21.934097 1.495507e+03
736601 21.934097 21.934097 21.545266 21.784546 6.879330e+03
736602 21.884247 21.884247 21.884247 21.884247 9.970044e+01
736603 21.545267 21.884248 21.545267 21.864307 2.891313e+03
736606 21.884247 21.884247 20.847361 21.874277 1.196405e+03
736607 21.794517 21.874277 21.794517 21.874277 6.979031e+02
736608 21.874277 21.874277 21.874277 21.874277 0.000000e+00
736609 21.934097 21.934097 21.934097 21.934097 9.970044e+01
736610 21.934097 21.934097 21.934097 21.934097 0.000000e+00
736613 21.884247 21.884247 21.784546 21.784546 4.386819e+03
736614 21.934096 21.934096 21.834396 21.834396 2.492511e+03
736615 21.834396 21.983945 21.694815 21.884247 8.574238e+03
736616 21.983946 21.983946 21.834396 21.834396 1.495507e+03
736617 21.983946 23.429603 21.973978 23.429603 7.676934e+03
736620 23.828405 23.828405 23.828405 23.828405 2.991013e+02
736621 23.828405 23.828405 23.828405 23.828405 1.994009e+02
736622 23.828405 23.828405 23.828405 23.828405 0.000000e+00
736623 24.426607 24.426607 24.376758 24.376758 5.982026e+02
736624 24.326908 24.426608 24.326908 24.426608 6.979031e+02
736627 24.177357 24.177357 23.130504 23.230202 1.994009e+03
736628 23.290024 24.645948 23.280053 23.280053 7.976035e+02
736629 24.227206 24.227206 23.080652 23.778555 1.395806e+03
736630 23.230202 23.529304 22.931101 23.529304 5.982026e+02
736631 23.529304 23.529304 23.529304 23.529304 9.970044e+01
736634 23.559213 23.878256 22.941071 23.878256 5.184423e+03
736635 23.928105 23.928105 22.980950 23.459514 4.187418e+03
736636 23.429604 23.459515 22.532300 23.270083 4.087718e+03
736637 23.270083 23.270083 23.270083 23.270083 0.000000e+00
736638 23.778555 23.778555 23.778555 23.778555 1.994009e+02
736641 23.778555 23.778555 23.778555 23.778555 0.000000e+00
736642 23.828405 23.828405 23.828405 23.828405 1.994009e+02
736643 23.778555 23.778555 23.778555 23.778555 1.994009e+02
736644 23.728703 24.725708 22.711761 23.868286 1.794608e+04
736645 24.227206 24.426608 23.130503 24.426608 1.595207e+03
736648 24.426608 24.426608 24.426608 24.426608 9.970044e+01
736649 24.416638 24.426608 24.416638 24.426608 1.096705e+03
736650 24.366788 24.426607 23.977954 24.127507 1.116645e+04
736651 24.416637 24.426607 24.077656 24.167386 3.688916e+03
736652 24.326907 24.326907 24.326907 24.326907 1.994009e+02
736655 24.416638 24.426608 24.376759 24.426608 2.891313e+03
736656 24.187326 24.376758 24.187326 24.366788 6.380828e+03
736657 24.426608 24.426608 24.376759 24.426608 1.894308e+03
736659 24.177356 24.376758 24.177356 24.376758 1.595207e+03
736662 24.526308 24.526308 24.257117 24.257117 1.595207e+03
736663 24.257117 24.257117 24.257117 24.257117 2.991013e+02
736664 24.416638 25.174361 24.416638 25.174361 1.694907e+03
736665 25.124512 25.174361 24.925110 25.174361 3.489515e+03
736666 25.662893 25.662893 25.523313 25.623014 2.392811e+03
736669 25.712883 25.712883 25.613027 25.712883 1.198270e+03
736670 25.712883 25.712883 25.702897 25.712883 1.198270e+03
736671 25.712884 25.712884 24.963965 24.963965 3.994234e+02
736672 25.463244 26.361947 25.463244 26.212163 5.791640e+03
736673 26.212163 26.212163 26.212163 26.212163 0.000000e+00
736676 26.212163 26.212163 26.212163 26.212163 0.000000e+00
736677 26.062379 26.062379 26.062379 26.062379 4.992793e+02
736678 25.862667 25.862667 25.463244 25.463244 4.094090e+03
736679 25.463244 25.463244 25.463244 25.463244 0.000000e+00
736680 25.463244 25.463244 25.463244 25.463244 9.985586e+01
736683 25.463244 25.463244 25.463244 25.463244 0.000000e+00
736684 25.852681 26.202177 25.812739 25.962523 7.389333e+03
736685 25.962523 26.711442 25.962523 26.711442 1.208256e+04
736686 26.901169 27.710001 26.901169 26.961082 1.028515e+04
736687 27.110865 27.110865 27.110865 27.110865 1.997117e+02
736691 27.710000 27.710000 27.110865 27.110865 5.991351e+02
736692 27.060937 27.660073 26.711441 27.660073 3.195387e+03
736693 27.660073 27.660073 27.660073 27.660073 0.000000e+00
736694 26.411876 27.710001 26.361947 27.710001 3.095532e+03
736698 26.511730 27.710001 25.523157 26.961082 9.686018e+03
736699 26.322006 27.100879 26.322006 27.011009 7.089766e+03
736700 27.460361 27.710000 26.212162 27.210721 3.494955e+03
736701 27.360505 27.360505 26.262090 26.711442 3.494955e+03
736704 26.861225 26.861225 26.861225 26.861225 1.997117e+02
736705 27.001025 27.660074 26.052393 27.460361 3.494955e+03
736706 27.460361 27.460361 27.460361 27.460361 0.000000e+00
736707 27.001025 27.011009 27.001025 27.011009 9.985586e+02
736708 27.450375 27.460361 27.360505 27.460361 2.196829e+03
736712 26.262089 27.460360 26.262089 26.741399 2.995676e+02
736713 27.110865 27.460361 27.110865 27.450375 2.396541e+03
736714 27.460361 27.460361 26.062379 27.210721 1.397982e+03
736715 27.460362 27.460362 27.210722 27.310578 2.995676e+02
736718 27.310578 27.310578 27.310578 27.310578 0.000000e+00
736719 27.460361 27.460361 27.160794 27.360505 4.493514e+03
736720 27.710001 27.710001 26.961082 27.460361 3.095532e+03
736721 27.710001 27.710001 27.710001 27.710001 4.992793e+02
736722 27.710001 27.710001 25.642984 26.711442 3.195387e+03
736725 26.761370 27.710001 26.511730 26.511730 3.994234e+03
736726 27.460361 27.460361 27.410434 27.410434 1.997117e+02
736727 26.711442 27.460361 26.252106 27.460361 8.987027e+02
736728 27.160794 27.160794 27.160794 27.160794 4.992793e+02
736729 27.260648 27.530260 27.060937 27.530260 6.690342e+03
736732 26.961082 27.710001 26.951096 27.710001 4.193946e+03
736733 27.700015 27.959640 27.530260 27.959640 5.092649e+03
736734 27.859784 27.959640 27.220707 27.959640 1.697550e+03
736735 27.949655 27.959640 27.510288 27.510288 8.587604e+03
736736 27.959641 27.959641 27.060938 27.710001 1.397982e+03
736739 27.260648 27.410434 27.210721 27.410434 9.985586e+02
736740 27.110866 27.110866 27.060938 27.060938 4.992793e+02
736741 27.060938 27.060938 27.060938 27.060938 0.000000e+00
736742 27.959640 27.959640 27.959640 27.959640 1.997117e+02
736743 27.060938 27.060938 27.060938 27.060938 1.997117e+02
736747 27.210721 27.959640 27.210721 27.460361 4.393658e+03
736748 27.460361 27.460361 27.460361 27.460361 0.000000e+00
736749 27.460361 27.460361 27.460361 27.460361 0.000000e+00
736750 27.460361 27.460361 27.460361 27.460361 0.000000e+00
736753 27.949655 28.209280 27.739958 28.209280 3.994234e+03
736754 27.500304 27.839812 27.470346 27.660073 4.094090e+03
736755 27.660074 27.909714 27.660074 27.710001 2.895820e+03
736756 27.750000 27.750000 27.750000 27.750000 0.000000e+00
736757 28.150000 28.150000 27.900000 27.900000 5.000000e+02
736760 27.799999 27.799999 27.799999 27.799999 1.500000e+03
736761 27.799999 27.799999 27.799999 27.799999 0.000000e+00
736762 27.799999 27.799999 27.799999 27.799999 0.000000e+00
736763 27.799999 27.799999 27.799999 27.799999 0.000000e+00
736764 27.700001 27.700001 27.700001 27.700001 2.000000e+02
