736034 14.020000 14.290000 13.950000 13.990000 4.860000e+04
736035 14.000000 14.310000 13.990000 14.300000 4.010000e+04
736036 14.300000 14.300000 14.000000 14.060000 4.210000e+04
736039 14.030000 14.250000 13.950000 13.990000 3.910000e+04
736040 13.940000 14.250000 13.630000 13.880000 6.670000e+04
736041 13.870000 14.000000 13.340000 13.620000 7.830000e+04
736042 13.710000 14.150000 13.520000 14.120000 6.350000e+04
736043 14.120000 14.240000 13.840000 14.010000 7.800000e+04
736046 13.900000 14.010000 13.610000 13.740000 7.320000e+04
736047 13.750000 13.940000 13.630000 13.760000 6.840000e+04
736048 13.600000 14.180000 13.540000 13.690000 7.870000e+04
736049 13.580000 14.130000 13.570000 13.860000 5.890000e+04
736050 13.920000 14.300000 13.900000 14.300000 4.750000e+04
736053 14.470000 15.790000 14.310000 15.640000 2.341000e+05
736054 15.670000 15.940000 15.110000 15.840000 2.305000e+05
736055 15.660000 15.880000 13.350000 13.400000 4.087000e+05
736056 13.300000 13.880000 13.260000 13.290000 1.617000e+05
736060 13.290000 14.190000 13.100000 14.090000 2.032000e+05
736061 14.210000 14.780000 14.150000 14.490000 1.880000e+05
736062 14.540000 14.990000 14.540000 14.900000 8.700000e+04
736063 14.870000 15.150000 14.470000 14.690000 1.090000e+05
736064 14.690000 14.750000 14.510000 14.650000 5.980000e+04
736067 14.720000 15.370000 14.720000 15.290000 1.526000e+05
736068 15.250000 15.250000 15.090000 15.200000 7.670000e+04
736069 15.380000 15.770000 15.220000 15.760000 1.217000e+05
736070 15.640000 15.760000 15.400000 15.710000 5.100000e+04
736071 15.650000 15.760000 15.400000 15.760000 8.450000e+04
736074 15.760000 16.180000 15.590000 16.160000 2.311000e+05
736075 16.260000 16.260000 15.890000 16.139999 5.020000e+04
736076 16.080000 16.230000 15.750000 16.110001 7.200000e+04
736077 16.030001 16.180000 15.900000 16.170000 4.260000e+04
736078 16.110001 16.129999 15.590000 15.870000 9.590000e+04
736081 15.870000 16.030001 15.530000 15.980000 7.550000e+04
736082 15.920000 15.920000 14.600000 14.760000 7.540000e+04
736083 14.630000 14.860000 14.300000 14.550000 5.600000e+04
736084 14.500000 14.500000 14.140000 14.210000 5.790000e+04
736085 14.180000 14.420000 14.100000 14.330000 7.850000e+04
736088 14.120000 14.290000 13.500000 13.770000 1.335000e+05
736089 13.500000 13.650000 13.100000 13.300000 8.560000e+04
736090 13.200000 14.200000 13.200000 14.050000 9.030000e+04
736091 14.100000 14.730000 14.100000 14.560000 6.800000e+04
736092 14.600000 14.680000 13.980000 14.060000 5.060000e+04
736095 14.020000 14.220000 13.500000 13.620000 7.040000e+04
736096 13.600000 14.390000 13.600000 14.350000 8.110000e+04
736097 14.440000 14.470000 13.640000 14.430000 3.880000e+04
736098 14.570000 14.570000 14.160000 14.490000 3.700000e+04
736099 13.500000 14.790000 13.470000 14.720000 1.231000e+05
736102 14.730000 14.910000 14.370000 14.870000 8.010000e+04
736103 14.800000 14.910000 14.250000 14.340000 1.003000e+05
736104 14.200000 15.330000 13.880000 15.230000 1.231000e+05
736105 15.150000 15.400000 14.710000 15.340000 7.670000e+04
736106 15.310000 15.440000 15.060000 15.110000 4.850000e+04
736110 15.010000 15.020000 14.400000 14.450000 6.390000e+04
736111 14.450000 14.890000 14.310000 14.650000 6.050000e+04
736112 14.740000 14.740000 14.160000 14.230000 2.530000e+04
736113 14.150000 14.530000 13.930000 14.360000 2.330000e+04
736116 14.400000 14.490000 13.820000 14.150000 4.820000e+04
736117 14.010000 14.640000 14.010000 14.440000 4.010000e+04
736118 14.480000 14.710000 14.380000 14.380000 4.360000e+04
736119 14.350000 14.510000 14.020000 14.210000 6.830000e+04
736120 14.240000 14.330000 13.740000 13.910000 9.410000e+04
736123 13.830000 14.260000 13.830000 14.010000 5.130000e+04
736124 14.030000 14.120000 13.750000 14.120000 4.690000e+04
736125 14.140000 14.350000 14.140000 14.290000 7.900000e+04
736126 14.330000 14.330000 13.860000 14.020000 1.334000e+05
736127 13.950000 14.210000 12.970000 13.110000 1.765000e+05
736130 13.250000 13.350000 12.480000 12.550000 1.476000e+05
736131 12.480000 12.520000 11.460000 11.800000 1.916000e+05
736132 11.840000 11.900000 11.140000 11.140000 1.252000e+05
736133 11.200000 11.750000 10.010000 10.660000 5.411000e+05
736134 10.700000 12.400000 10.670000 11.840000 3.840000e+05
736137 12.140000 12.250000 11.840000 12.220000 1.464000e+05
736138 12.160000 12.250000 11.120000 11.510000 2.441000e+05
736139 11.530000 12.200000 11.300000 11.760000 1.217000e+05
736140 11.800000 12.000000 11.600000 11.980000 1.254000e+05
736141 11.980000 12.070000 11.850000 11.970000 7.170000e+04
736144 11.760000 11.800000 11.170000 11.500000 1.747000e+05
736145 11.670000 11.790000 11.070000 11.180000 1.104000e+05
736146 11.370000 11.540000 11.150000 11.250000 7.870000e+04
736147 11.090000 11.260000 10.850000 11.040000 8.360000e+04
736151 10.960000 11.120000 10.700000 10.710000 6.760000e+04
736152 10.770000 10.870000 10.620000 10.830000 6.080000e+04
736153 10.650000 10.860000 10.540000 10.670000 5.280000e+04
736154 10.500000 11.030000 10.500000 10.600000 6.290000e+04
736155 10.650000 10.790000 10.360000 10.640000 6.300000e+04
736158 10.610000 10.640000 10.420000 10.500000 8.230000e+04
736159 10.550000 11.300000 10.550000 11.270000 1.618000e+05
736160 11.220000 11.390000 11.040000 11.130000 4.560000e+04
736161 11.240000 11.420000 11.120000 11.240000 3.700000e+04
736162 11.190000 11.220000 11.050000 11.100000 3.740000e+04
736165 11.040000 11.150000 10.890000 11.130000 8.450000e+04
736166 11.100000 11.190000 10.900000 11.060000 3.380000e+04
736167 11.060000 11.150000 10.960000 11.050000 2.330000e+04
736168 11.150000 11.170000 10.770000 10.880000 4.590000e+04
736169 10.900000 10.900000 10.650000 10.700000 4.220000e+04
736172 10.630000 10.640000 10.300000 10.350000 5.460000e+04
736173 10.330000 10.400000 10.200000 10.340000 3.160000e+04
736174 10.350000 10.490000 10.250000 10.320000 4.730000e+04
736175 10.320000 10.430000 10.250000 10.340000 2.180000e+04
736176 10.340000 10.400000 10.310000 10.320000 2.330000e+04
736179 10.350000 10.350000 10.200000 10.330000 2.350000e+04
736180 10.360000 10.400000 10.250000 10.250000 7.080000e+04
736181 10.350000 10.560000 10.300000 10.500000 4.400000e+04
736182 10.460000 10.540000 10.260000 10.450000 4.580000e+04
736183 10.350000 10.460000 10.300000 10.430000 5.570000e+04
736186 10.500000 10.810000 10.490000 10.780000 6.220000e+04
736187 10.730000 10.870000 10.700000 10.860000 2.630000e+04
736188 10.810000 10.990000 10.650000 10.910000 5.710000e+04
736189 10.920000 11.160000 10.600000 10.950000 8.430000e+04
736190 10.500000 10.620000 10.110000 10.270000 1.755000e+05
736193 10.150000 10.150000 9.600000 9.720000 1.329000e+05
736194 9.700000 9.850000 9.370000 9.440000 7.180000e+04
736195 9.440000 9.640000 9.300000 9.470000 5.280000e+04
736196 9.400000 9.980000 9.170000 9.220000 6.190000e+04
736197 9.020000 9.150000 8.440000 8.730000 1.906000e+05
736200 8.040000 8.800000 8.040000 8.360000 8.870000e+04
736201 8.590000 8.770000 8.200000 8.220000 5.960000e+04
736202 8.380000 8.730000 8.380000 8.720000 7.140000e+04
736203 8.840000 9.280000 8.780000 9.070000 1.091000e+05
736204 9.170000 9.230000 8.750000 9.080000 6.590000e+04
736207 9.080000 9.240000 8.880000 9.040000 5.430000e+04
736208 8.820000 9.070000 8.800000 8.900000 4.770000e+04
736209 8.940000 9.270000 8.880000 9.270000 1.060000e+05
736210 9.270000 9.380000 9.070000 9.130000 7.830000e+04
736211 9.100000 9.310000 9.000000 9.190000 3.340000e+04
736215 9.220000 9.800000 9.190000 9.790000 8.150000e+04
736216 9.900000 9.910000 9.460000 9.740000 4.750000e+04
736217 9.740000 10.410000 9.660000 10.350000 8.610000e+04
736218 10.280000 10.590000 9.900000 10.580000 5.800000e+04
736221 10.550000 10.810000 10.290000 10.580000 4.060000e+04
736222 10.620000 10.710000 10.250000 10.540000 5.790000e+04
736223 10.600000 10.870000 10.470000 10.840000 3.530000e+04
736224 10.880000 11.250000 10.810000 11.210000 5.580000e+04
736225 11.090000 11.500000 10.830000 11.500000 9.710000e+04
736228 11.550000 11.550000 10.980000 11.090000 5.100000e+04
736229 10.900000 11.190000 10.900000 11.090000 2.000000e+04
736230 11.160000 11.160000 10.410000 10.530000 3.460000e+04
736231 10.460000 10.600000 10.040000 10.310000 2.810000e+04
736232 10.370000 10.490000 9.790000 9.920000 5.180000e+04
736235 9.920000 9.920000 9.430000 9.510000 7.190000e+04
736236 9.570000 10.010000 9.460000 9.900000 2.410000e+04
736237 10.020000 10.290000 9.740000 10.140000 2.550000e+04
736238 10.210000 10.260000 9.970000 10.050000 1.220000e+04
736239 10.030000 10.080000 9.620000 10.030000 2.380000e+04
736242 10.080000 10.490000 9.930000 10.400000 2.150000e+04
736243 10.450000 10.570000 10.330000 10.570000 9.000000e+03
736244 10.560000 11.320000 10.300000 11.290000 3.890000e+04
736245 11.250000 11.650000 11.170000 11.650000 5.320000e+04
736246 11.390000 11.740000 11.290000 11.630000 4.370000e+04
736249 11.630000 11.630000 11.080000 11.210000 2.600000e+04
736250 11.130000 11.350000 11.110000 11.180000 1.410000e+04
736251 11.080000 11.280000 11.070000 11.280000 1.380000e+04
736252 11.320000 11.400000 10.850000 11.220000 4.720000e+04
736253 11.150000 11.360000 11.020000 11.360000 2.150000e+04
736256 11.240000 11.360000 11.090000 11.250000 2.780000e+04
736257 11.270000 11.420000 11.260000 11.310000 1.340000e+04
736258 11.010000 11.290000 11.000000 11.000000 3.350000e+04
736259 11.100000 11.340000 11.070000 11.230000 3.310000e+04
736260 11.410000 11.410000 11.230000 11.320000 1.900000e+04
736263 11.350000 11.380000 11.100000 11.180000 2.640000e+04
736264 11.230000 11.230000 11.010000 11.090000 1.215000e+05
736265 11.140000 11.350000 11.100000 11.160000 2.460000e+04
736266 11.100000 11.400000 11.000000 11.070000 4.620000e+04
736267 11.140000 11.260000 10.890000 11.110000 2.080000e+04
736270 11.040000 11.780000 11.040000 11.780000 5.180000e+04
736271 11.800000 11.920000 11.660000 11.840000 4.870000e+04
736272 11.780000 12.020000 11.100000 11.980000 3.610000e+04
736273 11.930000 11.950000 11.550000 11.780000 2.300000e+04
736274 11.680000 11.850000 11.510000 11.790000 1.280000e+04
736277 11.700000 11.790000 11.350000 11.510000 2.580000e+04
736278 11.460000 12.000000 11.400000 11.960000 3.790000e+04
736279 11.990000 11.990000 11.600000 11.650000 1.610000e+04
736280 11.680000 11.740000 11.510000 11.690000 3.510000e+04
736281 8.250000 9.100000 6.950000 8.770000 4.822000e+05
736284 8.700000 9.250000 8.610000 9.180000 1.517000e+05
736285 9.140000 9.570000 8.710000 8.980000 6.040000e+04
736286 8.970000 9.200000 8.430000 8.590000 1.106000e+05
736287 8.600000 8.990000 8.480000 8.930000 8.600000e+04
736288 8.880000 9.060000 8.850000 8.940000 6.610000e+04
736291 9.000000 9.500000 8.890000 9.400000 4.640000e+04
736292 9.460000 9.480000 9.100000 9.280000 2.120000e+04
736293 9.290000 9.410000 9.160000 9.290000 2.200000e+04
736295 9.250000 9.250000 8.840000 9.000000 3.810000e+04
736298 8.960000 9.150000 8.740000 8.800000 2.550000e+04
736299 8.880000 9.210000 8.790000 9.130000 9.480000e+04
736300 9.130000 9.360000 8.980000 9.150000 2.530000e+04
736301 9.140000 9.180000 8.770000 8.770000 4.400000e+04
736302 8.570000 9.030000 8.520000 9.010000 4.460000e+04
736305 8.870000 9.080000 8.690000 9.080000 7.970000e+04
736306 8.960000 8.960000 8.540000 8.570000 3.430000e+04
736307 8.500000 8.660000 8.400000 8.460000 2.050000e+04
736308 8.430000 8.540000 8.340000 8.530000 1.890000e+04
736309 8.420000 8.450000 8.230000 8.290000 3.060000e+04
736312 8.290000 8.520000 8.060000 8.060000 2.810000e+04
736313 8.170000 8.670000 8.170000 8.360000 4.230000e+04
736314 8.390000 8.740000 8.300000 8.680000 1.160000e+04
736315 8.750000 8.750000 8.190000 8.250000 2.260000e+04
736316 8.230000 8.340000 8.020000 8.230000 5.680000e+04
736319 8.190000 8.230000 8.030000 8.190000 3.170000e+04
736320 8.150000 8.370000 8.120000 8.300000 2.120000e+04
736321 8.300000 8.970000 8.260000 8.890000 7.150000e+04
736322 8.870000 9.130000 8.780000 8.940000 1.270000e+04
736326 8.850000 8.940000 8.730000 8.830000 1.190000e+04
736327 8.990000 8.990000 8.610000 8.690000 2.220000e+04
736328 8.750000 8.750000 8.470000 8.470000 1.400000e+04
736329 8.500000 8.500000 8.340000 8.380000 2.090000e+04
736333 8.090000 8.560000 8.090000 8.560000 2.290000e+04
736334 8.510000 8.720000 8.390000 8.620000 1.610000e+04
736335 8.540000 8.610000 8.270000 8.540000 3.060000e+04
736336 8.370000 8.370000 8.160000 8.240000 1.970000e+04
736337 8.270000 8.270000 8.000000 8.050000 2.520000e+04
736340 8.100000 8.100000 7.420000 7.600000 3.630000e+04
736341 7.770000 7.890000 7.630000 7.890000 3.430000e+04
736342 7.890000 7.980000 7.690000 7.720000 9.800000e+03
736343 7.770000 7.840000 7.700000 7.730000 9.400000e+03
736344 7.720000 7.960000 7.690000 7.720000 5.390000e+04
736348 7.810000 7.810000 7.600000 7.670000 1.590000e+04
736349 7.600000 7.700000 7.540000 7.650000 5.650000e+04
736350 8.080000 8.970000 7.950000 8.300000 2.810000e+04
736351 8.460000 8.640000 8.160000 8.370000 1.380000e+04
736354 8.250000 8.850000 8.250000 8.430000 1.990000e+04
736355 8.420000 8.560000 8.360000 8.420000 3.900000e+03
736356 8.400000 8.440000 8.310000 8.330000 7.200000e+03
736357 8.380000 8.410000 8.020000 8.110000 2.370000e+04
736358 8.230000 8.670000 8.230000 8.560000 1.370000e+04
736361 8.360000 8.540000 8.280000 8.480000 1.840000e+04
736362 8.340000 8.680000 8.310000 8.380000 1.910000e+04
736363 8.400000 8.400000 8.070000 8.110000 7.900000e+03
736364 8.020000 8.270000 8.010000 8.100000 1.170000e+04
736365 8.030000 8.410000 7.840000 7.900000 1.000000e+04
736368 7.870000 7.870000 7.300000 7.480000 3.480000e+04
736369 7.330000 7.640000 7.330000 7.460000 3.120000e+04
736370 7.490000 7.660000 7.350000 7.400000 1.390000e+04
736371 7.210000 7.340000 7.100000 7.100000 1.560000e+04
736372 7.640000 7.800000 7.230000 7.800000 1.210000e+04
736376 7.960000 8.190000 7.720000 8.140000 1.960000e+04
736377 8.110000 8.400000 8.060000 8.270000 1.030000e+04
736378 8.300000 8.570000 8.300000 8.400000 4.800000e+03
736379 8.320000 8.690000 8.220000 8.300000 8.300000e+03
736382 8.300000 8.510000 8.020000 8.100000 1.810000e+04
736383 8.070000 8.070000 7.890000 7.900000 5.200000e+03
736384 7.750000 7.780000 7.550000 7.560000 2.330000e+04
736385 7.590000 7.810000 7.440000 7.450000 1.580000e+04
736386 7.410000 7.810000 7.410000 7.680000 1.780000e+04
736389 7.640000 8.090000 7.500000 7.880000 2.190000e+04
736390 8.040000 8.750000 8.040000 8.430000 5.160000e+04
736391 8.350000 8.890000 8.350000 8.860000 1.200000e+04
736392 8.730000 8.900000 8.440000 8.440000 2.810000e+04
736393 8.440000 8.910000 8.440000 8.710000 1.190000e+04
736396 8.620000 8.950000 8.550000 8.610000 6.600000e+03
736397 8.620000 9.200000 8.620000 9.160000 3.780000e+04
736398 9.150000 9.210000 8.860000 9.140000 1.500000e+04
736399 9.110000 9.190000 9.050000 9.130000 1.490000e+04
736400 8.960000 9.750000 8.810000 9.490000 4.610000e+04
736403 9.360000 9.520000 9.250000 9.310000 2.480000e+04
736404 9.170000 9.170000 8.500000 8.930000 9.500000e+03
736405 8.850000 9.120000 8.500000 8.930000 9.300000e+03
736406 8.880000 9.210000 8.870000 8.930000 1.860000e+04
736407 9.030000 9.180000 8.780000 8.870000 9.700000e+03
736410 8.900000 9.150000 8.570000 8.840000 3.020000e+04
736411 8.650000 8.750000 8.510000 8.550000 1.030000e+04
736412 8.540000 8.590000 8.400000 8.490000 7.100000e+03
736413 8.610000 8.910000 8.570000 8.630000 2.930000e+04
736417 8.750000 8.750000 8.450000 8.620000 1.420000e+04
736418 8.670000 8.670000 8.490000 8.630000 1.440000e+04
736419 8.700000 8.800000 8.540000 8.630000 8.100000e+03
736420 8.630000 9.690000 8.630000 9.650000 6.220000e+04
736421 9.550000 10.560000 9.550000 10.480000 5.040000e+04
736424 10.430000 10.910000 10.430000 10.530000 4.170000e+04
736425 10.530000 10.660000 10.200000 10.350000 1.240000e+04
736426 10.330000 10.410000 10.100000 10.320000 1.630000e+04
736427 10.410000 10.430000 10.110000 10.340000 1.710000e+04
736428 10.370000 10.560000 10.120000 10.250000 2.600000e+04
736431 10.300000 10.480000 10.190000 10.260000 1.680000e+04
736432 10.210000 10.350000 9.990000 10.240000 7.700000e+03
736433 10.190000 10.250000 10.150000 10.170000 1.130000e+04
736434 10.150000 10.790000 10.150000 10.560000 4.170000e+04
736435 10.620000 11.000000 10.530000 10.740000 2.320000e+04
736438 10.600000 11.190000 10.600000 10.730000 2.000000e+04
736439 10.670000 10.960000 10.390000 10.410000 2.440000e+04
736440 10.480000 10.680000 10.450000 10.500000 3.210000e+04
736441 10.500000 11.130000 10.500000 10.820000 5.320000e+04
736442 10.820000 11.080000 10.720000 10.790000 1.690000e+04
736445 10.610000 10.800000 10.600000 10.640000 1.720000e+04
736446 10.630000 10.850000 10.620000 10.750000 1.680000e+04
736447 10.820000 10.850000 10.690000 10.830000 1.580000e+04
736448 10.670000 10.970000 10.640000 10.910000 1.440000e+04
736449 10.700000 10.850000 10.560000 10.750000 2.540000e+04
736452 10.750000 10.870000 10.610000 10.620000 1.600000e+04
736453 10.620000 10.770000 10.600000 10.630000 1.320000e+04
736454 10.600000 10.850000 10.590000 10.810000 2.390000e+04
736455 10.800000 11.000000 10.780000 10.810000 2.500000e+04
736456 10.810000 10.970000 10.810000 10.890000 1.030000e+04
736459 10.800000 11.150000 10.790000 10.930000 9.500000e+03
736460 10.900000 11.280000 10.890000 11.050000 1.010000e+04
736461 10.790000 11.000000 10.760000 10.820000 1.200000e+04
736462 10.740000 10.990000 10.250000 10.290000 4.830000e+04
736463 10.350000 10.390000 10.290000 10.350000 5.900000e+03
736466 10.410000 10.650000 10.400000 10.610000 1.470000e+04
736467 10.620000 10.650000 10.340000 10.370000 1.060000e+04
736468 10.310000 10.450000 10.080000 10.280000 1.660000e+04
736469 10.440000 10.440000 10.090000 10.180000 3.600000e+03
736470 10.250000 10.300000 10.170000 10.200000 1.380000e+04
736473 10.170000 10.200000 9.780000 9.890000 2.390000e+04
736474 9.860000 9.990000 9.780000 9.990000 8.800000e+03
736475 10.000000 10.010000 9.970000 9.990000 8.800000e+03
736476 10.000000 10.170000 9.980000 10.030000 1.770000e+04
736477 10.090000 10.100000 10.000000 10.030000 7.600000e+03
736481 10.090000 10.100000 9.950000 9.960000 9.700000e+03
736482 10.000000 10.090000 9.920000 9.960000 1.870000e+04
736483 9.900000 9.960000 9.820000 9.840000 7.700000e+03
736484 9.770000 9.830000 9.760000 9.790000 8.000000e+03
736487 9.790000 10.050000 9.790000 10.020000 6.200000e+03
736488 10.020000 10.260000 9.910000 10.230000 2.000000e+04
736489 10.700000 11.530000 10.690000 10.910000 3.820000e+04
736490 10.900000 10.970000 10.880000 10.910000 3.200000e+03
736491 10.560000 11.040000 10.560000 10.810000 7.300000e+03
736494 10.800000 10.960000 10.330000 10.720000 1.300000e+04
736495 10.690000 10.840000 10.690000 10.710000 7.400000e+03
736496 10.810000 10.810000 10.410000 10.490000 5.300000e+03
736497 9.760000 10.480000 9.760000 10.440000 1.640000e+04
736498 10.540000 10.550000 10.200000 10.250000 3.530000e+04
736501 10.410000 10.690000 10.390000 10.610000 1.820000e+04
736502 10.650000 10.650000 10.420000 10.530000 8.300000e+03
736503 10.770000 10.790000 10.570000 10.610000 1.040000e+04
736504 10.700000 10.990000 10.610000 10.670000 8.500000e+03
736505 10.360000 10.800000 10.360000 10.480000 1.220000e+04
736508 10.580000 10.580000 10.050000 10.130000 1.220000e+04
736509 10.430000 10.430000 10.170000 10.330000 1.270000e+04
736510 10.450000 10.730000 10.160000 10.320000 1.330000e+04
736511 10.330000 10.690000 10.230000 10.620000 1.950000e+04
736512 10.580000 11.000000 10.580000 10.690000 1.940000e+04
736516 10.500000 10.680000 10.350000 10.670000 2.610000e+04
736517 10.620000 10.670000 10.580000 10.660000 1.250000e+04
736518 10.660000 11.000000 10.650000 10.910000 1.630000e+04
736519 11.000000 11.420000 10.990000 11.230000 1.420000e+04
736522 11.390000 11.820000 11.390000 11.460000 1.380000e+04
736523 11.600000 11.600000 11.280000 11.450000 1.080000e+04
736524 11.440000 11.700000 11.110000 11.160000 7.600000e+03
736525 11.310000 11.460000 11.200000 11.270000 8.200000e+03
736526 11.270000 11.460000 11.220000 11.290000 3.700000e+03
736529 11.310000 11.450000 11.160000 11.390000 5.700000e+03
736530 11.340000 11.470000 11.090000 11.130000 6.500000e+03
736531 11.140000 11.380000 11.090000 11.150000 4.700000e+03
736532 11.180000 11.270000 10.800000 10.800000 4.400000e+03
736533 10.930000 11.180000 10.770000 11.100000 6.400000e+03
736536 10.920000 11.220000 10.020000 10.530000 6.060000e+04
736537 10.610000 10.900000 10.370000 10.590000 9.800000e+03
736538 10.740000 10.790000 10.460000 10.790000 7.500000e+03
736539 10.640000 10.870000 10.600000 10.800000 1.040000e+04
736540 10.800000 10.890000 10.530000 10.610000 1.380000e+04
736543 10.670000 10.720000 10.410000 10.440000 8.100000e+03
736544 10.510000 10.620000 10.400000 10.550000 4.500000e+03
736545 10.270000 10.520000 10.220000 10.470000 1.290000e+04
736546 10.440000 10.440000 10.210000 10.310000 7.300000e+03
736547 11.100000 13.230000 11.100000 12.550000 2.698000e+05
736550 12.800000 13.670000 12.360000 13.640000 1.472000e+05
736551 13.600000 13.840000 13.000000 13.400000 4.230000e+04
736552 13.330000 13.940000 13.210000 13.720000 4.900000e+04
736553 13.690000 13.800000 13.530000 13.760000 2.480000e+04
736554 13.800000 13.970000 13.700000 13.910000 3.300000e+04
736557 14.150000 15.000000 14.040000 14.690000 1.150000e+05
736558 14.590000 14.820000 14.590000 14.750000 3.150000e+04
736559 15.000000 15.100000 14.700000 14.700000 1.045000e+05
736560 14.840000 15.180000 14.600000 15.150000 5.530000e+04
736561 15.200000 15.350000 15.010000 15.060000 3.690000e+04
736564 14.920000 15.690000 14.920000 15.570000 6.760000e+04
736565 15.670000 15.880000 15.090000 15.160000 5.280000e+04
736566 15.130000 15.370000 15.030000 15.120000 3.570000e+04
736567 15.120000 15.650000 15.120000 15.500000 3.910000e+04
736568 15.460000 15.900000 15.460000 15.860000 5.310000e+04
736571 16.290001 16.840000 16.049999 16.610001 1.374000e+05
736572 16.700001 16.700001 16.430000 16.530001 5.270000e+04
736573 16.650000 18.510000 16.290001 17.430000 3.581000e+05
736574 17.680000 18.320000 17.680000 18.059999 1.332000e+05
736575 18.110001 18.500000 17.900000 17.959999 1.113000e+05
736579 18.049999 18.719999 17.910000 18.000000 1.696000e+05
736580 18.170000 18.600000 17.940001 18.290001 6.060000e+04
736581 18.299999 18.500000 18.209999 18.389999 4.090000e+04
736582 18.309999 18.309999 17.430000 17.650000 7.550000e+04
736585 17.379999 17.840000 17.150000 17.780001 5.550000e+04
736586 17.660000 17.830000 17.219999 17.450001 4.300000e+04
736587 17.400000 17.639999 17.000000 17.260000 3.200000e+04
736588 17.080000 17.389999 16.660000 17.240000 1.365000e+05
736589 17.200001 17.299999 16.790001 16.900000 3.970000e+04
736592 16.690001 17.750000 16.690001 17.490000 6.400000e+04
736593 17.580000 17.700001 17.490000 17.510000 4.570000e+04
736594 17.510000 17.680000 17.340000 17.600000 1.460000e+04
736595 17.600000 18.450001 17.340000 18.330000 7.960000e+04
736596 18.330000 19.150000 18.219999 18.879999 1.110000e+05
736599 18.860001 18.879999 17.950001 18.260000 1.072000e+05
736600 18.200001 18.540001 18.180000 18.500000 3.730000e+04
736601 18.500000 18.500000 18.110001 18.270000 4.280000e+04
736602 18.200001 18.219999 17.770000 17.820000 2.640000e+04
736603 17.900000 17.959999 17.360001 17.549999 5.790000e+04
736606 17.549999 18.290001 17.549999 18.180000 8.850000e+04
736607 18.180000 18.540001 18.150000 18.360001 7.270000e+04
736608 18.559999 18.559999 18.379999 18.420000 3.440000e+04
736609 18.500000 18.500000 17.750000 17.820000 2.170000e+04
736610 17.770000 17.870001 17.200001 17.290001 4.850000e+04
736613 16.600000 16.980000 15.390000 16.620001 1.476000e+05
736614 16.389999 17.040001 16.100000 16.750000 6.770000e+04
736615 16.830000 17.100000 16.620001 17.080000 1.022000e+05
736616 16.870001 17.469999 16.840000 17.469999 4.610000e+04
736617 17.559999 17.809999 17.440001 17.459999 3.340000e+04
736620 17.270000 17.600000 17.020000 17.530001 3.040000e+04
736621 17.650000 17.950001 17.240000 17.850000 2.450000e+04
736622 17.680000 17.680000 16.900000 17.270000 3.310000e+04
736623 17.129999 17.420000 16.760000 17.170000 2.590000e+04
736624 16.950001 17.250000 16.950001 17.150000 1.780000e+04
736627 17.200001 17.240000 16.799999 16.799999 2.050000e+04
736628 16.709999 17.020000 16.400000 16.410000 2.990000e+04
736629 16.170000 16.500000 16.100000 16.209999 3.790000e+04
736630 16.230000 16.650000 16.110001 16.540001 3.700000e+04
736631 16.570000 16.799999 16.100000 16.120001 6.480000e+04
736634 15.990000 16.090000 15.250000 16.059999 5.320000e+04
736635 15.990000 16.469999 15.680000 16.320000 3.710000e+04
736636 16.190001 16.480000 16.040001 16.090000 2.000000e+04
736637 16.059999 16.389999 15.950000 16.270000 2.840000e+04
736638 16.830000 17.780001 16.750000 17.000000 1.016000e+05
736641 17.530001 18.500000 17.350000 18.500000 1.062000e+05
736642 18.430000 19.490000 18.299999 18.980000 1.040000e+05
736643 18.650000 18.920000 18.070000 18.530001 6.090000e+04
736644 18.799999 19.139999 18.600000 19.049999 6.430000e+04
736645 19.240000 19.250000 18.990000 19.000000 7.600000e+04
736648 19.000000 19.740000 18.520000 19.049999 1.872000e+05
736649 19.000000 20.139999 19.000000 19.910000 1.691000e+05
736650 20.100000 20.799999 19.360001 20.000000 3.380000e+05
736651 20.200001 20.799999 19.959999 20.660000 2.215000e+05
736652 20.889999 22.480000 20.730000 21.860001 1.821000e+05
736655 22.200001 22.480000 21.200001 21.790001 1.681000e+05
736656 22.000000 22.370001 21.879999 22.340000 9.070000e+04
736657 22.410000 23.490000 22.309999 23.430000 1.206000e+05
736659 24.500000 25.129999 23.209999 23.320000 2.252000e+05
736662 23.610001 25.000000 23.610001 24.719999 2.202000e+05
736663 24.940001 24.940001 23.870001 24.020000 1.245000e+05
736664 24.299999 24.920000 24.090000 24.580000 6.160000e+04
736665 24.730000 24.730000 23.570000 24.030001 8.360000e+04
736666 23.850000 24.400000 23.360001 24.150000 5.760000e+04
736669 23.690001 24.440001 23.600000 24.120001 1.347000e+05
736670 24.299999 25.020000 24.299999 24.990000 8.220000e+04
736671 25.000000 25.600000 25.000000 25.500000 7.400000e+04
736672 25.580000 26.490000 25.580000 25.959999 1.444000e+05
736673 26.120001 26.240000 23.000000 23.360001 3.013000e+05
736676 23.400000 24.600000 23.400000 23.820000 1.168000e+05
736677 23.820000 24.280001 23.370001 23.430000 7.910000e+04
736678 23.270000 23.639999 22.389999 22.930000 7.780000e+04
736679 23.340000 23.540001 22.250000 23.010000 5.790000e+04
736680 22.520000 23.139999 20.600000 22.430000 5.450000e+04
736683 22.049999 22.770000 21.520000 22.139999 1.115000e+05
736684 22.299999 23.010000 22.299999 22.770000 6.260000e+04
736685 22.770000 23.020000 22.270000 22.450001 3.420000e+04
736686 22.330000 23.230000 22.299999 23.059999 7.510000e+04
736687 23.059999 23.120001 22.350000 22.700001 4.100000e+04
736691 22.840000 23.870001 22.830000 23.330000 8.490000e+04
736692 23.330000 23.370001 22.740000 23.350000 7.170000e+04
736693 23.340000 23.490000 22.680000 22.860001 5.580000e+04
736694 22.860001 23.090000 22.370001 22.590000 3.290000e+04
736698 22.959999 23.150000 22.650000 23.020000 7.530000e+04
736699 23.020000 23.340000 22.770000 23.010000 3.700000e+04
736700 23.010000 23.219999 21.790001 22.770000 6.180000e+04
736701 22.940001 22.940001 21.360001 21.459999 8.170000e+04
736704 22.209999 24.629999 21.900000 23.900000 2.576000e+05
736705 23.900000 24.930000 23.350000 24.900000 1.287000e+05
736706 25.000000 25.900000 24.600000 25.719999 1.091000e+05
736707 25.830000 26.850000 25.660000 26.799999 1.373000e+05
736708 26.969999 28.190001 26.879999 28.010000 2.141000e+05
736712 28.080000 28.370001 27.790001 28.160000 2.402000e+05
736713 28.200001 28.700001 27.790001 28.430000 1.744000e+05
736714 28.180000 28.430000 27.700001 27.910000 1.442000e+05
736715 27.910000 28.660000 27.910000 28.340000 1.023000e+05
736718 28.770000 29.240000 27.990000 28.059999 1.543000e+05
736719 28.080000 29.600000 28.080000 29.490000 1.679000e+05
736720 30.100000 31.910000 30.100000 31.340000 2.625000e+05
736721 31.740000 31.820000 26.500000 26.540001 4.202000e+05
736722 26.830000 27.830000 26.549999 27.760000 1.827000e+05
736725 27.700001 27.700001 26.350000 26.740000 1.384000e+05
736726 26.549999 26.820000 26.129999 26.809999 7.220000e+04
736727 26.959999 27.559999 26.940001 27.070000 5.650000e+04
736728 26.860001 27.219999 26.799999 27.110001 4.660000e+04
736729 27.030001 27.760000 26.780001 27.549999 6.240000e+04
736732 27.770000 29.200001 27.760000 28.830000 1.642000e+05
736733 29.160000 29.340000 28.010000 28.080000 1.124000e+05
736734 28.110001 28.309999 27.400000 28.030001 8.630000e+04
736735 28.010000 28.510000 27.830000 27.870001 6.680000e+04
736736 27.930000 28.320000 27.480000 27.719999 7.920000e+04
736739 27.930000 27.990000 27.000000 27.010000 9.420000e+04
736740 27.000000 27.680000 26.190001 27.180000 1.250000e+05
736741 27.020000 27.570000 26.510000 26.910000 7.910000e+04
736742 26.690001 27.590000 26.600000 27.549999 7.030000e+04
736743 27.510000 27.950001 27.150000 27.879999 9.100000e+04
736747 27.889999 28.090000 27.209999 27.900000 9.510000e+04
736748 27.660000 28.690001 27.660000 28.240000 9.000000e+04
736749 28.469999 28.469999 27.100000 27.219999 6.700000e+04
736750 27.219999 27.799999 27.209999 27.590000 8.470000e+04
736753 27.580000 29.690001 27.410000 29.430000 1.360000e+05
736754 29.469999 29.980000 27.629999 27.719999 1.048000e+05
736755 27.799999 29.299999 27.799999 28.920000 1.010000e+05
736756 29.160000 30.650000 29.139999 29.820000 1.642000e+05
736757 29.850000 30.240000 29.350000 29.920000 1.286000e+05
736760 30.129999 30.510000 29.290001 29.600000 1.456000e+05
736761 28.930000 29.160000 27.040001 27.080000 1.917000e+05
736762 27.080000 28.299999 27.080000 28.190001 1.416000e+05
736763 28.330000 28.490000 26.660000 27.879999 2.362000e+05
736764 29.700001 34.389999 29.520000 33.299999 8.589000e+05
