736034 3.030000 3.070000 2.960000 3.000000 1.250000e+04
736035 3.030000 3.050000 2.820000 3.000000 1.590000e+04
736036 2.980000 3.030000 2.980000 3.010000 6.300000e+03
736039 2.990000 3.020000 2.810000 2.860000 2.680000e+04
736040 2.860000 2.970000 2.860000 2.880000 2.090000e+04
736041 2.870000 2.930000 2.840000 2.900000 1.660000e+04
736042 2.880000 2.950000 2.870000 2.890000 2.240000e+04
736043 2.930000 2.950000 2.860000 2.860000 1.670000e+04
736046 2.820000 2.940000 2.820000 2.860000 1.440000e+04
736047 2.850000 2.940000 2.850000 2.880000 3.390000e+04
736048 2.930000 2.960000 2.930000 2.930000 2.700000e+04
736049 2.850000 2.990000 2.850000 2.980000 1.930000e+04
736050 2.970000 3.120000 2.970000 3.080000 1.660000e+04
736053 3.100000 3.100000 2.980000 3.000000 2.120000e+04
736054 2.560000 2.720000 2.380000 2.600000 2.187000e+05
736055 2.680000 2.680000 2.550000 2.570000 5.390000e+04
736056 2.590000 2.590000 2.530000 2.540000 4.570000e+04
736060 2.530000 2.640000 2.500000 2.500000 5.450000e+04
736061 2.520000 2.590000 2.520000 2.570000 3.220000e+04
736062 2.610000 2.620000 2.460000 2.610000 3.520000e+04
736063 2.540000 2.550000 2.320000 2.450000 8.450000e+04
736064 2.460000 2.570000 2.450000 2.510000 1.160000e+04
736067 2.570000 2.590000 2.430000 2.430000 2.280000e+04
736068 2.430000 2.500000 2.350000 2.400000 6.030000e+04
736069 2.390000 2.500000 2.330000 2.470000 4.250000e+04
736070 2.410000 2.450000 2.360000 2.360000 4.950000e+04
736071 2.360000 2.370000 2.330000 2.370000 2.660000e+04
736074 2.400000 2.400000 2.330000 2.360000 3.870000e+04
736075 2.370000 2.390000 2.310000 2.330000 3.340000e+04
736076 2.320000 2.340000 2.320000 2.330000 1.630000e+04
736077 2.340000 2.340000 2.330000 2.330000 7.900000e+03
736078 2.320000 2.340000 2.300000 2.320000 4.500000e+04
736081 2.300000 2.330000 2.300000 2.310000 6.740000e+04
736082 2.310000 2.330000 2.260000 2.310000 6.160000e+04
736083 2.290000 2.300000 2.250000 2.260000 4.600000e+04
736084 2.250000 2.280000 2.120000 2.230000 1.415000e+05
736085 2.200000 2.280000 2.160000 2.230000 3.820000e+04
736088 2.220000 2.300000 2.220000 2.300000 2.100000e+04
736089 2.290000 2.300000 2.240000 2.240000 4.270000e+04
736090 2.250000 2.270000 2.240000 2.270000 1.110000e+04
736091 2.270000 2.280000 2.240000 2.270000 1.990000e+04
736092 2.250000 2.310000 2.230000 2.310000 3.170000e+04
736095 2.230000 2.330000 2.230000 2.330000 2.050000e+04
736096 2.280000 2.310000 2.270000 2.270000 2.400000e+03
736097 2.220000 2.270000 2.220000 2.240000 3.390000e+04
736098 2.260000 2.270000 2.240000 2.240000 6.200000e+03
736099 2.250000 2.310000 2.190000 2.310000 7.640000e+04
736102 2.250000 2.290000 2.170000 2.200000 5.900000e+04
736103 2.200000 2.260000 2.200000 2.250000 1.910000e+04
736104 2.250000 2.250000 2.180000 2.180000 5.470000e+04
736105 2.220000 2.230000 2.180000 2.220000 1.430000e+04
736106 2.180000 2.280000 2.170000 2.280000 3.680000e+04
736110 2.300000 2.300000 2.250000 2.290000 1.410000e+04
736111 2.300000 2.310000 2.240000 2.240000 2.020000e+04
736112 2.260000 2.290000 2.230000 2.260000 1.620000e+04
736113 2.250000 2.290000 2.250000 2.260000 1.660000e+04
736116 2.260000 2.290000 2.200000 2.230000 3.850000e+04
736117 2.220000 2.260000 2.220000 2.240000 5.560000e+04
736118 2.260000 2.290000 2.220000 2.240000 3.060000e+04
736119 2.290000 2.290000 2.230000 2.230000 5.200000e+03
736120 2.220000 2.270000 2.220000 2.260000 9.400000e+03
736123 2.240000 2.250000 2.200000 2.240000 1.070000e+04
736124 2.220000 2.240000 2.200000 2.230000 7.000000e+03
736125 2.210000 2.240000 2.170000 2.220000 1.400000e+04
736126 2.200000 2.240000 2.200000 2.210000 1.660000e+04
736127 2.170000 2.240000 2.170000 2.220000 9.700000e+03
736130 2.170000 2.210000 2.170000 2.190000 3.220000e+04
736131 2.180000 2.220000 2.180000 2.220000 2.550000e+04
736132 2.190000 2.200000 2.190000 2.190000 1.470000e+04
736133 2.170000 2.210000 2.170000 2.200000 3.590000e+04
736134 2.200000 2.230000 2.170000 2.180000 5.150000e+04
736137 2.230000 2.230000 2.180000 2.190000 4.900000e+03
736138 2.180000 2.210000 2.170000 2.170000 3.920000e+04
736139 2.210000 2.210000 2.170000 2.170000 1.070000e+04
736140 2.180000 2.200000 2.170000 2.180000 2.470000e+04
736141 2.200000 2.200000 2.180000 2.190000 1.100000e+04
736144 2.180000 2.190000 2.170000 2.170000 1.360000e+04
736145 2.160000 2.180000 2.160000 2.170000 1.210000e+04
736146 2.180000 2.200000 2.180000 2.190000 1.740000e+04
736147 2.190000 2.190000 2.170000 2.180000 1.110000e+04
736151 2.170000 2.190000 2.160000 2.190000 1.620000e+04
736152 2.200000 2.200000 2.120000 2.170000 3.710000e+04
736153 2.150000 2.160000 2.130000 2.140000 9.000000e+03
736154 2.140000 2.150000 2.140000 2.150000 6.500000e+03
736155 2.140000 2.170000 2.140000 2.150000 1.190000e+04
736158 2.150000 2.150000 2.120000 2.130000 2.230000e+04
736159 2.130000 2.140000 2.130000 2.140000 1.840000e+04
736160 2.130000 2.160000 2.130000 2.130000 2.420000e+04
736161 2.130000 2.150000 2.130000 2.150000 1.730000e+04
736162 2.150000 2.160000 2.140000 2.150000 1.500000e+04
736165 2.130000 2.160000 2.130000 2.130000 1.630000e+04
736166 2.120000 2.130000 2.100000 2.110000 4.560000e+04
736167 2.110000 2.130000 2.110000 2.120000 1.220000e+04
736168 2.120000 2.130000 2.090000 2.100000 2.270000e+04
736169 2.100000 2.100000 2.070000 2.080000 2.860000e+04
736172 2.080000 2.110000 2.050000 2.050000 2.730000e+04
736173 2.050000 2.080000 2.040000 2.050000 2.500000e+04
736174 2.040000 2.080000 2.040000 2.050000 4.700000e+03
736175 2.050000 2.140000 2.050000 2.130000 1.580000e+04
736176 2.050000 2.100000 2.050000 2.050000 6.600000e+03
736179 2.100000 2.100000 1.910000 1.970000 3.940000e+04
736180 1.980000 1.990000 1.910000 1.950000 5.980000e+04
736181 1.940000 1.970000 1.860000 1.870000 1.439000e+05
736182 1.870000 1.930000 1.850000 1.890000 1.119000e+05
736183 1.930000 1.960000 1.860000 1.860000 4.840000e+04
736186 1.850000 1.940000 1.850000 1.880000 3.630000e+04
736187 1.900000 1.970000 1.860000 1.890000 5.440000e+04
736188 1.860000 1.890000 1.780000 1.840000 5.810000e+04
736189 1.840000 1.960000 1.840000 1.940000 1.500000e+04
736190 1.970000 1.970000 1.880000 1.900000 6.200000e+03
736193 1.840000 1.920000 1.750000 1.860000 3.920000e+04
736194 1.860000 1.960000 1.860000 1.870000 5.700000e+03
736195 1.870000 1.950000 1.870000 1.900000 2.900000e+03
736196 1.950000 1.950000 1.850000 1.900000 3.370000e+04
736197 1.850000 1.850000 1.800000 1.850000 1.530000e+04
736200 1.830000 1.890000 1.820000 1.860000 1.740000e+04
736201 1.800000 1.890000 1.800000 1.880000 5.800000e+03
736202 1.860000 1.860000 1.820000 1.850000 1.400000e+03
736203 1.850000 1.880000 1.810000 1.810000 1.770000e+04
736204 1.850000 1.900000 1.810000 1.810000 1.130000e+04
736207 1.820000 1.840000 1.790000 1.820000 3.590000e+04
736208 1.810000 1.810000 1.760000 1.810000 6.430000e+04
736209 1.800000 1.850000 1.740000 1.740000 2.920000e+04
736210 1.780000 1.830000 1.780000 1.820000 5.100000e+03
736211 1.810000 1.850000 1.810000 1.840000 1.150000e+04
736215 1.900000 1.940000 1.820000 1.830000 4.900000e+03
736216 1.940000 1.940000 1.870000 1.920000 1.300000e+03
736217 1.880000 1.880000 1.740000 1.770000 2.550000e+04
736218 1.780000 1.800000 1.730000 1.740000 5.340000e+04
736221 1.850000 1.850000 1.740000 1.750000 1.010000e+04
736222 1.740000 1.750000 1.710000 1.710000 1.920000e+04
736223 1.720000 1.760000 1.720000 1.730000 6.900000e+03
736224 1.710000 1.710000 1.600000 1.610000 1.256000e+05
736225 1.600000 1.600000 1.450000 1.500000 1.809000e+05
736228 1.500000 1.600000 1.500000 1.570000 2.850000e+04
736229 1.600000 1.600000 1.530000 1.570000 1.470000e+04
736230 1.500000 1.520000 1.420000 1.470000 8.150000e+04
736231 1.470000 1.560000 1.470000 1.500000 4.200000e+03
736232 1.470000 1.540000 1.470000 1.480000 7.700000e+03
736235 1.480000 1.510000 1.480000 1.480000 2.400000e+04
736236 1.480000 1.500000 1.460000 1.460000 3.410000e+04
736237 1.480000 1.510000 1.470000 1.490000 1.120000e+04
736238 1.480000 1.690000 1.480000 1.640000 4.430000e+04
736239 1.650000 1.680000 1.570000 1.670000 3.020000e+04
736242 1.670000 1.740000 1.670000 1.720000 6.600000e+03
736243 1.700000 1.830000 1.700000 1.770000 2.940000e+04
736244 1.770000 1.810000 1.630000 1.730000 1.890000e+04
736245 1.670000 1.760000 1.670000 1.700000 1.700000e+03
736246 1.680000 1.730000 1.660000 1.730000 9.000000e+02
736249 1.700000 1.700000 1.640000 1.640000 5.000000e+02
736250 1.610000 1.700000 1.600000 1.610000 2.800000e+03
736251 1.590000 1.700000 1.590000 1.640000 4.600000e+03
736252 1.650000 1.700000 1.620000 1.700000 4.400000e+03
736253 1.700000 1.710000 1.700000 1.710000 9.000000e+03
736256 1.620000 1.710000 1.620000 1.710000 9.000000e+02
736257 1.620000 1.620000 1.620000 1.620000 1.100000e+03
736258 1.650000 1.650000 1.550000 1.550000 1.600000e+03
736259 1.520000 1.570000 1.520000 1.570000 4.000000e+02
736260 1.630000 1.630000 1.570000 1.570000 4.400000e+03
736263 1.590000 1.600000 1.570000 1.570000 3.100000e+03
736264 1.630000 1.640000 1.580000 1.580000 6.100000e+03
736265 1.640000 1.640000 1.570000 1.570000 1.800000e+03
736266 1.600000 1.650000 1.600000 1.640000 1.510000e+04
736267 1.640000 1.660000 1.580000 1.580000 2.700000e+04
736270 1.540000 1.620000 1.520000 1.520000 1.890000e+04
736271 1.550000 1.580000 1.530000 1.530000 1.020000e+04
736272 1.530000 1.530000 1.530000 1.530000 0.000000e+00
736273 1.580000 1.580000 1.580000 1.580000 1.000000e+03
736274 1.640000 1.640000 1.530000 1.590000 5.400000e+03
736277 1.630000 1.630000 1.550000 1.580000 2.700000e+03
736278 1.540000 1.550000 1.420000 1.480000 2.430000e+04
736279 1.490000 1.500000 1.410000 1.440000 2.950000e+04
736280 1.430000 1.430000 1.350000 1.410000 1.410000e+04
736281 1.480000 1.500000 1.440000 1.500000 3.000000e+03
736284 1.500000 1.500000 1.470000 1.470000 4.900000e+03
736285 1.300000 1.370000 1.300000 1.360000 3.960000e+04
736286 1.280000 1.360000 1.280000 1.300000 2.850000e+04
736287 1.300000 1.350000 1.230000 1.300000 2.860000e+04
736288 1.330000 1.400000 1.300000 1.300000 4.110000e+04
736291 1.310000 1.400000 1.270000 1.360000 1.980000e+04
736292 1.330000 1.400000 1.330000 1.400000 5.200000e+03
736293 1.350000 1.390000 1.250000 1.390000 9.800000e+03
736295 1.320000 1.380000 1.310000 1.380000 4.400000e+03
736298 1.340000 1.380000 1.340000 1.380000 1.350000e+04
736299 1.380000 1.400000 1.380000 1.390000 8.800000e+03
736300 1.360000 1.370000 1.350000 1.370000 1.170000e+04
736301 1.370000 1.440000 1.370000 1.440000 1.250000e+04
736302 1.330000 1.430000 1.330000 1.410000 1.020000e+04
736305 1.340000 1.390000 1.340000 1.340000 5.700000e+04
736306 1.350000 1.380000 1.340000 1.380000 4.199000e+05
736307 1.360000 1.470000 1.360000 1.430000 2.640000e+04
736308 1.480000 1.550000 1.470000 1.550000 2.160000e+04
736309 1.480000 1.580000 1.480000 1.500000 9.600000e+03
736312 1.470000 1.500000 1.400000 1.410000 5.200000e+03
736313 1.390000 1.500000 1.390000 1.490000 9.496000e+05
736314 1.450000 1.520000 1.450000 1.490000 4.130000e+04
736315 1.470000 1.540000 1.450000 1.540000 1.120000e+04
736316 1.550000 1.710000 1.540000 1.680000 6.410000e+04
736319 1.440000 1.600000 1.440000 1.590000 1.900000e+04
736320 1.540000 1.700000 1.540000 1.650000 1.350000e+04
736321 1.600000 1.660000 1.570000 1.650000 7.300000e+03
736322 1.610000 1.650000 1.580000 1.650000 3.200000e+03
736326 1.570000 1.660000 1.550000 1.580000 1.110000e+04
736327 1.570000 1.570000 1.450000 1.500000 3.650000e+04
736328 1.470000 1.590000 1.470000 1.490000 2.070000e+04
736329 1.440000 1.720000 1.440000 1.720000 6.650000e+04
736333 1.620000 1.690000 1.600000 1.630000 8.100000e+03
736334 1.610000 1.680000 1.570000 1.570000 4.000000e+03
736335 1.520000 1.600000 1.520000 1.600000 3.400000e+03
736336 1.600000 1.600000 1.560000 1.560000 7.000000e+02
736337 1.530000 1.530000 1.530000 1.530000 1.500000e+03
736340 1.520000 1.600000 1.520000 1.560000 3.500000e+03
736341 1.490000 1.590000 1.490000 1.560000 1.200000e+03
736342 1.590000 1.590000 1.530000 1.530000 5.500000e+03
736343 1.560000 1.570000 1.470000 1.520000 1.340000e+04
736344 1.520000 1.600000 1.520000 1.560000 5.500000e+03
736348 1.540000 1.590000 1.490000 1.510000 2.800000e+03
736349 1.520000 1.520000 1.450000 1.490000 1.120000e+04
736350 1.500000 1.500000 1.460000 1.500000 4.800000e+03
736351 1.440000 1.460000 1.390000 1.460000 2.400000e+04
736354 1.460000 1.460000 1.430000 1.430000 5.400000e+03
736355 1.460000 1.500000 1.430000 1.430000 3.900000e+03
736356 1.500000 1.500000 1.440000 1.470000 1.000000e+03
736357 1.510000 1.540000 1.490000 1.530000 5.100000e+03
736358 1.550000 1.590000 1.500000 1.500000 1.280000e+04
736361 1.500000 1.500000 1.500000 1.500000 0.000000e+00
736362 1.500000 1.500000 1.500000 1.500000 0.000000e+00
736363 1.570000 1.570000 1.400000 1.490000 2.950000e+04
736364 1.410000 1.460000 1.400000 1.430000 3.900000e+03
736365 1.360000 1.550000 1.360000 1.510000 6.340000e+04
736368 1.580000 1.580000 1.510000 1.580000 1.490000e+04
736369 1.550000 1.700000 1.530000 1.530000 1.980000e+04
736370 1.530000 1.590000 1.520000 1.530000 1.500000e+04
736371 1.580000 1.580000 1.500000 1.500000 2.820000e+04
736372 1.500000 1.550000 1.370000 1.380000 1.796000e+05
736376 1.360000 1.500000 1.360000 1.410000 1.790000e+04
736377 1.490000 1.490000 1.390000 1.390000 7.700000e+03
736378 1.400000 1.410000 1.370000 1.370000 2.240000e+04
736379 1.380000 1.460000 1.360000 1.370000 2.350000e+04
736382 1.360000 1.400000 1.350000 1.400000 1.030000e+04
736383 1.390000 1.390000 1.380000 1.380000 3.000000e+03
736384 1.380000 1.390000 1.330000 1.370000 9.000000e+03
736385 1.400000 1.400000 1.360000 1.400000 8.500000e+03
736386 1.360000 1.400000 1.360000 1.370000 6.000000e+03
736389 1.350000 1.380000 1.340000 1.340000 4.200000e+03
736390 1.360000 1.460000 1.360000 1.410000 3.010000e+04
736391 1.420000 1.480000 1.400000 1.480000 1.400000e+03
736392 1.480000 1.550000 1.460000 1.460000 3.100000e+03
736393 1.540000 1.540000 1.430000 1.430000 3.500000e+03
736396 1.420000 1.420000 1.370000 1.370000 7.000000e+03
736397 1.400000 1.430000 1.370000 1.370000 1.560000e+04
736398 1.370000 1.390000 1.370000 1.370000 4.200000e+03
736399 1.380000 1.440000 1.370000 1.380000 1.200000e+03
736400 1.490000 1.490000 1.370000 1.380000 4.900000e+03
736403 1.420000 1.440000 1.360000 1.370000 6.900000e+03
736404 1.390000 1.480000 1.390000 1.410000 4.800000e+03
736405 1.440000 1.480000 1.400000 1.480000 3.400000e+03
736406 1.490000 1.520000 1.370000 1.520000 7.800000e+03
736407 1.520000 1.570000 1.380000 1.500000 1.990000e+04
736410 1.460000 1.470000 1.460000 1.470000 6.000000e+02
736411 1.420000 1.550000 1.400000 1.400000 1.370000e+04
736412 1.400000 1.410000 1.400000 1.410000 6.300000e+03
736413 1.400000 1.400000 1.400000 1.400000 2.000000e+02
736417 1.400000 1.490000 1.400000 1.490000 4.700000e+03
736418 1.410000 1.530000 1.410000 1.500000 2.600000e+03
736419 1.410000 1.500000 1.400000 1.400000 2.550000e+04
736420 1.400000 1.410000 1.320000 1.320000 1.783000e+05
736421 1.380000 1.380000 1.340000 1.340000 4.400000e+03
736424 1.350000 1.370000 1.340000 1.370000 9.700000e+03
736425 1.390000 1.420000 1.350000 1.420000 8.500000e+03
736426 1.420000 1.420000 1.350000 1.350000 2.000000e+03
736427 1.390000 1.390000 1.370000 1.370000 7.000000e+02
736428 1.420000 1.420000 1.370000 1.380000 1.100000e+03
736431 1.370000 1.380000 1.330000 1.340000 2.800000e+04
736432 1.360000 1.420000 1.340000 1.380000 2.730000e+04
736433 1.350000 1.380000 1.350000 1.350000 8.000000e+03
736434 1.390000 1.400000 1.350000 1.350000 3.100000e+03
736435 1.350000 1.450000 1.350000 1.450000 1.010000e+04
736438 1.420000 1.420000 1.360000 1.360000 1.190000e+04
736439 1.370000 1.390000 1.370000 1.380000 1.290000e+04
736440 1.390000 1.410000 1.370000 1.370000 3.900000e+03
736441 1.370000 1.400000 1.370000 1.390000 2.500000e+03
736442 1.360000 1.420000 1.330000 1.370000 2.060000e+04
736445 1.360000 1.390000 1.340000 1.390000 1.070000e+04
736446 1.350000 1.380000 1.330000 1.380000 2.050000e+04
736447 1.390000 1.410000 1.360000 1.360000 1.410000e+04
736448 1.430000 1.430000 1.380000 1.380000 2.600000e+03
736449 1.350000 1.400000 1.350000 1.400000 1.500000e+03
736452 1.420000 1.420000 1.330000 1.360000 2.050000e+04
736453 1.350000 1.370000 1.350000 1.360000 3.800000e+03
736454 1.380000 1.420000 1.380000 1.380000 2.680000e+04
736455 1.380000 1.380000 1.370000 1.370000 2.900000e+03
736456 1.390000 1.390000 1.360000 1.390000 7.000000e+02
736459 1.390000 1.450000 1.390000 1.420000 2.240000e+04
736460 1.430000 1.450000 1.400000 1.440000 4.190000e+04
736461 1.440000 1.470000 1.410000 1.450000 1.730000e+04
736462 1.450000 1.480000 1.450000 1.470000 8.900000e+03
736463 1.470000 1.470000 1.470000 1.470000 2.000000e+02
736466 1.400000 1.400000 1.330000 1.360000 2.100000e+04
736467 1.350000 1.370000 1.330000 1.330000 2.230000e+04
736468 1.350000 1.350000 1.320000 1.350000 3.060000e+04
736469 1.320000 1.350000 1.230000 1.300000 3.730000e+04
736470 1.280000 1.350000 1.280000 1.300000 3.200000e+03
736473 1.330000 1.330000 1.290000 1.300000 2.830000e+04
736474 1.380000 1.380000 1.310000 1.310000 8.200000e+03
736475 1.310000 1.370000 1.300000 1.330000 3.470000e+04
736476 1.320000 1.350000 1.320000 1.340000 6.000000e+02
736477 1.360000 1.370000 1.320000 1.320000 3.800000e+03
736481 1.330000 1.330000 1.310000 1.310000 3.300000e+03
736482 1.280000 1.350000 1.280000 1.310000 7.900000e+03
736483 1.280000 1.350000 1.280000 1.300000 4.500000e+03
736484 1.310000 1.340000 1.310000 1.340000 6.900000e+03
736487 1.330000 1.350000 1.320000 1.340000 9.300000e+03
736488 1.330000 1.390000 1.330000 1.340000 1.490000e+04
736489 1.380000 1.390000 1.330000 1.330000 8.200000e+03
736490 1.330000 1.340000 1.310000 1.310000 1.100000e+04
736491 1.320000 1.340000 1.300000 1.340000 3.180000e+04
736494 1.320000 1.320000 1.310000 1.310000 9.000000e+03
736495 1.310000 1.400000 1.310000 1.350000 6.070000e+04
736496 1.370000 1.390000 1.330000 1.380000 3.600000e+04
736497 1.380000 1.420000 1.330000 1.330000 5.900000e+03
736498 1.390000 1.400000 1.330000 1.330000 7.500000e+03
736501 1.330000 1.450000 1.330000 1.410000 5.200000e+03
736502 1.380000 1.380000 1.340000 1.380000 4.030000e+04
736503 1.360000 1.450000 1.310000 1.310000 1.200000e+04
736504 1.320000 1.370000 1.310000 1.340000 1.340000e+04
736505 1.310000 1.450000 1.310000 1.390000 3.560000e+04
736508 1.370000 1.380000 1.320000 1.340000 8.880000e+04
736509 1.350000 1.450000 1.350000 1.380000 2.690000e+04
736510 1.400000 1.410000 1.350000 1.360000 2.970000e+04
736511 1.400000 1.410000 1.330000 1.340000 3.590000e+04
736512 1.360000 1.390000 1.350000 1.380000 6.900000e+03
736516 1.380000 1.390000 1.350000 1.350000 5.670000e+04
736517 1.360000 1.380000 1.350000 1.360000 1.610000e+04
736518 1.370000 1.380000 1.350000 1.360000 1.160000e+04
736519 1.370000 1.430000 1.360000 1.420000 1.310000e+04
736522 1.410000 1.450000 1.360000 1.410000 7.300000e+03
736523 1.400000 1.450000 1.370000 1.450000 3.060000e+04
736524 1.460000 1.480000 1.420000 1.420000 1.800000e+03
736525 1.470000 1.470000 1.430000 1.430000 4.000000e+02
736526 1.450000 1.480000 1.450000 1.470000 6.800000e+03
736529 1.500000 1.540000 1.470000 1.490000 1.790000e+04
736530 1.490000 1.510000 1.430000 1.500000 1.950000e+04
736531 1.500000 1.510000 1.480000 1.510000 1.700000e+03
736532 1.520000 1.520000 1.510000 1.520000 1.300000e+04
736533 1.550000 1.550000 1.360000 1.380000 1.960000e+04
736536 1.360000 1.450000 1.360000 1.450000 8.900000e+03
736537 1.420000 1.460000 1.340000 1.460000 1.565000e+05
736538 1.460000 1.500000 1.420000 1.450000 4.450000e+04
736539 1.500000 1.500000 1.430000 1.480000 5.500000e+03
736540 1.520000 1.550000 1.450000 1.460000 2.390000e+04
736543 1.460000 1.500000 1.460000 1.470000 1.280000e+04
736544 1.500000 1.520000 1.490000 1.520000 5.100000e+03
736545 1.550000 1.960000 1.520000 1.700000 3.378000e+05
736546 1.650000 1.710000 1.590000 1.600000 1.920000e+04
736547 1.570000 1.580000 1.520000 1.550000 1.940000e+04
736550 1.600000 1.640000 1.600000 1.610000 3.090000e+04
736551 1.620000 1.620000 1.560000 1.560000 9.200000e+03
736552 1.550000 1.550000 1.460000 1.460000 6.800000e+03
736553 1.480000 1.490000 1.430000 1.440000 1.330000e+04
736554 1.500000 1.500000 1.440000 1.450000 7.700000e+03
736557 1.460000 1.540000 1.420000 1.500000 1.091000e+05
736558 1.550000 1.580000 1.500000 1.560000 3.700000e+03
736559 1.580000 1.610000 1.480000 1.500000 8.290000e+04
736560 1.480000 1.550000 1.460000 1.520000 3.580000e+04
736561 1.510000 1.580000 1.470000 1.470000 2.570000e+04
736564 1.510000 1.600000 1.480000 1.580000 5.980000e+04
736565 1.570000 1.680000 1.570000 1.670000 6.460000e+04
736566 1.650000 1.720000 1.630000 1.710000 9.330000e+04
736567 1.650000 1.740000 1.600000 1.740000 1.429000e+05
736568 1.650000 1.710000 1.600000 1.630000 1.117000e+05
736571 1.650000 1.720000 1.590000 1.630000 1.790000e+04
736572 1.590000 1.680000 1.560000 1.580000 2.370000e+04
736573 1.620000 1.700000 1.580000 1.700000 5.570000e+04
736574 1.700000 1.700000 1.650000 1.660000 1.660000e+04
736575 1.680000 1.690000 1.650000 1.650000 6.800000e+03
736579 1.680000 1.700000 1.590000 1.650000 8.100000e+03
736580 1.700000 1.700000 1.630000 1.630000 5.500000e+03
736581 1.630000 1.650000 1.620000 1.620000 4.100000e+03
736582 1.610000 1.640000 1.580000 1.600000 9.300000e+03
736585 1.600000 1.600000 1.550000 1.550000 3.200000e+03
736586 1.560000 1.560000 1.460000 1.500000 2.120000e+04
736587 1.500000 1.530000 1.440000 1.440000 2.890000e+04
736588 1.470000 1.530000 1.470000 1.490000 1.870000e+04
736589 1.530000 1.660000 1.500000 1.600000 2.190000e+04
736592 1.540000 1.600000 1.470000 1.510000 1.520000e+04
736593 1.520000 1.530000 1.500000 1.530000 5.500000e+03
736594 1.610000 1.620000 1.530000 1.530000 1.500000e+03
736595 1.550000 1.590000 1.520000 1.520000 2.200000e+03
736596 1.540000 1.600000 1.500000 1.580000 8.830000e+04
736599 1.530000 1.680000 1.530000 1.610000 2.730000e+04
736600 1.570000 1.730000 1.570000 1.630000 1.023000e+05
736601 1.660000 1.720000 1.620000 1.620000 1.490000e+04
736602 1.580000 1.690000 1.580000 1.660000 2.020000e+04
736603 1.640000 1.700000 1.640000 1.700000 9.600000e+03
736606 1.650000 1.680000 1.610000 1.610000 1.900000e+03
736607 1.600000 1.700000 1.600000 1.690000 1.490000e+04
736608 1.610000 1.630000 1.590000 1.610000 3.300000e+03
736609 1.570000 1.650000 1.570000 1.650000 3.900000e+03
736610 1.620000 1.690000 1.620000 1.690000 2.600000e+03
736613 1.660000 1.700000 1.640000 1.640000 2.400000e+03
736614 1.680000 1.680000 1.620000 1.620000 7.200000e+03
736615 1.620000 1.660000 1.620000 1.620000 3.000000e+03
736616 1.650000 1.650000 1.620000 1.620000 3.600000e+03
736617 1.620000 1.630000 1.620000 1.630000 3.000000e+03
736620 1.630000 1.630000 1.630000 1.630000 0.000000e+00
736621 1.620000 1.640000 1.620000 1.630000 9.000000e+02
736622 1.640000 1.640000 1.630000 1.630000 3.700000e+03
736623 1.620000 1.650000 1.620000 1.620000 6.200000e+03
736624 1.620000 1.620000 1.620000 1.620000 0.000000e+00
736627 1.620000 1.620000 1.620000 1.620000 1.000000e+03
736628 1.620000 1.630000 1.520000 1.540000 5.600000e+03
736629 1.540000 1.590000 1.520000 1.560000 3.500000e+03
736630 1.540000 1.550000 1.530000 1.540000 1.000000e+03
736631 1.560000 1.560000 1.560000 1.560000 5.000000e+02
736634 1.560000 1.560000 1.520000 1.530000 7.300000e+03
736635 1.550000 1.550000 1.520000 1.520000 1.300000e+03
736636 1.540000 1.550000 1.540000 1.540000 1.310000e+04
736637 1.570000 1.700000 1.570000 1.620000 5.300000e+03
736638 1.680000 1.680000 1.620000 1.620000 2.480000e+04
736641 1.650000 1.650000 1.600000 1.620000 5.100000e+03
736642 1.640000 1.680000 1.630000 1.680000 1.190000e+04
736643 1.650000 1.650000 1.640000 1.640000 7.000000e+02
736644 1.600000 1.680000 1.570000 1.680000 1.700000e+03
736645 1.610000 1.610000 1.590000 1.590000 1.400000e+03
736648 1.540000 1.600000 1.530000 1.600000 3.620000e+04
736649 1.640000 1.680000 1.620000 1.660000 6.160000e+04
736650 1.680000 1.750000 1.680000 1.710000 7.020000e+04
736651 1.740000 1.780000 1.650000 1.680000 2.590000e+04
736652 1.650000 1.740000 1.650000 1.740000 1.000000e+03
736655 1.760000 1.760000 1.660000 1.690000 3.900000e+04
736656 1.650000 1.720000 1.650000 1.670000 7.400000e+03
736657 1.720000 1.750000 1.720000 1.750000 9.600000e+03
736659 1.730000 1.790000 1.710000 1.790000 1.100000e+03
736662 1.700000 1.750000 1.660000 1.660000 6.800000e+03
736663 1.690000 1.700000 1.640000 1.640000 3.000000e+03
736664 1.650000 1.670000 1.640000 1.640000 4.300000e+03
736665 1.700000 1.700000 1.640000 1.640000 7.000000e+02
736666 1.650000 1.650000 1.570000 1.600000 2.600000e+03
736669 1.550000 1.630000 1.550000 1.550000 1.750000e+04
736670 1.620000 1.650000 1.570000 1.570000 2.900000e+04
736671 1.600000 1.640000 1.580000 1.580000 8.600000e+03
736672 1.590000 1.690000 1.550000 1.580000 3.010000e+04
736673 1.700000 1.780000 1.550000 1.580000 7.680000e+04
736676 1.590000 1.640000 1.580000 1.630000 2.900000e+04
736677 1.610000 1.910000 1.600000 1.770000 1.386000e+05
736678 1.760000 1.800000 1.680000 1.740000 2.010000e+04
736679 1.760000 1.760000 1.660000 1.740000 4.700000e+03
736680 1.760000 1.800000 1.670000 1.800000 1.070000e+04
736683 1.860000 1.880000 1.770000 1.840000 5.210000e+04
736684 1.790000 1.860000 1.780000 1.780000 4.800000e+03
736685 1.770000 1.780000 1.720000 1.720000 7.000000e+03
736686 1.700000 1.740000 1.560000 1.640000 6.920000e+04
736687 1.650000 1.790000 1.650000 1.790000 1.220000e+04
736691 1.800000 1.800000 1.690000 1.790000 1.980000e+04
736692 1.820000 1.830000 1.710000 1.830000 3.020000e+04
736693 1.770000 1.980000 1.760000 1.870000 1.775000e+05
736694 1.920000 1.930000 1.850000 1.910000 3.070000e+04
736698 1.900000 1.940000 1.850000 1.870000 3.640000e+04
736699 1.950000 1.970000 1.860000 1.860000 2.570000e+04
736700 1.930000 1.930000 1.810000 1.820000 7.500000e+03
736701 1.790000 1.800000 1.750000 1.780000 4.800000e+03
736704 1.770000 1.810000 1.620000 1.810000 6.790000e+04
736705 1.750000 1.830000 1.710000 1.830000 3.920000e+04
736706 1.830000 1.990000 1.700000 1.960000 2.008000e+05
736707 1.950000 1.980000 1.880000 1.920000 2.230000e+04
736708 1.900000 1.920000 1.900000 1.920000 1.110000e+04
736712 1.880000 1.900000 1.860000 1.860000 1.220000e+04
736713 1.900000 1.900000 1.880000 1.900000 1.100000e+03
736714 1.890000 1.890000 1.870000 1.880000 5.100000e+03
736715 1.910000 1.910000 1.860000 1.880000 5.000000e+03
736718 1.850000 1.890000 1.850000 1.890000 7.000000e+02
736719 1.900000 1.900000 1.850000 1.890000 1.100000e+03
736720 1.840000 1.840000 1.750000 1.830000 1.164000e+05
736721 1.860000 1.880000 1.750000 1.830000 2.260000e+04
736722 1.820000 1.990000 1.820000 1.940000 2.377000e+05
736725 1.920000 1.990000 1.860000 1.900000 1.160000e+05
736726 1.940000 1.980000 1.880000 1.980000 4.600000e+04
736727 1.960000 1.960000 1.860000 1.940000 1.930000e+04
736728 1.890000 1.890000 1.770000 1.810000 2.210000e+04
736729 1.790000 1.880000 1.790000 1.800000 4.970000e+04
736732 1.800000 1.830000 1.730000 1.830000 8.950000e+04
736733 1.830000 1.900000 1.710000 1.720000 7.470000e+04
736734 1.730000 1.790000 1.720000 1.720000 8.600000e+03
736735 1.780000 1.790000 1.710000 1.720000 8.000000e+03
736736 1.720000 1.770000 1.720000 1.770000 2.000000e+03
736739 1.760000 1.770000 1.740000 1.740000 8.600000e+03
736740 1.750000 1.770000 1.740000 1.740000 5.200000e+03
736741 1.770000 1.770000 1.700000 1.700000 6.900000e+03
736742 1.700000 1.780000 1.650000 1.650000 6.120000e+04
736743 1.660000 1.800000 1.660000 1.720000 6.380000e+04
736747 1.720000 1.900000 1.700000 1.720000 1.137000e+05
736748 1.800000 1.890000 1.650000 1.650000 1.392000e+05
736749 1.650000 1.690000 1.610000 1.620000 4.940000e+04
736750 1.700000 1.750000 1.630000 1.670000 5.270000e+04
736753 1.690000 1.710000 1.550000 1.650000 5.470000e+04
736754 1.650000 1.700000 1.540000 1.590000 7.580000e+04
736755 1.620000 1.630000 1.580000 1.580000 3.980000e+04
736756 1.580000 1.670000 1.570000 1.570000 6.500000e+03
736757 1.590000 1.590000 1.510000 1.530000 3.450000e+04
736760 1.540000 1.570000 1.510000 1.530000 1.470000e+04
736761 1.540000 1.600000 1.540000 1.540000 1.610000e+04
736762 1.530000 1.680000 1.500000 1.500000 3.520000e+04
736763 1.600000 1.630000 1.510000 1.550000 6.300000e+04
736764 1.600000 1.620000 1.510000 1.550000 3.180000e+04
