736034 58.224842 58.506455 58.071685 58.407645 2.648156e+04
736035 58.689258 59.341416 58.689258 59.341416 8.102566e+03
736036 59.287068 59.563740 58.827594 59.430346 2.934710e+04
736039 59.672434 60.507394 59.672434 60.126967 9.673673e+04
736040 60.571621 60.571621 58.817714 60.403643 2.025642e+04
736041 60.403643 61.362114 60.403643 61.179315 1.324078e+04
736042 61.100265 61.703017 61.095327 61.703017 1.778612e+04
736043 62.206002 62.206002 61.761320 62.013307 1.424957e+05
736046 61.983659 62.606214 61.983659 62.606214 9.684175e+03
736047 62.457989 62.591392 62.230704 62.235646 8.004267e+03
736048 62.373991 62.428341 60.946069 60.946069 1.946717e+04
736049 60.684202 61.153587 60.333399 60.837369 2.757025e+04
736050 61.272170 61.380871 60.871955 61.296873 1.551444e+04
736053 61.613091 61.889784 61.613091 61.726733 3.093007e+04
736054 61.534038 63.085482 60.778080 61.474746 2.717498e+04
736055 61.949072 61.949072 60.447036 60.753374 1.393335e+04
736056 60.526094 61.519217 60.526094 61.351224 1.235226e+04
736060 61.099240 61.879900 60.995478 61.682263 1.729317e+04
736061 61.830492 62.013307 61.286993 61.286993 1.225345e+04
736062 61.721791 61.721791 61.232642 61.529096 1.897308e+04
736063 61.603210 61.860136 61.499452 61.672383 1.215463e+04
736064 61.756378 61.963899 61.652619 61.963899 8.103085e+03
736067 62.067657 62.383875 61.963899 62.013307 1.670026e+04
736068 62.018246 62.206003 61.538981 61.934251 1.739199e+04
736069 62.354227 62.354227 61.697090 61.746498 8.399540e+03
736070 61.815671 61.973779 61.573567 61.741556 1.136408e+04
736071 61.385810 61.440160 60.847253 61.178293 2.618680e+04
736074 61.716853 61.835434 61.385809 61.697089 2.144353e+04
736075 62.176354 62.176354 61.894723 62.057773 8.004267e+03
736076 62.438226 62.438226 61.603211 62.151652 1.798490e+04
736077 62.280116 62.690208 62.072595 62.635858 1.630499e+04
736078 62.734678 62.798908 62.438225 62.700092 1.264872e+04
736081 62.947138 62.996546 61.613091 61.697089 1.917071e+04
736082 61.850256 62.146709 60.674322 62.092359 1.492153e+04
736083 61.949072 61.949072 60.590323 60.896661 4.753151e+04
736084 60.753374 61.005361 59.493446 59.587320 7.381713e+04
736085 59.814602 59.992474 59.300747 59.691079 5.217596e+04
736088 59.780015 60.432215 59.780015 60.333398 4.901378e+04
736089 60.180232 60.180232 59.211811 59.295809 7.697931e+04
736090 59.384745 59.384745 58.633725 58.935121 4.822324e+04
736091 58.915357 59.750371 58.915357 59.537912 5.879678e+04
736092 59.903539 60.456922 59.780016 60.017181 3.013952e+04
736095 60.071531 60.531035 60.071531 60.293870 2.668089e+04
736096 59.992474 60.358104 59.928244 60.160467 2.757025e+04
736097 60.224697 60.491506 60.061647 60.170347 3.211589e+04
736098 60.407512 60.871955 60.333398 60.871955 6.027905e+03
736099 60.941128 61.039949 60.629852 60.990540 1.126526e+04
736102 60.926306 61.894723 60.926306 61.850256 7.114904e+03
736103 61.919429 62.408577 61.781084 62.186238 6.324359e+03
736104 62.354227 62.769265 62.117066 62.566686 2.747144e+04
736105 62.482691 62.838437 62.482691 62.581512 1.462508e+04
736106 62.477750 63.362176 62.477750 62.714915 1.294517e+04
736110 62.601272 62.601272 62.042951 62.092359 1.245108e+04
736111 62.428341 62.803851 62.378933 62.803851 1.126526e+04
736112 62.611155 62.937253 62.433283 62.635858 3.656270e+03
736113 62.457989 63.460992 62.003423 63.085482 1.498083e+05
736116 63.204063 63.342408 62.709973 63.144775 2.845962e+04
736117 62.942196 63.441225 62.586450 62.611156 1.986244e+04
736118 62.457989 62.818672 62.457989 62.660564 2.529744e+04
736119 62.779146 62.917490 62.255411 62.319641 2.351871e+04
736120 62.324582 62.537042 61.805786 62.457989 1.027708e+04
736123 62.576570 62.793967 62.373991 62.403639 1.383454e+04
736124 62.433284 62.433284 62.102244 62.299877 6.027905e+03
736125 62.576570 63.041012 62.497514 62.971840 4.743269e+03
736126 63.139832 63.544987 63.139832 63.451108 5.929087e+03
736127 63.293003 63.416525 62.986665 63.026190 7.213722e+03
736130 62.685271 63.698154 62.517278 63.584515 1.492153e+04
736131 63.648749 64.123072 63.648749 63.969905 1.403217e+04
736132 64.320706 64.404707 63.846383 64.058838 7.707813e+03
736133 64.241656 64.715979 64.241656 64.641868 7.114904e+03
736134 65.095110 65.149480 64.640384 65.025913 1.077505e+04
736137 65.500413 65.767315 65.238451 65.282934 1.759594e+04
736138 65.717893 65.717893 65.025913 65.169255 2.451570e+04
736139 64.897406 64.897406 64.160944 64.200486 1.235670e+04
736140 64.398190 65.836512 64.195546 65.708005 2.323060e+04
736141 66.231928 66.241815 65.579491 65.589378 3.143545e+04
736144 65.060515 65.658575 64.526704 64.526704 2.006729e+04
736145 64.991317 65.268106 64.679926 64.803493 2.352716e+04
736146 65.381787 67.274835 64.981431 65.238452 3.351138e+04
736147 65.490526 65.490526 64.511877 64.788666 9.292241e+03
736151 64.106574 64.966603 63.612306 64.660159 2.016614e+04
736152 64.744183 64.941888 63.483798 64.610729 2.194550e+04
736153 64.175771 64.304286 63.414602 63.523341 1.313765e+05
736154 64.175771 66.133076 63.829785 64.052204 1.265326e+04
736155 64.749123 65.520181 64.615669 65.104997 2.313175e+04
736158 65.510293 65.633860 65.025913 65.376846 2.530653e+04
736159 65.465810 65.885941 65.436155 65.841459 7.809436e+03
736160 65.935364 65.935364 65.401561 65.441096 1.255441e+04
736161 65.698117 65.698117 65.070395 65.628920 1.858448e+04
736162 65.663523 65.871114 65.312589 65.544896 7.710583e+03
736165 65.648695 65.648695 65.045687 65.109937 1.621199e+04
736166 65.184082 65.184082 64.126348 64.576127 1.245556e+04
736167 64.373482 64.976491 64.373482 64.946828 1.126931e+04
736168 65.129712 65.470758 64.689814 64.798553 1.275212e+04
736169 65.193962 65.193962 63.839672 64.017609 1.967187e+04
736172 63.676562 63.676562 63.132868 63.241604 3.331367e+04
736173 63.592538 63.829785 62.717681 63.824845 1.729938e+04
736174 63.973119 64.314165 63.849552 64.170831 3.163316e+04
736175 64.427853 64.427853 63.637021 64.042324 5.140388e+03
736176 64.615670 65.189022 64.615670 64.872691 9.391094e+03
736179 65.104997 65.371899 64.813381 64.976490 1.986958e+04
736180 65.342244 65.841459 65.342244 65.505353 9.786509e+03
736181 65.984794 66.874478 65.806857 66.162731 1.334524e+04
736182 66.518604 66.518604 65.011085 65.431216 2.214321e+04
736183 65.238451 65.673402 64.630496 65.179134 2.718475e+04
736186 65.510293 66.291238 65.460871 65.589378 3.054577e+04
736187 65.277993 65.539955 64.892457 65.223624 2.580080e+04
736188 65.040740 65.040740 63.918756 64.739236 2.580080e+04
736189 64.734296 65.243392 64.689814 64.813381 5.792822e+04
736190 64.951775 65.213737 64.630497 65.184082 2.540538e+04
736193 65.159367 65.969966 64.828208 65.722832 1.186243e+04
736194 65.930424 66.474122 65.930424 66.044104 4.606579e+04
736195 65.871114 65.871114 65.223625 65.792030 1.937531e+04
736196 65.208790 65.208790 63.498626 63.498626 2.945838e+04
736197 63.034013 63.256435 62.277783 62.515033 4.952567e+04
736200 61.991107 61.991107 53.380957 60.162316 1.135828e+05
736201 61.111310 62.633656 59.707590 59.717474 2.303289e+04
736202 60.458877 61.140965 59.327002 61.012458 2.352716e+04
736203 61.936737 62.470547 61.289247 62.060304 1.012261e+05
736204 62.025705 62.183871 61.610522 62.085019 1.469953e+05
736207 61.966396 62.421121 61.318902 61.388099 3.301711e+04
736208 60.775207 60.775207 59.549424 59.860812 5.090962e+04
736209 60.483591 60.804862 59.742189 60.804862 1.621199e+04
736210 60.834521 61.516610 60.696127 60.948201 8.797973e+03
736211 60.419334 60.567616 60.014034 60.567616 8.007144e+03
736215 61.215106 61.783515 60.656584 61.773631 1.156587e+04
736216 62.351924 62.421121 61.284303 61.284303 9.786509e+03
736217 61.299131 61.798343 61.239821 61.338673 9.489948e+03
736218 61.220050 61.872484 60.162317 61.793399 2.461455e+04
736221 62.030649 62.129501 61.704430 61.803286 5.832364e+03
736222 62.376635 62.505147 61.734089 62.406294 1.087390e+04
736223 62.554572 62.673200 62.248128 62.623769 2.540538e+04
736224 62.663311 63.879214 62.653427 63.246548 2.580080e+04
736225 62.288493 63.039907 62.179734 62.179734 1.433624e+04
736228 62.565329 63.020136 61.774365 62.150074 1.087577e+04
736229 61.645831 61.645831 61.082270 61.448094 1.235883e+04
736230 61.339335 62.159960 61.339335 61.922672 1.305092e+04
736231 61.586512 61.586512 60.548372 60.884532 1.532495e+04
736232 61.200918 61.715041 58.976329 59.164181 2.807926e+04
736235 58.748922 59.569550 55.268680 55.941000 1.541393e+05
736236 55.960771 56.455124 55.150033 55.505967 5.269804e+04
736237 56.039870 56.771510 55.723485 56.405690 1.229951e+05
736238 56.573771 56.840723 55.476307 55.901451 2.165267e+04
736239 55.268680 56.662755 54.952294 56.642981 3.994373e+04
736242 57.058236 57.691007 56.731965 57.186769 6.120092e+04
736243 57.097785 57.641572 55.703709 56.188177 1.674868e+05
736244 56.534223 56.900043 55.654275 56.573772 2.185041e+04
736245 56.465015 56.465015 55.723485 56.376030 2.016961e+04
736246 56.385915 57.097785 56.168402 56.998916 2.036735e+04
736249 57.048350 57.493269 56.820948 57.473494 4.152566e+04
736250 57.206543 58.264458 57.127445 57.206543 2.550862e+04
736251 57.661347 57.661347 56.553997 56.662755 1.492946e+04
736252 56.415578 57.344961 55.891562 57.344961 1.710462e+04
736253 57.305412 58.284234 57.295527 57.868975 2.768377e+04
736256 57.740446 58.422651 57.691007 58.392991 7.049475e+04
736257 58.452311 58.926889 58.056831 58.244684 2.451991e+04
736258 58.570959 58.709377 56.356255 57.305412 1.957638e+04
736259 56.553997 56.553997 52.529963 53.330813 9.896949e+04
736260 53.607653 55.347775 53.587879 55.248905 9.412483e+04
736263 55.288451 55.654275 55.011614 55.466418 3.323042e+05
736264 55.209356 55.990435 55.209356 55.891562 6.782525e+04
736265 55.861902 56.900043 55.090713 56.900043 2.491540e+04
736266 56.860494 57.186769 56.781399 56.929707 3.005667e+04
736267 56.909932 57.157109 56.583658 56.741850 1.018367e+05
736270 56.830834 57.859088 56.741849 57.799765 3.272618e+04
736271 57.661347 57.928298 57.058235 57.631687 1.987300e+04
736272 57.809655 58.205135 57.522929 58.135926 1.453398e+04
736273 58.155701 58.373217 57.602023 58.373217 7.514167e+03
736274 58.056831 59.055423 58.056831 58.996099 1.759897e+04
736277 58.926889 58.926889 57.967847 58.481975 1.492946e+04
736278 58.462200 58.729151 58.224908 58.650053 4.745790e+03
736279 58.847794 58.847794 57.206543 57.206543 1.621478e+04
736280 56.880268 56.890157 56.099193 56.099193 1.661026e+04
736281 56.029980 56.702300 55.861902 56.316706 1.720349e+04
736284 56.217838 56.909932 56.217838 56.909932 3.885616e+04
736285 56.969253 57.641573 56.741850 57.186769 2.540975e+04
736286 57.364735 58.086491 57.295527 58.086491 9.985933e+03
736287 57.453720 57.453720 56.128852 56.257386 2.086170e+04
736288 56.168402 57.562478 56.168402 57.453720 1.631365e+04
736291 57.473495 58.294119 57.117559 57.849200 3.935051e+04
736292 57.621799 58.106266 57.364736 58.106266 2.115831e+04
736293 58.066718 58.363329 58.066718 58.106266 1.680801e+04
736295 58.155701 58.798361 58.155701 58.551184 3.855954e+03
736298 58.580844 58.650054 57.819541 57.868975 3.677987e+04
736299 58.116151 58.847795 57.997508 58.847795 8.502874e+03
736300 58.818135 58.917004 58.274344 58.274344 1.067803e+04
736301 58.432537 58.442427 56.652867 57.018687 1.324866e+04
736302 57.542704 57.829429 57.394396 57.750331 7.019814e+03
736305 57.710782 57.710782 56.801174 57.068125 1.314979e+04
736306 56.563883 57.157109 56.366141 57.058236 1.552269e+04
736307 56.840723 57.522928 56.465014 56.504563 9.985933e+03
736308 56.840723 57.226318 56.544108 56.959367 1.166673e+04
736309 56.316706 56.682530 56.039869 56.148628 1.008480e+04
736312 56.148627 56.148627 54.744662 55.308225 2.768377e+04
736313 55.377434 56.109079 55.377434 56.010210 2.976006e+04
736314 56.425464 56.593546 55.683935 56.356255 2.135605e+04
736315 56.455125 56.949478 56.455125 56.534223 3.193521e+04
736316 56.403586 56.652894 55.964801 56.064526 1.645437e+04
736319 56.283916 56.862313 56.283916 56.772562 1.804995e+04
736320 57.101646 57.680044 56.523252 57.031841 1.236571e+04
736321 57.251234 57.949299 57.251234 57.829632 1.485879e+04
736322 57.839602 57.979214 57.650129 57.749851 1.406101e+04
736326 57.460652 57.460652 56.882258 57.380875 3.976971e+05
736327 57.470627 58.188633 57.470627 58.168692 2.423280e+04
736328 58.128802 58.258439 57.620210 57.620210 1.086986e+04
736329 57.340985 57.690015 57.221318 57.221318 1.436018e+04
736333 56.363695 56.583088 55.845133 56.453447 1.735188e+04
736334 56.563144 57.211344 56.563144 56.692781 1.954580e+04
736335 55.994720 56.433501 55.605795 56.074497 1.406101e+04
736336 55.186959 55.476158 54.419088 54.468949 1.824939e+04
736337 54.658425 55.047347 53.780858 53.810774 3.550155e+04
736340 53.950386 54.379198 52.953151 53.381963 2.473142e+04
736341 53.740968 54.468949 52.454534 53.262296 2.313584e+04
736342 53.352048 53.631272 50.539846 51.078354 5.564569e+04
736343 51.257857 52.434594 50.968658 52.205226 2.792257e+04
736344 50.958682 51.736528 50.300509 51.726554 3.161233e+04
736348 52.115474 52.444563 51.108269 51.686667 1.326322e+04
736349 50.918796 52.454535 49.712140 52.035698 2.872035e+04
736350 52.085559 52.853430 51.128214 51.616857 1.396128e+04
736351 52.225170 52.574204 51.916030 52.504399 1.745160e+04
736354 52.374757 52.683902 51.856195 51.876140 1.416073e+04
736355 52.095534 52.753709 51.666722 52.663957 1.655409e+04
736356 52.673928 53.082794 51.856196 52.115475 1.585603e+04
736357 52.454533 52.454533 50.589707 50.719348 3.051538e+04
736358 51.168104 52.464509 51.168104 52.464509 1.615520e+04
736361 52.165338 52.953151 52.015752 52.763678 1.336294e+04
736362 52.265062 52.813540 51.656748 51.776415 1.884773e+04
736363 52.055642 52.055642 50.051199 51.008547 2.622727e+04
736364 50.839016 51.646777 50.599682 51.217966 2.353473e+04
736365 50.978627 50.998572 49.432915 49.472805 2.094192e+04
736368 48.944272 49.014079 47.338724 48.036785 4.088662e+04
736369 47.568088 48.944273 47.568088 48.575293 4.726892e+04
736370 48.834576 50.130979 48.834576 49.512696 3.839353e+04
736371 48.794685 49.183607 48.206317 48.445655 4.178413e+04
736372 48.794685 48.794685 48.246207 48.764770 2.333529e+04
736376 49.083885 49.462831 48.375845 49.462831 2.642672e+04
736377 49.712139 50.839016 49.712139 50.639568 1.485879e+04
736378 50.619622 50.829044 50.300508 50.300508 9.772898e+03
736379 50.320453 50.470040 49.951477 50.470040 3.051538e+04
736382 51.537080 51.786389 51.537080 51.726554 9.972345e+03
736383 51.537080 51.876140 51.307717 51.686667 1.864829e+04
736384 51.247882 52.055644 50.928768 52.035698 6.581748e+03
736385 52.065614 52.653983 52.065614 52.494425 3.310819e+04
736386 52.584177 53.182519 52.584177 52.973097 5.983407e+03
736389 52.903290 52.903290 52.215200 52.215200 6.561803e+04
736390 52.165339 52.753708 51.796360 52.723788 1.505824e+04
736391 52.963126 53.012987 52.683902 53.012987 1.206654e+04
736392 52.873374 54.119917 52.873374 54.080028 8.719819e+05
736393 53.900525 54.309391 53.711052 53.790829 5.484790e+05
736396 53.421854 54.399142 53.122683 54.099973 5.514707e+04
736397 54.099973 54.099973 52.923236 52.923236 2.812201e+04
736398 53.481689 53.481689 52.663957 53.192490 3.350708e+04
736399 53.282240 53.621300 52.364782 52.594150 2.243778e+04
736400 53.032932 54.359252 53.032932 54.359252 2.253750e+04
736403 54.279476 54.279476 53.890555 54.060083 2.921897e+04
736404 53.631272 53.631272 52.693873 52.733763 2.004441e+04
736405 52.594151 53.391937 52.524340 53.262296 3.520238e+04
736406 53.152599 53.152599 51.816305 52.544286 1.102941e+05
736407 52.717884 54.054787 52.717884 53.885178 2.773575e+04
736410 53.775436 54.114650 53.256637 53.615806 3.052928e+04
736411 53.526014 54.114651 53.286567 53.925087 2.424384e+04
736412 53.955020 54.553632 53.815341 53.815341 5.634947e+05
736413 53.555944 53.775437 52.957332 53.516035 3.084854e+05
736417 53.585872 54.234372 53.206754 53.526014 5.337636e+04
736418 53.436222 55.022548 53.436222 54.972660 3.701426e+04
736419 55.541342 55.541342 54.912801 55.232061 1.616256e+04
736420 55.172198 55.431599 55.082406 55.252015 1.267065e+04
736421 54.952710 55.671043 54.793076 55.671043 1.955470e+04
736424 55.281945 55.920464 55.092385 55.601205 2.524153e+04
736425 55.391690 55.391690 54.613495 54.613495 1.965447e+04
736426 54.573586 55.571275 54.573586 55.571275 1.656164e+04
736427 55.770815 55.770815 55.072431 55.291920 1.496533e+04
736428 55.710951 55.870581 55.082406 55.242036 2.424384e+04
736431 55.481483 55.481483 54.523703 54.603516 1.426695e+04
736432 54.673354 55.351783 54.673354 55.301899 1.835748e+04
736433 55.700976 56.519081 55.601205 56.419309 1.247111e+04
736434 56.319542 56.928132 56.289608 56.858295 1.247111e+04
736435 56.808407 57.127667 56.239725 57.027900 1.536441e+04
736438 56.818387 57.456907 56.718615 57.456907 1.197227e+04
736439 57.806097 57.865959 57.267348 57.506790 1.486557e+04
736440 57.626511 58.644155 57.257367 58.344849 1.698067e+05
736441 58.564342 58.743926 58.035564 58.155290 3.362212e+04
736442 58.324895 58.963415 58.324895 58.953440 1.566372e+04
736445 58.933487 58.953440 58.135336 58.364804 2.224846e+04
736446 58.664109 59.103095 58.514458 59.093116 2.584014e+04
736447 59.272700 59.601939 59.023277 59.512147 1.257088e+04
736448 59.302630 60.010993 58.614226 58.614226 1.386788e+04
736449 58.304941 58.304941 57.067809 57.656445 1.546418e+04
736452 58.015614 58.015614 57.227439 57.776167 7.243222e+04
736453 57.117692 57.865959 56.968037 57.426977 1.825771e+04
736454 57.177554 57.436952 56.379400 56.578939 1.217181e+04
736455 56.678710 57.007946 56.299588 56.449243 7.283129e+03
736456 57.127667 57.127667 56.229750 56.628823 2.354546e+04
736459 57.217459 57.367114 56.928132 57.117692 1.177273e+04
736460 57.676399 57.676399 56.758523 57.307252 1.187250e+04
736461 57.496816 57.656446 56.798432 56.828362 2.135054e+04
736462 56.888224 56.888224 55.311874 55.591229 1.486557e+04
736463 55.461529 55.990303 55.341807 55.531367 1.326926e+04
736466 55.830673 56.139957 55.561297 56.070120 1.975424e+04
736467 55.870581 56.459218 55.341807 55.541342 3.432050e+04
736468 55.102360 55.940419 55.042497 55.730905 2.045262e+04
736469 55.321853 55.860606 54.932755 55.431599 1.217181e+04
736470 55.750859 55.960373 55.531367 55.950398 1.227157e+04
736473 55.860606 56.000281 55.581250 55.581250 1.476580e+04
736474 55.870581 56.798431 55.870581 56.648777 1.526464e+04
736475 56.758524 57.217459 56.758524 56.987992 1.556395e+04
736476 56.898199 56.898199 56.489147 56.558985 5.686827e+03
736477 56.598894 57.137646 56.598894 56.908179 8.679894e+03
736481 57.017925 57.307252 56.948087 57.197509 1.646187e+04
736482 56.928133 57.636491 56.928133 57.636491 1.027620e+04
736483 57.496815 58.344850 57.496815 58.334874 3.112790e+04
736484 58.324895 58.324895 57.756212 57.865959 1.626233e+04
736487 57.855984 58.713992 57.307252 58.554363 1.735979e+04
736488 58.564342 58.983369 58.474550 58.733947 1.336903e+04
736489 58.883602 59.452285 58.863648 59.412376 1.516487e+04
736490 59.222817 59.222817 58.893577 59.023278 5.487289e+03
736491 58.604250 58.604250 57.895888 58.015614 1.875655e+04
736494 57.836029 58.015614 57.197509 57.197509 1.686094e+04
736495 57.317231 57.327205 56.808407 57.277322 1.606279e+04
736496 57.387068 57.576628 57.047854 57.067809 7.682205e+03
736497 56.479173 56.968037 56.339496 56.898200 1.227157e+04
736498 56.907184 57.076905 56.238277 56.348095 1.168095e+04
736501 56.917167 57.606046 56.917167 57.186728 1.347802e+04
736502 57.356452 57.356452 56.747445 57.226663 1.108193e+04
736503 57.166760 57.955474 57.017007 57.366435 1.597395e+04
736504 57.815703 58.065296 57.606046 58.065296 1.178079e+04
736505 56.098503 56.997038 56.028617 56.447935 1.966792e+04
736508 55.938763 55.938763 54.471158 54.660848 1.327834e+04
736509 55.529432 55.818960 55.329756 55.549399 1.208030e+04
736510 56.248259 56.867249 56.248259 56.827313 1.976776e+04
736511 56.867249 57.186728 56.477885 57.186728 1.607378e+04
736512 57.276581 57.506206 57.026988 57.326499 9.983717e+03
736516 57.126828 57.126828 56.258241 56.587706 2.116548e+04
736517 56.457916 57.346467 56.427966 57.316517 2.126532e+04
736518 57.546142 57.905556 57.156778 57.426338 1.996743e+04
736519 57.715867 58.594432 57.715867 58.584449 1.337818e+04
736522 58.873977 59.113584 58.724220 58.804092 1.627346e+04
736523 59.153521 59.303279 59.093618 59.113585 7.787299e+03
736524 59.323242 59.453031 59.123571 59.293292 1.088225e+04
736525 59.572836 59.582822 58.983801 59.003764 1.327834e+04
736526 59.213424 59.403114 58.664317 58.913910 1.218013e+04
736529 58.973814 59.353196 58.973814 59.293292 1.377753e+04
736530 59.283310 59.283310 58.564482 58.903928 1.447639e+04
736531 59.023732 59.602790 59.023732 59.453032 1.038307e+04
736532 59.403113 59.842396 59.183471 59.522917 1.018339e+04
736533 59.672674 60.012121 59.343210 59.852382 2.266304e+04
736536 59.842397 59.842397 59.203439 59.373164 1.287899e+04
736537 59.333228 59.413095 58.844025 59.393132 1.447639e+04
736538 59.313261 59.313261 58.394761 58.674303 1.287899e+04
736539 58.544513 58.913909 58.544513 58.814074 5.590881e+03
736540 58.494595 58.863992 58.195085 58.824056 1.257948e+04
736543 58.764157 58.784124 57.965459 58.015378 2.216385e+04
736544 58.025360 58.324871 57.056943 57.326499 1.397720e+04
736545 57.106860 57.805721 56.957102 57.725849 1.677264e+04
736546 57.765785 57.765785 56.957102 56.997038 8.386322e+03
736547 57.226664 57.745817 57.196713 57.566110 2.485945e+04
736550 57.436321 57.635996 56.857267 56.937135 1.647313e+04
736551 56.927151 57.266599 56.697527 56.727477 1.088225e+04
736552 56.737463 56.737463 56.128455 56.238277 3.507280e+05
736553 56.218309 56.288195 55.669202 55.898831 2.356157e+04
736554 55.828941 56.068552 55.779023 55.898831 1.244969e+06
736557 55.878863 56.218309 55.689170 56.158406 7.923078e+05
736558 56.018636 56.018636 55.529432 55.549399 1.862962e+05
736559 55.549398 55.549398 54.501108 54.900459 8.685833e+04
736560 54.870506 55.419609 54.481142 55.259870 5.570914e+04
736561 55.110116 55.189984 54.730734 55.110116 1.136147e+05
736564 55.070181 55.409628 55.060200 55.289824 4.592510e+04
736565 55.339741 55.659220 55.339741 55.519449 8.286485e+04
736566 55.439577 55.649238 54.700784 54.770670 1.517525e+04
736567 54.620913 54.710766 54.211580 54.251516 1.058274e+04
736568 54.411256 54.531060 53.832199 54.131713 3.713943e+04
736571 54.181630 54.800619 54.111745 54.740720 7.188276e+03
736572 54.770671 55.040231 54.770671 55.000295 1.657297e+04
736573 54.980328 54.980328 54.371320 54.860524 5.391207e+04
736574 54.820589 54.820589 54.181631 54.421238 2.955180e+04
736575 54.600945 55.409627 54.570995 55.409627 4.472705e+04
736579 55.509462 55.509462 54.990313 55.229920 2.256320e+04
736580 55.279838 55.689170 55.279838 55.689170 9.684205e+03
736581 55.699156 55.908813 55.479514 55.709138 5.491044e+03
736582 55.279838 55.279838 54.471159 54.471159 3.144871e+04
736585 54.231548 55.229920 54.231548 55.229920 6.689090e+03
736586 54.990312 54.990312 54.051840 54.401273 1.377753e+04
736587 53.902088 54.071809 53.662477 53.752330 1.976776e+04
736588 53.742348 54.191613 53.382934 54.111745 5.790556e+03
736589 53.466270 54.755217 53.466270 54.685275 2.927606e+04
736592 54.865129 55.214841 54.385522 54.475448 1.898447e+04
736593 54.525406 54.525406 53.975856 54.065783 2.378055e+04
736594 54.255627 54.635317 53.895921 54.595349 1.708603e+04
736595 54.845145 55.434663 54.845145 55.344736 1.818513e+04
736596 55.254809 55.254809 54.825161 54.865129 7.294035e+03
736599 54.645308 54.645308 54.295595 54.335563 1.129077e+04
736600 54.265620 54.715249 54.265620 54.705259 6.494688e+03
736601 54.805176 55.094940 54.505422 55.084950 5.995097e+03
736602 55.514598 55.514598 54.255626 54.425489 2.447998e+04
736603 54.575365 55.194861 53.985847 55.044982 2.447998e+04
736606 54.895102 55.015006 54.155709 54.395511 1.318921e+04
736607 54.535400 54.685275 53.945882 54.405505 3.147426e+04
736608 54.585358 55.094939 54.585358 54.825160 1.149060e+04
736609 54.725244 54.725244 54.205668 54.465454 8.393136e+03
736610 54.535400 54.535400 53.955872 54.315579 9.891910e+03
736613 54.445473 55.034991 54.445473 54.985029 1.838496e+04
736614 54.865129 54.865129 53.855956 53.995841 2.847671e+04
736615 54.025815 54.165700 53.706077 53.756035 6.294852e+03
736616 53.436297 53.975856 53.376344 53.805993 9.192482e+03
736617 54.075773 54.075773 53.526223 53.526223 1.338905e+04
736620 53.546208 53.546208 53.176512 53.266438 1.308930e+04
736621 53.796003 54.455463 53.796003 54.355547 4.905988e+04
736622 54.285604 54.455464 53.825977 54.255626 4.496323e+03
736623 54.185684 54.385521 53.985846 54.185684 1.099101e+04
736624 53.885929 53.885929 53.516233 53.786013 4.496323e+03
736627 53.975857 54.165700 53.686094 53.716067 1.658643e+04
736628 53.885929 53.885929 53.326386 53.386338 2.068308e+04
736629 53.036626 53.036626 51.997474 52.197312 4.256519e+04
736630 51.907548 52.167334 50.618602 50.708528 5.585432e+04
736631 50.168968 50.438749 49.479533 49.729329 1.718594e+04
736634 49.859225 50.358817 49.859225 50.338832 1.438823e+04
736635 50.408774 50.408774 48.870032 49.269706 8.592972e+03
736636 48.820074 49.709345 48.820074 49.319665 2.008357e+04
736637 49.169786 49.479534 48.030719 48.060692 1.788537e+04
736638 48.070686 48.750130 47.960775 48.240545 1.248979e+04
736641 48.880021 49.869214 48.880021 49.699355 2.188210e+04
736642 49.339649 50.138994 49.209754 49.929167 2.238170e+04
736643 47.700989 48.959958 47.461183 48.820073 8.553005e+04
736644 48.959958 49.979125 48.959958 49.789282 1.878464e+04
736645 49.739320 49.949151 49.359633 49.789282 2.065311e+05
736648 50.059057 51.357998 50.059057 51.328020 1.278954e+04
736649 51.587810 51.587810 51.038261 51.487890 2.058317e+04
736650 51.387972 51.647758 51.387972 51.437931 6.994280e+03
736651 51.397963 52.217292 51.397963 52.107386 5.075849e+04
736652 52.047434 52.117377 51.757670 51.807628 1.159052e+04
736655 51.957507 52.117376 51.777654 51.937523 7.793626e+03
736656 51.947518 51.947518 51.348005 51.517868 1.189028e+04
736657 51.338014 52.017459 51.298046 51.997475 4.196568e+04
736659 52.327203 52.327203 52.047433 52.237277 2.098284e+03
736662 52.187319 52.187319 51.677736 51.697721 2.028341e+04
736663 51.767663 52.337197 51.767663 52.287239 7.693708e+03
736664 52.457098 52.457098 51.797637 51.867580 4.326462e+04
736665 52.017458 52.367171 51.867580 51.907548 1.079117e+04
736666 52.157345 52.467089 51.807628 51.807628 1.888456e+04
736669 52.097391 52.207302 51.897554 52.207302 2.567900e+04
736670 52.267254 52.477082 51.987481 52.407140 6.994280e+03
736671 52.357181 52.567009 51.847595 52.087401 1.248979e+04
736672 52.227286 52.726877 52.127366 52.696904 1.738578e+04
736673 52.816804 52.996657 52.706893 52.956689 6.694525e+03
736676 52.806811 53.196496 52.746863 52.846779 7.693708e+03
736677 53.066601 53.206486 52.816806 52.976674 8.992646e+03
736678 52.886747 52.886747 51.947517 52.007465 1.999365e+05
736679 51.957507 52.666925 51.957507 52.576999 1.069126e+04
736680 52.759998 52.889999 52.549999 52.889999 2.520000e+04
736683 52.970001 53.209999 52.730000 52.799999 1.020000e+04
736684 52.950001 53.349998 52.919998 52.919998 7.900000e+03
736685 52.910000 53.060001 52.770000 52.880001 1.085000e+05
736686 52.869999 52.939999 52.619999 52.730000 1.320000e+04
736687 52.730000 53.250000 52.730000 53.250000 7.600000e+03
736691 53.349998 53.630001 53.279999 53.310001 2.040000e+04
736692 53.299999 53.349998 52.810001 52.869999 2.110000e+04
736693 52.889999 53.150002 52.750000 52.860001 9.000000e+03
736694 52.860001 52.860001 52.380001 52.459999 1.350000e+04
736698 52.880001 53.090000 52.580002 53.070000 7.200000e+03
736699 53.240002 54.439999 53.240002 54.360001 4.800000e+04
736700 54.180000 54.310001 54.020000 54.209999 1.130000e+04
736701 54.189999 54.230000 54.000000 54.090000 6.700000e+03
736704 54.430000 54.980000 54.310001 54.919998 3.810000e+04
736705 54.930000 55.549999 54.720001 55.400002 2.450000e+04
736706 55.380001 55.820000 55.180000 55.660000 3.070000e+04
736707 55.529999 55.820000 55.349998 55.750000 6.200000e+03
736708 55.900002 56.240002 55.900002 56.139999 1.980000e+04
736712 56.040001 56.400002 55.689999 56.270000 1.830000e+04
736713 56.330002 56.330002 55.959999 56.099998 1.150000e+04
736714 56.009998 56.009998 55.520000 55.549999 1.790000e+04
736715 55.610001 55.840000 55.580002 55.680000 7.320000e+04
736718 55.619999 55.619999 55.000000 55.410000 3.050000e+04
736719 55.490002 55.669998 55.049999 55.619999 1.390000e+04
736720 55.700001 56.230000 55.700001 56.180000 9.400000e+03
736721 56.060001 56.110001 55.709999 55.740002 7.700000e+03
736722 55.700001 55.700001 55.310001 55.400002 1.950000e+04
736725 55.189999 55.189999 54.380001 54.580002 1.380000e+04
736726 54.669998 55.230000 54.610001 55.220001 1.370000e+04
736727 55.439999 55.759998 55.419998 55.700001 1.800000e+04
736728 55.639999 55.889999 55.639999 55.770000 8.800000e+03
736729 56.009998 56.279999 55.830002 56.220001 1.600000e+04
736732 56.180000 56.270000 55.700001 55.799999 7.420000e+04
736733 55.750000 55.950001 55.400002 55.590000 6.500000e+03
736734 55.480000 55.720001 55.369999 55.700001 3.290000e+04
736735 55.939999 56.330002 55.529999 56.330002 7.900000e+03
736736 56.419998 56.450001 56.130001 56.270000 8.200000e+03
736739 56.500000 56.500000 56.189999 56.310001 4.900000e+03
736740 56.189999 56.919998 56.189999 56.919998 1.520000e+04
736741 56.799999 57.580002 56.799999 57.549999 6.600000e+03
736742 57.310001 57.709999 56.740002 57.139999 1.530000e+04
736743 56.860001 56.970001 56.619999 56.970001 9.000000e+03
736747 57.340000 58.490002 56.990002 58.459999 2.870000e+04
736748 58.369999 59.330002 58.209999 58.279999 1.660000e+04
736749 58.450001 58.450001 57.970001 58.290001 5.600000e+03
736750 57.860001 58.720001 57.860001 58.720001 1.650000e+04
736753 58.779999 59.220001 58.700001 59.200001 6.900000e+03
736754 58.810001 59.049999 58.540001 58.560001 1.840000e+04
736755 58.820000 59.180000 58.820000 58.880001 1.490000e+04
736756 58.759998 59.080002 58.380001 58.779999 8.400000e+03
736757 58.770000 59.419998 58.770000 59.380001 1.360000e+04
736760 59.139999 59.290001 58.580002 58.849998 5.800000e+03
736761 58.660000 58.660000 57.910000 57.919998 2.080000e+04
736762 58.060001 58.419998 57.919998 57.939999 3.310000e+04
736763 57.990002 58.320000 57.840000 58.040001 8.300000e+03
736764 58.419998 58.610001 57.759998 57.950001 4.410000e+04
